0   0.619828
1   0.552788
2   0.549104
3   0.546452
4   0.544902
5   0.542536
6   0.539408
7   0.537464
8   0.536532
9   0.533450
10   0.530692
11   0.529382
12   0.527584
13   0.525960
14   0.523396
15   0.521318
16   0.519372
17   0.516614
18   0.515232
19   0.512612
20   0.510498
21   0.509960
22   0.506642
23   0.505308
24   0.503346
25   0.500654
26   0.499196
27   0.497022
28   0.494638
29   0.492848
30   0.491168
31   0.489100
32   0.486212
33   0.484516
34   0.483502
35   0.480396
36   0.478974
37   0.476114
38   0.473372
39   0.472480
40   0.470352
41   0.467500
42   0.465286
43   0.463142
44   0.460544
45   0.457644
46   0.456350
47   0.454312
48   0.452724
49   0.451092
50   0.448128
51   0.446034
52   0.445316
53   0.441480
54   0.439346
55   0.437288
56   0.435766
57   0.433280
58   0.432236
59   0.429462
60   0.426676
61   0.426526
62   0.423608
63   0.421838
64   0.419276
65   0.418272
66   0.415318
67   0.412950
68   0.410186
69   0.409318
70   0.407678
71   0.405630
72   0.403286
73   0.401436
74   0.400840
75   0.398818
76   0.397000
77   0.396040
78   0.393782
79   0.391938
80   0.389220
81   0.389326
82   0.387946
83   0.384338
84   0.383852
85   0.381928
86   0.380364
87   0.378746
88   0.377876
89   0.376592
90   0.374620
91   0.373484
92   0.371058
93   0.370500
94   0.369718
95   0.367904
96   0.366100
97   0.365612
98   0.363716
99   0.362416
100   0.361364
101   0.359268
102   0.357632
103   0.356876
104   0.355806
105   0.353654
106   0.351972
107   0.351724
108   0.350664
109   0.349092
110   0.348804
111   0.346414
112   0.345782
113   0.344476
114   0.342834
115   0.341402
116   0.340696
117   0.339024
118   0.338068
119   0.335978
120   0.335302
121   0.334008
122   0.333346
123   0.331136
124   0.330216
125   0.329588
126   0.327688
127   0.326578
128   0.325052
129   0.323698
130   0.322650
131   0.322422
132   0.320998
133   0.320042
134   0.318378
135   0.316802
136   0.315676
137   0.314842
138   0.311736
139   0.312008
140   0.311400
141   0.309584
142   0.309120
143   0.306852
144   0.305660
145   0.304518
146   0.302360
147   0.301530
148   0.300312
149   0.299272
150   0.297786
151   0.295944
152   0.294368
153   0.292608
154   0.291660
155   0.289010
156   0.289726
157   0.287582
158   0.286254
159   0.284628
160   0.283348
161   0.281982
162   0.279780
163   0.278314
164   0.277148
165   0.274800
166   0.274948
167   0.273352
168   0.272466
169   0.270402
170   0.269942
171   0.268866
172   0.266522
173   0.264984
174   0.264108
175   0.262326
176   0.261430
177   0.260398
178   0.258420
179   0.257724
180   0.256280
181   0.254090
182   0.252686
183   0.251772
184   0.250760
185   0.250318
186   0.246972
187   0.246690
188   0.246162
189   0.244310
190   0.242486
191   0.240918
192   0.239416
193   0.238670
194   0.236892
195   0.236474
196   0.235148
197   0.233408
198   0.233228
199   0.231174
200   0.230602
201   0.229250
202   0.227562
203   0.226846
204   0.225494
205   0.224048
206   0.222950
207   0.221896
208   0.219960
209   0.219318
210   0.217886
211   0.217524
212   0.217038
213   0.216006
214   0.214430
215   0.214060
216   0.211400
217   0.210816
218   0.210718
219   0.209944
220   0.208502
221   0.207606
222   0.206360
223   0.205220
224   0.204754
225   0.203380
226   0.202124
227   0.201674
228   0.199556
229   0.198390
230   0.197076
231   0.195638
232   0.194576
233   0.194064
234   0.192196
235   0.191622
236   0.190560
237   0.189596
238   0.188844
239   0.186174
240   0.186834
241   0.184584
242   0.183748
243   0.182272
244   0.181094
245   0.180760
246   0.178714
247   0.177434
248   0.175268
249   0.174724
250   0.172778
251   0.172056
252   0.170414
253   0.170192
254   0.168946
255   0.166612
256   0.166054
257   0.164768
258   0.164054
259   0.161544
260   0.160754
261   0.159254
262   0.158426
263   0.157588
264   0.156968
265   0.155724
266   0.154186
267   0.152304
268   0.152808
269   0.150236
270   0.149560
271   0.147780
272   0.147112
273   0.146258
274   0.145042
275   0.144222
276   0.142254
277   0.140842
278   0.139522
279   0.138614
280   0.138040
281   0.136980
282   0.135512
283   0.134292
284   0.133242
285   0.131972
286   0.130456
287   0.128430
288   0.126638
289   0.125652
290   0.124528
291   0.123046
292   0.121698
293   0.121172
294   0.118556
295   0.119106
296   0.117618
297   0.116580
298   0.114960
299   0.113880
300   0.113104
301   0.112220
302   0.110422
303   0.109906
304   0.108320
305   0.108320
306   0.106130
307   0.106328
308   0.104878
309   0.104082
310   0.103112
311   0.102314
312   0.102002
313   0.099940
314   0.099928
315   0.099056
316   0.097824
317   0.097878
318   0.095902
319   0.095532
320   0.094402
321   0.093812
322   0.092986
323   0.091794
324   0.091250
325   0.089870
326   0.090044
327   0.088426
328   0.088024
329   0.086088
330   0.085798
331   0.084486
332   0.083582
333   0.082564
334   0.081952
335   0.081922
336   0.079816
337   0.079566
338   0.079110
339   0.077014
340   0.075718
341   0.075802
342   0.073720
343   0.073250
344   0.073128
345   0.072242
346   0.070790
347   0.069560
348   0.068756
349   0.068618
350   0.067580
351   0.066378
352   0.065438
353   0.065232
354   0.064874
355   0.063930
356   0.063126
357   0.061908
358   0.061780
359   0.061520
360   0.061116
361   0.059324
362   0.059958
363   0.059436
364   0.058686
365   0.058480
366   0.057830
367   0.057048
368   0.055024
369   0.054914
370   0.055038
371   0.053750
372   0.053154
373   0.052394
374   0.052002
375   0.051554
376   0.051690
377   0.051386
378   0.050464
379   0.049546
380   0.048888
381   0.049352
382   0.047944
383   0.047496
384   0.047994
385   0.046684
386   0.046066
387   0.046648
388   0.045996
389   0.045064
390   0.045056
391   0.044968
392   0.043696
393   0.043436
394   0.043032
395   0.043278
396   0.043398
397   0.043178
398   0.042330
399   0.042648
400   0.043428
401   0.043766
402   0.043846
403   0.042040
404   0.042694
405   0.042208
406   0.041468
407   0.042234
408   0.042082
409   0.041786
410   0.041756
411   0.041220
412   0.041752
413   0.041604
414   0.040930
415   0.039742
416   0.040306
417   0.039524
418   0.040380
419   0.040488
420   0.039376
421   0.039328
422   0.039542
423   0.039334
424   0.039260
425   0.038208
426   0.037848
427   0.038304
428   0.038458
429   0.037300
430   0.036900
431   0.037438
432   0.037900
433   0.035042
434   0.035966
435   0.034980
436   0.034828
437   0.034916
438   0.035244
439   0.032896
440   0.032162
441   0.032070
442   0.032214
443   0.030664
444   0.030754
445   0.030454
446   0.029958
447   0.027502
448   0.026848
449   0.027184
450   0.026820
451   0.026398
452   0.025684
453   0.024778
454   0.023378
455   0.023356
456   0.022836
457   0.022234
458   0.021670
459   0.020504
460   0.020620
461   0.019504
462   0.018242
463   0.018220
464   0.017026
465   0.016846
466   0.015714
467   0.016306
468   0.016058
469   0.014556
470   0.013752
471   0.012074
472   0.012960
473   0.011460
474   0.010552
475   0.010994
476   0.009722
477   0.008550
478   0.008386
479   0.008764
480   0.007520
481   0.007046
482   0.006872
483   0.006612
484   0.006524
485   0.005074
486   0.005468
487   0.003920
488   0.003788
489   0.002582
490   0.002922
491   0.001532
492   0.002416
493   0.001672
494   0.001818
495   0.000876
496   0.000298
497   0.000654
498   0.000844
499  -0.000204
500   0.000140
-499  -0.000604
-498  -0.001674
-497  -0.001686
-496  -0.002778
-495  -0.002628
-494  -0.002792
-493  -0.003792
-492  -0.003818
-491  -0.003198
-490  -0.003174
-489  -0.003242
-488  -0.003658
-487  -0.002610
-486  -0.002200
-485  -0.002910
-484  -0.002826
-483  -0.003144
-482  -0.002404
-481  -0.001504
-480  -0.001162
-479  -0.001872
-478  -0.001032
-477  -0.000724
-476   0.000114
-475   0.000664
-474   0.001202
-473   0.001148
-472   0.002052
-471   0.003096
-470   0.003364
-469   0.003752
-468   0.004280
-467   0.005378
-466   0.006924
-465   0.006740
-464   0.008094
-463   0.008092
-462   0.009508
-461   0.010358
-460   0.010926
-459   0.010876
-458   0.011696
-457   0.011854
-456   0.012270
-455   0.012758
-454   0.013504
-453   0.013798
-452   0.014108
-451   0.014600
-450   0.014108
-449   0.014672
-448   0.015024
-447   0.014828
-446   0.014064
-445   0.015312
-444   0.015360
-443   0.015046
-442   0.014986
-441   0.015460
-440   0.016464
-439   0.016396
-438   0.017106
-437   0.017066
-436   0.016468
-435   0.018024
-434   0.018662
-433   0.018862
-432   0.018696
-431   0.018696
-430   0.019678
-429   0.021264
-428   0.021180
-427   0.021712
-426   0.022386
-425   0.022962
-424   0.023136
-423   0.023600
-422   0.024180
-421   0.025160
-420   0.026310
-419   0.026202
-418   0.027908
-417   0.027630
-416   0.028886
-415   0.030110
-414   0.029790
-413   0.030900
-412   0.031840
-411   0.032932
-410   0.033442
-409   0.034330
-408   0.034676
-407   0.036004
-406   0.038200
-405   0.038138
-404   0.039842
-403   0.040216
-402   0.041174
-401   0.041596
-400   0.044160
-399   0.044874
-398   0.046692
-397   0.047752
-396   0.048868
-395   0.049476
-394   0.050226
-393   0.050820
-392   0.052900
-391   0.053034
-390   0.054578
-389   0.056090
-388   0.056936
-387   0.057576
-386   0.059574
-385   0.061240
-384   0.061776
-383   0.064210
-382   0.064240
-381   0.065122
-380   0.066764
-379   0.067822
-378   0.069576
-377   0.070174
-376   0.071876
-375   0.072120
-374   0.073930
-373   0.074848
-372   0.075094
-371   0.076154
-370   0.077320
-369   0.079346
-368   0.080012
-367   0.080430
-366   0.081848
-365   0.083294
-364   0.084984
-363   0.085090
-362   0.086098
-361   0.087676
-360   0.088922
-359   0.089732
-358   0.091096
-357   0.091792
-356   0.093422
-355   0.094614
-354   0.095992
-353   0.096778
-352   0.097766
-351   0.098914
-350   0.100182
-349   0.101586
-348   0.101812
-347   0.103674
-346   0.104552
-345   0.105628
-344   0.106716
-343   0.107954
-342   0.110026
-341   0.110222
-340   0.111398
-339   0.113026
-338   0.113358
-337   0.114530
-336   0.115038
-335   0.116340
-334   0.117302
-333   0.119654
-332   0.119824
-331   0.119780
-330   0.121644
-329   0.122680
-328   0.124030
-327   0.124556
-326   0.125656
-325   0.126368
-324   0.126966
-323   0.128642
-322   0.127900
-321   0.129458
-320   0.129864
-319   0.130292
-318   0.131422
-317   0.132354
-316   0.133076
-315   0.133874
-314   0.135442
-313   0.136168
-312   0.138306
-311   0.138286
-310   0.139446
-309   0.140966
-308   0.141292
-307   0.142978
-306   0.144608
-305   0.146038
-304   0.146370
-303   0.146806
-302   0.148404
-301   0.150106
-300   0.150430
-299   0.152124
-298   0.153402
-297   0.153808
-296   0.154568
-295   0.156488
-294   0.157072
-293   0.158414
-292   0.160002
-291   0.160970
-290   0.161628
-289   0.162518
-288   0.164438
-287   0.165218
-286   0.164728
-285   0.167016
-284   0.169268
-283   0.170222
-282   0.171008
-281   0.172832
-280   0.174072
-279   0.175060
-278   0.176982
-277   0.177236
-276   0.179144
-275   0.181264
-274   0.181962
-273   0.184150
-272   0.185692
-271   0.186596
-270   0.188012
-269   0.190180
-268   0.191284
-267   0.194044
-266   0.194512
-265   0.196742
-264   0.197694
-263   0.199858
-262   0.202436
-261   0.202302
-260   0.204140
-259   0.207470
-258   0.208138
-257   0.209590
-256   0.212498
-255   0.214130
-254   0.215710
-253   0.217106
-252   0.218454
-251   0.220852
-250   0.223312
-249   0.223998
-248   0.226588
-247   0.228466
-246   0.230016
-245   0.232276
-244   0.233548
-243   0.235820
-242   0.238150
-241   0.239630
-240   0.241220
-239   0.243322
-238   0.244672
-237   0.247006
-236   0.247672
-235   0.249738
-234   0.250876
-233   0.251600
-232   0.253144
-231   0.254884
-230   0.256120
-229   0.257654
-228   0.259314
-227   0.261006
-226   0.261444
-225   0.263524
-224   0.264532
-223   0.266734
-222   0.267464
-221   0.269156
-220   0.271586
-219   0.272778
-218   0.273988
-217   0.275684
-216   0.277188
-215   0.277978
-214   0.280076
-213   0.282794
-212   0.283014
-211   0.285958
-210   0.285024
-209   0.287828
-208   0.289372
-207   0.291020
-206   0.291516
-205   0.293750
-204   0.294910
-203   0.296508
-202   0.296980
-201   0.298564
-200   0.299944
-199   0.301908
-198   0.302798
-197   0.303920
-196   0.305392
-195   0.306496
-194   0.307012
-193   0.307914
-192   0.309304
-191   0.311316
-190   0.312106
-189   0.314402
-188   0.315004
-187   0.315698
-186   0.317778
-185   0.318324
-184   0.319670
-183   0.321530
-182   0.322164
-181   0.323354
-180   0.324320
-179   0.325634
-178   0.326130
-177   0.327238
-176   0.327664
-175   0.328886
-174   0.330346
-173   0.330872
-172   0.331984
-171   0.333426
-170   0.333408
-169   0.334062
-168   0.336246
-167   0.337804
-166   0.338774
-165   0.339566
-164   0.340610
-163   0.342368
-162   0.342568
-161   0.343992
-160   0.344516
-159   0.346264
-158   0.347526
-157   0.348404
-156   0.350272
-155   0.350904
-154   0.351944
-153   0.352634
-152   0.354366
-151   0.355542
-150   0.356452
-149   0.356330
-148   0.358196
-147   0.358502
-146   0.358584
-145   0.359648
-144   0.360834
-143   0.362078
-142   0.362344
-141   0.364170
-140   0.364838
-139   0.365144
-138   0.366082
-137   0.367062
-136   0.369004
-135   0.369922
-134   0.371750
-133   0.372176
-132   0.373318
-131   0.375664
-130   0.377172
-129   0.377418
-128   0.379684
-127   0.379522
-126   0.381842
-125   0.382802
-124   0.383662
-123   0.385930
-122   0.385988
-121   0.388106
-120   0.389014
-119   0.390200
-118   0.391028
-117   0.393502
-116   0.394108
-115   0.394576
-114   0.396450
-113   0.398410
-112   0.399356
-111   0.400230
-110   0.402310
-109   0.403422
-108   0.404136
-107   0.406252
-106   0.406322
-105   0.407482
-104   0.408114
-103   0.410554
-102   0.412206
-101   0.412634
-100   0.413522
-99   0.414994
-98   0.417084
-97   0.418616
-96   0.419224
-95   0.420794
-94   0.421262
-93   0.422954
-92   0.424972
-91   0.425522
-90   0.427336
-89   0.426906
-88   0.428558
-87   0.429408
-86   0.430682
-85   0.432040
-84   0.434176
-83   0.435234
-82   0.436588
-81   0.437614
-80   0.438624
-79   0.439866
-78   0.442260
-77   0.442696
-76   0.444118
-75   0.445036
-74   0.446464
-73   0.447482
-72   0.449872
-71   0.449940
-70   0.451628
-69   0.452654
-68   0.454306
-67   0.455274
-66   0.456194
-65   0.458130
-64   0.459288
-63   0.459690
-62   0.461424
-61   0.462870
-60   0.464574
-59   0.464842
-58   0.467022
-57   0.467588
-56   0.468838
-55   0.471258
-54   0.471544
-53   0.473106
-52   0.473850
-51   0.476294
-50   0.477536
-49   0.480422
-48   0.480130
-47   0.482586
-46   0.483514
-45   0.485964
-44   0.487790
-43   0.488320
-42   0.491156
-41   0.491756
-40   0.493968
-39   0.495290
-38   0.496692
-37   0.497870
-36   0.499906
-35   0.501670
-34   0.503808
-33   0.505012
-32   0.506688
-31   0.508330
-30   0.509286
-29   0.511572
-28   0.512588
-27   0.514064
-26   0.515588
-25   0.517148
-24   0.518796
-23   0.521482
-22   0.522464
-21   0.524020
-20   0.525742
-19   0.526722
-18   0.528062
-17   0.529978
-16   0.531446
-15   0.533486
-14   0.534750
-13   0.536806
-12   0.536482
-11   0.537946
-10   0.540420
-9   0.541820
-8   0.543190
-7   0.544502
-6   0.545156
-5   0.547258
-4   0.548556
-3   0.550230
-2   0.550784
-1   0.553520
