0   1.000000
1   0.934610
2   0.930898
3   0.927144
4   0.923312
5   0.919434
6   0.915494
7   0.911490
8   0.907436
9   0.903416
10   0.899548
11   0.895622
12   0.891840
13   0.888076
14   0.884516
15   0.880934
16   0.877442
17   0.874184
18   0.870676
19   0.867192
20   0.863890
21   0.860428
22   0.856892
23   0.853392
24   0.850092
25   0.846618
26   0.843320
27   0.840026
28   0.836604
29   0.833200
30   0.829774
31   0.826356
32   0.822696
33   0.818980
34   0.815200
35   0.811578
36   0.808172
37   0.804562
38   0.800870
39   0.797090
40   0.793400
41   0.789632
42   0.785952
43   0.782208
44   0.778734
45   0.775038
46   0.771102
47   0.767084
48   0.763226
49   0.759392
50   0.755470
51   0.751814
52   0.748210
53   0.744466
54   0.740930
55   0.737146
56   0.733488
57   0.729810
58   0.726048
59   0.722574
60   0.719064
61   0.715586
62   0.712064
63   0.708552
64   0.704848
65   0.701066
66   0.697100
67   0.693292
68   0.689428
69   0.685628
70   0.681654
71   0.677822
72   0.674136
73   0.670248
74   0.666320
75   0.662318
76   0.658248
77   0.654608
78   0.651042
79   0.647384
80   0.643628
81   0.639744
82   0.635908
83   0.632230
84   0.628748
85   0.625204
86   0.621918
87   0.618622
88   0.615412
89   0.612268
90   0.609392
91   0.606450
92   0.603218
93   0.600162
94   0.597006
95   0.593890
96   0.590856
97   0.587706
98   0.584610
99   0.581546
100   0.578660
101   0.575774
102   0.573072
103   0.569922
104   0.566936
105   0.564036
106   0.561208
107   0.558314
108   0.555428
109   0.552518
110   0.549658
111   0.546840
112   0.544102
113   0.541192
114   0.538398
115   0.535494
116   0.532674
117   0.530130
118   0.527680
119   0.525132
120   0.522526
121   0.519894
122   0.517478
123   0.514838
124   0.512280
125   0.509478
126   0.506818
127   0.504054
128   0.501386
129   0.498654
130   0.495960
131   0.493160
132   0.490524
133   0.487922
134   0.485354
135   0.482584
136   0.479850
137   0.477224
138   0.474362
139   0.471342
140   0.468356
141   0.465450
142   0.462600
143   0.459906
144   0.457212
145   0.454528
146   0.451888
147   0.449206
148   0.446580
149   0.443948
150   0.441404
151   0.438902
152   0.436414
153   0.433932
154   0.431560
155   0.429280
156   0.426882
157   0.424692
158   0.422444
159   0.420224
160   0.418054
161   0.415856
162   0.413644
163   0.411362
164   0.409138
165   0.406810
166   0.404442
167   0.402178
168   0.400100
169   0.398102
170   0.396032
171   0.393916
172   0.391700
173   0.389522
174   0.387548
175   0.385496
176   0.383332
177   0.380956
178   0.378556
179   0.376096
180   0.373608
181   0.371034
182   0.368740
183   0.366348
184   0.364178
185   0.361968
186   0.359996
187   0.357852
188   0.355696
189   0.353478
190   0.351314
191   0.349208
192   0.347110
193   0.345236
194   0.343408
195   0.341492
196   0.339492
197   0.337464
198   0.335674
199   0.333830
200   0.332030
201   0.329992
202   0.328050
203   0.326058
204   0.324044
205   0.321966
206   0.319766
207   0.317362
208   0.315228
209   0.313144
210   0.310996
211   0.308796
212   0.306488
213   0.304126
214   0.301748
215   0.299466
216   0.296990
217   0.294368
218   0.291592
219   0.289070
220   0.286330
221   0.283446
222   0.280572
223   0.277528
224   0.274312
225   0.271046
226   0.267982
227   0.264494
228   0.261020
229   0.257210
230   0.253344
231   0.249560
232   0.245762
233   0.242424
234   0.239116
235   0.235764
236   0.232612
237   0.229602
238   0.226642
239   0.223804
240   0.221164
241   0.218418
242   0.215920
243   0.213300
244   0.210722
245   0.208212
246   0.205758
247   0.203274
248   0.201026
249   0.198624
250   0.196526
251   0.194204
252   0.191762
253   0.189762
254   0.187868
255   0.186086
256   0.184396
257   0.182562
258   0.180870
259   0.179148
260   0.177192
261   0.175168
262   0.173178
263   0.171080
264   0.169086
265   0.166944
266   0.164896
267   0.162988
268   0.161030
269   0.159046
270   0.157166
271   0.155364
272   0.153634
273   0.152000
274   0.150608
275   0.149088
276   0.147580
277   0.146118
278   0.144656
279   0.143380
280   0.141746
281   0.140076
282   0.138476
283   0.136878
284   0.135192
285   0.133386
286   0.131716
287   0.129970
288   0.128258
289   0.126662
290   0.124962
291   0.123344
292   0.122052
293   0.120640
294   0.119264
295   0.117784
296   0.116396
297   0.114832
298   0.113476
299   0.111902
300   0.110716
301   0.109272
302   0.107748
303   0.106378
304   0.105032
305   0.103788
306   0.102318
307   0.100914
308   0.099490
309   0.098104
310   0.096926
311   0.095794
312   0.095080
313   0.094108
314   0.093196
315   0.092192
316   0.091048
317   0.089942
318   0.088836
319   0.087604
320   0.086188
321   0.084888
322   0.083766
323   0.082662
324   0.081568
325   0.080654
326   0.079986
327   0.079234
328   0.078322
329   0.077450
330   0.076562
331   0.075548
332   0.074374
333   0.072816
334   0.071326
335   0.069848
336   0.068286
337   0.066774
338   0.065128
339   0.063732
340   0.062342
341   0.061050
342   0.059926
343   0.058796
344   0.057406
345   0.056274
346   0.055322
347   0.054296
348   0.053130
349   0.051822
350   0.050576
351   0.049372
352   0.048100
353   0.046964
354   0.045738
355   0.044342
356   0.042736
357   0.041216
358   0.039804
359   0.038446
360   0.037026
361   0.035936
362   0.034616
363   0.033582
364   0.032624
365   0.031784
366   0.030806
367   0.029770
368   0.028620
369   0.027300
370   0.026002
371   0.024682
372   0.023472
373   0.022332
374   0.021084
375   0.019838
376   0.018536
377   0.017288
378   0.016180
379   0.014784
380   0.013360
381   0.012068
382   0.010532
383   0.008860
384   0.007330
385   0.005704
386   0.004314
387   0.002796
388   0.001438
389   0.000004
390  -0.001388
391  -0.002800
392  -0.004212
393  -0.005536
394  -0.006812
395  -0.007772
396  -0.008662
397  -0.009826
398  -0.011100
399  -0.012400
400  -0.013504
401  -0.014636
402  -0.015866
403  -0.016968
404  -0.017980
405  -0.018934
406  -0.019896
407  -0.020594
408  -0.021388
409  -0.022078
410  -0.022886
411  -0.023738
412  -0.024612
413  -0.025434
414  -0.026474
415  -0.027526
416  -0.028466
417  -0.029534
418  -0.030662
419  -0.031768
420  -0.032992
421  -0.034060
422  -0.035134
423  -0.036098
424  -0.037030
425  -0.037914
426  -0.038778
427  -0.039568
428  -0.040140
429  -0.040520
430  -0.040820
431  -0.041180
432  -0.041592
433  -0.041982
434  -0.042366
435  -0.042842
436  -0.043386
437  -0.043810
438  -0.044380
439  -0.044946
440  -0.045724
441  -0.046328
442  -0.047114
443  -0.047828
444  -0.048580
445  -0.049364
446  -0.050202
447  -0.050878
448  -0.051678
449  -0.052590
450  -0.053476
451  -0.054176
452  -0.055040
453  -0.055966
454  -0.056814
455  -0.057546
456  -0.058126
457  -0.058848
458  -0.059590
459  -0.060274
460  -0.061068
461  -0.061968
462  -0.062706
463  -0.063336
464  -0.063760
465  -0.064306
466  -0.064610
467  -0.065048
468  -0.065578
469  -0.066014
470  -0.066506
471  -0.066884
472  -0.067294
473  -0.067822
474  -0.068200
475  -0.068740
476  -0.069278
477  -0.069750
478  -0.070450
479  -0.071094
480  -0.071902
481  -0.072678
482  -0.073452
483  -0.074230
484  -0.074912
485  -0.075524
486  -0.076204
487  -0.077028
488  -0.077854
489  -0.078610
490  -0.079478
491  -0.080468
492  -0.081580
493  -0.082646
494  -0.083764
495  -0.084772
496  -0.085808
497  -0.087148
498  -0.088484
499  -0.089948
500  -0.091330
-499  -0.092618
-498  -0.093842
-497  -0.095076
-496  -0.096464
-495  -0.097872
-494  -0.099186
-493  -0.100174
-492  -0.101188
-491  -0.102204
-490  -0.103310
-489  -0.104310
-488  -0.105274
-487  -0.106388
-486  -0.107430
-485  -0.108510
-484  -0.109480
-483  -0.110318
-482  -0.111176
-481  -0.111932
-480  -0.112768
-479  -0.113546
-478  -0.114318
-477  -0.114856
-476  -0.115360
-475  -0.115762
-474  -0.116304
-473  -0.116706
-472  -0.117194
-471  -0.117586
-470  -0.118058
-469  -0.118210
-468  -0.118528
-467  -0.118662
-466  -0.118882
-465  -0.119022
-464  -0.118956
-463  -0.118900
-462  -0.118734
-461  -0.118442
-460  -0.118006
-459  -0.117416
-458  -0.116614
-457  -0.116092
-456  -0.115458
-455  -0.114760
-454  -0.114130
-453  -0.113478
-452  -0.112764
-451  -0.112038
-450  -0.111234
-449  -0.110418
-448  -0.109306
-447  -0.108456
-446  -0.107604
-445  -0.106642
-444  -0.105598
-443  -0.104364
-442  -0.103130
-441  -0.102024
-440  -0.100774
-439  -0.099328
-438  -0.097958
-437  -0.096508
-436  -0.094958
-435  -0.093536
-434  -0.092244
-433  -0.090790
-432  -0.089408
-431  -0.087908
-430  -0.086318
-429  -0.084866
-428  -0.083424
-427  -0.081992
-426  -0.080484
-425  -0.079100
-424  -0.077820
-423  -0.076430
-422  -0.075304
-421  -0.074120
-420  -0.072872
-419  -0.071542
-418  -0.070254
-417  -0.069032
-416  -0.067868
-415  -0.066696
-414  -0.065380
-413  -0.064058
-412  -0.062986
-411  -0.062084
-410  -0.061130
-409  -0.060314
-408  -0.059616
-407  -0.058756
-406  -0.058048
-405  -0.057202
-404  -0.056340
-403  -0.055420
-402  -0.054722
-401  -0.053636
-400  -0.052626
-399  -0.051518
-398  -0.050464
-397  -0.049482
-396  -0.048610
-395  -0.047788
-394  -0.047132
-393  -0.046470
-392  -0.045710
-391  -0.045044
-390  -0.044292
-389  -0.043726
-388  -0.043074
-387  -0.042520
-386  -0.041946
-385  -0.041488
-384  -0.040940
-383  -0.040212
-382  -0.039650
-381  -0.038942
-380  -0.038122
-379  -0.037572
-378  -0.037024
-377  -0.036292
-376  -0.035730
-375  -0.035198
-374  -0.034520
-373  -0.033994
-372  -0.033456
-371  -0.032974
-370  -0.032356
-369  -0.031758
-368  -0.031180
-367  -0.030774
-366  -0.030306
-365  -0.029958
-364  -0.029612
-363  -0.029132
-362  -0.028650
-361  -0.028242
-360  -0.027838
-359  -0.027536
-358  -0.027246
-357  -0.026998
-356  -0.026680
-355  -0.026170
-354  -0.025730
-353  -0.025404
-352  -0.025142
-351  -0.024824
-350  -0.024648
-349  -0.024342
-348  -0.024182
-347  -0.023948
-346  -0.023758
-345  -0.023568
-344  -0.023340
-343  -0.023174
-342  -0.023144
-341  -0.023042
-340  -0.022960
-339  -0.022884
-338  -0.022900
-337  -0.022866
-336  -0.022836
-335  -0.022946
-334  -0.022840
-333  -0.022708
-332  -0.022542
-331  -0.022286
-330  -0.022104
-329  -0.021806
-328  -0.021464
-327  -0.021156
-326  -0.020840
-325  -0.020560
-324  -0.020220
-323  -0.019978
-322  -0.019764
-321  -0.019430
-320  -0.019234
-319  -0.019044
-318  -0.018600
-317  -0.018036
-316  -0.017602
-315  -0.016922
-314  -0.016290
-313  -0.015580
-312  -0.014866
-311  -0.014144
-310  -0.013372
-309  -0.012536
-308  -0.011654
-307  -0.010850
-306  -0.010184
-305  -0.009434
-304  -0.008594
-303  -0.007834
-302  -0.006892
-301  -0.006076
-300  -0.005234
-299  -0.004330
-298  -0.003336
-297  -0.002312
-296  -0.001200
-295  -0.000048
-294   0.001046
-293   0.002296
-292   0.003462
-291   0.004530
-290   0.005610
-289   0.006680
-288   0.007542
-287   0.008350
-286   0.008986
-285   0.009728
-284   0.010560
-283   0.011342
-282   0.012168
-281   0.012818
-280   0.013458
-279   0.014056
-278   0.014700
-277   0.015302
-276   0.015918
-275   0.016612
-274   0.017290
-273   0.018058
-272   0.018612
-271   0.019162
-270   0.019796
-269   0.020564
-268   0.021362
-267   0.022192
-266   0.023048
-265   0.023806
-264   0.024458
-263   0.025424
-262   0.026336
-261   0.027258
-260   0.028404
-259   0.029508
-258   0.030574
-257   0.031590
-256   0.032718
-255   0.034108
-254   0.035444
-253   0.036526
-252   0.037618
-251   0.038740
-250   0.039794
-249   0.040722
-248   0.041634
-247   0.042690
-246   0.043764
-245   0.044826
-244   0.045970
-243   0.047008
-242   0.048184
-241   0.049264
-240   0.050282
-239   0.051350
-238   0.052634
-237   0.053928
-236   0.055154
-235   0.056430
-234   0.057814
-233   0.059224
-232   0.060572
-231   0.062042
-230   0.063426
-229   0.064846
-228   0.066282
-227   0.067876
-226   0.069618
-225   0.071506
-224   0.073372
-223   0.075374
-222   0.077422
-221   0.079502
-220   0.081642
-219   0.083768
-218   0.085788
-217   0.087848
-216   0.089826
-215   0.092008
-214   0.094266
-213   0.096546
-212   0.098910
-211   0.101418
-210   0.103934
-209   0.106314
-208   0.108648
-207   0.110946
-206   0.113312
-205   0.115998
-204   0.118668
-203   0.121388
-202   0.124136
-201   0.126764
-200   0.129322
-199   0.132160
-198   0.134898
-197   0.137546
-196   0.140376
-195   0.143310
-194   0.146492
-193   0.149782
-192   0.153102
-191   0.156376
-190   0.159564
-189   0.163036
-188   0.166270
-187   0.169338
-186   0.172408
-185   0.175296
-184   0.178434
-183   0.181486
-182   0.184436
-181   0.187684
-180   0.190970
-179   0.194286
-178   0.197514
-177   0.200466
-176   0.203690
-175   0.206674
-174   0.209670
-173   0.212756
-172   0.215800
-171   0.218486
-170   0.221280
-169   0.224256
-168   0.227172
-167   0.230016
-166   0.233018
-165   0.235982
-164   0.238992
-163   0.241952
-162   0.244862
-161   0.248086
-160   0.251314
-159   0.254754
-158   0.258014
-157   0.261138
-156   0.264264
-155   0.267288
-154   0.270378
-153   0.273646
-152   0.276996
-151   0.280360
-150   0.283914
-149   0.287562
-148   0.291086
-147   0.294856
-146   0.298634
-145   0.302558
-144   0.306528
-143   0.310426
-142   0.314178
-141   0.317748
-140   0.321246
-139   0.324496
-138   0.327878
-137   0.331354
-136   0.334838
-135   0.338534
-134   0.342264
-133   0.345994
-132   0.349692
-131   0.353520
-130   0.357180
-129   0.360776
-128   0.364352
-127   0.367968
-126   0.371708
-125   0.375426
-124   0.379096
-123   0.382788
-122   0.386586
-121   0.390228
-120   0.394020
-119   0.397726
-118   0.401378
-117   0.404958
-116   0.408658
-115   0.412454
-114   0.416422
-113   0.420642
-112   0.424936
-111   0.429318
-110   0.433502
-109   0.437944
-108   0.442246
-107   0.446350
-106   0.450246
-105   0.454446
-104   0.458520
-103   0.462428
-102   0.466498
-101   0.470704
-100   0.475018
-99   0.479382
-98   0.483580
-97   0.487824
-96   0.491956
-95   0.496004
-94   0.499962
-93   0.504004
-92   0.508038
-91   0.511916
-90   0.515666
-89   0.519684
-88   0.523582
-87   0.527590
-86   0.531466
-85   0.535376
-84   0.539352
-83   0.543312
-82   0.547488
-81   0.551930
-80   0.556296
-79   0.560648
-78   0.564990
-77   0.569594
-76   0.574042
-75   0.578284
-74   0.582444
-73   0.586796
-72   0.590922
-71   0.595192
-70   0.599230
-69   0.603264
-68   0.607438
-67   0.611554
-66   0.615864
-65   0.620228
-64   0.624370
-63   0.628638
-62   0.633162
-61   0.637546
-60   0.642300
-59   0.647054
-58   0.651536
-57   0.656008
-56   0.660732
-55   0.665522
-54   0.670170
-53   0.674470
-52   0.678628
-51   0.683002
-50   0.687176
-49   0.691396
-48   0.695846
-47   0.700156
-46   0.704420
-45   0.708574
-44   0.712826
-43   0.717026
-42   0.721268
-41   0.725692
-40   0.730170
-39   0.734620
-38   0.739438
-37   0.744566
-36   0.749954
-35   0.755004
-34   0.760126
-33   0.765632
-32   0.770846
-31   0.775986
-30   0.781122
-29   0.786296
-28   0.791554
-27   0.796960
-26   0.802282
-25   0.807382
-24   0.812498
-23   0.817668
-22   0.822906
-21   0.828080
-20   0.833228
-19   0.838488
-18   0.843874
-17   0.849162
-16   0.854188
-15   0.859648
-14   0.865034
-13   0.870718
-12   0.876098
-11   0.881482
-10   0.886492
-9   0.891560
-8   0.896808
-7   0.901734
-6   0.906886
-5   0.911924
-4   0.917002
-3   0.922110
-2   0.927444
-1   0.932986
