0  -0.023316
1  -0.022816
2  -0.022618
3  -0.021658
4  -0.021142
5  -0.021026
6  -0.019310
7  -0.019574
8  -0.019296
9  -0.018582
10  -0.017978
11  -0.017174
12  -0.016026
13  -0.015632
14  -0.015350
15  -0.014740
16  -0.013596
17  -0.013614
18  -0.013046
19  -0.012680
20  -0.011822
21  -0.011454
22  -0.011294
23  -0.010332
24  -0.009728
25  -0.009410
26  -0.008952
27  -0.008114
28  -0.008018
29  -0.007532
30  -0.007332
31  -0.006038
32  -0.005452
33  -0.004412
34  -0.002654
35  -0.001650
36  -0.000494
37   0.001360
38   0.003136
39   0.004674
40   0.006086
41   0.007072
42   0.008636
43   0.010290
44   0.010422
45   0.010920
46   0.011592
47   0.012832
48   0.012650
49   0.013990
50   0.015044
51   0.015100
52   0.015114
53   0.015150
54   0.014384
55   0.014928
56   0.015066
57   0.015722
58   0.016480
59   0.015984
60   0.016340
61   0.015460
62   0.015958
63   0.015452
64   0.015412
65   0.014928
66   0.015226
67   0.014892
68   0.015102
69   0.015038
70   0.015382
71   0.015660
72   0.015658
73   0.015836
74   0.015636
75   0.015672
76   0.014974
77   0.014806
78   0.014114
79   0.013444
80   0.012684
81   0.011568
82   0.011068
83   0.009686
84   0.009780
85   0.008406
86   0.007454
87   0.007700
88   0.006948
89   0.006414
90   0.005752
91   0.005080
92   0.005154
93   0.003848
94   0.004174
95   0.003424
96   0.003580
97   0.003190
98   0.003384
99   0.003160
100   0.002504
101   0.002288
102   0.002416
103   0.002180
104   0.002302
105   0.001334
106   0.001962
107   0.001936
108   0.001994
109   0.002404
110   0.002492
111   0.003102
112   0.003184
113   0.003778
114   0.003826
115   0.004028
116   0.003816
117   0.005560
118   0.005984
119   0.005802
120   0.006402
121   0.006744
122   0.007654
123   0.007222
124   0.007932
125   0.007402
126   0.007602
127   0.007288
128   0.007490
129   0.007432
130   0.007162
131   0.007874
132   0.008022
133   0.008180
134   0.008596
135   0.008076
136   0.007936
137   0.007972
138   0.008002
139   0.007474
140   0.006592
141   0.006926
142   0.005884
143   0.006078
144   0.006240
145   0.006434
146   0.006472
147   0.007040
148   0.006830
149   0.007154
150   0.006930
151   0.006650
152   0.007018
153   0.006538
154   0.006928
155   0.007520
156   0.006816
157   0.006014
158   0.006496
159   0.006166
160   0.006670
161   0.006842
162   0.007138
163   0.007952
164   0.008666
165   0.009430
166   0.010184
167   0.010574
168   0.011508
169   0.011542
170   0.012208
171   0.013480
172   0.014340
173   0.015834
174   0.016672
175   0.018304
176   0.020452
177   0.020680
178   0.022526
179   0.024060
180   0.024650
181   0.024850
182   0.025700
183   0.026716
184   0.028668
185   0.029710
186   0.030772
187   0.032650
188   0.034780
189   0.035570
190   0.037330
191   0.038534
192   0.039982
193   0.040642
194   0.041662
195   0.042896
196   0.043564
197   0.044552
198   0.045004
199   0.045376
200   0.045860
201   0.047122
202   0.047758
203   0.047174
204   0.047518
205   0.047378
206   0.047484
207   0.047562
208   0.047548
209   0.047434
210   0.046440
211   0.046164
212   0.045850
213   0.045672
214   0.045444
215   0.043986
216   0.043948
217   0.043164
218   0.043124
219   0.041876
220   0.041172
221   0.040764
222   0.040052
223   0.039454
224   0.039378
225   0.039144
226   0.038208
227   0.037872
228   0.036556
229   0.034936
230   0.034584
231   0.033482
232   0.033202
233   0.032378
234   0.031626
235   0.031180
236   0.030938
237   0.031080
238   0.029812
239   0.029538
240   0.028388
241   0.027490
242   0.027312
243   0.026824
244   0.025868
245   0.025620
246   0.025750
247   0.025238
248   0.024682
249   0.025288
250   0.025088
251   0.024640
252   0.024700
253   0.025170
254   0.024654
255   0.024626
256   0.024936
257   0.025882
258   0.025698
259   0.025980
260   0.026578
261   0.028020
262   0.029314
263   0.029550
264   0.030676
265   0.032360
266   0.033356
267   0.034332
268   0.034942
269   0.035390
270   0.036040
271   0.037168
272   0.038352
273   0.039278
274   0.039596
275   0.039934
276   0.040724
277   0.041070
278   0.041348
279   0.042360
280   0.043098
281   0.044094
282   0.045114
283   0.046086
284   0.046774
285   0.047890
286   0.047918
287   0.048316
288   0.049176
289   0.049332
290   0.050512
291   0.050488
292   0.051468
293   0.052130
294   0.052766
295   0.053280
296   0.053424
297   0.053626
298   0.054200
299   0.054636
300   0.054726
301   0.055538
302   0.055278
303   0.056016
304   0.056520
305   0.056814
306   0.057086
307   0.056940
308   0.057010
309   0.057088
310   0.057812
311   0.058444
312   0.058626
313   0.058750
314   0.060418
315   0.060156
316   0.060920
317   0.061492
318   0.061240
319   0.061476
320   0.061372
321   0.061494
322   0.060848
323   0.061124
324   0.061408
325   0.061220
326   0.061598
327   0.061020
328   0.061424
329   0.061590
330   0.061514
331   0.062176
332   0.062324
333   0.063040
334   0.062556
335   0.063778
336   0.063750
337   0.064422
338   0.065054
339   0.065652
340   0.066118
341   0.066222
342   0.064958
343   0.064904
344   0.064990
345   0.063810
346   0.063756
347   0.063402
348   0.062636
349   0.062162
350   0.061888
351   0.061664
352   0.062030
353   0.062248
354   0.062556
355   0.063008
356   0.062504
357   0.062878
358   0.062980
359   0.063098
360   0.063512
361   0.063436
362   0.064038
363   0.064114
364   0.063922
365   0.063528
366   0.063558
367   0.063440
368   0.063326
369   0.063436
370   0.062938
371   0.063046
372   0.062440
373   0.061316
374   0.061180
375   0.060270
376   0.059470
377   0.059804
378   0.059654
379   0.058388
380   0.058210
381   0.057054
382   0.056832
383   0.056028
384   0.055312
385   0.053368
386   0.053410
387   0.052492
388   0.051254
389   0.051032
390   0.050956
391   0.049580
392   0.048480
393   0.047600
394   0.046488
395   0.046216
396   0.045112
397   0.043820
398   0.042406
399   0.041194
400   0.040700
401   0.040354
402   0.038300
403   0.036646
404   0.035958
405   0.034678
406   0.033618
407   0.032298
408   0.031442
409   0.030368
410   0.028512
411   0.028164
412   0.027092
413   0.024556
414   0.023074
415   0.021258
416   0.019506
417   0.017816
418   0.015340
419   0.013386
420   0.011292
421   0.009104
422   0.007142
423   0.005174
424   0.003500
425   0.001060
426  -0.000902
427  -0.003494
428  -0.005196
429  -0.008028
430  -0.010284
431  -0.010918
432  -0.013060
433  -0.014804
434  -0.015214
435  -0.016762
436  -0.017660
437  -0.018172
438  -0.019324
439  -0.020082
440  -0.021008
441  -0.021620
442  -0.023008
443  -0.024168
444  -0.025178
445  -0.026412
446  -0.027750
447  -0.028450
448  -0.031582
449  -0.032276
450  -0.033504
451  -0.035422
452  -0.036814
453  -0.038764
454  -0.039252
455  -0.041604
456  -0.042672
457  -0.044280
458  -0.045540
459  -0.046626
460  -0.047220
461  -0.047882
462  -0.048946
463  -0.048418
464  -0.049170
465  -0.049162
466  -0.048734
467  -0.049114
468  -0.049078
469  -0.049098
470  -0.048622
471  -0.048724
472  -0.048908
473  -0.049618
474  -0.049908
475  -0.049244
476  -0.049486
477  -0.049380
478  -0.049298
479  -0.049162
480  -0.049056
481  -0.049350
482  -0.049182
483  -0.049132
484  -0.048542
485  -0.048532
486  -0.047542
487  -0.047064
488  -0.047030
489  -0.046480
490  -0.046468
491  -0.045358
492  -0.044310
493  -0.043538
494  -0.042150
495  -0.041196
496  -0.040678
497  -0.040212
498  -0.039476
499  -0.038780
500  -0.038532
-499  -0.037208
-498  -0.036780
-497  -0.036034
-496  -0.035322
-495  -0.035898
-494  -0.034780
-493  -0.034236
-492  -0.033890
-491  -0.033628
-490  -0.032684
-489  -0.032408
-488  -0.032954
-487  -0.032808
-486  -0.033032
-485  -0.032650
-484  -0.032734
-483  -0.032620
-482  -0.032404
-481  -0.032870
-480  -0.033374
-479  -0.033730
-478  -0.034080
-477  -0.033216
-476  -0.033162
-475  -0.032862
-474  -0.032972
-473  -0.032930
-472  -0.032596
-471  -0.032944
-470  -0.032026
-469  -0.031776
-468  -0.031982
-467  -0.030604
-466  -0.030332
-465  -0.030020
-464  -0.029550
-463  -0.028636
-462  -0.027694
-461  -0.027838
-460  -0.028022
-459  -0.027602
-458  -0.026370
-457  -0.025518
-456  -0.025486
-455  -0.025718
-454  -0.025210
-453  -0.024824
-452  -0.025452
-451  -0.024670
-450  -0.024610
-449  -0.024824
-448  -0.025104
-447  -0.025534
-446  -0.025158
-445  -0.024190
-444  -0.024912
-443  -0.024770
-442  -0.024204
-441  -0.023880
-440  -0.023232
-439  -0.024114
-438  -0.023610
-437  -0.023318
-436  -0.023784
-435  -0.023310
-434  -0.022998
-433  -0.023196
-432  -0.023206
-431  -0.023160
-430  -0.022598
-429  -0.023262
-428  -0.022308
-427  -0.021932
-426  -0.021610
-425  -0.021218
-424  -0.021996
-423  -0.021338
-422  -0.021882
-421  -0.022546
-420  -0.022370
-419  -0.022170
-418  -0.021886
-417  -0.022044
-416  -0.021454
-415  -0.021530
-414  -0.021844
-413  -0.021506
-412  -0.021224
-411  -0.020842
-410  -0.021168
-409  -0.021248
-408  -0.021546
-407  -0.021272
-406  -0.021580
-405  -0.022006
-404  -0.022058
-403  -0.021740
-402  -0.020742
-401  -0.021344
-400  -0.020366
-399  -0.019200
-398  -0.018738
-397  -0.018194
-396  -0.017208
-395  -0.016982
-394  -0.016190
-393  -0.015400
-392  -0.015826
-391  -0.015112
-390  -0.015048
-389  -0.014900
-388  -0.014906
-387  -0.015082
-386  -0.014622
-385  -0.014568
-384  -0.014910
-383  -0.015728
-382  -0.015860
-381  -0.015756
-380  -0.014666
-379  -0.014888
-378  -0.014712
-377  -0.014288
-376  -0.013908
-375  -0.014428
-374  -0.014300
-373  -0.013668
-372  -0.014180
-371  -0.014424
-370  -0.014876
-369  -0.014690
-368  -0.014838
-367  -0.015014
-366  -0.014776
-365  -0.016156
-364  -0.017364
-363  -0.017400
-362  -0.018262
-361  -0.018044
-360  -0.019026
-359  -0.019522
-358  -0.019456
-357  -0.019392
-356  -0.019186
-355  -0.018374
-354  -0.017944
-353  -0.017336
-352  -0.015648
-351  -0.015038
-350  -0.013626
-349  -0.013026
-348  -0.011694
-347  -0.011268
-346  -0.011042
-345  -0.009808
-344  -0.009888
-343  -0.010122
-342  -0.009280
-341  -0.009226
-340  -0.008086
-339  -0.007612
-338  -0.007652
-337  -0.007452
-336  -0.007118
-335  -0.007126
-334  -0.006592
-333  -0.007392
-332  -0.007622
-331  -0.007660
-330  -0.008240
-329  -0.008526
-328  -0.006996
-327  -0.007416
-326  -0.006986
-325  -0.006794
-324  -0.006990
-323  -0.006440
-322  -0.006200
-321  -0.006642
-320  -0.006216
-319  -0.005376
-318  -0.005254
-317  -0.005652
-316  -0.005332
-315  -0.005598
-314  -0.004958
-313  -0.005578
-312  -0.005470
-311  -0.005334
-310  -0.006052
-309  -0.006778
-308  -0.007444
-307  -0.007834
-306  -0.008702
-305  -0.009698
-304  -0.009614
-303  -0.010104
-302  -0.010672
-301  -0.011202
-300  -0.011866
-299  -0.012350
-298  -0.012908
-297  -0.013100
-296  -0.014630
-295  -0.015758
-294  -0.015964
-293  -0.016086
-292  -0.017250
-291  -0.017546
-290  -0.018432
-289  -0.018600
-288  -0.018972
-287  -0.018806
-286  -0.018406
-285  -0.018268
-284  -0.018574
-283  -0.017736
-282  -0.018662
-281  -0.018576
-280  -0.019150
-279  -0.019206
-278  -0.018916
-277  -0.018352
-276  -0.018256
-275  -0.017502
-274  -0.016216
-273  -0.015138
-272  -0.015218
-271  -0.015160
-270  -0.014382
-269  -0.012750
-268  -0.012336
-267  -0.012164
-266  -0.012318
-265  -0.012006
-264  -0.011452
-263  -0.011314
-262  -0.010602
-261  -0.010360
-260  -0.009442
-259  -0.008818
-258  -0.007810
-257  -0.006436
-256  -0.005506
-255  -0.004640
-254  -0.004142
-253  -0.003220
-252  -0.002900
-251  -0.002158
-250  -0.001932
-249  -0.001696
-248  -0.001224
-247  -0.000656
-246  -0.000092
-245   0.001400
-244   0.001722
-243   0.002696
-242   0.002712
-241   0.003888
-240   0.004180
-239   0.005282
-238   0.005890
-237   0.007142
-236   0.008524
-235   0.009640
-234   0.010816
-233   0.012476
-232   0.013080
-231   0.013768
-230   0.014248
-229   0.015406
-228   0.015988
-227   0.017600
-226   0.018570
-225   0.020530
-224   0.021248
-223   0.022560
-222   0.023174
-221   0.023678
-220   0.024582
-219   0.025980
-218   0.026278
-217   0.027478
-216   0.028372
-215   0.029366
-214   0.030750
-213   0.031754
-212   0.032830
-211   0.033592
-210   0.035016
-209   0.035880
-208   0.036828
-207   0.036646
-206   0.037078
-205   0.037808
-204   0.037620
-203   0.037574
-202   0.036654
-201   0.037036
-200   0.037228
-199   0.036462
-198   0.036424
-197   0.035970
-196   0.035154
-195   0.035190
-194   0.034104
-193   0.033510
-192   0.033626
-191   0.033286
-190   0.033036
-189   0.032362
-188   0.032692
-187   0.032132
-186   0.030962
-185   0.030490
-184   0.029632
-183   0.029092
-182   0.028138
-181   0.027194
-180   0.025884
-179   0.025588
-178   0.026002
-177   0.025000
-176   0.024514
-175   0.023486
-174   0.023176
-173   0.023436
-172   0.023000
-171   0.022466
-170   0.021306
-169   0.021376
-168   0.020980
-167   0.020652
-166   0.020422
-165   0.019606
-164   0.020048
-163   0.019244
-162   0.019262
-161   0.019250
-160   0.019554
-159   0.020006
-158   0.020150
-157   0.019862
-156   0.019448
-155   0.018930
-154   0.019118
-153   0.018752
-152   0.018732
-151   0.019002
-150   0.018642
-149   0.017626
-148   0.017310
-147   0.016814
-146   0.016272
-145   0.016100
-144   0.015920
-143   0.015044
-142   0.014048
-141   0.014380
-140   0.013766
-139   0.013574
-138   0.013694
-137   0.013002
-136   0.011830
-135   0.011654
-134   0.011646
-133   0.010906
-132   0.010512
-131   0.009536
-130   0.009856
-129   0.009670
-128   0.008466
-127   0.008806
-126   0.009000
-125   0.008320
-124   0.007798
-123   0.008118
-122   0.007326
-121   0.007582
-120   0.007168
-119   0.006948
-118   0.006612
-117   0.006804
-116   0.006334
-115   0.006724
-114   0.007130
-113   0.005836
-112   0.006378
-111   0.006182
-110   0.006052
-109   0.006092
-108   0.005622
-107   0.005616
-106   0.006146
-105   0.006400
-104   0.006896
-103   0.007214
-102   0.007728
-101   0.008346
-100   0.008788
-99   0.009322
-98   0.009436
-97   0.009972
-96   0.009612
-95   0.009576
-94   0.009580
-93   0.009490
-92   0.009186
-91   0.009356
-90   0.008788
-89   0.008248
-88   0.008244
-87   0.008616
-86   0.007352
-85   0.007726
-84   0.007648
-83   0.006988
-82   0.006278
-81   0.005324
-80   0.005220
-79   0.004598
-78   0.003484
-77   0.003618
-76   0.003138
-75   0.001770
-74   0.001646
-73   0.000174
-72  -0.000902
-71  -0.001920
-70  -0.002070
-69  -0.003532
-68  -0.004294
-67  -0.005290
-66  -0.006662
-65  -0.006810
-64  -0.007100
-63  -0.007488
-62  -0.008108
-61  -0.008178
-60  -0.008554
-59  -0.009658
-58  -0.009316
-57  -0.009590
-56  -0.010442
-55  -0.010252
-54  -0.011394
-53  -0.011640
-52  -0.012236
-51  -0.013170
-50  -0.013818
-49  -0.014668
-48  -0.014758
-47  -0.015672
-46  -0.016022
-45  -0.017548
-44  -0.018018
-43  -0.018456
-42  -0.018332
-41  -0.018436
-40  -0.018802
-39  -0.019174
-38  -0.019424
-37  -0.019204
-36  -0.019902
-35  -0.020298
-34  -0.020696
-33  -0.020356
-32  -0.020360
-31  -0.020560
-30  -0.021502
-29  -0.021508
-28  -0.021336
-27  -0.021586
-26  -0.022044
-25  -0.022078
-24  -0.022270
-23  -0.021440
-22  -0.022044
-21  -0.022174
-20  -0.022156
-19  -0.022298
-18  -0.022716
-17  -0.023684
-16  -0.023692
-15  -0.023036
-14  -0.022982
-13  -0.024054
-12  -0.024164
-11  -0.024556
-10  -0.024858
-9  -0.025084
-8  -0.025298
-7  -0.024968
-6  -0.024984
-5  -0.025114
-4  -0.025344
-3  -0.024448
-2  -0.024328
-1  -0.023676
