0  -0.003364
1  -0.004314
2  -0.005156
3  -0.005574
4  -0.005670
5  -0.006258
6  -0.006672
7  -0.007268
8  -0.007682
9  -0.008280
10  -0.009114
11  -0.009950
12  -0.010918
13  -0.011520
14  -0.012232
15  -0.013208
16  -0.013610
17  -0.013934
18  -0.014950
19  -0.015592
20  -0.016672
21  -0.018002
22  -0.019172
23  -0.020954
24  -0.022656
25  -0.023958
26  -0.025042
27  -0.026122
28  -0.027512
29  -0.028762
30  -0.029302
31  -0.030148
32  -0.030822
33  -0.031208
34  -0.031986
35  -0.032804
36  -0.033610
37  -0.034564
38  -0.035350
39  -0.036102
40  -0.036728
41  -0.037570
42  -0.037984
43  -0.038856
44  -0.039526
45  -0.040316
46  -0.041162
47  -0.042094
48  -0.042938
49  -0.043982
50  -0.044628
51  -0.045450
52  -0.045906
53  -0.046388
54  -0.046716
55  -0.046844
56  -0.047072
57  -0.048002
58  -0.048574
59  -0.049142
60  -0.050098
61  -0.051186
62  -0.051736
63  -0.052602
64  -0.053520
65  -0.054114
66  -0.054712
67  -0.055092
68  -0.055618
69  -0.056538
70  -0.057718
71  -0.058934
72  -0.059986
73  -0.060734
74  -0.062000
75  -0.062912
76  -0.064264
77  -0.065030
78  -0.066312
79  -0.067666
80  -0.068580
81  -0.069642
82  -0.070794
83  -0.071554
84  -0.072628
85  -0.073524
86  -0.074786
87  -0.075786
88  -0.076818
89  -0.077744
90  -0.079010
91  -0.080502
92  -0.081678
93  -0.082718
94  -0.083944
95  -0.085694
96  -0.087162
97  -0.088692
98  -0.089694
99  -0.090882
100  -0.091986
101  -0.093004
102  -0.093864
103  -0.094714
104  -0.095682
105  -0.096676
106  -0.097478
107  -0.098528
108  -0.099250
109  -0.100184
110  -0.100840
111  -0.101762
112  -0.102328
113  -0.103206
114  -0.103500
115  -0.104036
116  -0.104068
117  -0.104540
118  -0.104846
119  -0.105210
120  -0.105538
121  -0.105494
122  -0.105738
123  -0.106036
124  -0.106212
125  -0.106318
126  -0.106520
127  -0.106964
128  -0.107228
129  -0.107462
130  -0.107490
131  -0.107740
132  -0.108406
133  -0.108762
134  -0.109388
135  -0.109440
136  -0.109204
137  -0.108806
138  -0.108672
139  -0.108166
140  -0.108254
141  -0.107968
142  -0.108380
143  -0.108228
144  -0.108220
145  -0.107932
146  -0.107888
147  -0.107488
148  -0.107484
149  -0.107162
150  -0.106986
151  -0.107352
152  -0.107114
153  -0.107238
154  -0.106430
155  -0.106074
156  -0.105380
157  -0.104850
158  -0.104442
159  -0.103952
160  -0.103928
161  -0.103406
162  -0.103160
163  -0.103090
164  -0.103226
165  -0.102908
166  -0.102612
167  -0.102450
168  -0.102624
169  -0.102474
170  -0.102780
171  -0.102364
172  -0.102190
173  -0.101466
174  -0.101858
175  -0.101306
176  -0.101146
177  -0.100700
178  -0.100002
179  -0.099916
180  -0.099668
181  -0.099286
182  -0.098894
183  -0.098432
184  -0.097832
185  -0.097028
186  -0.096496
187  -0.096116
188  -0.095766
189  -0.095318
190  -0.094590
191  -0.094420
192  -0.093934
193  -0.093584
194  -0.093304
195  -0.093196
196  -0.092756
197  -0.092562
198  -0.091990
199  -0.091452
200  -0.090304
201  -0.089736
202  -0.089344
203  -0.088676
204  -0.087892
205  -0.086960
206  -0.086234
207  -0.085430
208  -0.084412
209  -0.083750
210  -0.083104
211  -0.082432
212  -0.081718
213  -0.081022
214  -0.080188
215  -0.079648
216  -0.079250
217  -0.078546
218  -0.078012
219  -0.077610
220  -0.076814
221  -0.076416
222  -0.075634
223  -0.074952
224  -0.073790
225  -0.072522
226  -0.071060
227  -0.069682
228  -0.068886
229  -0.067702
230  -0.066722
231  -0.065566
232  -0.064332
233  -0.063510
234  -0.062142
235  -0.060658
236  -0.059512
237  -0.058386
238  -0.057408
239  -0.055970
240  -0.054354
241  -0.052822
242  -0.051320
243  -0.049156
244  -0.047784
245  -0.046170
246  -0.044414
247  -0.042740
248  -0.041034
249  -0.039368
250  -0.037354
251  -0.035292
252  -0.032966
253  -0.030958
254  -0.029496
255  -0.027218
256  -0.025292
257  -0.022922
258  -0.020998
259  -0.018330
260  -0.016150
261  -0.014060
262  -0.011840
263  -0.009572
264  -0.007028
265  -0.004958
266  -0.002638
267  -0.000762
268   0.001116
269   0.002438
270   0.003892
271   0.005188
272   0.006406
273   0.008396
274   0.009600
275   0.010326
276   0.011566
277   0.012520
278   0.013496
279   0.013998
280   0.014828
281   0.015602
282   0.016520
283   0.016810
284   0.017830
285   0.018766
286   0.019766
287   0.020984
288   0.021948
289   0.023244
290   0.024242
291   0.025914
292   0.027560
293   0.029102
294   0.030546
295   0.032054
296   0.033652
297   0.035386
298   0.036766
299   0.038678
300   0.040336
301   0.041470
302   0.043178
303   0.044524
304   0.045488
305   0.046602
306   0.047552
307   0.048554
308   0.049242
309   0.050006
310   0.050636
311   0.051006
312   0.051968
313   0.052572
314   0.053246
315   0.054142
316   0.054788
317   0.055436
318   0.056376
319   0.056990
320   0.057548
321   0.058056
322   0.058464
323   0.059294
324   0.059502
325   0.059680
326   0.060400
327   0.061242
328   0.061884
329   0.062266
330   0.063316
331   0.063900
332   0.064662
333   0.065302
334   0.066326
335   0.067754
336   0.068732
337   0.069934
338   0.071390
339   0.072424
340   0.073646
341   0.074912
342   0.076162
343   0.077812
344   0.078862
345   0.080412
346   0.081438
347   0.082934
348   0.084188
349   0.085474
350   0.086940
351   0.088204
352   0.089984
353   0.091704
354   0.093036
355   0.094970
356   0.096414
357   0.097874
358   0.099076
359   0.100362
360   0.101758
361   0.103106
362   0.104744
363   0.106384
364   0.108460
365   0.109884
366   0.111760
367   0.112982
368   0.114614
369   0.115772
370   0.117306
371   0.118776
372   0.120446
373   0.122440
374   0.124484
375   0.126044
376   0.127880
377   0.129830
378   0.131612
379   0.133136
380   0.134288
381   0.136042
382   0.137370
383   0.139108
384   0.140838
385   0.142532
386   0.144392
387   0.145810
388   0.147572
389   0.149192
390   0.150934
391   0.152598
392   0.154296
393   0.155912
394   0.157348
395   0.158796
396   0.160396
397   0.161832
398   0.163002
399   0.164510
400   0.166656
401   0.168220
402   0.170208
403   0.171688
404   0.173354
405   0.175030
406   0.176818
407   0.178172
408   0.179846
409   0.181058
410   0.181944
411   0.182458
412   0.183304
413   0.184094
414   0.185230
415   0.185980
416   0.186634
417   0.187800
418   0.188670
419   0.189574
420   0.190474
421   0.191252
422   0.192296
423   0.193204
424   0.194524
425   0.195772
426   0.196340
427   0.197178
428   0.197694
429   0.198520
430   0.198858
431   0.199916
432   0.200514
433   0.201556
434   0.202286
435   0.203456
436   0.203642
437   0.204208
438   0.204554
439   0.204954
440   0.205500
441   0.205978
442   0.205948
443   0.206234
444   0.206244
445   0.206080
446   0.206134
447   0.206128
448   0.206120
449   0.206092
450   0.206066
451   0.205974
452   0.205640
453   0.204892
454   0.204446
455   0.203460
456   0.202170
457   0.201614
458   0.200694
459   0.200288
460   0.199252
461   0.198512
462   0.197678
463   0.197116
464   0.196812
465   0.196082
466   0.195542
467   0.194702
468   0.193930
469   0.193292
470   0.192600
471   0.192122
472   0.191552
473   0.191340
474   0.190798
475   0.190362
476   0.189662
477   0.188844
478   0.188122
479   0.187534
480   0.186572
481   0.185984
482   0.185594
483   0.184998
484   0.184294
485   0.183684
486   0.183354
487   0.183188
488   0.182988
489   0.182494
490   0.182390
491   0.181910
492   0.180682
493   0.180010
494   0.178438
495   0.177490
496   0.176034
497   0.173942
498   0.172256
499   0.170214
500   0.168460
-499   0.165944
-498   0.164364
-497   0.162476
-496   0.160654
-495   0.158876
-494   0.156898
-493   0.154612
-492   0.152510
-491   0.150222
-490   0.148074
-489   0.145728
-488   0.143440
-487   0.141410
-486   0.139020
-485   0.136852
-484   0.134756
-483   0.132444
-482   0.130296
-481   0.128182
-480   0.126080
-479   0.123990
-478   0.121786
-477   0.119764
-476   0.117664
-475   0.115508
-474   0.113580
-473   0.111944
-472   0.110312
-471   0.108548
-470   0.106432
-469   0.104354
-468   0.102046
-467   0.100296
-466   0.098154
-465   0.096036
-464   0.094132
-463   0.092290
-462   0.090010
-461   0.088580
-460   0.086492
-459   0.084352
-458   0.082870
-457   0.080836
-456   0.078870
-455   0.077188
-454   0.075416
-453   0.073644
-452   0.072100
-451   0.070626
-450   0.069840
-449   0.068176
-448   0.066836
-447   0.065378
-446   0.064146
-445   0.062212
-444   0.060218
-443   0.058102
-442   0.056068
-441   0.054092
-440   0.051966
-439   0.050072
-438   0.048176
-437   0.046202
-436   0.044244
-435   0.042270
-434   0.040344
-433   0.038424
-432   0.036736
-431   0.035404
-430   0.033988
-429   0.032354
-428   0.031012
-427   0.029844
-426   0.028378
-425   0.026836
-424   0.025710
-423   0.024344
-422   0.023092
-421   0.021666
-420   0.020932
-419   0.019294
-418   0.018160
-417   0.016738
-416   0.015566
-415   0.014424
-414   0.013094
-413   0.011706
-412   0.010662
-411   0.009288
-410   0.008080
-409   0.007284
-408   0.006250
-407   0.005184
-406   0.004076
-405   0.003546
-404   0.002388
-403   0.001500
-402   0.000688
-401  -0.000172
-400  -0.001208
-399  -0.002224
-398  -0.002660
-397  -0.003718
-396  -0.004580
-395  -0.005456
-394  -0.006152
-393  -0.007260
-392  -0.008020
-391  -0.008816
-390  -0.009712
-389  -0.010774
-388  -0.011704
-387  -0.012642
-386  -0.013966
-385  -0.015356
-384  -0.016998
-383  -0.018784
-382  -0.020218
-381  -0.021354
-380  -0.022858
-379  -0.023998
-378  -0.024724
-377  -0.025544
-376  -0.026028
-375  -0.026600
-374  -0.027382
-373  -0.027854
-372  -0.028954
-371  -0.029360
-370  -0.029548
-369  -0.029734
-368  -0.029884
-367  -0.030154
-366  -0.030794
-365  -0.031526
-364  -0.032160
-363  -0.033096
-362  -0.033738
-361  -0.034482
-360  -0.035158
-359  -0.035954
-358  -0.036498
-357  -0.037130
-356  -0.037638
-355  -0.038076
-354  -0.039040
-353  -0.040050
-352  -0.041138
-351  -0.041946
-350  -0.042816
-349  -0.043606
-348  -0.044188
-347  -0.044954
-346  -0.045876
-345  -0.046618
-344  -0.047392
-343  -0.047820
-342  -0.048314
-341  -0.048378
-340  -0.048352
-339  -0.048446
-338  -0.048594
-337  -0.048318
-336  -0.048388
-335  -0.048468
-334  -0.048964
-333  -0.048970
-332  -0.049374
-331  -0.049652
-330  -0.049990
-329  -0.050380
-328  -0.050774
-327  -0.051022
-326  -0.051266
-325  -0.051406
-324  -0.051768
-323  -0.051952
-322  -0.052138
-321  -0.052510
-320  -0.052560
-319  -0.052616
-318  -0.052824
-317  -0.052696
-316  -0.053218
-315  -0.053360
-314  -0.053602
-313  -0.054054
-312  -0.054188
-311  -0.054330
-310  -0.054392
-309  -0.054524
-308  -0.055128
-307  -0.055010
-306  -0.055008
-305  -0.055204
-304  -0.055578
-303  -0.055912
-302  -0.056046
-301  -0.056406
-300  -0.056412
-299  -0.056468
-298  -0.056374
-297  -0.056084
-296  -0.055974
-295  -0.055966
-294  -0.055956
-293  -0.056086
-292  -0.056476
-291  -0.056616
-290  -0.056644
-289  -0.056562
-288  -0.056984
-287  -0.056838
-286  -0.056582
-285  -0.056534
-284  -0.056142
-283  -0.056072
-282  -0.056072
-281  -0.056124
-280  -0.056116
-279  -0.056458
-278  -0.056556
-277  -0.056572
-276  -0.056556
-275  -0.056214
-274  -0.056232
-273  -0.056378
-272  -0.056244
-271  -0.056170
-270  -0.056142
-269  -0.055700
-268  -0.055282
-267  -0.054692
-266  -0.054600
-265  -0.054324
-264  -0.054104
-263  -0.053542
-262  -0.053374
-261  -0.052918
-260  -0.052286
-259  -0.051944
-258  -0.051704
-257  -0.051302
-256  -0.050196
-255  -0.049130
-254  -0.048124
-253  -0.046826
-252  -0.045362
-251  -0.044182
-250  -0.042868
-249  -0.041694
-248  -0.040886
-247  -0.039870
-246  -0.038704
-245  -0.037800
-244  -0.036470
-243  -0.035502
-242  -0.034512
-241  -0.033492
-240  -0.031544
-239  -0.030354
-238  -0.029416
-237  -0.028364
-236  -0.027164
-235  -0.026068
-234  -0.024950
-233  -0.024234
-232  -0.023244
-231  -0.022492
-230  -0.021578
-229  -0.020846
-228  -0.020126
-227  -0.019340
-226  -0.018664
-225  -0.017838
-224  -0.016646
-223  -0.015898
-222  -0.014894
-221  -0.014174
-220  -0.013428
-219  -0.012734
-218  -0.012426
-217  -0.012176
-216  -0.011742
-215  -0.011516
-214  -0.010922
-213  -0.010798
-212  -0.010152
-211  -0.010186
-210  -0.009242
-209  -0.008436
-208  -0.007668
-207  -0.007362
-206  -0.006690
-205  -0.006100
-204  -0.005312
-203  -0.004936
-202  -0.004342
-201  -0.003698
-200  -0.002972
-199  -0.002630
-198  -0.001914
-197  -0.001692
-196  -0.001016
-195  -0.000834
-194  -0.000858
-193  -0.000734
-192  -0.000692
-191  -0.000946
-190  -0.000996
-189  -0.000664
-188  -0.000668
-187  -0.000386
-186  -0.000060
-185   0.000080
-184   0.000442
-183   0.000710
-182   0.001118
-181   0.001500
-180   0.002152
-179   0.002698
-178   0.002916
-177   0.003030
-176   0.003632
-175   0.003620
-174   0.003266
-173   0.003650
-172   0.003756
-171   0.004100
-170   0.004144
-169   0.004228
-168   0.004020
-167   0.004476
-166   0.004886
-165   0.005028
-164   0.005168
-163   0.005806
-162   0.005606
-161   0.005716
-160   0.005952
-159   0.006694
-158   0.006920
-157   0.007020
-156   0.007326
-155   0.007444
-154   0.007664
-153   0.007984
-152   0.008628
-151   0.008852
-150   0.009092
-149   0.009296
-148   0.009596
-147   0.009814
-146   0.010248
-145   0.010258
-144   0.010266
-143   0.010054
-142   0.009836
-141   0.010368
-140   0.010632
-139   0.011348
-138   0.011220
-137   0.011462
-136   0.011522
-135   0.011402
-134   0.011688
-133   0.011870
-132   0.012094
-131   0.011866
-130   0.011960
-129   0.012384
-128   0.012432
-127   0.012698
-126   0.012648
-125   0.012966
-124   0.013150
-123   0.013172
-122   0.013142
-121   0.013162
-120   0.013212
-119   0.012812
-118   0.012296
-117   0.012324
-116   0.012108
-115   0.011906
-114   0.011436
-113   0.011018
-112   0.010774
-111   0.010670
-110   0.010490
-109   0.010060
-108   0.010014
-107   0.009774
-106   0.009776
-105   0.009264
-104   0.008846
-103   0.008082
-102   0.007924
-101   0.007670
-100   0.007228
-99   0.006830
-98   0.006752
-97   0.006476
-96   0.006650
-95   0.006580
-94   0.006220
-93   0.006254
-92   0.006002
-91   0.005614
-90   0.006078
-89   0.005684
-88   0.005740
-87   0.005888
-86   0.005766
-85   0.005888
-84   0.005900
-83   0.006010
-82   0.005864
-81   0.005666
-80   0.005936
-79   0.005774
-78   0.006032
-77   0.006244
-76   0.006092
-75   0.006184
-74   0.006432
-73   0.006804
-72   0.006850
-71   0.007338
-70   0.007954
-69   0.008586
-68   0.008750
-67   0.009432
-66   0.009988
-65   0.010060
-64   0.010164
-63   0.010558
-62   0.011190
-61   0.011548
-60   0.011848
-59   0.012168
-58   0.012244
-57   0.012868
-56   0.013324
-55   0.012962
-54   0.013708
-53   0.013622
-52   0.014370
-51   0.014420
-50   0.015090
-49   0.015444
-48   0.016040
-47   0.016884
-46   0.017478
-45   0.017668
-44   0.018330
-43   0.018894
-42   0.018880
-41   0.018922
-40   0.018940
-39   0.018782
-38   0.019056
-37   0.019222
-36   0.018966
-35   0.018512
-34   0.017880
-33   0.017472
-32   0.016920
-31   0.016518
-30   0.015786
-29   0.015714
-28   0.015346
-27   0.014580
-26   0.014030
-25   0.013962
-24   0.013208
-23   0.012624
-22   0.011990
-21   0.011338
-20   0.010796
-19   0.009792
-18   0.009142
-17   0.008356
-16   0.007800
-15   0.007398
-14   0.006892
-13   0.006368
-12   0.005546
-11   0.004950
-10   0.003884
-9   0.002838
-8   0.002058
-7   0.001304
-6   0.000554
-5  -0.000160
-4  -0.000754
-3  -0.001640
-2  -0.002106
-1  -0.002656
