0   0.536250
1   0.249456
2   0.219382
3   0.194958
4   0.171600
5   0.153414
6   0.135406
7   0.119474
8   0.105352
9   0.095388
10   0.084164
11   0.076636
12   0.067356
13   0.058732
14   0.050958
15   0.045836
16   0.041436
17   0.037266
18   0.031034
19   0.029476
20   0.025692
21   0.022546
22   0.019590
23   0.016068
24   0.015330
25   0.014602
26   0.013066
27   0.010626
28   0.008218
29   0.006426
30   0.006004
31   0.005426
32   0.004130
33   0.003824
34   0.004224
35   0.004038
36   0.002632
37   0.002274
38  -0.000038
39   0.000828
40   0.001436
41   0.000410
42  -0.000636
43   0.003494
44   0.003298
45   0.002170
46   0.003064
47   0.003548
48   0.002588
49   0.003666
50   0.004316
51   0.002526
52   0.004322
53   0.004402
54   0.004040
55   0.000732
56  -0.000434
57   0.001670
58   0.000186
59   0.000616
60   0.001552
61  -0.000130
62   0.002960
63   0.000862
64   0.000318
65   0.002366
66   0.002014
67   0.001424
68   0.001260
69  -0.000302
70   0.001028
71   0.000186
72   0.000580
73   0.001334
74   0.001400
75   0.000770
76   0.001322
77   0.002180
78   0.000838
79  -0.000302
80   0.000256
81   0.000952
82   0.000368
83  -0.000396
84  -0.001472
85  -0.001258
86  -0.001246
87  -0.002378
88  -0.001170
89  -0.001840
90  -0.001114
91  -0.001054
92  -0.001750
93  -0.002606
94  -0.003468
95  -0.004150
96  -0.003550
97  -0.002368
98  -0.003284
99  -0.002400
100  -0.000444
101  -0.001272
102  -0.001384
103  -0.000856
104   0.000178
105  -0.000950
106   0.000460
107  -0.000466
108  -0.001394
109   0.000246
110  -0.000702
111  -0.001464
112  -0.001672
113  -0.001570
114  -0.002400
115  -0.002464
116   0.000236
117  -0.002228
118  -0.002400
119  -0.002614
120  -0.001640
121  -0.001546
122  -0.002646
123  -0.000832
124  -0.004594
125  -0.001864
126  -0.002054
127  -0.002964
128  -0.001406
129  -0.004594
130  -0.002978
131  -0.003016
132  -0.003844
133  -0.002840
134  -0.003622
135  -0.001578
136  -0.001226
137  -0.002176
138  -0.000190
139  -0.000244
140   0.001390
141   0.001878
142   0.000258
143  -0.000234
144  -0.000988
145  -0.000306
146   0.000678
147  -0.000054
148  -0.000262
149  -0.000946
150   0.003112
151   0.002324
152   0.003926
153   0.002776
154   0.003910
155   0.003874
156   0.004902
157   0.005600
158   0.003348
159   0.002982
160   0.002716
161   0.004190
162   0.002728
163   0.001954
164   0.000872
165  -0.001232
166   0.000246
167  -0.000242
168  -0.000534
169  -0.000644
170   0.000792
171  -0.001894
172   0.000192
173  -0.001728
174  -0.000946
175  -0.002292
176  -0.004054
177  -0.002756
178  -0.003610
179  -0.002100
180  -0.004154
181  -0.003314
182  -0.005322
183  -0.004208
184  -0.005318
185  -0.006336
186  -0.006956
187  -0.007370
188  -0.006552
189  -0.006432
190  -0.008118
191  -0.007462
192  -0.007346
193  -0.006762
194  -0.007356
195  -0.007518
196  -0.005324
197  -0.005070
198  -0.006996
199  -0.006772
200  -0.004534
201  -0.005660
202  -0.005270
203  -0.004968
204  -0.006056
205  -0.005714
206  -0.005470
207  -0.005006
208  -0.004380
209  -0.002390
210  -0.003022
211  -0.001364
212  -0.003138
213  -0.002402
214  -0.000408
215  -0.001432
216  -0.000844
217  -0.002332
218  -0.002230
219  -0.001164
220  -0.001074
221   0.001008
222   0.000818
223  -0.000288
224  -0.000236
225   0.000190
226   0.001110
227  -0.000390
228   0.001414
229   0.000628
230   0.002772
231   0.001424
232   0.001502
233   0.001370
234   0.002020
235   0.002376
236   0.001740
237   0.002134
238   0.001450
239   0.001318
240   0.001690
241   0.001728
242   0.000418
243   0.000830
244  -0.000056
245   0.000352
246  -0.000428
247  -0.001094
248  -0.000888
249  -0.000606
250  -0.000524
251  -0.000794
252  -0.000614
253  -0.000850
254  -0.000038
255   0.000840
256   0.000412
257   0.001128
258  -0.000498
259  -0.001488
260  -0.000976
261  -0.001262
262  -0.001642
263  -0.001572
264  -0.002174
265  -0.003202
266  -0.000150
267  -0.002410
268  -0.001112
269  -0.001740
270  -0.004686
271  -0.003494
272  -0.002494
273  -0.003126
274  -0.003894
275  -0.003686
276  -0.003650
277  -0.002718
278  -0.002896
279  -0.001468
280  -0.002730
281  -0.004482
282  -0.002914
283  -0.001580
284  -0.001980
285  -0.002204
286  -0.003138
287  -0.003728
288  -0.004498
289  -0.003612
290  -0.003020
291  -0.004192
292  -0.003352
293  -0.004812
294  -0.003420
295  -0.002844
296  -0.001920
297  -0.001906
298  -0.004482
299  -0.002262
300  -0.002502
301  -0.002408
302  -0.001140
303  -0.001306
304  -0.000086
305  -0.002016
306   0.001374
307   0.000922
308   0.001236
309   0.001834
310   0.002450
311   0.002480
312   0.002910
313   0.003886
314   0.003662
315   0.002486
316   0.000660
317   0.001252
318  -0.000054
319   0.000026
320   0.000194
321  -0.001596
322  -0.001508
323  -0.001854
324  -0.003002
325  -0.003218
326  -0.003246
327  -0.002446
328  -0.001504
329  -0.003332
330  -0.002852
331  -0.002714
332  -0.001058
333  -0.001898
334  -0.000522
335  -0.003238
336  -0.004306
337  -0.002484
338  -0.002168
339  -0.002242
340  -0.002452
341  -0.003888
342  -0.003700
343  -0.001900
344  -0.003052
345  -0.002276
346  -0.004192
347  -0.004402
348  -0.003694
349  -0.003958
350  -0.002262
351  -0.003728
352  -0.003272
353  -0.001600
354  -0.001612
355  -0.000184
356  -0.001238
357  -0.002840
358  -0.001284
359  -0.003186
360  -0.002378
361  -0.003330
362  -0.003046
363  -0.003864
364  -0.003586
365  -0.002634
366  -0.002482
367  -0.002614
368  -0.001366
369  -0.000762
370  -0.002146
371  -0.001448
372  -0.002206
373  -0.001902
374  -0.001672
375  -0.001978
376  -0.001132
377  -0.002584
378  -0.002488
379  -0.003436
380  -0.002204
381  -0.002542
382  -0.000438
383  -0.000970
384  -0.000574
385  -0.003176
386  -0.005268
387  -0.001014
388  -0.003188
389  -0.003976
390  -0.004336
391  -0.006068
392  -0.005200
393  -0.002962
394  -0.002588
395  -0.003562
396  -0.001674
397   0.000440
398  -0.000068
399  -0.002076
400  -0.000526
401   0.000606
402  -0.000088
403  -0.001548
404   0.000010
405  -0.001028
406  -0.000876
407  -0.000942
408  -0.002892
409  -0.000304
410   0.000916
411  -0.000098
412   0.000750
413   0.001700
414   0.003482
415   0.001926
416   0.001634
417   0.002708
418   0.002326
419  -0.000778
420   0.000148
421  -0.000436
422  -0.000694
423   0.000868
424   0.000904
425   0.001472
426   0.001290
427  -0.000198
428   0.000974
429  -0.000346
430   0.000508
431  -0.001546
432  -0.000782
433  -0.002008
434  -0.001266
435  -0.004046
436  -0.002882
437  -0.003664
438  -0.003570
439  -0.005700
440  -0.004014
441  -0.003538
442  -0.004596
443  -0.004332
444  -0.005906
445  -0.004666
446  -0.003522
447  -0.003806
448  -0.003884
449  -0.003280
450  -0.004548
451  -0.000210
452  -0.000750
453  -0.001366
454  -0.001286
455  -0.002356
456  -0.000368
457  -0.002812
458  -0.001276
459  -0.000916
460  -0.001232
461  -0.000804
462  -0.002970
463  -0.002500
464  -0.001858
465  -0.001732
466  -0.003100
467  -0.002874
468  -0.002334
469  -0.003772
470  -0.001996
471   0.000338
472   0.000368
473  -0.000066
474  -0.000864
475   0.000922
476   0.000210
477   0.000374
478   0.001278
479  -0.000974
480  -0.000324
481  -0.000234
482   0.000302
483   0.000888
484   0.000920
485   0.003610
486   0.003336
487   0.002564
488   0.002024
489   0.002288
490   0.003862
491   0.004996
492   0.003602
493   0.004088
494   0.003428
495   0.003812
496   0.003214
497   0.005140
498   0.003526
499   0.003502
500   0.004286
-499   0.001442
-498   0.002402
-497   0.003468
-496   0.002930
-495   0.002794
-494   0.003084
-493   0.003476
-492   0.002496
-491   0.002400
-490   0.001436
-489   0.001332
-488   0.002974
-487   0.001400
-486   0.001242
-485   0.001730
-484   0.000730
-483   0.003100
-482   0.000766
-481   0.002070
-480   0.000576
-479   0.000582
-478  -0.001222
-477  -0.000806
-476  -0.000140
-475   0.001950
-474   0.001350
-473   0.000124
-472   0.001376
-471   0.003076
-470   0.002968
-469   0.001354
-468   0.000972
-467   0.000562
-466   0.001852
-465   0.001264
-464   0.001520
-463   0.003140
-462   0.002060
-461   0.000658
-460   0.000592
-459   0.002430
-458   0.002446
-457   0.000904
-456   0.002090
-455  -0.000278
-454   0.000212
-453   0.000368
-452  -0.000008
-451  -0.000052
-450  -0.001250
-449   0.000298
-448   0.001540
-447   0.000730
-446   0.000230
-445   0.003206
-444   0.001268
-443  -0.001028
-442  -0.003020
-441  -0.002524
-440  -0.002720
-439  -0.000712
-438  -0.001732
-437  -0.002642
-436  -0.002592
-435  -0.002764
-434  -0.002026
-433  -0.003166
-432  -0.005502
-431  -0.004462
-430  -0.005986
-429  -0.004162
-428  -0.005212
-427  -0.003346
-426  -0.003990
-425  -0.004004
-424  -0.004008
-423  -0.003214
-422  -0.002380
-421  -0.001654
-420  -0.001754
-419  -0.004094
-418  -0.002704
-417  -0.004242
-416  -0.002238
-415  -0.002448
-414  -0.002148
-413  -0.002940
-412  -0.001666
-411  -0.001492
-410  -0.000874
-409  -0.001734
-408  -0.002034
-407  -0.001686
-406  -0.002852
-405  -0.001158
-404  -0.001788
-403  -0.000458
-402  -0.003318
-401  -0.001080
-400  -0.002020
-399  -0.002406
-398  -0.002968
-397  -0.001868
-396  -0.000430
-395  -0.003538
-394  -0.003126
-393  -0.003538
-392  -0.004140
-391  -0.002766
-390  -0.002956
-389  -0.004954
-388  -0.002324
-387  -0.000778
-386  -0.001414
-385  -0.002658
-384  -0.003012
-383  -0.002218
-382  -0.002788
-381  -0.005188
-380  -0.005874
-379  -0.004020
-378  -0.003452
-377  -0.002642
-376  -0.002396
-375  -0.000082
-374   0.000008
-373   0.001724
-372  -0.000532
-371   0.001016
-370   0.000906
-369   0.001074
-368   0.003118
-367   0.000872
-366   0.002934
-365   0.003062
-364   0.004144
-363   0.002528
-362   0.004456
-361   0.002694
-360   0.003320
-359   0.004076
-358   0.004180
-357   0.003156
-356   0.003664
-355   0.002796
-354   0.001082
-353   0.001788
-352   0.002514
-351   0.000782
-350   0.001140
-349   0.000182
-348   0.000338
-347   0.001402
-346  -0.000108
-345   0.000428
-344   0.000672
-343   0.000618
-342   0.000170
-341   0.002180
-340   0.001926
-339   0.000638
-338   0.002408
-337   0.002276
-336   0.001808
-335   0.000920
-334   0.001052
-333   0.001356
-332   0.002160
-331   0.002024
-330   0.003796
-329   0.002582
-328   0.002804
-327   0.000988
-326   0.002308
-325   0.003252
-324   0.002128
-323   0.001844
-322   0.002578
-321   0.001488
-320   0.002492
-319   0.003376
-318   0.003668
-317   0.003072
-316   0.002934
-315   0.001324
-314   0.001324
-313   0.000734
-312   0.001588
-311   0.002378
-310   0.001200
-309   0.001718
-308  -0.000018
-307   0.001468
-306   0.001052
-305   0.001596
-304   0.000134
-303   0.002202
-302   0.002514
-301   0.001882
-300   0.002076
-299   0.000960
-298   0.001494
-297   0.001746
-296  -0.000386
-295   0.000054
-294  -0.000980
-293  -0.002234
-292  -0.001108
-291  -0.000628
-290   0.000100
-289  -0.000058
-288  -0.001044
-287   0.000084
-286  -0.000208
-285  -0.000154
-284   0.000816
-283   0.000380
-282   0.001142
-281   0.000064
-280  -0.001506
-279  -0.002068
-278  -0.001730
-277  -0.002332
-276  -0.002660
-275  -0.001742
-274  -0.001976
-273  -0.003496
-272  -0.002088
-271  -0.002318
-270  -0.002418
-269  -0.001046
-268  -0.000758
-267  -0.000910
-266  -0.002296
-265  -0.000550
-264  -0.000764
-263  -0.000436
-262  -0.002330
-261  -0.000732
-260  -0.001810
-259  -0.001372
-258  -0.002906
-257  -0.003138
-256  -0.002680
-255  -0.002970
-254  -0.000770
-253  -0.001462
-252  -0.000592
-251  -0.001448
-250  -0.001088
-249  -0.001800
-248  -0.000860
-247  -0.000610
-246  -0.000120
-245   0.000846
-244   0.003218
-243   0.002652
-242   0.002536
-241   0.000778
-240   0.002656
-239   0.002308
-238   0.003050
-237   0.002774
-236   0.004104
-235   0.001660
-234   0.004146
-233   0.002234
-232   0.001602
-231   0.001806
-230   0.001078
-229   0.001418
-228  -0.000406
-227   0.000058
-226  -0.001312
-225  -0.001512
-224  -0.002692
-223  -0.001506
-222  -0.001796
-221  -0.001896
-220  -0.002902
-219  -0.003036
-218  -0.002440
-217  -0.003850
-216  -0.000930
-215  -0.002356
-214  -0.001870
-213  -0.000506
-212   0.000096
-211  -0.000012
-210  -0.000564
-209   0.000452
-208  -0.000398
-207   0.000652
-206   0.000124
-205   0.000470
-204  -0.000982
-203  -0.000404
-202   0.000478
-201  -0.001400
-200  -0.000520
-199  -0.002124
-198  -0.000114
-197  -0.000878
-196  -0.001610
-195  -0.001648
-194  -0.001722
-193  -0.002304
-192  -0.002080
-191  -0.003220
-190  -0.003204
-189  -0.004720
-188  -0.003114
-187  -0.003552
-186  -0.001802
-185  -0.003388
-184  -0.004830
-183  -0.004524
-182  -0.004412
-181  -0.003194
-180  -0.002316
-179  -0.003710
-178  -0.004774
-177  -0.005768
-176  -0.003774
-175  -0.003958
-174  -0.002336
-173  -0.004874
-172  -0.005894
-171  -0.006230
-170  -0.006226
-169  -0.005838
-168  -0.004976
-167  -0.006002
-166  -0.006288
-165  -0.004614
-164  -0.006916
-163  -0.005950
-162  -0.006974
-161  -0.004344
-160  -0.003086
-159  -0.004182
-158  -0.004990
-157  -0.004460
-156  -0.003010
-155  -0.004132
-154  -0.002650
-153  -0.002586
-152  -0.000962
-151  -0.000888
-150   0.000942
-149   0.002174
-148   0.001270
-147   0.002706
-146   0.002196
-145   0.002264
-144   0.002558
-143   0.003734
-142   0.001760
-141   0.000076
-140   0.001562
-139   0.000780
-138   0.001806
-137  -0.000208
-136   0.000568
-135   0.002462
-134   0.001240
-133  -0.000360
-132   0.000332
-131   0.000796
-130  -0.000718
-129  -0.003060
-128  -0.001732
-127  -0.003054
-126  -0.003166
-125  -0.003736
-124  -0.002302
-123  -0.001958
-122  -0.001718
-121  -0.002724
-120  -0.002068
-119  -0.002882
-118  -0.002380
-117  -0.002680
-116  -0.002236
-115  -0.000412
-114  -0.001296
-113  -0.000412
-112  -0.000784
-111  -0.001006
-110  -0.001152
-109  -0.000220
-108  -0.000158
-107  -0.001510
-106   0.000216
-105  -0.001816
-104  -0.000866
-103   0.000068
-102  -0.000394
-101  -0.002050
-100   0.002584
-99   0.001520
-98   0.000902
-97   0.000792
-96   0.001750
-95   0.003020
-94   0.004090
-93   0.005290
-92   0.005044
-91   0.005012
-90   0.003546
-89   0.002408
-88   0.001602
-87   0.001302
-86   0.001380
-85   0.000804
-84  -0.000800
-83  -0.000130
-82  -0.000166
-81  -0.001136
-80  -0.002576
-79  -0.001460
-78  -0.000476
-77   0.001142
-76   0.000732
-75   0.000758
-74   0.001452
-73  -0.001306
-72  -0.000178
-71  -0.000874
-70  -0.000358
-69  -0.000768
-68   0.001322
-67  -0.000230
-66   0.000894
-65   0.002140
-64   0.000238
-63  -0.001334
-62   0.001680
-61   0.000110
-60   0.001268
-59   0.001788
-58   0.000482
-57  -0.000688
-56  -0.000292
-55  -0.002536
-54  -0.001030
-53  -0.000736
-52  -0.000004
-51   0.000138
-50  -0.000158
-49   0.000974
-48  -0.000116
-47   0.001456
-46   0.002922
-45   0.002470
-44   0.002980
-43   0.002812
-42   0.001830
-41   0.001920
-40   0.002636
-39   0.001814
-38   0.001730
-37   0.001954
-36   0.001846
-35   0.002172
-34   0.003730
-33   0.003300
-32   0.003588
-31   0.002096
-30   0.006016
-29   0.006682
-28   0.007408
-27   0.007902
-26   0.011142
-25   0.012854
-24   0.014606
-23   0.014084
-22   0.018022
-21   0.020878
-20   0.024434
-19   0.027738
-18   0.031082
-17   0.034720
-16   0.039444
-15   0.044644
-14   0.049320
-13   0.055304
-12   0.064660
-11   0.073982
-10   0.084424
-9   0.095342
-8   0.108654
-7   0.119268
-6   0.133184
-5   0.152264
-4   0.170742
-3   0.194356
-2   0.220644
-1   0.249654
