r MCS_10 MCS_20 MCS_40 MCS_80 MCS_160 MCS_320 MCS_640 MCS_1280 MCS_2560 MCS_5120 MCS_10240 MCS_20480 MCS_40960 
0   1.000000   1.000000   1.000000   1.000000   1.000000   1.000000   1.000000   1.000000   1.000000   1.000000   1.000000   1.000000   1.000000 
1   0.325400   0.333600   0.346600   0.348800   0.329400   0.321400   0.350600   0.330000   0.335200   0.335800   0.351200   0.343200   0.330800 
2   0.261600   0.254400   0.259200   0.280600   0.259600   0.261200   0.287400   0.260200   0.271800   0.254200   0.278000   0.268000   0.268800 
3   0.206400   0.205800   0.208600   0.209600   0.205000   0.207800   0.232000   0.186800   0.208400   0.198000   0.221600   0.220400   0.209200 
4   0.168000   0.172400   0.166600   0.175000   0.167200   0.169800   0.182800   0.153200   0.163800   0.153200   0.172800   0.179600   0.160400 
5   0.129600   0.133400   0.131200   0.150200   0.129600   0.131400   0.154400   0.120800   0.133000   0.120400   0.138200   0.133000   0.129200 
6   0.106200   0.117400   0.106600   0.114800   0.118400   0.119200   0.127200   0.099400   0.099400   0.092000   0.114000   0.115000   0.090800 
7   0.074600   0.088000   0.081800   0.102200   0.105800   0.095200   0.107600   0.075400   0.078800   0.077600   0.092400   0.087400   0.070200 
8   0.063600   0.069200   0.063200   0.079000   0.081000   0.078600   0.083000   0.065200   0.054200   0.062000   0.077800   0.073000   0.054200 
9   0.040800   0.052800   0.048200   0.063200   0.065400   0.057800   0.069600   0.049600   0.040400   0.052800   0.053400   0.061400   0.029000 
10   0.024400   0.046000   0.028600   0.055200   0.047200   0.050400   0.050400   0.042800   0.034400   0.042200   0.043400   0.032800   0.018600 
11   0.025000   0.037600   0.025200   0.033800   0.038400   0.031800   0.036400   0.036200   0.031000   0.030200   0.027400   0.026200   0.015200 
12   0.018000   0.025400   0.022800   0.036000   0.035000   0.023000   0.037600   0.033400   0.028200   0.027000   0.017000   0.033600   0.013800 
13   0.016400   0.032800   0.016600   0.029600   0.024400   0.034000   0.035200   0.027200   0.022200   0.023600   0.034600   0.030200   0.012400 
14   0.021200   0.028200   0.018800   0.028000   0.028600   0.020000   0.028200   0.020200   0.021200   0.017600   0.023600   0.010200   0.003200 
15   0.012400   0.025400   0.017000   0.020000   0.025000   0.007200   0.030400   0.023600   0.006000   0.025400   0.015800   0.008800   0.005200 
16   0.015600   0.023000   0.003400   0.010600   0.015400   0.012800   0.015000   0.019000   0.013200   0.016000   0.019400   0.002800   0.003800 
17   0.006400   0.018600   0.010200   0.015800   0.016000   0.003800   0.022000   0.019000   0.016400   0.015800   0.020000  -0.000400   0.011200 
18   0.012000   0.018800   0.003400   0.012800   0.015800   0.009000   0.012600   0.016000   0.017000   0.001200   0.014800   0.004800   0.014600 
19   0.015200   0.004200   0.002000   0.016600   0.015800   0.006200   0.012800   0.016000   0.012800  -0.002800   0.003200   0.006800   0.005400 
20   0.011600   0.011200  -0.011400   0.008200   0.010400   0.009600   0.008400   0.005200   0.007000   0.011200   0.001000  -0.001400   0.003600 
21   0.010200   0.004800  -0.007800   0.010200   0.012800   0.012600   0.003600   0.007200   0.010800   0.012200   0.002200   0.005600   0.010400 
22   0.000400   0.004800   0.005200   0.006400   0.022600  -0.004000  -0.006800  -0.002400   0.007000   0.001400  -0.005800  -0.002400   0.011200 
23   0.004400   0.003000   0.004600   0.000400   0.011800  -0.003000   0.003200   0.008200   0.005000   0.000400  -0.005400  -0.009800   0.006600 
24   0.007400   0.000400   0.006000  -0.002200   0.019200   0.003000  -0.000600   0.005600  -0.008200   0.014000  -0.012000  -0.005800   0.002200 
25   0.000200   0.007800   0.003000  -0.002400   0.017600  -0.003400   0.004200   0.006000  -0.006000   0.009400  -0.013400  -0.007800   0.019400 
26   0.004600  -0.008000   0.002000  -0.011800   0.010800  -0.001600  -0.009000  -0.000000  -0.002000   0.000000  -0.000800  -0.003600   0.014600 
27   0.024800   0.011200  -0.005000  -0.012800   0.010400   0.002200  -0.000400   0.003400  -0.003400   0.004600  -0.011800   0.011200   0.008800 
28   0.027400   0.004800   0.003400  -0.005400   0.013000   0.002600   0.008000   0.008400  -0.003200   0.004800  -0.003000   0.016800   0.003600 
29   0.029400   0.014200  -0.006400  -0.013000   0.015800   0.001000   0.003400   0.009400   0.003600  -0.001000  -0.007600   0.015200   0.002600 
30   0.008800  -0.001600   0.005800  -0.009400   0.020600   0.010800   0.003200   0.006800  -0.006800   0.008000  -0.009400   0.007800   0.009000 
31   0.017600   0.005200   0.000600  -0.004400   0.018200   0.010600  -0.002200   0.001200  -0.008400  -0.010000  -0.004000   0.015000   0.011600 
32   0.018400   0.010000  -0.003800  -0.002000   0.007600   0.009800   0.005200   0.003000  -0.006600  -0.001600  -0.009000  -0.005200   0.007000 
33   0.000400  -0.005600  -0.002000   0.006200   0.016200   0.014200  -0.000000   0.001400  -0.001400   0.005200   0.002800   0.003200   0.012600 
34   0.008400   0.003600   0.003000  -0.002400   0.018200   0.010400  -0.007200   0.004600   0.000600   0.007800  -0.003600   0.000600   0.002600 
35   0.010600   0.004400   0.004600  -0.005800   0.013200   0.013600   0.007000   0.002600  -0.004600  -0.003600  -0.002600   0.001200  -0.005400 
36   0.011400   0.005000   0.006600  -0.002800   0.013000   0.008000  -0.003000  -0.003600  -0.009600   0.010200   0.000600  -0.007400  -0.009200 
37   0.002400  -0.005200   0.002000  -0.004200   0.002000   0.014600   0.008800  -0.008000   0.001200   0.015600   0.004400  -0.001600   0.002200 
38   0.007600  -0.007000  -0.005800   0.007200   0.008400   0.007200   0.008600  -0.005800   0.001400   0.001000   0.011200  -0.005600  -0.005000 
39  -0.009200  -0.007000   0.000200   0.003800   0.011000   0.011200   0.005800  -0.013000  -0.004400   0.006600   0.008200   0.001800  -0.004200 
40   0.000600  -0.007000  -0.003200   0.006400   0.008000   0.005600   0.003800  -0.008400  -0.009200  -0.006200   0.012800   0.005400  -0.006200 
41   0.002000  -0.000000   0.006000  -0.003000  -0.003200   0.004400   0.007600  -0.016800  -0.009800  -0.005000   0.020200   0.003200   0.004400 
42  -0.002800  -0.009400   0.001400  -0.003000   0.004600   0.003400   0.003000  -0.019400  -0.010000   0.000800   0.014400  -0.002000   0.008000 
43   0.003400  -0.011800   0.012000  -0.010400   0.007600   0.005200   0.000800  -0.011600  -0.013400  -0.017000   0.018600  -0.004000  -0.001200 
44   0.009600  -0.017600  -0.001800  -0.009400   0.007600   0.006000   0.008400  -0.001400  -0.009800  -0.002600   0.006800   0.006800  -0.002600 
45   0.006800  -0.011600   0.001800  -0.007600   0.009000  -0.002400   0.006600  -0.007600  -0.011400   0.001000   0.008800  -0.003800  -0.000600 
46   0.014800  -0.012400   0.001200  -0.001600   0.009400  -0.002600   0.002600  -0.022400  -0.019800   0.005600   0.011800   0.006800  -0.003000 
47   0.013600  -0.008400  -0.010000   0.000600   0.004000   0.001400   0.008200  -0.018400  -0.012000   0.003400   0.016000   0.001200  -0.007400 
48   0.005400  -0.016200   0.001000  -0.006000   0.011200   0.007400   0.013000  -0.012800  -0.024800   0.015000   0.006400   0.009400  -0.008800 
49   0.015800  -0.010600   0.007000  -0.009200   0.004000   0.005200   0.007600  -0.004800  -0.014600   0.013400   0.017000   0.012400  -0.011200 
50   0.020600  -0.010000  -0.007000  -0.014400   0.002000   0.002800   0.011200  -0.000200  -0.011600   0.003800   0.021400   0.001600  -0.012600 
51   0.013000  -0.000000  -0.011000  -0.017800   0.000800   0.011400   0.013200   0.009200  -0.014200   0.006800   0.026200   0.006200  -0.020800 
52   0.023600   0.002800   0.009200  -0.004200   0.004200   0.009200   0.010200   0.010800  -0.021800   0.019000   0.028800   0.000600  -0.015800 
53   0.019400  -0.006000  -0.003400  -0.005800  -0.000200   0.010800   0.016200   0.014600  -0.008800   0.003200   0.024000  -0.011600  -0.011200 
54   0.029000  -0.003800  -0.006400   0.002400   0.003800   0.006200   0.012800   0.009600  -0.011800   0.004000   0.024200  -0.004200  -0.003200 
55   0.014000   0.005600  -0.000200  -0.003400   0.014800   0.000400   0.012600   0.005400  -0.011800  -0.001000   0.015000  -0.006400  -0.008200 
56   0.016200   0.011200  -0.000600  -0.007800   0.006000   0.003000   0.013000   0.008200   0.001800  -0.002800   0.012800  -0.010000  -0.007600 
57   0.004600  -0.000000  -0.007600   0.000400   0.008800  -0.003200   0.010800   0.010600  -0.002800   0.008400   0.014400  -0.007200  -0.006000 
58   0.003800  -0.000800  -0.006200  -0.005600   0.000600  -0.013600   0.004200   0.013200  -0.001000   0.010600   0.010600  -0.006000  -0.009600 
59   0.005000   0.003000   0.002000   0.004200   0.003400  -0.003000   0.008600   0.002400   0.004400   0.012000   0.012000  -0.004000  -0.007200 
60  -0.004200   0.015200  -0.000600  -0.000200   0.011200  -0.005200   0.007000  -0.002400   0.003000   0.002400   0.011800  -0.001800  -0.007400 
61  -0.003800  -0.002200   0.003600  -0.006400  -0.001400   0.004200  -0.002000  -0.008800  -0.003600   0.016800   0.008000   0.001600  -0.013400 
62  -0.005800  -0.004200   0.000600  -0.002200   0.008200  -0.002200  -0.002800   0.004400  -0.008400  -0.001000   0.008200  -0.001000  -0.014000 
63  -0.013000  -0.010800  -0.004800  -0.011600   0.012800   0.004200  -0.001200   0.001000   0.002600   0.000800   0.009000   0.008200   0.001400 
64  -0.017000  -0.002000  -0.008200   0.000600   0.013800  -0.003600  -0.002600   0.001400  -0.008200  -0.003200  -0.001400   0.007000  -0.001200 
65  -0.011400  -0.002800   0.000800  -0.010800   0.016600  -0.007600   0.004000  -0.004400  -0.005600  -0.011800   0.003800  -0.002800  -0.016600 
66  -0.011000  -0.005400   0.006600  -0.004800   0.006600   0.002200   0.003200   0.004000  -0.004400   0.006400  -0.005600  -0.010000  -0.008400 
67  -0.016600  -0.002600   0.002800  -0.024600   0.011200   0.004800   0.003400   0.000000  -0.004200   0.013800   0.002600  -0.005000   0.001000 
68  -0.007600   0.006800   0.011000  -0.011200   0.007600   0.005000   0.000400   0.000800  -0.003000   0.010400  -0.004000  -0.009400   0.007800 
69  -0.008000  -0.003800  -0.006400  -0.017400  -0.002200   0.002000   0.001400  -0.000800  -0.006400   0.007400  -0.008000  -0.001600   0.001400 
70  -0.011000   0.013000  -0.008600  -0.012800   0.003600  -0.008600  -0.000600   0.005200  -0.007200  -0.003600   0.006200   0.003800   0.015800 
71  -0.020600   0.013400   0.001800  -0.018800   0.006000  -0.017000   0.001400   0.000400  -0.002200   0.000000  -0.011800   0.001800   0.004400 
72  -0.027800  -0.001800   0.001400  -0.019600   0.006800  -0.015400   0.011200  -0.002200  -0.012600   0.006200  -0.016200   0.003200   0.006200 
73  -0.024000   0.004000   0.001200  -0.016400   0.001000  -0.019600   0.010200   0.007200  -0.006400   0.006200  -0.008200   0.008200   0.009200 
74  -0.020400   0.010200   0.000800  -0.017600  -0.004000  -0.022800   0.006400   0.000200   0.005800   0.000800  -0.003800   0.008200   0.006600 
75  -0.016600   0.003400  -0.008200  -0.016600  -0.000400  -0.013400   0.005800  -0.001200   0.009400  -0.003800  -0.014400   0.005600   0.007400 
76  -0.009600   0.003200   0.001200  -0.025000  -0.011000  -0.012600  -0.000200   0.010000   0.004600  -0.000800  -0.005200   0.002000  -0.001800 
77  -0.001800  -0.005200  -0.009800  -0.006200   0.000600  -0.011200   0.009000   0.003400   0.009800  -0.012200   0.003000   0.000000   0.003400 
78  -0.012600  -0.008200  -0.005000  -0.007200   0.006600  -0.016400   0.000200  -0.002400   0.006600   0.005600   0.001200   0.003200  -0.000200 
79  -0.010200  -0.014200  -0.005400  -0.004400   0.005600  -0.018200   0.001800  -0.006400   0.012600  -0.002400   0.007600  -0.001000  -0.003600 
80  -0.014800  -0.010600   0.002400  -0.016600   0.009600  -0.014000   0.013000  -0.004800  -0.001000  -0.002800  -0.000400  -0.002400  -0.007000 
81   0.000600  -0.004800   0.005600  -0.011000   0.007000  -0.009600   0.005400  -0.000200   0.010200  -0.008200  -0.004400   0.001200  -0.007600 
82   0.002400  -0.006200  -0.003200  -0.020400   0.011600  -0.011400   0.001000  -0.005800   0.012600  -0.010600   0.012600   0.011400  -0.011000 
83   0.010800  -0.007400   0.004400  -0.010800  -0.000800  -0.006000  -0.000200  -0.001600   0.005200  -0.006800   0.007000   0.008800  -0.000600 
84  -0.001200  -0.010800   0.003200  -0.020800   0.003000  -0.007400   0.005800  -0.004000   0.016600  -0.011400  -0.005600   0.006000  -0.000200 
85   0.003600   0.004800  -0.010000  -0.006000   0.002400   0.003000   0.000200  -0.001400   0.009600  -0.000800  -0.007800   0.003000   0.009600 
86  -0.006200   0.000000  -0.013000  -0.014200   0.004200  -0.001800  -0.003000  -0.008600   0.005400  -0.004200  -0.000800  -0.004000  -0.003600 
87  -0.000200   0.004400  -0.011200  -0.023200   0.009000  -0.000800   0.001000  -0.009000   0.014000  -0.001000  -0.008800  -0.000200   0.001400 
88  -0.004600  -0.000800   0.001600  -0.018000   0.008600  -0.004800   0.006800   0.003800   0.003400  -0.000400  -0.004200   0.002800   0.004400 
89   0.000600   0.009200  -0.003000  -0.009400   0.012200  -0.002200  -0.001400  -0.003000   0.016800  -0.003000  -0.007600   0.003600  -0.001800 
90   0.003600  -0.003600  -0.007400  -0.011400  -0.000600  -0.000200  -0.010800  -0.005600   0.013200   0.000600   0.007800   0.004800   0.004400 
91  -0.003800   0.008400  -0.001200  -0.016200  -0.007400   0.013000   0.004400  -0.003800   0.017000   0.007600   0.011200   0.002400   0.002800 
92  -0.001000   0.011600  -0.012800  -0.018000  -0.006200   0.000000   0.002200  -0.005400   0.019000  -0.003800   0.017000   0.003600  -0.008400 
93   0.004200  -0.000200  -0.006200  -0.010400  -0.011000   0.009000  -0.000800  -0.010800   0.012400   0.004800   0.013800   0.008600   0.008000 
94   0.002000   0.004200  -0.009600  -0.009600   0.000000   0.010800   0.003400  -0.008800   0.019400   0.007200   0.012000   0.007000   0.004800 
95  -0.008200   0.000800  -0.017800   0.000400  -0.003200   0.008400   0.001400  -0.014200   0.008600  -0.003800   0.008800   0.012800   0.006600 
96   0.009200  -0.002400  -0.022400  -0.005200   0.001600   0.011200  -0.000600  -0.000000   0.012200   0.002800   0.014000   0.015200   0.019400 
97   0.002200   0.001400  -0.025600  -0.005600  -0.009000   0.005000   0.007200   0.006600  -0.000200  -0.002600   0.002600   0.006000   0.006200 
98   0.000400   0.000600  -0.014800   0.002200  -0.012800   0.006000   0.010200   0.002000  -0.004000  -0.000400   0.006200   0.003000  -0.001400 
99  -0.009600  -0.000600  -0.018400  -0.006200  -0.014000  -0.000200  -0.003400   0.015000  -0.001200   0.001800   0.007400   0.007200   0.001400 
100  -0.008800  -0.016400  -0.017000   0.000200  -0.011200   0.001000  -0.010000   0.019200  -0.004000   0.001400   0.013400   0.011400   0.000800 
101   0.003400  -0.002600  -0.021200  -0.009400   0.001200   0.004400  -0.007400   0.020600  -0.004000  -0.004400  -0.000600   0.003400   0.005800 
102   0.004400   0.003800  -0.025800  -0.002400   0.008800   0.001800  -0.011800   0.018000  -0.004400   0.005600   0.006000   0.001400   0.005800 
103   0.000600  -0.003600  -0.016600  -0.001200  -0.000000  -0.001000  -0.002600   0.012600  -0.004600  -0.002800   0.005600   0.012800   0.003600 
104   0.000800  -0.002800  -0.015200   0.005600   0.003400  -0.000600  -0.001600   0.014000  -0.013400  -0.007800   0.007800   0.013400   0.011600 
105  -0.004400  -0.014000  -0.017200  -0.003000   0.000200  -0.011400  -0.007800   0.019400  -0.011000  -0.015200   0.003600   0.010000   0.009400 
106  -0.003800  -0.005200  -0.025200   0.001600  -0.007400  -0.008800   0.004600   0.019600  -0.008600  -0.021400   0.004200   0.007200   0.016000 
107  -0.002200  -0.004600  -0.017400  -0.006400  -0.013600  -0.007200  -0.001200   0.017000  -0.001200  -0.012400   0.003200   0.015000   0.003200 
108  -0.003200  -0.004200  -0.008000   0.005600  -0.007200  -0.000800  -0.005800   0.013000  -0.014600  -0.007600   0.009600   0.007800   0.019800 
109  -0.001800   0.000600   0.003000  -0.002800   0.002600  -0.008400  -0.017400   0.016000  -0.013000  -0.008400   0.015200   0.003200   0.004200 
110  -0.006800   0.002400  -0.007000   0.004200   0.004800  -0.002000  -0.003200   0.015200  -0.008800  -0.004000   0.009800  -0.003600   0.014000 
111  -0.001200  -0.003000  -0.002600  -0.007000   0.008000  -0.001200  -0.005600   0.016600  -0.004800   0.008200   0.013000   0.006600   0.011200 
112  -0.009400  -0.004800  -0.005800  -0.002800   0.002200  -0.007600   0.004400   0.009800  -0.003400   0.000400   0.022600   0.001600   0.007600 
113   0.009000  -0.002800  -0.009800  -0.009600   0.011400  -0.011000  -0.003400   0.011200  -0.004800  -0.004600   0.013800  -0.002200   0.014000 
114  -0.002400   0.002600  -0.009200  -0.001800  -0.000400  -0.006800  -0.002600   0.014000  -0.007200  -0.007400  -0.001800  -0.003200   0.016000 
115   0.005800   0.002400  -0.000400   0.004000  -0.002400  -0.003400   0.005400   0.008000  -0.006800  -0.008600   0.003000  -0.000600   0.016800 
116  -0.002200   0.004600  -0.004800  -0.001400   0.000200  -0.003600  -0.005800   0.005200  -0.003000  -0.005800  -0.001200  -0.009600   0.014400 
117  -0.008400   0.009200  -0.001800   0.002800  -0.000400  -0.006400   0.001600   0.004600  -0.000800  -0.005600  -0.005400  -0.000600   0.023800 
118   0.003800  -0.004000   0.011400   0.005400  -0.005800   0.008000  -0.008600   0.005000  -0.010200  -0.006400  -0.010400  -0.010800   0.018000 
119   0.007000   0.001400   0.006400   0.004200  -0.003400   0.006200  -0.007000   0.006600  -0.009200  -0.005800  -0.014200  -0.017400   0.005800 
120  -0.005400  -0.005000   0.000000  -0.002200  -0.002200   0.000200  -0.010000   0.005800  -0.005400  -0.012000  -0.013800  -0.020400  -0.001200 
121   0.012800  -0.002400   0.007800   0.002200  -0.003600   0.006800  -0.010000   0.013400  -0.006400  -0.009000  -0.013400  -0.028800  -0.003000 
122   0.000400  -0.005200   0.013000  -0.015000  -0.008800  -0.005200  -0.013400   0.000200  -0.007800   0.000400  -0.010600  -0.023600  -0.008600 
123  -0.004000  -0.005600   0.010200  -0.005400  -0.001200  -0.005400  -0.011600   0.002800   0.002200  -0.007000  -0.007600  -0.023600  -0.012600 
124   0.002800  -0.007800   0.005000  -0.008400  -0.004200  -0.010200  -0.015800   0.000000  -0.011600  -0.001400  -0.007000  -0.015200  -0.012000 
125   0.004200  -0.005200  -0.006000  -0.008400   0.002000  -0.006200   0.001000   0.007400  -0.001200   0.005800  -0.007400  -0.015800  -0.013200 
126   0.003600  -0.007000  -0.014000  -0.022200   0.002000  -0.005800  -0.005400   0.020000  -0.002000   0.005000  -0.012000  -0.011400  -0.013000 
127   0.015600  -0.007800  -0.011600  -0.010200  -0.002000  -0.009400  -0.014400   0.011000   0.003000   0.001200  -0.002000  -0.022400  -0.017600 
128   0.004000  -0.019400  -0.016200  -0.014400  -0.004800   0.007000   0.000400   0.013800   0.005000   0.007800  -0.004800  -0.017400  -0.015000 
129   0.007800  -0.020600   0.005600  -0.000400  -0.001800  -0.012200  -0.000200   0.013400  -0.003000   0.012000  -0.003000  -0.011400  -0.010000 
130  -0.001800  -0.019800  -0.003400  -0.006600   0.000400  -0.012200  -0.009200   0.010000   0.000000   0.008800  -0.004800  -0.005200  -0.009600 
131  -0.003400  -0.023600   0.006200  -0.011800   0.006600  -0.014200  -0.002200   0.009400   0.003600   0.009200   0.000200  -0.010600  -0.026000 
132  -0.005200  -0.011600  -0.009400  -0.008000  -0.002200  -0.006000   0.000200   0.008400   0.008400   0.010800  -0.006800  -0.009200  -0.028400 
133  -0.010800  -0.019600   0.000400  -0.010800   0.002000  -0.009800   0.008200   0.011200   0.013200   0.013800  -0.008800  -0.015800  -0.025000 
134  -0.002400  -0.025800  -0.003200  -0.001800   0.006200  -0.008600   0.008600   0.009800   0.015200   0.020400  -0.009800  -0.005400  -0.023600 
135  -0.009600  -0.021200  -0.001200  -0.005000   0.008000  -0.009000   0.008000   0.011400  -0.001800   0.017800  -0.006600  -0.012800  -0.021600 
136  -0.018000  -0.026000   0.004200  -0.002800  -0.003600  -0.001600   0.015800   0.001800   0.010600   0.007600  -0.001000  -0.015200  -0.032600 
137  -0.008800  -0.022600   0.000600  -0.008600  -0.007400   0.003800   0.007600   0.005800   0.006400   0.013600  -0.006800  -0.008800  -0.034200 
138  -0.005800  -0.015400  -0.006000  -0.014200  -0.007400  -0.000400   0.004800  -0.001400   0.005600   0.015200  -0.011000  -0.017000  -0.024000 
139  -0.002400  -0.016400  -0.004800  -0.008200  -0.012200  -0.000200   0.001200   0.002200   0.011800   0.010800  -0.008400  -0.017000  -0.008800 
140   0.003800  -0.019200  -0.008400  -0.000400  -0.003400   0.000000  -0.006000  -0.001000   0.001600   0.005000  -0.004200  -0.014400  -0.008200 
141   0.001400  -0.010800  -0.003000  -0.004200   0.000200   0.010200   0.006600   0.003800  -0.001400   0.004000  -0.011600  -0.017600  -0.007000 
142  -0.001200  -0.021400  -0.005800   0.003000   0.005400   0.011800   0.006000  -0.000600  -0.007600   0.004000  -0.007000  -0.012400  -0.003600 
143   0.009000  -0.011600   0.005400  -0.004600   0.003200   0.013800  -0.009000  -0.003200  -0.000800   0.013000  -0.009800  -0.010000   0.005400 
144   0.005200  -0.005600   0.012600  -0.010400  -0.003200   0.010400   0.009200   0.001200   0.005600  -0.002400  -0.001800  -0.009800  -0.004600 
145   0.004400   0.001600   0.007400   0.005000   0.000600   0.012800   0.009400   0.001000   0.007200   0.001400   0.005200  -0.007200   0.004200 
146   0.011600  -0.005400   0.020000  -0.004800   0.003600   0.007800  -0.002200  -0.002200   0.015200   0.007200   0.010000  -0.004400  -0.005000 
147   0.000800   0.002400   0.013400   0.003200   0.008400   0.009200  -0.002000   0.001600   0.012800   0.000800   0.009000  -0.005600  -0.008600 
148   0.001200   0.010600   0.003000  -0.001600   0.006000   0.008000  -0.004800   0.004800   0.017200  -0.011800   0.007400  -0.005400  -0.011800 
149  -0.000200   0.003800   0.007800  -0.000600  -0.001000   0.007800   0.005200  -0.001400   0.015600   0.001000   0.013000  -0.004400  -0.007400 
150  -0.002600   0.006400   0.010800   0.004600   0.001000  -0.001600   0.004000  -0.003400   0.022200  -0.000600   0.000200   0.015000   0.001000 
151  -0.002800   0.002800   0.014600   0.010800  -0.017200  -0.004000   0.009000   0.002400   0.004400  -0.012000   0.000800   0.001000   0.012600 
152  -0.002600   0.002200   0.005200   0.010000  -0.011800   0.013200   0.007600  -0.004200   0.007400   0.000200  -0.005000   0.007400   0.007800 
153  -0.010800   0.001000   0.000200   0.015800  -0.007000   0.010000   0.008800  -0.006800  -0.005400   0.005400   0.010200   0.001000   0.003000 
154  -0.014200   0.005200  -0.006800   0.005400  -0.017200   0.006200   0.002600  -0.009400   0.002400   0.009400   0.008600   0.002400   0.004000 
155  -0.020800   0.004800  -0.008000  -0.000600  -0.021000   0.008000   0.002600  -0.007600  -0.001600   0.000600   0.005200   0.000200   0.002000 
156  -0.014000  -0.003600  -0.000200   0.001400  -0.017400   0.009000   0.011200  -0.008400   0.006200   0.006000  -0.005800   0.003600   0.002600 
157  -0.015000  -0.001800   0.012800   0.004400  -0.018400   0.004400  -0.006200  -0.004400  -0.007800   0.016800   0.002800   0.005200   0.014200 
158  -0.021600   0.005800   0.010200   0.006200  -0.016200   0.007600  -0.005400  -0.001200  -0.003600   0.016000   0.002600   0.010200   0.009800 
159  -0.016600  -0.002400  -0.004000   0.008200  -0.010200   0.005000   0.003400  -0.004400   0.007400   0.017400  -0.000000   0.009000   0.001800 
160  -0.020000   0.001200  -0.000000   0.009800  -0.015600   0.005200   0.000400  -0.002800  -0.002200   0.012600   0.001400   0.012200  -0.000800 
161  -0.019400   0.007000  -0.000600   0.003800  -0.008000  -0.004000   0.004400  -0.003600   0.008200   0.009800   0.009000   0.011600  -0.007200 
162  -0.009000  -0.000600   0.007000   0.013600  -0.008400  -0.010400   0.001800  -0.000600   0.012400   0.010000   0.000200   0.009400   0.000600 
163  -0.008600   0.001600   0.014600   0.001000  -0.006800  -0.006400  -0.002400   0.001400   0.012000   0.006000   0.000800   0.006600   0.004600 
164  -0.000200  -0.016000   0.007400   0.000800  -0.011000  -0.011800  -0.000400   0.002200   0.006200   0.008000   0.004000   0.014000  -0.008400 
165  -0.003200  -0.006000  -0.008400  -0.001600  -0.011000  -0.008400   0.006000   0.006600   0.010200   0.007800   0.002200   0.013200  -0.004000 
166  -0.013400  -0.009200  -0.016000  -0.011800  -0.012600  -0.017600   0.005800   0.008000   0.004600   0.002600  -0.005200   0.010000  -0.006000 
167  -0.002400   0.001400  -0.000200   0.003600  -0.006400  -0.024200  -0.001800   0.001000   0.004000  -0.005600  -0.009800   0.005800  -0.002400 
168   0.001400   0.003000  -0.004400   0.007000  -0.016400  -0.020600   0.007200  -0.002600   0.003400  -0.001000  -0.005600  -0.004400  -0.008000 
169   0.000600   0.001800  -0.007000  -0.003200  -0.006600  -0.023200   0.005600   0.000800  -0.005400   0.001600  -0.006800  -0.012800  -0.016200 
170  -0.001600   0.004200   0.010200  -0.005600  -0.006600  -0.013200  -0.003000   0.009000  -0.005000   0.013400  -0.001000  -0.006400  -0.009600 
171   0.008600   0.007200  -0.002200  -0.014000  -0.010600  -0.019400   0.000400  -0.004200   0.002400   0.003200  -0.001200  -0.001400  -0.016200 
172   0.008000   0.011400   0.009000  -0.009200  -0.015800  -0.021000  -0.004000  -0.004200   0.005800   0.001800   0.002800   0.001400   0.001600 
173   0.011000   0.012400   0.003000  -0.013800  -0.004200  -0.013600  -0.011000  -0.003200   0.001000   0.000400   0.006400  -0.003400   0.004000 
174  -0.000400   0.004800   0.013600  -0.016800  -0.014200  -0.009800   0.001000  -0.001000   0.007600  -0.009400   0.006800   0.002800   0.007000 
175   0.002800   0.005200   0.007600  -0.021800  -0.007600  -0.007000  -0.001200   0.004200   0.001200  -0.002800   0.000400   0.001400   0.008400 
176  -0.006400   0.005800   0.006400  -0.015800  -0.003600  -0.006800  -0.001400   0.007600   0.004600  -0.000800   0.002200   0.000400   0.006200 
177  -0.002000   0.001200  -0.000000  -0.008600  -0.002800   0.000600  -0.009000   0.006200  -0.003400   0.003000   0.008400  -0.004200   0.003800 
178  -0.003400   0.001200  -0.002400  -0.001000  -0.006200   0.006800  -0.004800   0.005600  -0.006000   0.007600  -0.002800  -0.003000   0.003000 
179   0.003400   0.002200   0.005600  -0.001800  -0.003800  -0.002000   0.006600   0.004200  -0.008600  -0.008000  -0.008800  -0.003200   0.000400 
180   0.004200  -0.001000   0.001800  -0.000200  -0.011800   0.012400   0.001000   0.007800  -0.010600   0.015200   0.004400   0.008400   0.003600 
181   0.004400   0.002000   0.011400   0.000800  -0.009000   0.009800  -0.000800   0.007000  -0.010400   0.015800  -0.000400   0.004200   0.004400 
182   0.001000  -0.002600   0.010200  -0.009200  -0.000400   0.008200   0.007400   0.006400  -0.002600   0.015600   0.007600   0.005800   0.000600 
183  -0.002400  -0.001200   0.001800  -0.000800  -0.009600   0.010000   0.009800   0.002800   0.007400   0.019000  -0.002000  -0.001800  -0.000600 
184   0.000800   0.002200   0.004000   0.001400  -0.010200   0.011000   0.003400  -0.004400  -0.002200   0.015600   0.004200  -0.006400   0.016600 
185  -0.001200   0.011400   0.013000   0.003600  -0.020000   0.008200   0.008400  -0.005400  -0.002600   0.017000   0.009600  -0.001400   0.003200 
186  -0.007000   0.018600   0.004400   0.006200  -0.012800   0.015800   0.002200  -0.011000  -0.001000   0.024600   0.013000  -0.012400   0.011600 
187  -0.005400   0.007600   0.002000   0.011000  -0.014400   0.010200  -0.002400  -0.001800  -0.002800   0.017000   0.008200  -0.004200   0.005600 
188  -0.003400   0.010800   0.003400  -0.003400  -0.008400   0.003600   0.003200   0.003600  -0.000800   0.023200   0.020600  -0.006200   0.006000 
189   0.008400   0.004200   0.000800  -0.002400   0.003800   0.003200  -0.002000  -0.007200  -0.012200   0.023200   0.011000  -0.005800   0.008200 
190  -0.010000   0.010000   0.001000  -0.004200   0.006800   0.015200   0.004200  -0.005600  -0.011600   0.023000   0.028600  -0.001000   0.005400 
191  -0.000800   0.001200   0.014800  -0.009000   0.006200   0.001400   0.008200  -0.008000  -0.018200   0.017000   0.023800  -0.005200   0.006200 
192  -0.010600   0.003600   0.002600  -0.006000   0.002400  -0.008400  -0.004400  -0.009600  -0.026200   0.021200   0.017400  -0.008600   0.009200 
193   0.005200  -0.020400   0.007200  -0.006400   0.003400  -0.000800  -0.007600  -0.002600  -0.017400   0.021600   0.005800  -0.003600   0.007200 
194  -0.001000  -0.019400   0.004400  -0.005000  -0.009800  -0.007200  -0.015200   0.002000  -0.001400   0.014600   0.009200  -0.010600   0.013000 
195   0.007600  -0.021000   0.019000  -0.003200  -0.008600  -0.000400   0.000400  -0.001800  -0.014000   0.012600   0.004400   0.005600   0.005400 
196   0.007600  -0.019200   0.011000  -0.008200  -0.000400  -0.004200   0.001600   0.000000  -0.008800   0.013000   0.007200   0.004000   0.002800 
197  -0.002200  -0.022600   0.010200   0.002000  -0.004200  -0.004000   0.000200   0.007000  -0.010200   0.014400   0.002200   0.006800  -0.012200 
198  -0.009400  -0.018400   0.015600  -0.002000   0.009400  -0.003400   0.002800  -0.001800  -0.011600   0.014000  -0.001400   0.006400   0.006600 
199  -0.003200  -0.028400   0.015200  -0.007600  -0.005400  -0.007200  -0.003600  -0.002400  -0.003800   0.010800   0.001800   0.008000  -0.005200 
200   0.002600  -0.030800   0.006600  -0.004800  -0.008200  -0.011800  -0.005200  -0.008600  -0.011200   0.006400   0.006000   0.022200  -0.015800 
201  -0.001600  -0.036400   0.009400  -0.004000  -0.003400  -0.012600   0.008200  -0.004800  -0.004400   0.000800  -0.012000   0.006400   0.001600 
202  -0.004400  -0.020800   0.003600   0.000000  -0.010200  -0.007800  -0.003600   0.002800  -0.006800  -0.010600  -0.009000   0.013200  -0.016000 
203  -0.012000  -0.019400   0.003200   0.001000  -0.001400  -0.001200  -0.002000   0.010400  -0.015600  -0.004400  -0.010200   0.011400  -0.001200 
204  -0.011000  -0.023600   0.013000  -0.010200  -0.005200   0.007400  -0.004200   0.008400  -0.012200  -0.007600  -0.007000   0.030200  -0.015800 
205  -0.008800  -0.024600   0.009400  -0.001800   0.003400   0.008000   0.003800   0.006200  -0.001400  -0.014000  -0.012000   0.016400  -0.013200 
206  -0.005000  -0.017800   0.001200  -0.004400  -0.001600   0.017600   0.002000   0.008400   0.009600  -0.006400  -0.001200   0.011000  -0.004800 
207  -0.005000  -0.023200  -0.008400  -0.000200   0.002400   0.012400   0.000800   0.003600   0.004400  -0.013400  -0.004800   0.019000  -0.001600 
208   0.002600  -0.023000  -0.008200  -0.006400  -0.008800   0.002200   0.001600   0.002200   0.017800  -0.017200  -0.014800   0.012200   0.005600 
209   0.003800  -0.029600  -0.002600  -0.007000  -0.013400   0.004600  -0.000200   0.007200   0.015800  -0.007400  -0.002000   0.016000  -0.000400 
210  -0.008800  -0.018400  -0.001200  -0.001800  -0.005200   0.001000   0.000400   0.008200   0.010200  -0.009000   0.005600   0.020600   0.004000 
211   0.005800  -0.014600  -0.000600  -0.012200  -0.006800   0.009800   0.002800   0.011600   0.010200  -0.014000   0.007800   0.014200  -0.000400 
212   0.014200  -0.015000  -0.001800   0.009000  -0.000000   0.021000  -0.002400  -0.005000   0.005000  -0.008000   0.002400   0.007000   0.001200 
213  -0.001000  -0.015800   0.012400  -0.007600  -0.000200   0.010000  -0.008000   0.003400   0.005600  -0.008200   0.005000   0.001200  -0.007200 
214   0.006800  -0.009000   0.011200  -0.000400  -0.006800   0.015000  -0.009400   0.004400   0.010200  -0.001600   0.008400   0.004600  -0.000000 
215   0.005400  -0.009200   0.019600  -0.001400   0.003200   0.011200  -0.001800   0.004800   0.001400  -0.003800   0.000600  -0.000600  -0.004000 
216  -0.002600  -0.011200   0.013400  -0.006400  -0.003400   0.008200  -0.001000   0.001200  -0.004400   0.005400   0.007800   0.007200  -0.006200 
217   0.013200  -0.019200   0.014800  -0.013400  -0.000600   0.015000  -0.000200   0.010200   0.002200   0.004000   0.005400  -0.001200  -0.009600 
218   0.005400  -0.016600   0.009400  -0.004800   0.001200   0.012400  -0.001200   0.003600  -0.009000   0.004200   0.004800  -0.001400  -0.003800 
219  -0.002600  -0.014400   0.015200  -0.005400  -0.000400   0.007600  -0.002200   0.009600  -0.014200  -0.005800   0.001000   0.004200  -0.004200 
220  -0.010400  -0.016600   0.021400  -0.005400  -0.001600   0.014200  -0.011200   0.005200  -0.010800  -0.012200   0.008800   0.005400  -0.011400 
221  -0.011600  -0.023600   0.015800  -0.002400  -0.009600   0.014200  -0.000200  -0.003200  -0.013000   0.009400   0.006600   0.008800   0.003400 
222  -0.010200  -0.015200   0.017600  -0.013400   0.000800   0.013000  -0.004800  -0.000800  -0.008800   0.008400   0.004600   0.003400  -0.004600 
223  -0.012200  -0.010600   0.018000  -0.008800   0.001600   0.007600  -0.000400   0.003400  -0.005600   0.015200   0.004400   0.010600   0.004200 
224  -0.017800  -0.011800   0.012200   0.002800   0.007600   0.009400  -0.006800   0.008200  -0.001200   0.005800   0.006000   0.002800  -0.000400 
225  -0.008000   0.000200   0.006200   0.000200   0.004000   0.019600   0.003000   0.005600  -0.010800   0.018200   0.010000  -0.001200   0.002800 
226  -0.010600   0.005800   0.009400   0.006800   0.005600   0.011400   0.005400   0.008800  -0.000200   0.009800   0.003600   0.009000   0.012400 
227  -0.007000   0.000600   0.004200   0.004800  -0.000200   0.007400   0.002200   0.004400  -0.001600   0.009200   0.005200   0.007400   0.016400 
228  -0.012400   0.004600   0.002000   0.007400  -0.000200   0.014200   0.012200  -0.006600   0.001200   0.015000  -0.002000   0.016600   0.021200 
229  -0.010000   0.008400   0.010200   0.007800   0.004000   0.020800   0.003800   0.003000  -0.002200   0.007400   0.005000   0.007400   0.016400 
230  -0.014400  -0.001200   0.005200   0.019200   0.014600   0.015600   0.002400   0.001000   0.010400   0.002200  -0.016000   0.009400   0.021600 
231  -0.014200  -0.001000   0.004000   0.020200   0.015600   0.017400   0.004200   0.004800  -0.002000   0.006200  -0.014200   0.008600   0.019000 
232  -0.011000  -0.003200   0.006600   0.025400   0.011800   0.013200  -0.000200  -0.006600   0.004800   0.004200  -0.013600  -0.001600   0.025200 
233  -0.016400  -0.004600   0.006400   0.009800   0.013200   0.007600   0.004400   0.000800   0.006600   0.002000  -0.018400  -0.001200   0.012000 
234  -0.013000  -0.006000   0.010000   0.020000   0.010800   0.022000  -0.001800  -0.003800   0.006400  -0.001000  -0.018400   0.009400   0.006000 
235  -0.019000  -0.004400   0.015400   0.018200   0.009000   0.015800   0.005800  -0.010800  -0.001200  -0.006400  -0.005600   0.006800   0.007400 
236  -0.004800   0.006000   0.007000   0.027000   0.008600   0.010800   0.010200  -0.002800  -0.001000   0.001000  -0.006800   0.016400   0.013600 
237  -0.001400   0.000600   0.019200   0.020400  -0.000000   0.007600   0.003800  -0.001000  -0.004000  -0.004400   0.000600   0.017200   0.008200 
238  -0.000600  -0.010800   0.016000   0.013400  -0.003400   0.006400   0.004600  -0.007200  -0.001000  -0.001800  -0.001800   0.021600  -0.011200 
239   0.000400   0.008000   0.004200   0.015200  -0.001600   0.003600   0.007600  -0.000200   0.004800  -0.005000   0.003400   0.027200   0.003000 
240   0.001200   0.003200   0.011400   0.024600   0.001000   0.012000   0.009800  -0.004600  -0.005400  -0.004800  -0.002800   0.019000  -0.004000 
241   0.003000   0.004000   0.015000   0.018800   0.009200   0.004200   0.009600  -0.007200   0.001200  -0.015600  -0.001200   0.014400  -0.007600 
242  -0.002600   0.006200   0.018400   0.023200   0.008000  -0.003000   0.012800  -0.008000  -0.004600  -0.001400   0.007000   0.022400  -0.006800 
243   0.000400  -0.002800   0.012600   0.016400   0.020600  -0.001000   0.010600  -0.010000  -0.002400  -0.003000   0.009400   0.024400  -0.007600 
244   0.000400   0.004800   0.017200   0.017000   0.015400  -0.005000   0.003800  -0.002600   0.003800  -0.008600   0.005000   0.015600  -0.019800 
245   0.003400   0.011600   0.010400   0.016200   0.016400  -0.005000   0.010800  -0.014000  -0.008400  -0.005000   0.006400   0.003200  -0.023800 
246   0.009800   0.006200   0.002600   0.011800   0.014800  -0.002800   0.013600  -0.007200  -0.006200   0.002800  -0.008800   0.004400  -0.036400 
247   0.003000   0.003000   0.012000   0.012800   0.001400  -0.008400   0.015800  -0.011800  -0.004200   0.009200   0.004000  -0.002200  -0.021200 
248   0.005600   0.007400   0.003600   0.009200   0.010600   0.006400   0.013600  -0.013600  -0.014400   0.008000   0.004400  -0.003000  -0.020800 
249   0.008800   0.007800   0.005800   0.013600   0.012000  -0.001000   0.010800  -0.001600  -0.013200   0.010000   0.004000  -0.000200  -0.021200 
250   0.004200   0.008200   0.010600   0.017000   0.005200   0.001000   0.012600  -0.001600  -0.009000  -0.010800  -0.006200   0.000600  -0.007200 
251  -0.001400  -0.000800   0.006000  -0.000600   0.005400   0.007800   0.011000  -0.014400  -0.008800  -0.008400   0.004200  -0.004200  -0.017600 
252   0.002800   0.002400   0.017400   0.015400   0.016800   0.003600   0.010600  -0.014200  -0.016400  -0.002800  -0.009000  -0.008600  -0.009000 
253   0.003200   0.007600   0.003000   0.006400   0.010600   0.006200   0.009600  -0.015400  -0.007200  -0.015200  -0.007800  -0.017800  -0.010800 
254   0.003000   0.009600   0.012000   0.005400   0.008200   0.000000   0.004200  -0.008800  -0.010400  -0.010600  -0.006600  -0.004800  -0.002000 
255   0.011400   0.007600   0.012600  -0.005800   0.018000  -0.005800   0.007800   0.011200  -0.005600  -0.008400  -0.008200   0.000400   0.001600 
256   0.006800   0.006000   0.001800  -0.006400   0.014800   0.003600   0.019000   0.000200  -0.011200  -0.013800  -0.002400  -0.002400   0.005600 
257   0.005000   0.007200   0.005400   0.002400   0.019000   0.001600   0.015200   0.001200  -0.004400  -0.008200   0.008200   0.009600   0.000000 
258   0.012800   0.005800   0.006200   0.007600   0.023800   0.006400   0.019000   0.004400  -0.011800  -0.014800  -0.003000  -0.000000   0.001800 
259   0.001600   0.007000   0.003600   0.001800   0.017600   0.017200   0.021800   0.006600  -0.008800  -0.015800  -0.003200  -0.005200  -0.002800 
260  -0.004400   0.011200  -0.011200   0.003000   0.011400   0.009000   0.027000   0.006800  -0.004600  -0.007200  -0.001800   0.006200   0.006600 
261   0.004600   0.006800  -0.009600   0.008800   0.000600   0.008800   0.026600  -0.002000   0.001600  -0.010400  -0.002200  -0.002600   0.002600 
262  -0.001200   0.020800   0.001200   0.005200  -0.002800  -0.000000   0.021200   0.005000  -0.004400  -0.015200   0.002200  -0.004400   0.011400 
263   0.001200   0.016000  -0.005600   0.006000  -0.001200   0.014200   0.018800  -0.004400   0.010600  -0.019400   0.002800   0.001800   0.008800 
264   0.005600   0.018200  -0.001400   0.002400   0.007200   0.007000   0.018600  -0.005400   0.004200  -0.009000   0.003000  -0.004600   0.006600 
265   0.004200   0.018400  -0.002600   0.005800   0.011400  -0.000400   0.022600  -0.001000   0.008600  -0.009000  -0.013400  -0.006200   0.018400 
266   0.007600   0.015600  -0.001600   0.003600   0.003000   0.003600   0.008400  -0.005800   0.015800  -0.010200  -0.001800   0.003800   0.022000 
267  -0.004200   0.011000   0.008800   0.003600   0.016000  -0.002200   0.007600  -0.008000   0.004600  -0.011400  -0.006200   0.004000   0.014600 
268  -0.006600   0.004400   0.005600   0.001200   0.006600   0.004200   0.013800   0.002400   0.005400  -0.011400  -0.007200   0.013600   0.026800 
269  -0.002000   0.003600   0.006200  -0.002600   0.006000   0.004000   0.005800  -0.002600   0.003400   0.001000  -0.007200   0.011000   0.012200 
270   0.004000  -0.000600   0.005000   0.008400   0.013800   0.010000   0.006200  -0.002800   0.003800  -0.005200   0.001800   0.011800   0.012800 
271   0.008000   0.002600   0.005800   0.009800   0.001400   0.008200   0.000600  -0.009200   0.004800   0.003400   0.007600   0.014400   0.004800 
272   0.003600  -0.005600   0.003200   0.001800   0.002000   0.009200   0.002200  -0.008800  -0.000000  -0.002000  -0.005200   0.015600   0.003600 
273   0.001800  -0.000800   0.001200   0.007400   0.000200   0.005600  -0.010000  -0.001000   0.012000   0.004400  -0.010400   0.007200   0.009800 
274  -0.001600  -0.005400   0.003400   0.005000  -0.001000  -0.005600  -0.009200  -0.001800   0.002000   0.000200  -0.004000   0.007600  -0.010200 
275  -0.001000  -0.006200  -0.011800   0.010400   0.003400  -0.003600  -0.008000  -0.003400   0.004800  -0.006600  -0.005400   0.011200  -0.001200 
276  -0.002600  -0.009400  -0.005800   0.012200   0.000400   0.009800  -0.010200   0.003600   0.000400   0.004600  -0.001200   0.012200  -0.000800 
277  -0.004000  -0.005400   0.007000   0.008200   0.001600  -0.000400  -0.004600   0.008600   0.002200   0.003400  -0.003400   0.012400  -0.006400 
278   0.003600  -0.002600  -0.001800   0.008000  -0.006800   0.001800  -0.005800   0.009800   0.007600  -0.003800   0.002200   0.016000  -0.004000 
279  -0.012800   0.008000   0.006000   0.009600  -0.012400  -0.000400   0.004400   0.022200   0.001600  -0.002200  -0.003000   0.014600  -0.005000 
280  -0.014200   0.001200  -0.003600   0.007600  -0.005000  -0.003800   0.001200   0.003800   0.000800  -0.000600  -0.006400   0.005400   0.001600 
281  -0.004000  -0.000800  -0.003800   0.002600   0.000400  -0.004000   0.000600   0.006600   0.002200   0.002600  -0.007000   0.005800   0.010000 
282  -0.008600  -0.002200   0.004600  -0.005800  -0.001600   0.005800  -0.000400  -0.004000   0.004600   0.005400  -0.003600   0.012800   0.018800 
283  -0.009400  -0.006800  -0.005600   0.001000  -0.002600   0.017200   0.006000   0.005000   0.019000   0.002400   0.004200   0.018600   0.016400 
284  -0.004600  -0.010400   0.002400   0.004400  -0.000800   0.016600   0.015400   0.006800   0.014600   0.015000  -0.006600   0.011800   0.014600 
285  -0.005200  -0.007400  -0.003000   0.005000   0.006800   0.015000   0.018800   0.006800   0.010000  -0.001200  -0.002600   0.006600   0.009600 
286  -0.004400  -0.006800  -0.000400   0.001600   0.006400   0.014800   0.013200   0.005000   0.016200  -0.004000  -0.001800   0.009800   0.001800 
287   0.005600  -0.019000   0.000600   0.001600  -0.005000   0.012200   0.000800  -0.000800   0.010000   0.000200  -0.004800   0.011600  -0.002400 
288  -0.002400  -0.014600  -0.004600   0.007000   0.007400   0.017600   0.001200   0.000200   0.016800   0.013000   0.007000   0.006400   0.002400 
289   0.004000  -0.011400  -0.007400   0.002600  -0.002400   0.014600  -0.002400   0.004000   0.005600   0.006200   0.006200   0.004200   0.000800 
290   0.006400  -0.006200   0.001400  -0.000800   0.013200   0.017600   0.000600   0.002000   0.012400   0.003400   0.004600   0.002000  -0.009200 
291   0.016400  -0.006600  -0.000600  -0.002000  -0.001200   0.005000   0.002200   0.000000   0.008400  -0.002800   0.005400   0.002800  -0.009400 
292   0.010000  -0.011200   0.001200  -0.006600   0.012600   0.006800  -0.007000   0.006400   0.011000  -0.010200  -0.008400  -0.014600   0.006400 
293   0.002400  -0.001800   0.001400  -0.003200   0.016800   0.012600   0.003000   0.017000   0.014000  -0.011400  -0.010000   0.000600  -0.004200 
294   0.013000  -0.006400   0.001400  -0.006000   0.014400   0.001600  -0.006200   0.006400   0.001800  -0.011200  -0.001800  -0.011400   0.001800 
295   0.012200  -0.003000   0.003400   0.005800   0.013200   0.009400  -0.003000   0.000200   0.017600  -0.019800  -0.000400  -0.005200  -0.000200 
296   0.010400   0.006000   0.008600  -0.006600   0.016800  -0.012600   0.003800  -0.002200   0.023400  -0.007200   0.005800  -0.014800   0.001200 
297   0.010800   0.004400   0.002800  -0.015600   0.012800  -0.004800   0.009000  -0.010000   0.019600  -0.005800  -0.002800  -0.006200   0.000400 
298   0.009600  -0.000800  -0.002000  -0.005400   0.008600  -0.007400   0.000600  -0.008200   0.013000  -0.023000   0.009400  -0.012800   0.002800 
299  -0.001600  -0.004800   0.001600  -0.012200   0.005400  -0.012200  -0.003600   0.006800   0.000400  -0.012400   0.005000  -0.010000   0.005800 
300   0.001800  -0.005400   0.000600   0.002800   0.005000  -0.000200  -0.003200   0.009000   0.006000  -0.024600   0.005400  -0.006400   0.003600 
301   0.005800   0.013000  -0.005400  -0.009600  -0.000600  -0.004600   0.003800   0.003800   0.009400  -0.022800   0.011600  -0.012800  -0.008400 
302  -0.005200  -0.002400  -0.010400  -0.007400  -0.002400  -0.010400  -0.014000   0.004800   0.006400  -0.024200   0.010000  -0.012600  -0.003800 
303  -0.010400   0.000800  -0.006800  -0.008800   0.003800   0.000200  -0.003600  -0.003400   0.008400  -0.022200   0.007800  -0.009200   0.006400 
304  -0.011000   0.007800  -0.009200  -0.000600   0.003200  -0.007000  -0.009600   0.000600   0.004200  -0.020600   0.009600  -0.014000  -0.004800 
305  -0.010600   0.004600  -0.006200  -0.010800   0.005000  -0.003800  -0.004800  -0.007800   0.005200  -0.019400   0.000600  -0.015400  -0.000400 
306  -0.018400  -0.003200  -0.000800   0.002200   0.003000  -0.006000  -0.004400   0.003000   0.004200  -0.011200   0.002600  -0.005600  -0.003000 
307  -0.007400  -0.004000  -0.003400  -0.000400   0.004200  -0.002800   0.002600   0.002600  -0.001000  -0.009200   0.004600  -0.002200  -0.000600 
308   0.001800  -0.004000  -0.000400   0.016000  -0.002800  -0.010400  -0.000200   0.007400  -0.001800  -0.006400   0.008200  -0.001000   0.002600 
309  -0.010000  -0.006000   0.005200   0.008400   0.003600  -0.007200  -0.005400   0.015200   0.002200  -0.007400   0.005600   0.001800   0.008800 
310   0.001000  -0.000400   0.004400   0.011600  -0.001600  -0.008800  -0.007400   0.012600  -0.003600  -0.007400  -0.002800   0.005400  -0.002800 
311   0.010600  -0.005000   0.001000  -0.004200   0.011200  -0.007400  -0.004600   0.011600   0.003600  -0.017200  -0.008000  -0.011200  -0.003200 
312   0.007200  -0.002600   0.006400   0.001200   0.001600   0.000400  -0.005400   0.013600  -0.002600  -0.001000  -0.009600  -0.008200  -0.008000 
313   0.003800  -0.001600   0.006200   0.011400   0.008600  -0.001000   0.001000   0.013800   0.010600  -0.008000  -0.012400  -0.001400   0.007600 
314   0.008000  -0.005000   0.006800   0.002600   0.004600   0.003600   0.001400   0.010200   0.004600  -0.000400  -0.005600  -0.001800   0.008000 
315   0.010000  -0.010400  -0.002400   0.005400   0.005000  -0.001800   0.005400   0.008000  -0.003800  -0.001600  -0.013200  -0.002600   0.002000 
316   0.014000   0.001600  -0.009400   0.006600   0.004000   0.004400   0.001400   0.010800  -0.000600   0.008200  -0.004800  -0.004600   0.006800 
317   0.004600  -0.011600  -0.002400   0.008400   0.001200  -0.011000   0.001800   0.007800  -0.005200   0.005600  -0.009400  -0.000400   0.004400 
318   0.010000  -0.014200  -0.012200   0.004800   0.006400  -0.001000   0.001400   0.012000   0.001400   0.009200  -0.015600  -0.000600   0.005200 
319   0.005000  -0.016400  -0.005800   0.004800  -0.001400  -0.004000  -0.002200   0.009600  -0.005800   0.014200  -0.008000  -0.007600   0.000200 
320  -0.003800  -0.015600  -0.005200   0.006600   0.006400  -0.007800  -0.007800   0.005800  -0.006000   0.013000  -0.007000  -0.005000   0.006400 
321  -0.005400  -0.011000  -0.004000   0.011400   0.005600  -0.018000  -0.012400   0.006600  -0.012800   0.001200  -0.004800  -0.010200   0.012200 
322  -0.004400  -0.009400  -0.002200   0.007600   0.001800  -0.013200  -0.006800   0.012000   0.000200  -0.001000  -0.002800  -0.009600   0.012000 
323   0.000200  -0.012200  -0.006200   0.008600   0.009600  -0.011000  -0.003000   0.005400  -0.004400   0.000200   0.005600  -0.008600   0.007600 
324  -0.001200  -0.014800  -0.004600   0.011800   0.002800  -0.014400  -0.001200   0.006000  -0.007600   0.001200  -0.003400  -0.004200   0.008000 
325   0.005200  -0.005600   0.008800   0.008800   0.004600  -0.011600   0.001200   0.005600  -0.005600   0.006800  -0.005800   0.004000   0.011400 
326   0.006400  -0.002400   0.005000   0.004000  -0.002800  -0.003000  -0.000200  -0.002800  -0.003000   0.019000  -0.012400   0.001000   0.012000 
327   0.003800   0.002400   0.004200   0.005800  -0.004400  -0.014000  -0.001800   0.001400  -0.001200   0.015600  -0.016600   0.006600   0.005800 
328  -0.009000  -0.006200   0.006800   0.005400  -0.015800  -0.004400   0.007000   0.006000  -0.003200   0.010400  -0.016200  -0.011600   0.009400 
329   0.000400   0.009000   0.005400   0.013800  -0.007600  -0.002800  -0.001400   0.006400  -0.000200   0.020600  -0.008200  -0.004600   0.003600 
330   0.009200   0.000200   0.003200   0.006800   0.000200  -0.012200  -0.005400   0.001400   0.000200   0.016000  -0.005800   0.001400   0.015200 
331  -0.003400   0.003800   0.011200   0.011200   0.001200  -0.015200  -0.004000   0.016800  -0.001600   0.009200  -0.008600   0.003600   0.006000 
332   0.003400   0.008000   0.004800  -0.001600  -0.001400   0.000000  -0.005800   0.010200   0.001400   0.012000  -0.012800   0.012400  -0.001400 
333   0.009400   0.010000   0.004800  -0.003200  -0.005600  -0.006000   0.002200   0.014000  -0.004200   0.011400  -0.002200   0.012200  -0.009000 
334  -0.000400   0.011000   0.001800   0.009800  -0.003200  -0.012600   0.004400   0.010600   0.004400   0.003800  -0.002400   0.005600  -0.004200 
335   0.000400   0.009000   0.000000   0.012000  -0.005000  -0.010600  -0.000400  -0.001600  -0.012200   0.001800  -0.007600   0.018600  -0.002800 
336  -0.011000   0.001400   0.001600  -0.000200  -0.013600  -0.002800   0.014600  -0.003800  -0.004600   0.007800  -0.005800   0.012200  -0.013800 
337  -0.009600   0.011400   0.004400  -0.005800  -0.002600  -0.008800  -0.004800  -0.001800   0.001000   0.003800  -0.003400   0.017200  -0.008800 
338  -0.003200   0.004400   0.017800  -0.002800  -0.015400  -0.009000   0.011600  -0.002800  -0.007400   0.002000  -0.013000   0.010800   0.001600 
339  -0.004600   0.001200   0.004600  -0.009000  -0.010400  -0.003400   0.015000   0.001000   0.001000   0.004000  -0.012200   0.004600   0.004200 
340  -0.000400   0.007200  -0.000000  -0.009600   0.001400  -0.002200   0.007000   0.009600  -0.003000   0.008000  -0.006000  -0.000400  -0.006000 
341  -0.005200   0.014600   0.000600  -0.009800  -0.013400  -0.011800   0.010600  -0.005000  -0.000400   0.001400  -0.017000  -0.006800  -0.007000 
342  -0.005600   0.016000   0.009000  -0.003400  -0.012600  -0.008200   0.001800  -0.008600  -0.001200  -0.002200  -0.003800  -0.003600  -0.004000 
343   0.005400   0.026800   0.001800  -0.000800  -0.009000   0.001400   0.008000  -0.003800  -0.003800  -0.013200  -0.000600  -0.012000  -0.000600 
344   0.005600   0.017000  -0.005000   0.000200  -0.010800  -0.006600   0.004000  -0.004800   0.006800  -0.000800   0.002400  -0.002600  -0.002200 
345   0.004000   0.018000   0.006000   0.002000  -0.007600  -0.005200   0.010200   0.000600   0.005200  -0.010800   0.004600  -0.005400  -0.001000 
346   0.006200   0.015200   0.001000  -0.004200  -0.003800  -0.009000  -0.003600  -0.006800  -0.000600  -0.004600   0.005800   0.002600  -0.001400 
347   0.005400   0.017000   0.005400   0.001400  -0.005800  -0.006200  -0.003800  -0.012200   0.010800  -0.018400  -0.001400   0.000800   0.002400 
348  -0.001800   0.011200  -0.010000   0.004800  -0.004800  -0.005800   0.003400  -0.013400  -0.002800  -0.012800   0.010400  -0.005400  -0.005600 
349  -0.007000   0.000800  -0.006800   0.006600  -0.008600  -0.005000  -0.001000  -0.015200   0.006600  -0.005600   0.002200  -0.020800   0.009600 
350  -0.011200   0.011800  -0.008800   0.007000  -0.008000  -0.003400  -0.007800  -0.012200   0.012800  -0.003800   0.005000  -0.005600   0.003200 
351  -0.005600   0.008600  -0.012200   0.009200  -0.008200   0.000400  -0.003200  -0.002000   0.005000  -0.006200   0.008600  -0.002000   0.014400 
352  -0.010600   0.020800  -0.006800   0.008200  -0.011400  -0.004800  -0.005400  -0.008800   0.008200  -0.010000   0.007600  -0.000600   0.013000 
353  -0.008200   0.006600  -0.004200   0.004200  -0.009000   0.002200   0.002800  -0.004000   0.012200  -0.004200   0.001600  -0.013000   0.016600 
354  -0.010200   0.018600  -0.005000   0.001000   0.002600   0.000800   0.008000  -0.007200   0.010400  -0.017400  -0.002800  -0.006000   0.012600 
355   0.003600   0.013000  -0.002200   0.002600  -0.009800   0.000000   0.000600  -0.008000   0.018400  -0.003600   0.003400  -0.001400   0.016000 
356   0.002000   0.015600  -0.003600  -0.002000   0.003600  -0.005400   0.012600  -0.001600   0.014400   0.000800  -0.001400  -0.002800   0.022600 
357   0.003000   0.009000  -0.006400  -0.000200  -0.001200  -0.003000  -0.001400  -0.015400   0.023000  -0.014000  -0.000400   0.003400   0.019000 
358   0.015800   0.009600   0.005600  -0.003800  -0.008800   0.005800   0.005000  -0.000600   0.013600  -0.007000  -0.003400   0.000000   0.011600 
359   0.004400   0.010800   0.010200  -0.000000  -0.011400   0.009000  -0.006400  -0.004600   0.013600  -0.002000   0.000200  -0.012000   0.021600 
360  -0.002600   0.002200   0.000400  -0.005000   0.000200   0.004400  -0.004400   0.003000   0.006600  -0.006400  -0.005000  -0.001600   0.020800 
361   0.004600   0.005200   0.009400  -0.001200  -0.004800  -0.003200  -0.004600   0.001400   0.007200  -0.008400  -0.002800  -0.005400   0.014000 
362   0.001400  -0.006200   0.005400  -0.006000   0.004400  -0.013600  -0.005400  -0.001600   0.005200   0.002800   0.001400  -0.008200   0.008800 
363  -0.001200   0.004400   0.007000   0.001200   0.002600  -0.003200  -0.004000   0.005800  -0.003800   0.000200  -0.005200  -0.011800   0.011000 
364   0.005600  -0.000800   0.003000   0.003200   0.004800  -0.003400  -0.009200   0.018400  -0.010200   0.002000  -0.005400  -0.007600   0.015600 
365   0.012800  -0.005800  -0.000200   0.003200   0.000400  -0.009400  -0.003600   0.001600  -0.003800  -0.003200  -0.005600  -0.002200   0.007200 
366  -0.002600  -0.004600   0.014200   0.005000   0.007800  -0.019600  -0.005000   0.003400  -0.005800   0.000400   0.003800  -0.004800  -0.001200 
367  -0.005800  -0.000600   0.010400  -0.003200   0.007400  -0.018200  -0.006000  -0.005400  -0.007200   0.001600  -0.010600  -0.009800   0.001800 
368  -0.006200  -0.002200   0.013400   0.000800  -0.000600  -0.013000   0.001000   0.007600  -0.003000   0.007000  -0.009200  -0.005000   0.002600 
369  -0.005400  -0.004400  -0.000400  -0.012200   0.002000  -0.019600  -0.004000  -0.002600  -0.010400   0.001000  -0.006400  -0.014200  -0.002200 
370  -0.007800  -0.011600   0.011600  -0.005600   0.008200  -0.009400   0.000000  -0.004400  -0.004200   0.007600  -0.012800  -0.010600   0.002600 
371  -0.008400  -0.004200   0.009400  -0.014600   0.006600  -0.009200   0.011600  -0.010600  -0.011400   0.005000  -0.009000  -0.017400   0.007200 
372  -0.008400  -0.006000   0.014400  -0.001400   0.003600  -0.011000   0.007400  -0.023200  -0.008200  -0.012800  -0.008600  -0.019600   0.014800 
373   0.005600  -0.009800   0.020800  -0.001600   0.003800  -0.002600   0.010200  -0.013600  -0.001000  -0.007000  -0.002200  -0.012600   0.007800 
374   0.015000  -0.004400   0.017800  -0.011000   0.006400  -0.009400   0.005000  -0.005800  -0.009200  -0.004400  -0.000400  -0.012400   0.010200 
375   0.005200  -0.009400   0.018400  -0.017000  -0.001800  -0.007000   0.010400  -0.003800  -0.003600   0.003000   0.006600  -0.018200   0.004000 
376   0.012400  -0.004800   0.013200  -0.018000   0.007600  -0.012800   0.002600   0.000400  -0.003800  -0.004800  -0.008600  -0.013200   0.013000 
377   0.011000  -0.000400   0.018600  -0.007200   0.011400  -0.010800   0.018200  -0.004200  -0.004800   0.001200  -0.003000  -0.013200   0.006000 
378   0.011200  -0.003400   0.008200  -0.012400   0.011600  -0.005400  -0.002000   0.006200  -0.003400  -0.004800   0.004800   0.003000  -0.004000 
379   0.018200  -0.008000   0.006800  -0.003200   0.013200  -0.003600  -0.001000   0.004200  -0.006000  -0.010200  -0.007000   0.001600  -0.000400 
380   0.002600  -0.001000   0.013600  -0.007800   0.013400  -0.010800   0.003000   0.006200   0.002800  -0.009800  -0.017000  -0.000000   0.002200 
381  -0.004600  -0.011000  -0.002600  -0.006600   0.004000  -0.008400  -0.003000   0.006600  -0.006000  -0.005200  -0.011200   0.004400   0.003200 
382  -0.000400  -0.005600  -0.003200  -0.007800   0.009000  -0.002200   0.005000  -0.002600  -0.003200  -0.003400  -0.018200   0.003600  -0.002800 
383  -0.004000  -0.011600  -0.002000  -0.008200  -0.000800  -0.012600  -0.006200  -0.003800  -0.011000  -0.012800  -0.015400   0.011800  -0.001000 
384  -0.006000  -0.009600  -0.002200  -0.010200   0.007000   0.000800  -0.002000  -0.003400  -0.009400  -0.012000  -0.013600   0.007200  -0.002200 
385  -0.007200  -0.026000  -0.003200  -0.012600   0.002800  -0.003600   0.002200   0.001800  -0.011600  -0.002600  -0.017400   0.004400  -0.008600 
386   0.008000  -0.007600  -0.003800  -0.003200  -0.000400  -0.005200  -0.007000   0.000200  -0.010000  -0.006400  -0.011000   0.004800  -0.009200 
387   0.001400  -0.015200  -0.006600  -0.001800  -0.011800  -0.005000   0.010200   0.007000   0.004200  -0.004800  -0.009800  -0.001000  -0.006800 
388  -0.001800  -0.007200  -0.006200  -0.006200  -0.005200  -0.002200  -0.005800   0.004400   0.002200  -0.004200   0.003000  -0.005600  -0.008600 
389   0.003800  -0.016800  -0.000600   0.001800  -0.004800   0.007200  -0.002000   0.010800  -0.004200  -0.014400  -0.006000  -0.004800  -0.003000 
390   0.009200  -0.011200   0.003000  -0.005600  -0.003400   0.000800  -0.004400   0.012400   0.001600  -0.009800  -0.002000  -0.003200  -0.011800 
391   0.009200  -0.016600   0.009000   0.001000  -0.000600   0.002200  -0.004200   0.001000   0.002400  -0.013000   0.004200  -0.010600  -0.005800 
392   0.010800  -0.002800   0.010000  -0.011400  -0.003800  -0.009400  -0.000800   0.007000   0.010200   0.000800   0.003000   0.006400  -0.006200 
393   0.006600   0.001200   0.012200  -0.007200  -0.002600  -0.006600   0.001600   0.003000   0.006600  -0.001600  -0.003200   0.002600   0.000400 
394   0.017600  -0.005200   0.015000  -0.008000  -0.000600   0.003000  -0.006400   0.002200   0.009000  -0.001200   0.002000   0.006400   0.002600 
395   0.023800  -0.014400   0.009800  -0.012600  -0.008400   0.004800  -0.013800  -0.003400   0.011200  -0.007800  -0.000600   0.007200   0.002000 
396   0.011200   0.002200   0.003000  -0.009200   0.005600   0.010200  -0.005400   0.003600   0.005400  -0.005200  -0.003200  -0.006200  -0.004200 
397   0.003000   0.002200  -0.003000  -0.001800  -0.002800   0.002600   0.000400   0.000800   0.008400   0.004400  -0.016000  -0.001600   0.002400 
398   0.005600  -0.005800  -0.007200   0.003200  -0.008000  -0.000800   0.000400   0.000400  -0.001600   0.006400  -0.010600  -0.008400   0.009800 
399   0.011200   0.001200  -0.007200   0.005600  -0.003200  -0.000200   0.001600  -0.003400  -0.001600  -0.002400   0.004000  -0.002200   0.002200 
400  -0.000200   0.003800  -0.002600  -0.001200   0.004200  -0.005000  -0.002600   0.008200   0.013400  -0.001600   0.002400  -0.016000   0.013400 
401   0.002800  -0.001200   0.005400  -0.010600   0.001200  -0.005000  -0.001400  -0.005000   0.005400   0.006200   0.000400  -0.012400  -0.000000 
402   0.007400   0.003400   0.010600  -0.001800   0.011400   0.000000  -0.004800   0.006400   0.005400   0.009600  -0.006200  -0.008400   0.006200 
403   0.007200   0.004800   0.000600   0.006600   0.008400  -0.011600  -0.000000   0.003200  -0.008200   0.010200  -0.005200  -0.000400   0.003200 
404   0.004600   0.002800   0.010800   0.010400  -0.003000   0.007400  -0.002600   0.004000  -0.003600   0.015200  -0.012800  -0.006600  -0.005800 
405  -0.003800   0.011600   0.002600   0.002000  -0.002200  -0.013000   0.000400   0.003600  -0.009600   0.020000  -0.007000  -0.009200  -0.001800 
406  -0.008400   0.007400   0.004000   0.016000  -0.007000  -0.004200   0.006200   0.003800  -0.008600   0.006200   0.005800  -0.002200   0.015000 
407   0.002000   0.000200  -0.002000   0.005800  -0.002800  -0.001000   0.007600   0.005200   0.001000   0.022600   0.004200  -0.001600   0.006000 
408   0.005400  -0.002800   0.009400   0.005800   0.002000   0.004600   0.001400   0.003600  -0.002400   0.014800   0.006000   0.002000   0.008800 
409   0.005200   0.003600   0.003800   0.004800  -0.002200   0.006000   0.000800   0.012000  -0.004200   0.019200   0.007400  -0.002200   0.003800 
410  -0.009600   0.005600   0.004000   0.000800  -0.003600   0.009200   0.004600  -0.002200   0.001400   0.015200  -0.000200  -0.001800   0.005000 
411  -0.002800   0.010600   0.003800  -0.005800   0.001600   0.010400  -0.001200   0.007000  -0.001000   0.000800   0.004400   0.000000  -0.002400 
412  -0.005800   0.010200   0.001200   0.007800   0.004600   0.011400   0.001400  -0.000800   0.010400   0.006600   0.010800   0.004000   0.001600 
413  -0.004600   0.011200   0.011400   0.002400  -0.004400   0.010600  -0.002400   0.003000   0.000200   0.011600   0.010800  -0.000800  -0.003600 
414  -0.015200   0.012200   0.002200   0.005000  -0.001600   0.001000  -0.001000   0.004800  -0.005200   0.008800   0.019800  -0.000600  -0.005600 
415  -0.012800   0.006400   0.008200  -0.005800   0.011400  -0.014000   0.002200   0.010800  -0.006200   0.007000   0.008200  -0.003200  -0.005000 
416   0.003400   0.006000   0.006800  -0.004400   0.006000  -0.010400  -0.001000   0.004800  -0.006400   0.004600   0.010600   0.001600   0.007800 
417   0.005000   0.005800   0.005200  -0.002600   0.003400  -0.012600  -0.001400  -0.000400  -0.009600   0.009800   0.010200  -0.005600  -0.005000 
418  -0.004000   0.005600   0.010200  -0.004600   0.016200  -0.015200  -0.010000   0.009000  -0.000800   0.004400   0.015800   0.000000  -0.010400 
419  -0.003400  -0.004200  -0.003400  -0.012400  -0.000400  -0.029000  -0.014600  -0.006000  -0.004200   0.013000   0.015600   0.004800  -0.008400 
420   0.000400   0.006000  -0.003800  -0.000600  -0.008800  -0.023800  -0.011000  -0.006200   0.002600   0.011400   0.021600  -0.001200  -0.006800 
421   0.003800   0.004400   0.000200  -0.005000   0.005600  -0.013000  -0.003800   0.001600   0.000400   0.003600   0.010200   0.006400  -0.009200 
422   0.004200   0.001800  -0.001000  -0.004200   0.007800  -0.023400  -0.001800   0.004800   0.006000   0.002600   0.010000  -0.001000  -0.000000 
423  -0.000600  -0.003000  -0.000800  -0.010400   0.008200  -0.017200  -0.003800   0.006000   0.003000  -0.008200   0.005200   0.006000  -0.007600 
424   0.012800  -0.011000  -0.011400  -0.005600  -0.003600  -0.013200  -0.003000  -0.000800   0.010600  -0.001400   0.003600   0.003600  -0.000400 
425  -0.001000  -0.006400  -0.002600  -0.002200   0.000000  -0.011200  -0.006600  -0.005600   0.010000  -0.000400   0.005200   0.018200   0.002600 
426   0.007200   0.004200  -0.002200  -0.007800  -0.002600  -0.006000  -0.015800   0.003400   0.005200  -0.005400  -0.006000   0.005800  -0.008600 
427   0.010600   0.004200  -0.003600   0.000400  -0.011800  -0.006800  -0.006800  -0.001200   0.009600  -0.003000   0.003000   0.008000  -0.006800 
428   0.024400   0.012400  -0.004000  -0.000600  -0.012200  -0.001000  -0.010400  -0.007800   0.004800  -0.006400  -0.007200   0.005600  -0.009400 
429   0.020000   0.001200  -0.002800  -0.008400  -0.007800   0.002400  -0.012200  -0.010400   0.004200  -0.003400  -0.008200   0.000000   0.005800 
430   0.008800   0.005200  -0.004400  -0.008400  -0.009600  -0.009000  -0.014000  -0.004200  -0.003800  -0.009200  -0.000800  -0.003200  -0.008400 
431   0.016200   0.017600  -0.001600  -0.003600  -0.003800  -0.010400  -0.001200  -0.012600   0.003600  -0.011000  -0.004600  -0.010000  -0.009000 
432   0.016200   0.012000  -0.002600  -0.008600  -0.011400  -0.005800  -0.016200  -0.012200  -0.006400  -0.005800   0.006800  -0.002000  -0.004400 
433   0.014600   0.013200  -0.003400  -0.008400  -0.009600  -0.014600  -0.010000  -0.011400   0.003200   0.003400  -0.003200  -0.006200  -0.006800 
434   0.021600   0.010600  -0.004400  -0.008200  -0.007400  -0.008200  -0.014800  -0.013200   0.005800   0.002200   0.006600  -0.005200  -0.003200 
435   0.014400   0.002800  -0.001000  -0.007000  -0.010200  -0.006200  -0.008600  -0.014400  -0.003400   0.005600   0.006600  -0.001200  -0.002000 
436   0.027000   0.000800   0.007800  -0.006200   0.001800   0.002800  -0.001400   0.002200  -0.002600   0.008200  -0.002400   0.003200  -0.009200 
437   0.019600  -0.012000  -0.005200  -0.008400  -0.005400  -0.000400   0.001400  -0.009200  -0.007200   0.001600  -0.000400   0.009000  -0.007600 
438   0.018600  -0.005200  -0.002400   0.011800  -0.015800   0.000800  -0.003200  -0.010200  -0.005400   0.007400   0.003000  -0.000200  -0.016800 
439   0.018800  -0.009400   0.000600   0.007600  -0.000400   0.002200  -0.006000  -0.005400  -0.005200   0.012600   0.000600   0.008000  -0.007000 
440   0.021600  -0.005400   0.003400   0.004200   0.002200   0.000800  -0.011000  -0.000600  -0.002400   0.013400  -0.007200   0.005800  -0.005200 
441   0.009000  -0.010400   0.007800   0.008000  -0.008400   0.001800  -0.014000  -0.004200  -0.015600   0.006800  -0.010400   0.014200  -0.004400 
442   0.011800  -0.006400  -0.004800   0.008200   0.001200   0.009400  -0.005200  -0.002000  -0.009800   0.005000  -0.016400   0.010400  -0.002200 
443   0.008800  -0.014200  -0.004000  -0.001400  -0.007200   0.005200  -0.010600   0.009000  -0.010600   0.003400  -0.020600   0.012600   0.000400 
444   0.002600  -0.003400  -0.000400   0.000400  -0.012600   0.010000  -0.007200   0.005000  -0.013400   0.012400  -0.016400   0.009400   0.004200 
445   0.005000  -0.009200  -0.017800  -0.004800  -0.004000   0.006000  -0.018800   0.005600  -0.004200  -0.003200  -0.012000   0.015200   0.010200 
446  -0.006600  -0.002200  -0.011800   0.003800   0.004600   0.013000  -0.006400   0.000200  -0.005400   0.011400  -0.017200   0.002200   0.005800 
447  -0.008400  -0.003200  -0.005800  -0.002600   0.001000   0.003000  -0.013000   0.000600  -0.003600   0.011400  -0.017400   0.011000  -0.003800 
448  -0.005000   0.002000  -0.002600   0.000000   0.002400   0.001600  -0.007000  -0.000600  -0.009000   0.000600  -0.012000   0.004200  -0.005400 
449  -0.014000   0.007000   0.008000  -0.000200   0.005600   0.008800   0.000600  -0.009600  -0.004000   0.002600  -0.019600   0.010600   0.002400 
450   0.004400  -0.001800   0.004000   0.007000  -0.000400   0.007000   0.004400  -0.000600  -0.010800   0.010800  -0.013000   0.005200  -0.006000 
451   0.003400  -0.006200   0.007400   0.006600   0.009200   0.006600   0.007800   0.000000  -0.011400  -0.005200  -0.019400  -0.001400   0.001600 
452   0.002400  -0.004800  -0.012400   0.005800   0.006800  -0.000800   0.005200  -0.000800  -0.015000  -0.010800  -0.019000   0.011600   0.002400 
453   0.004200  -0.008200  -0.005200  -0.000400   0.001400  -0.002000   0.002600  -0.004600  -0.024600  -0.008600  -0.017200  -0.001000  -0.002400 
454   0.000200  -0.004400  -0.015800   0.001200   0.001000  -0.002200  -0.005000  -0.007000  -0.015800  -0.003200  -0.019600  -0.000600  -0.005000 
455  -0.005000  -0.010600  -0.010000   0.006400  -0.001800  -0.006000   0.005200  -0.006800  -0.011600   0.005400  -0.013600  -0.001800  -0.001600 
456   0.001200  -0.007600  -0.002400  -0.005400   0.006400  -0.018000   0.006200  -0.003000  -0.007400  -0.013200  -0.002400  -0.009000   0.003000 
457   0.009400  -0.010400  -0.004200  -0.005800   0.004600  -0.014600   0.002800  -0.012200  -0.007800  -0.010200  -0.008200  -0.008200  -0.003400 
458   0.003600  -0.012600  -0.008200  -0.000400   0.003000  -0.019800  -0.001600  -0.000800  -0.003600  -0.008000  -0.007800  -0.011000   0.002400 
459   0.006600  -0.004600  -0.002600  -0.001200  -0.004400  -0.011200   0.000200   0.003800   0.002200  -0.008200  -0.009200  -0.025200   0.009400 
460   0.002000  -0.004800  -0.007600  -0.003200  -0.011000  -0.016000  -0.003600   0.002800   0.008400   0.001000  -0.000000  -0.012000  -0.000600 
461  -0.004600  -0.005800   0.002200   0.000400   0.001600  -0.012800   0.000200  -0.000600   0.012400   0.001200   0.003400  -0.016400   0.000000 
462  -0.002400  -0.004800   0.008000  -0.002200   0.002200  -0.011800   0.004000  -0.002200   0.003000   0.000400  -0.001600  -0.017800   0.003800 
463  -0.014200  -0.010400   0.007200  -0.010000  -0.005200  -0.001600   0.008600   0.000200   0.002000   0.009000  -0.011600  -0.011400   0.008400 
464  -0.003200  -0.014200   0.005200  -0.005400   0.007600  -0.000800   0.004000   0.001600  -0.000400   0.001800  -0.005400  -0.011000   0.007400 
465  -0.004000  -0.022600   0.002400  -0.013000   0.001400   0.006200   0.007800  -0.007000  -0.000800   0.004200  -0.013000  -0.016200  -0.002000 
466  -0.015400  -0.025200   0.000400  -0.011800  -0.001600   0.004800   0.003200  -0.006200  -0.004400   0.001800  -0.012800  -0.009600   0.005400 
467  -0.005800  -0.002000   0.006200   0.002000  -0.005400  -0.002600   0.007600  -0.001000   0.004000   0.000200  -0.004800  -0.008000   0.004200 
468  -0.009400  -0.010200  -0.001800   0.004400  -0.009200   0.008600   0.011800  -0.002600  -0.006200   0.010600   0.008400  -0.018200  -0.003600 
469  -0.002400  -0.001600   0.005000   0.007800  -0.009600   0.008800  -0.006400  -0.004400  -0.006800  -0.003400   0.001600  -0.013000  -0.005600 
470   0.003200  -0.004600   0.004600   0.004400   0.002600  -0.001400  -0.000000   0.001400  -0.005800   0.005400   0.013400  -0.011000   0.013600 
471  -0.007200  -0.003400   0.002000  -0.003400  -0.000200  -0.007400   0.003400   0.002000  -0.000600   0.007400   0.003800  -0.007600   0.013200 
472  -0.003200  -0.016800  -0.005600   0.002200   0.009400  -0.011600   0.006400   0.010600  -0.003400   0.005600   0.004000  -0.000800   0.013800 
473  -0.011600  -0.014600  -0.003800  -0.012000   0.002000  -0.002800  -0.002200  -0.001600  -0.005000  -0.003200   0.006800   0.000600   0.000600 
474  -0.012600  -0.019000  -0.006000  -0.008800   0.003200  -0.007000   0.001800   0.005600  -0.005600  -0.008400   0.001000   0.008800   0.005400 
475  -0.016800  -0.005400  -0.008000  -0.012800   0.003400  -0.001600   0.013000   0.015800  -0.005600  -0.005400  -0.004800   0.003600   0.003200 
476  -0.010400  -0.004000  -0.009000  -0.013600   0.000600  -0.008000   0.003200   0.017000  -0.000000   0.006400   0.006200   0.001200   0.011200 
477  -0.017400  -0.007000  -0.007400  -0.008400   0.001600  -0.008800   0.004000   0.001600  -0.002200  -0.002200   0.002200   0.010200   0.000800 
478  -0.009200   0.001400  -0.001600  -0.003200  -0.002200  -0.008200   0.002400  -0.002000   0.002200   0.001000  -0.003800   0.015000  -0.002600 
479  -0.013800  -0.005200  -0.007200  -0.004400   0.003400  -0.012800   0.008000   0.003400  -0.003600  -0.001800  -0.010600   0.010800   0.000400 
480  -0.007200   0.004600   0.001600   0.005000   0.001000  -0.018400  -0.004600   0.008200  -0.011200   0.003000  -0.005600   0.018200   0.004600 
481  -0.001800   0.005800   0.003800   0.002400   0.008800  -0.011200  -0.005200   0.005000  -0.008000  -0.008800  -0.008000   0.020800   0.007200 
482  -0.000400  -0.000400  -0.002400   0.007200   0.005200  -0.009800  -0.006000   0.008000  -0.013000  -0.004400  -0.004000   0.018800   0.013400 
483   0.003400  -0.015200   0.004000   0.003400   0.005000  -0.012200  -0.013000  -0.000400  -0.010800  -0.002600  -0.010800   0.025600   0.003200 
484   0.005000  -0.008800   0.014200   0.006800   0.002800  -0.012200  -0.017200   0.004600  -0.005600  -0.002000  -0.008200   0.008200   0.007600 
485  -0.002600   0.001800   0.020800   0.004400   0.012600  -0.013600  -0.007400   0.009200  -0.010000  -0.003000  -0.009800   0.018200   0.007800 
486   0.007800  -0.001600   0.005400   0.005600   0.006400  -0.012800  -0.016400   0.000600  -0.009400  -0.002000  -0.004200   0.014400  -0.016600 
487   0.015800   0.000800   0.007800   0.004400   0.019600   0.001600  -0.010800  -0.001200  -0.011400   0.005800   0.000000   0.020200  -0.003400 
488   0.009200   0.000200   0.004400   0.006400   0.011000   0.008600  -0.000400  -0.003200  -0.006000   0.017000  -0.011400   0.003800  -0.005400 
489   0.004400  -0.006000  -0.004400   0.003000   0.005200   0.002600  -0.005800  -0.003800  -0.004200  -0.003800  -0.008400   0.006000  -0.013200 
490   0.005400   0.007200   0.003400   0.006200  -0.000200   0.008400  -0.003400   0.014600  -0.010400  -0.008800  -0.001400   0.005200  -0.007600 
491  -0.008400   0.005000   0.005200   0.013200   0.000800  -0.000200  -0.008200   0.016800  -0.001800  -0.005000  -0.006200  -0.001600  -0.012400 
492   0.005000  -0.004600  -0.003800   0.023600  -0.000800   0.003400  -0.002800  -0.002200  -0.010000  -0.004400  -0.013800  -0.011000  -0.007200 
493  -0.004200  -0.001600   0.002800   0.030600  -0.006000   0.010800  -0.006400   0.001800  -0.016200   0.002400  -0.012000  -0.008000   0.005600 
494  -0.002200   0.004200   0.005400   0.014000  -0.004200  -0.001000  -0.018800   0.003000  -0.011800  -0.008600  -0.013800  -0.009000   0.005800 
495   0.003000   0.016000  -0.002600   0.012000  -0.002200   0.013200  -0.014600  -0.002200  -0.006600  -0.006400  -0.009400  -0.017400   0.006200 
496   0.000400   0.013400  -0.002000   0.011800   0.001800   0.015800  -0.006200  -0.004800  -0.006200  -0.003200  -0.010400  -0.008000   0.004400 
497   0.002800  -0.000400   0.005600   0.023600  -0.001400   0.014800  -0.004200  -0.003600  -0.016400  -0.011000  -0.007400  -0.008600   0.011200 
498  -0.000800   0.003000   0.001200   0.024400  -0.006400   0.016600  -0.005600  -0.016600  -0.021000  -0.012600   0.000600  -0.013800   0.013200 
499  -0.003800  -0.002000   0.003400   0.016800  -0.008400   0.010000  -0.011600  -0.009400  -0.017600  -0.005800   0.004400  -0.009000   0.014800 
