0   0.367310
1   0.365624
2   0.364150
3   0.362518
4   0.361130
5   0.359620
6   0.358244
7   0.356890
8   0.355364
9   0.353718
10   0.352148
11   0.350208
12   0.348488
13   0.346622
14   0.344666
15   0.342670
16   0.340778
17   0.338914
18   0.336998
19   0.335180
20   0.333482
21   0.331780
22   0.330130
23   0.328420
24   0.326618
25   0.324894
26   0.323056
27   0.321172
28   0.319084
29   0.316802
30   0.314636
31   0.312492
32   0.310214
33   0.308128
34   0.306004
35   0.304030
36   0.301998
37   0.299860
38   0.297582
39   0.295396
40   0.293194
41   0.290816
42   0.288478
43   0.286040
44   0.283566
45   0.281062
46   0.278638
47   0.276180
48   0.273770
49   0.271420
50   0.269224
51   0.266810
52   0.264446
53   0.262234
54   0.260212
55   0.258080
56   0.255972
57   0.253774
58   0.251818
59   0.249722
60   0.247616
61   0.245456
62   0.243454
63   0.241392
64   0.239408
65   0.237510
66   0.235792
67   0.234164
68   0.232320
69   0.230376
70   0.228738
71   0.226800
72   0.225108
73   0.223606
74   0.221902
75   0.220272
76   0.218284
77   0.216330
78   0.214502
79   0.212714
80   0.211018
81   0.209496
82   0.208186
83   0.206958
84   0.205624
85   0.204294
86   0.203116
87   0.201940
88   0.200804
89   0.199810
90   0.198632
91   0.197468
92   0.196376
93   0.195288
94   0.194222
95   0.193210
96   0.192316
97   0.191472
98   0.190526
99   0.189624
100   0.188674
101   0.187826
102   0.186960
103   0.186010
104   0.185206
105   0.184424
106   0.183522
107   0.182592
108   0.181546
109   0.180558
110   0.179594
111   0.178696
112   0.177868
113   0.176990
114   0.176062
115   0.175088
116   0.173956
117   0.172996
118   0.171782
119   0.170614
120   0.169464
121   0.168142
122   0.166960
123   0.165834
124   0.164694
125   0.163690
126   0.162562
127   0.161642
128   0.160714
129   0.159872
130   0.159180
131   0.158444
132   0.157756
133   0.157116
134   0.156550
135   0.155896
136   0.155138
137   0.154626
138   0.154128
139   0.153336
140   0.152668
141   0.151788
142   0.150902
143   0.149850
144   0.148776
145   0.147698
146   0.146594
147   0.145280
148   0.143940
149   0.142634
150   0.141268
151   0.139970
152   0.138514
153   0.136912
154   0.135392
155   0.133760
156   0.132132
157   0.130426
158   0.128686
159   0.126830
160   0.125030
161   0.123370
162   0.121590
163   0.119848
164   0.118020
165   0.116328
166   0.114888
167   0.113396
168   0.112146
169   0.110894
170   0.109588
171   0.108490
172   0.107420
173   0.106402
174   0.105434
175   0.104574
176   0.103760
177   0.102910
178   0.102154
179   0.101336
180   0.100358
181   0.099410
182   0.098444
183   0.097590
184   0.096736
185   0.095770
186   0.094884
187   0.094004
188   0.093172
189   0.092348
190   0.091548
191   0.090716
192   0.089676
193   0.088598
194   0.087474
195   0.086520
196   0.085488
197   0.084660
198   0.083876
199   0.083152
200   0.082498
201   0.081868
202   0.081240
203   0.080536
204   0.080004
205   0.079428
206   0.078860
207   0.078254
208   0.077732
209   0.077102
210   0.076542
211   0.076070
212   0.075620
213   0.075046
214   0.074474
215   0.074046
216   0.073648
217   0.073110
218   0.072638
219   0.072130
220   0.071724
221   0.071250
222   0.070864
223   0.070468
224   0.070074
225   0.069778
226   0.069302
227   0.068868
228   0.068482
229   0.068256
230   0.067892
231   0.067546
232   0.067230
233   0.066992
234   0.066732
235   0.066544
236   0.066306
237   0.066038
238   0.065750
239   0.065460
240   0.065098
241   0.064658
242   0.064310
243   0.063908
244   0.063684
245   0.063320
246   0.063150
247   0.062990
248   0.062834
249   0.062750
250   0.062628
251   0.062490
252   0.062372
253   0.062404
254   0.062374
255   0.062356
256   0.062356
257   0.062284
258   0.062242
259   0.062186
260   0.062250
261   0.062390
262   0.062398
263   0.062510
264   0.062504
265   0.062586
266   0.062662
267   0.062752
268   0.062994
269   0.063104
270   0.063294
271   0.063530
272   0.063744
273   0.063968
274   0.064146
275   0.064470
276   0.064918
277   0.065318
278   0.065766
279   0.066408
280   0.066942
281   0.067598
282   0.068304
283   0.069038
284   0.069918
285   0.070836
286   0.071564
287   0.072150
288   0.072742
289   0.073328
290   0.073878
291   0.074428
292   0.074854
293   0.075260
294   0.075692
295   0.076246
296   0.076628
297   0.077158
298   0.077650
299   0.078120
300   0.078554
301   0.078968
302   0.079326
303   0.079730
304   0.079942
305   0.080184
306   0.080406
307   0.080718
308   0.080998
309   0.081166
310   0.081322
311   0.081348
312   0.081416
313   0.081476
314   0.081584
315   0.081708
316   0.081884
317   0.081994
318   0.082328
319   0.082718
320   0.083036
321   0.083368
322   0.083710
323   0.084068
324   0.084358
325   0.084592
326   0.084714
327   0.084792
328   0.085076
329   0.085290
330   0.085454
331   0.085638
332   0.085896
333   0.086246
334   0.086628
335   0.087006
336   0.087510
337   0.087948
338   0.088332
339   0.088740
340   0.089104
341   0.089350
342   0.089572
343   0.089806
344   0.090022
345   0.090338
346   0.090586
347   0.090798
348   0.091008
349   0.091062
350   0.091200
351   0.091224
352   0.091178
353   0.091058
354   0.090954
355   0.090870
356   0.090908
357   0.090982
358   0.090744
359   0.090702
360   0.090526
361   0.090372
362   0.090238
363   0.090174
364   0.090060
365   0.089842
366   0.089740
367   0.089806
368   0.089872
369   0.090046
370   0.090140
371   0.090304
372   0.090426
373   0.090444
374   0.090414
375   0.090496
376   0.090532
377   0.090638
378   0.090664
379   0.090614
380   0.090564
381   0.090598
382   0.090540
383   0.090504
384   0.090428
385   0.090306
386   0.090174
387   0.090098
388   0.089822
389   0.089664
390   0.089360
391   0.089090
392   0.088844
393   0.088736
394   0.088594
395   0.088428
396   0.088312
397   0.088166
398   0.087952
399   0.087768
400   0.087422
401   0.087254
402   0.086960
403   0.086666
404   0.086288
405   0.085970
406   0.085680
407   0.085396
408   0.085010
409   0.084580
410   0.084182
411   0.083934
412   0.083602
413   0.083270
414   0.082964
415   0.082670
416   0.082458
417   0.082304
418   0.082306
419   0.082366
420   0.082356
421   0.082262
422   0.082336
423   0.082504
424   0.082730
425   0.082818
426   0.082970
427   0.083226
428   0.083690
429   0.084150
430   0.084528
431   0.084986
432   0.085402
433   0.085852
434   0.086302
435   0.086718
436   0.087232
437   0.087638
438   0.088084
439   0.088290
440   0.088632
441   0.088946
442   0.089128
443   0.089288
444   0.089632
445   0.090018
446   0.090474
447   0.090900
448   0.091240
449   0.091358
450   0.091692
451   0.091964
452   0.092410
453   0.092708
454   0.093122
455   0.093536
456   0.094076
457   0.094542
458   0.095078
459   0.095554
460   0.096064
461   0.096486
462   0.096980
463   0.097312
464   0.097556
465   0.097794
466   0.098282
467   0.098542
468   0.098924
469   0.099282
470   0.099564
471   0.099760
472   0.099892
473   0.099984
474   0.100084
475   0.100172
476   0.100290
477   0.100252
478   0.100262
479   0.100318
480   0.100372
481   0.100168
482   0.100060
483   0.100064
484   0.100020
485   0.099944
486   0.099642
487   0.099344
488   0.099036
489   0.098702
490   0.098446
491   0.098044
492   0.097728
493   0.097322
494   0.096930
495   0.096578
496   0.096270
497   0.095940
498   0.095758
499   0.095464
500   0.095058
-499   0.094708
-498   0.094248
-497   0.093634
-496   0.093000
-495   0.092238
-494   0.091770
-493   0.091326
-492   0.090894
-491   0.090434
-490   0.090016
-489   0.089824
-488   0.089646
-487   0.089276
-486   0.088772
-485   0.088304
-484   0.087862
-483   0.087362
-482   0.086948
-481   0.086606
-480   0.086342
-479   0.085938
-478   0.085478
-477   0.085174
-476   0.084760
-475   0.084392
-474   0.083958
-473   0.083616
-472   0.083202
-471   0.082778
-470   0.082244
-469   0.081656
-468   0.081058
-467   0.080652
-466   0.080210
-465   0.079730
-464   0.079392
-463   0.078932
-462   0.078530
-461   0.078152
-460   0.077570
-459   0.077002
-458   0.076468
-457   0.075892
-456   0.075354
-455   0.074766
-454   0.074180
-453   0.073582
-452   0.073176
-451   0.072746
-450   0.072144
-449   0.071476
-448   0.070902
-447   0.070160
-446   0.069614
-445   0.068998
-444   0.068576
-443   0.067902
-442   0.067330
-441   0.066650
-440   0.065934
-439   0.065150
-438   0.064520
-437   0.063696
-436   0.062906
-435   0.062008
-434   0.061206
-433   0.060388
-432   0.059668
-431   0.058948
-430   0.058262
-429   0.057638
-428   0.057018
-427   0.056668
-426   0.056356
-425   0.056008
-424   0.055710
-423   0.055376
-422   0.055090
-421   0.054808
-420   0.054568
-419   0.054200
-418   0.053914
-417   0.053466
-416   0.052956
-415   0.052502
-414   0.052030
-413   0.051542
-412   0.051014
-411   0.050570
-410   0.050130
-409   0.049560
-408   0.049034
-407   0.048562
-406   0.048260
-405   0.047920
-404   0.047658
-403   0.047250
-402   0.046846
-401   0.046414
-400   0.045990
-399   0.045464
-398   0.045166
-397   0.044722
-396   0.044330
-395   0.043850
-394   0.043630
-393   0.043232
-392   0.042782
-391   0.042374
-390   0.041822
-389   0.041350
-388   0.040578
-387   0.039812
-386   0.039050
-385   0.038374
-384   0.037524
-383   0.037026
-382   0.036308
-381   0.035770
-380   0.035032
-379   0.034288
-378   0.033664
-377   0.033140
-376   0.032510
-375   0.031786
-374   0.031182
-373   0.030402
-372   0.029898
-371   0.029152
-370   0.028404
-369   0.027646
-368   0.027162
-367   0.026556
-366   0.026118
-365   0.025714
-364   0.025598
-363   0.025240
-362   0.024900
-361   0.024652
-360   0.024232
-359   0.023828
-358   0.023536
-357   0.023440
-356   0.023304
-355   0.023292
-354   0.023408
-353   0.023456
-352   0.023406
-351   0.023304
-350   0.023334
-349   0.023394
-348   0.023418
-347   0.023596
-346   0.023640
-345   0.023834
-344   0.023932
-343   0.023800
-342   0.023800
-341   0.023860
-340   0.023800
-339   0.023678
-338   0.023688
-337   0.023828
-336   0.024106
-335   0.024432
-334   0.024790
-333   0.025100
-332   0.025436
-331   0.025836
-330   0.026350
-329   0.026906
-328   0.027270
-327   0.027738
-326   0.028246
-325   0.028746
-324   0.029252
-323   0.029768
-322   0.030276
-321   0.030740
-320   0.031310
-319   0.031898
-318   0.032604
-317   0.033164
-316   0.033646
-315   0.033994
-314   0.034242
-313   0.034406
-312   0.034712
-311   0.034862
-310   0.035246
-309   0.035602
-308   0.035892
-307   0.036174
-306   0.036434
-305   0.036450
-304   0.036548
-303   0.036544
-302   0.036544
-301   0.036494
-300   0.036568
-299   0.036602
-298   0.036704
-297   0.036814
-296   0.036702
-295   0.036874
-294   0.036930
-293   0.037036
-292   0.037118
-291   0.037268
-290   0.037408
-289   0.037462
-288   0.037456
-287   0.037442
-286   0.037472
-285   0.037354
-284   0.037308
-283   0.037204
-282   0.037262
-281   0.037330
-280   0.037282
-279   0.037082
-278   0.036690
-277   0.036444
-276   0.036088
-275   0.035840
-274   0.035638
-273   0.035386
-272   0.035456
-271   0.035158
-270   0.035000
-269   0.034866
-268   0.034640
-267   0.034262
-266   0.033764
-265   0.033450
-264   0.033004
-263   0.032522
-262   0.032128
-261   0.031654
-260   0.031264
-259   0.030690
-258   0.030430
-257   0.030190
-256   0.030090
-255   0.029942
-254   0.029742
-253   0.029710
-252   0.029586
-251   0.029556
-250   0.029420
-249   0.029362
-248   0.029462
-247   0.029410
-246   0.029398
-245   0.029362
-244   0.029372
-243   0.029398
-242   0.029514
-241   0.029568
-240   0.029718
-239   0.029758
-238   0.029718
-237   0.029742
-236   0.029806
-235   0.029928
-234   0.030264
-233   0.030654
-232   0.031138
-231   0.031670
-230   0.032260
-229   0.032906
-228   0.033616
-227   0.034306
-226   0.035114
-225   0.035856
-224   0.036532
-223   0.037164
-222   0.037760
-221   0.038252
-220   0.038644
-219   0.039298
-218   0.039704
-217   0.040068
-216   0.040662
-215   0.041206
-214   0.041748
-213   0.042342
-212   0.042888
-211   0.043732
-210   0.044530
-209   0.045380
-208   0.046272
-207   0.047046
-206   0.047822
-205   0.048644
-204   0.049330
-203   0.050118
-202   0.050974
-201   0.051740
-200   0.052482
-199   0.053180
-198   0.054014
-197   0.055034
-196   0.055880
-195   0.056924
-194   0.057934
-193   0.058910
-192   0.059736
-191   0.060618
-190   0.061456
-189   0.062166
-188   0.063022
-187   0.063928
-186   0.064814
-185   0.065718
-184   0.066616
-183   0.067516
-182   0.068380
-181   0.069230
-180   0.070136
-179   0.070944
-178   0.071756
-177   0.072522
-176   0.073330
-175   0.074208
-174   0.075010
-173   0.075890
-172   0.076654
-171   0.077390
-170   0.078160
-169   0.078898
-168   0.079538
-167   0.080354
-166   0.081148
-165   0.081970
-164   0.082728
-163   0.083568
-162   0.084422
-161   0.085318
-160   0.086208
-159   0.087110
-158   0.088210
-157   0.089270
-156   0.090466
-155   0.091622
-154   0.092884
-153   0.094230
-152   0.095538
-151   0.096876
-150   0.098016
-149   0.099200
-148   0.100254
-147   0.101486
-146   0.102704
-145   0.104056
-144   0.105336
-143   0.106802
-142   0.108274
-141   0.109656
-140   0.110934
-139   0.112322
-138   0.113560
-137   0.114742
-136   0.115924
-135   0.117120
-134   0.118388
-133   0.119700
-132   0.121018
-131   0.122218
-130   0.123516
-129   0.124872
-128   0.126126
-127   0.127326
-126   0.128668
-125   0.129968
-124   0.131392
-123   0.132968
-122   0.134370
-121   0.135750
-120   0.137076
-119   0.138410
-118   0.139866
-117   0.141270
-116   0.142800
-115   0.144288
-114   0.145670
-113   0.146914
-112   0.148240
-111   0.149522
-110   0.150942
-109   0.152308
-108   0.153632
-107   0.155018
-106   0.156440
-105   0.157806
-104   0.159244
-103   0.160624
-102   0.162134
-101   0.163616
-100   0.165192
-99   0.166958
-98   0.168676
-97   0.170550
-96   0.172622
-95   0.174620
-94   0.176584
-93   0.178570
-92   0.180594
-91   0.182804
-90   0.184820
-89   0.186916
-88   0.188912
-87   0.191040
-86   0.193256
-85   0.195372
-84   0.197472
-83   0.199788
-82   0.202058
-81   0.204352
-80   0.206826
-79   0.209262
-78   0.211634
-77   0.214220
-76   0.216578
-75   0.218854
-74   0.221044
-73   0.223480
-72   0.225798
-71   0.228158
-70   0.230558
-69   0.233006
-68   0.235342
-67   0.237674
-66   0.240228
-65   0.242602
-64   0.245134
-63   0.247586
-62   0.249936
-61   0.252226
-60   0.254470
-59   0.256558
-58   0.258748
-57   0.260694
-56   0.262596
-55   0.264584
-54   0.266444
-53   0.268118
-52   0.269746
-51   0.271292
-50   0.272870
-49   0.274600
-48   0.276326
-47   0.278078
-46   0.279878
-45   0.281514
-44   0.283256
-43   0.284944
-42   0.286538
-41   0.288252
-40   0.289966
-39   0.291670
-38   0.293452
-37   0.295208
-36   0.296912
-35   0.298566
-34   0.300262
-33   0.302064
-32   0.303714
-31   0.305304
-30   0.307094
-29   0.308792
-28   0.310514
-27   0.312234
-26   0.313974
-25   0.315874
-24   0.317650
-23   0.319710
-22   0.321926
-21   0.323960
-20   0.325946
-19   0.327930
-18   0.330072
-17   0.332172
-16   0.334382
-15   0.336548
-14   0.338688
-13   0.340872
-12   0.343040
-11   0.345204
-10   0.347480
-9   0.349662
-8   0.351688
-7   0.353832
-6   0.355948
-5   0.357966
-4   0.359962
-3   0.361796
-2   0.363734
-1   0.365438
