0   0.396166
1   0.396156
2   0.396154
3   0.396172
4   0.396186
5   0.396202
6   0.396214
7   0.396184
8   0.396202
9   0.396238
10   0.396314
11   0.396404
12   0.396544
13   0.396584
14   0.396600
15   0.396618
16   0.396680
17   0.396784
18   0.396866
19   0.397042
20   0.397170
21   0.397324
22   0.397452
23   0.397516
24   0.397614
25   0.397710
26   0.397830
27   0.397924
28   0.397978
29   0.398080
30   0.398176
31   0.398248
32   0.398386
33   0.398462
34   0.398654
35   0.398876
36   0.399104
37   0.399390
38   0.399772
39   0.400158
40   0.400602
41   0.401108
42   0.401620
43   0.402112
44   0.402640
45   0.403244
46   0.403858
47   0.404464
48   0.405148
49   0.405808
50   0.406448
51   0.407094
52   0.407680
53   0.408302
54   0.408852
55   0.409498
56   0.410070
57   0.410674
58   0.411196
59   0.411812
60   0.412364
61   0.412776
62   0.413212
63   0.413834
64   0.414382
65   0.415132
66   0.415772
67   0.416378
68   0.416948
69   0.417378
70   0.417822
71   0.418230
72   0.418662
73   0.419116
74   0.419494
75   0.419810
76   0.420124
77   0.420422
78   0.420666
79   0.420812
80   0.420952
81   0.421118
82   0.421144
83   0.421190
84   0.421090
85   0.420922
86   0.420622
87   0.420290
88   0.419912
89   0.419552
90   0.419206
91   0.418882
92   0.418562
93   0.418184
94   0.417826
95   0.417406
96   0.416986
97   0.416562
98   0.416244
99   0.415922
100   0.415514
101   0.414982
102   0.414478
103   0.413922
104   0.413276
105   0.412694
106   0.412196
107   0.411578
108   0.411016
109   0.410478
110   0.409958
111   0.409416
112   0.408752
113   0.408212
114   0.407626
115   0.407166
116   0.406638
117   0.406054
118   0.405508
119   0.404830
120   0.404118
121   0.403440
122   0.402998
123   0.402472
124   0.402044
125   0.401560
126   0.401036
127   0.400544
128   0.400002
129   0.399552
130   0.399086
131   0.398612
132   0.398034
133   0.397498
134   0.396940
135   0.396426
136   0.395958
137   0.395506
138   0.395066
139   0.394544
140   0.394058
141   0.393554
142   0.393020
143   0.392676
144   0.392280
145   0.391786
146   0.391398
147   0.390868
148   0.390394
149   0.389796
150   0.389264
151   0.388642
152   0.388052
153   0.387512
154   0.387052
155   0.386606
156   0.386092
157   0.385512
158   0.384970
159   0.384326
160   0.383704
161   0.383070
162   0.382350
163   0.381620
164   0.380922
165   0.380170
166   0.379438
167   0.378744
168   0.377876
169   0.377030
170   0.376158
171   0.375154
172   0.374188
173   0.373232
174   0.372202
175   0.371174
176   0.370048
177   0.368974
178   0.367760
179   0.366586
180   0.365496
181   0.364218
182   0.362920
183   0.361632
184   0.360204
185   0.358812
186   0.357412
187   0.356256
188   0.355054
189   0.353834
190   0.352648
191   0.351532
192   0.350456
193   0.349354
194   0.348332
195   0.347490
196   0.346688
197   0.345924
198   0.345156
199   0.344318
200   0.343556
201   0.342614
202   0.341860
203   0.340894
204   0.339834
205   0.338810
206   0.337800
207   0.336840
208   0.335876
209   0.334886
210   0.334028
211   0.333188
212   0.332442
213   0.331572
214   0.330754
215   0.329888
216   0.329048
217   0.328240
218   0.327398
219   0.326682
220   0.325948
221   0.325214
222   0.324420
223   0.323642
224   0.322854
225   0.322132
226   0.321280
227   0.320292
228   0.319352
229   0.318492
230   0.317604
231   0.316730
232   0.315908
233   0.315256
234   0.314416
235   0.313632
236   0.312954
237   0.312228
238   0.311512
239   0.310776
240   0.309992
241   0.309232
242   0.308464
243   0.307694
244   0.306920
245   0.306072
246   0.305378
247   0.304588
248   0.303912
249   0.303194
250   0.302534
251   0.302082
252   0.301556
253   0.301032
254   0.300508
255   0.299834
256   0.299218
257   0.298726
258   0.298238
259   0.297898
260   0.297496
261   0.297264
262   0.296928
263   0.296492
264   0.296172
265   0.295816
266   0.295440
267   0.295086
268   0.294644
269   0.294356
270   0.294174
271   0.294012
272   0.294016
273   0.293994
274   0.293928
275   0.293916
276   0.294014
277   0.293986
278   0.293940
279   0.293946
280   0.293940
281   0.293912
282   0.293918
283   0.293752
284   0.293640
285   0.293646
286   0.293658
287   0.293750
288   0.293696
289   0.293594
290   0.293530
291   0.293462
292   0.293378
293   0.293238
294   0.293010
295   0.292794
296   0.292570
297   0.292442
298   0.292278
299   0.292042
300   0.291766
301   0.291570
302   0.291380
303   0.291102
304   0.290884
305   0.290656
306   0.290610
307   0.290300
308   0.290100
309   0.290014
310   0.289936
311   0.289794
312   0.289828
313   0.289808
314   0.289758
315   0.289604
316   0.289434
317   0.289218
318   0.288898
319   0.288614
320   0.288272
321   0.287892
322   0.287692
323   0.287548
324   0.287400
325   0.287430
326   0.287444
327   0.287450
328   0.287368
329   0.287262
330   0.287054
331   0.286940
332   0.286720
333   0.286472
334   0.286280
335   0.286080
336   0.286006
337   0.285744
338   0.285416
339   0.284924
340   0.284534
341   0.284238
342   0.283964
343   0.283856
344   0.283872
345   0.283860
346   0.283970
347   0.284144
348   0.284164
349   0.284102
350   0.284180
351   0.284276
352   0.284276
353   0.284162
354   0.284092
355   0.283998
356   0.283868
357   0.283752
358   0.283622
359   0.283494
360   0.283262
361   0.283086
362   0.282982
363   0.283058
364   0.283034
365   0.283042
366   0.283060
367   0.283000
368   0.283104
369   0.283106
370   0.283118
371   0.283002
372   0.282772
373   0.282576
374   0.282382
375   0.282174
376   0.281954
377   0.281714
378   0.281366
379   0.280904
380   0.280374
381   0.279934
382   0.279396
383   0.278852
384   0.278322
385   0.277716
386   0.277062
387   0.276524
388   0.275986
389   0.275366
390   0.274522
391   0.273656
392   0.272774
393   0.271968
394   0.271194
395   0.270436
396   0.269718
397   0.269000
398   0.268380
399   0.267842
400   0.267224
401   0.266666
402   0.266074
403   0.265506
404   0.264820
405   0.264110
406   0.263212
407   0.262320
408   0.261330
409   0.260446
410   0.259534
411   0.258524
412   0.257488
413   0.256610
414   0.255666
415   0.254574
416   0.253620
417   0.252686
418   0.251754
419   0.250752
420   0.249844
421   0.248994
422   0.248210
423   0.247500
424   0.246728
425   0.245916
426   0.244938
427   0.243982
428   0.242998
429   0.241984
430   0.240900
431   0.239902
432   0.238920
433   0.237956
434   0.236840
435   0.235992
436   0.235284
437   0.234682
438   0.234064
439   0.233524
440   0.232992
441   0.232450
442   0.231826
443   0.231160
444   0.230510
445   0.229876
446   0.229212
447   0.228510
448   0.227886
449   0.227100
450   0.226312
451   0.225534
452   0.224780
453   0.223860
454   0.222968
455   0.222112
456   0.221234
457   0.220444
458   0.219642
459   0.218740
460   0.217870
461   0.217122
462   0.216380
463   0.215616
464   0.214768
465   0.213954
466   0.213216
467   0.212508
468   0.211724
469   0.210914
470   0.210050
471   0.209228
472   0.208348
473   0.207582
474   0.206726
475   0.205818
476   0.204950
477   0.204138
478   0.203360
479   0.202632
480   0.201816
481   0.201046
482   0.200228
483   0.199434
484   0.198612
485   0.197788
486   0.197002
487   0.196248
488   0.195550
489   0.194810
490   0.194048
491   0.193208
492   0.192480
493   0.191822
494   0.191132
495   0.190304
496   0.189500
497   0.188668
498   0.187832
499   0.187028
500   0.186042
-499   0.185056
-498   0.184018
-497   0.182908
-496   0.181952
-495   0.180950
-494   0.180012
-493   0.178928
-492   0.177812
-491   0.176752
-490   0.175604
-489   0.174474
-488   0.173304
-487   0.172056
-486   0.170676
-485   0.169368
-484   0.168126
-483   0.166976
-482   0.165750
-481   0.164522
-480   0.163308
-479   0.162066
-478   0.160752
-477   0.159386
-476   0.157946
-475   0.156456
-474   0.155024
-473   0.153460
-472   0.151924
-471   0.150400
-470   0.148986
-469   0.147554
-468   0.146152
-467   0.144936
-466   0.143656
-465   0.142408
-464   0.141240
-463   0.140140
-462   0.138984
-461   0.137912
-460   0.136810
-459   0.135702
-458   0.134520
-457   0.133462
-456   0.132298
-455   0.131186
-454   0.130054
-453   0.128976
-452   0.127996
-451   0.127020
-450   0.126136
-449   0.125354
-448   0.124540
-447   0.123688
-446   0.122864
-445   0.122206
-444   0.121548
-443   0.120804
-442   0.120082
-441   0.119360
-440   0.118742
-439   0.117982
-438   0.117270
-437   0.116522
-436   0.115566
-435   0.114768
-434   0.113974
-433   0.113116
-432   0.112184
-431   0.111204
-430   0.110182
-429   0.109116
-428   0.107992
-427   0.106860
-426   0.105710
-425   0.104420
-424   0.103034
-423   0.101740
-422   0.100314
-421   0.098870
-420   0.097456
-419   0.096112
-418   0.094822
-417   0.093560
-416   0.092468
-415   0.091364
-414   0.090102
-413   0.088964
-412   0.087936
-411   0.086946
-410   0.085946
-409   0.084984
-408   0.084010
-407   0.083086
-406   0.082330
-405   0.081486
-404   0.080584
-403   0.079524
-402   0.078636
-401   0.077748
-400   0.076812
-399   0.075958
-398   0.075136
-397   0.074314
-396   0.073430
-395   0.072708
-394   0.071986
-393   0.071336
-392   0.070732
-391   0.070072
-390   0.069332
-389   0.068512
-388   0.067624
-387   0.066800
-386   0.066146
-385   0.065648
-384   0.065220
-383   0.064780
-382   0.064208
-381   0.063706
-380   0.063176
-379   0.062670
-378   0.062176
-377   0.061682
-376   0.061168
-375   0.060640
-374   0.060166
-373   0.059754
-372   0.059354
-371   0.058922
-370   0.058610
-369   0.058286
-368   0.058040
-367   0.057568
-366   0.057300
-365   0.057068
-364   0.056814
-363   0.056670
-362   0.056444
-361   0.056164
-360   0.055882
-359   0.055726
-358   0.055768
-357   0.055866
-356   0.055892
-355   0.055936
-354   0.055920
-353   0.055962
-352   0.056068
-351   0.056234
-350   0.056386
-349   0.056640
-348   0.056982
-347   0.057192
-346   0.057524
-345   0.057770
-344   0.058076
-343   0.058368
-342   0.058596
-341   0.058734
-340   0.058942
-339   0.058950
-338   0.059016
-337   0.059000
-336   0.058914
-335   0.058890
-334   0.058730
-333   0.058574
-332   0.058290
-331   0.058040
-330   0.057754
-329   0.057430
-328   0.057198
-327   0.056974
-326   0.056778
-325   0.056466
-324   0.056232
-323   0.055926
-322   0.055720
-321   0.055400
-320   0.055088
-319   0.054860
-318   0.054790
-317   0.054890
-316   0.054804
-315   0.054818
-314   0.054826
-313   0.054870
-312   0.054936
-311   0.054902
-310   0.054824
-309   0.054972
-308   0.055254
-307   0.055558
-306   0.055886
-305   0.056190
-304   0.056606
-303   0.057080
-302   0.057618
-301   0.058232
-300   0.058806
-299   0.059468
-298   0.060004
-297   0.060570
-296   0.061170
-295   0.061916
-294   0.062752
-293   0.063918
-292   0.064858
-291   0.065922
-290   0.066904
-289   0.068024
-288   0.069126
-287   0.070096
-286   0.071384
-285   0.072590
-284   0.073706
-283   0.074824
-282   0.075920
-281   0.076686
-280   0.077162
-279   0.077702
-278   0.078256
-277   0.078656
-276   0.079064
-275   0.079592
-274   0.080156
-273   0.080540
-272   0.080966
-271   0.081360
-270   0.081670
-269   0.082170
-268   0.082390
-267   0.082724
-266   0.082964
-265   0.083090
-264   0.083402
-263   0.083704
-262   0.083968
-261   0.084286
-260   0.084596
-259   0.084786
-258   0.085134
-257   0.085436
-256   0.085976
-255   0.086414
-254   0.086902
-253   0.087258
-252   0.087754
-251   0.088442
-250   0.089050
-249   0.089748
-248   0.090436
-247   0.091108
-246   0.091756
-245   0.092638
-244   0.093528
-243   0.094330
-242   0.095340
-241   0.096170
-240   0.096960
-239   0.097772
-238   0.098632
-237   0.099438
-236   0.100290
-235   0.101046
-234   0.101864
-233   0.102784
-232   0.103654
-231   0.104494
-230   0.105228
-229   0.105982
-228   0.106804
-227   0.107612
-226   0.108230
-225   0.108830
-224   0.109282
-223   0.109936
-222   0.110392
-221   0.110824
-220   0.111220
-219   0.111538
-218   0.111780
-217   0.112072
-216   0.112416
-215   0.112784
-214   0.113060
-213   0.113240
-212   0.113504
-211   0.113848
-210   0.114148
-209   0.114460
-208   0.114886
-207   0.115322
-206   0.115734
-205   0.116168
-204   0.116718
-203   0.117188
-202   0.117786
-201   0.118338
-200   0.119018
-199   0.119598
-198   0.120150
-197   0.120764
-196   0.121308
-195   0.121930
-194   0.122598
-193   0.123218
-192   0.123960
-191   0.124672
-190   0.125494
-189   0.126184
-188   0.126866
-187   0.127536
-186   0.128216
-185   0.128886
-184   0.129656
-183   0.130374
-182   0.131124
-181   0.131874
-180   0.132698
-179   0.133634
-178   0.134596
-177   0.135602
-176   0.136584
-175   0.137718
-174   0.138880
-173   0.140070
-172   0.141368
-171   0.142800
-170   0.143980
-169   0.145122
-168   0.146192
-167   0.147214
-166   0.148146
-165   0.149130
-164   0.150082
-163   0.150970
-162   0.151986
-161   0.152880
-160   0.153706
-159   0.154524
-158   0.155452
-157   0.156460
-156   0.157658
-155   0.158684
-154   0.159770
-153   0.160952
-152   0.162302
-151   0.163598
-150   0.164892
-149   0.166200
-148   0.167588
-147   0.168776
-146   0.169884
-145   0.170918
-144   0.172038
-143   0.173050
-142   0.174028
-141   0.175058
-140   0.176044
-139   0.177172
-138   0.178192
-137   0.179306
-136   0.180504
-135   0.181656
-134   0.182788
-133   0.184034
-132   0.185264
-131   0.186574
-130   0.188012
-129   0.189298
-128   0.190594
-127   0.191798
-126   0.192842
-125   0.193980
-124   0.195256
-123   0.196438
-122   0.197694
-121   0.198858
-120   0.200076
-119   0.201348
-118   0.202590
-117   0.203924
-116   0.205226
-115   0.206460
-114   0.207656
-113   0.208826
-112   0.210104
-111   0.211448
-110   0.212726
-109   0.213910
-108   0.215010
-107   0.216252
-106   0.217418
-105   0.218814
-104   0.220318
-103   0.221742
-102   0.223256
-101   0.224794
-100   0.226218
-99   0.227704
-98   0.229200
-97   0.230822
-96   0.232368
-95   0.233866
-94   0.235416
-93   0.236946
-92   0.238446
-91   0.240120
-90   0.241834
-89   0.243628
-88   0.245268
-87   0.246952
-86   0.248760
-85   0.250740
-84   0.252806
-83   0.254998
-82   0.257158
-81   0.259310
-80   0.261534
-79   0.263598
-78   0.265576
-77   0.267492
-76   0.269394
-75   0.271352
-74   0.273508
-73   0.275466
-72   0.277328
-71   0.279082
-70   0.280884
-69   0.282772
-68   0.284552
-67   0.286418
-66   0.288220
-65   0.290096
-64   0.291900
-63   0.293438
-62   0.295180
-61   0.296920
-60   0.298746
-59   0.300502
-58   0.302208
-57   0.303942
-56   0.305758
-55   0.307570
-54   0.309400
-53   0.311304
-52   0.313124
-51   0.314744
-50   0.316338
-49   0.318000
-48   0.319686
-47   0.321440
-46   0.323098
-45   0.324924
-44   0.326542
-43   0.328176
-42   0.329962
-41   0.331432
-40   0.332978
-39   0.334566
-38   0.336038
-37   0.337550
-36   0.338936
-35   0.340552
-34   0.342194
-33   0.343882
-32   0.345524
-31   0.347038
-30   0.348500
-29   0.350090
-28   0.351608
-27   0.353066
-26   0.354588
-25   0.356054
-24   0.357532
-23   0.359048
-22   0.360564
-21   0.361980
-20   0.363420
-19   0.364916
-18   0.366370
-17   0.367932
-16   0.369646
-15   0.371322
-14   0.372968
-13   0.374758
-12   0.376350
-11   0.378022
-10   0.379746
-9   0.381538
-8   0.383190
-7   0.384910
-6   0.386646
-5   0.388324
-4   0.389912
-3   0.391572
-2   0.393102
-1   0.394644
