r MCS_10 MCS_20 MCS_40 MCS_80 MCS_160 MCS_320 MCS_640 MCS_1280 MCS_2560 MCS_5120 MCS_10240 MCS_20480 MCS_40960 
0   1.000000   1.000000   1.000000   1.000000   1.000000   1.000000   1.000000   1.000000   1.000000   1.000000   1.000000   1.000000   1.000000 
1   0.955600   0.946800   0.949400   0.950800   0.952200   0.950000   0.956400   0.949800   0.952600   0.951400   0.949000   0.950600   0.955000 
2   0.947400   0.937800   0.941800   0.940400   0.942400   0.941600   0.948200   0.938800   0.943800   0.942000   0.940000   0.941000   0.944400 
3   0.937800   0.928200   0.931800   0.930000   0.933800   0.931600   0.938200   0.929400   0.934200   0.931800   0.928800   0.931600   0.934600 
4   0.929800   0.921400   0.923400   0.920800   0.924600   0.921400   0.929200   0.918000   0.924600   0.920800   0.917600   0.922400   0.926000 
5   0.922200   0.914400   0.915600   0.911400   0.915600   0.913000   0.920200   0.908600   0.915200   0.910600   0.907200   0.913200   0.916800 
6   0.914400   0.906600   0.907400   0.902800   0.907000   0.904200   0.912000   0.898200   0.906400   0.899400   0.897600   0.904400   0.906800 
7   0.906200   0.899800   0.899400   0.894600   0.898400   0.894200   0.902800   0.888000   0.896200   0.889000   0.887000   0.895600   0.896600 
8   0.897200   0.891000   0.891600   0.886200   0.889000   0.884800   0.894200   0.877800   0.886000   0.878000   0.876400   0.885400   0.887000 
9   0.890200   0.883200   0.883000   0.878200   0.879400   0.875600   0.885600   0.867600   0.877200   0.866800   0.866400   0.877200   0.877600 
10   0.882200   0.876400   0.874800   0.869800   0.872000   0.866600   0.876800   0.856400   0.867800   0.856000   0.855600   0.869200   0.867200 
11   0.875600   0.869000   0.867200   0.861600   0.863000   0.857400   0.869200   0.846600   0.859000   0.846200   0.846400   0.861000   0.858200 
12   0.867200   0.861200   0.859000   0.853800   0.853600   0.849600   0.861000   0.836400   0.849600   0.835600   0.835800   0.852800   0.848600 
13   0.859400   0.854200   0.851600   0.845000   0.845000   0.840000   0.853200   0.827200   0.840600   0.824800   0.826000   0.844400   0.840000 
14   0.851800   0.845800   0.844400   0.837800   0.836000   0.830600   0.845200   0.817800   0.831400   0.814600   0.817400   0.837000   0.830600 
15   0.843800   0.837600   0.837200   0.829400   0.827600   0.821600   0.837000   0.808000   0.822000   0.804200   0.808000   0.828800   0.821400 
16   0.837200   0.831200   0.830000   0.822200   0.819200   0.813000   0.828600   0.799400   0.812800   0.794000   0.798600   0.820800   0.811600 
17   0.829600   0.823400   0.823200   0.814000   0.810800   0.804600   0.820800   0.790200   0.804200   0.783600   0.789800   0.812400   0.802400 
18   0.822000   0.815600   0.816400   0.806200   0.803000   0.795600   0.813400   0.782200   0.795400   0.773600   0.781400   0.805000   0.793600 
19   0.815400   0.807800   0.809800   0.798200   0.794400   0.787600   0.805000   0.771800   0.787000   0.764000   0.773000   0.797600   0.783800 
20   0.807800   0.799800   0.802400   0.789800   0.786400   0.779000   0.797200   0.763600   0.778400   0.755000   0.764200   0.790200   0.774400 
21   0.801200   0.794000   0.795800   0.781800   0.778200   0.769800   0.790400   0.755400   0.769800   0.745600   0.756600   0.783000   0.764600 
22   0.793800   0.786800   0.788800   0.773400   0.769800   0.762200   0.782000   0.746800   0.761000   0.737200   0.748600   0.776400   0.754600 
23   0.787000   0.779600   0.781400   0.766400   0.761800   0.755600   0.775000   0.738200   0.751600   0.727600   0.739800   0.769600   0.746200 
24   0.779000   0.771600   0.774400   0.758800   0.755200   0.746800   0.767200   0.730400   0.742400   0.718000   0.732000   0.763200   0.737600 
25   0.772800   0.765200   0.767200   0.751400   0.747000   0.739400   0.760200   0.723200   0.734200   0.709000   0.723200   0.757200   0.728800 
26   0.765200   0.757600   0.759600   0.744400   0.739400   0.731000   0.753000   0.716200   0.725400   0.700400   0.715200   0.750400   0.720400 
27   0.758000   0.750800   0.753200   0.736600   0.732400   0.723600   0.745200   0.708800   0.717200   0.692000   0.706800   0.743200   0.711600 
28   0.751200   0.743000   0.745200   0.729400   0.724600   0.715400   0.737400   0.701000   0.708600   0.683000   0.698200   0.736600   0.702400 
29   0.744400   0.735800   0.738400   0.723200   0.716400   0.707000   0.729800   0.694400   0.700000   0.674200   0.691200   0.730200   0.694800 
30   0.737200   0.729200   0.731800   0.716000   0.709000   0.698400   0.722800   0.687600   0.691400   0.665400   0.683600   0.724200   0.686200 
31   0.729600   0.722600   0.724400   0.709800   0.701400   0.691600   0.715400   0.680200   0.684000   0.656200   0.677200   0.717400   0.678200 
32   0.722800   0.716200   0.717400   0.702200   0.694400   0.684200   0.708000   0.674000   0.675800   0.647800   0.669800   0.711400   0.671400 
33   0.716000   0.709400   0.711600   0.695600   0.687200   0.677000   0.700400   0.668400   0.667600   0.639200   0.662800   0.704800   0.663600 
34   0.709000   0.703000   0.704800   0.689000   0.679800   0.668600   0.693200   0.661200   0.659800   0.631200   0.655600   0.699600   0.656200 
35   0.702200   0.696000   0.698200   0.682200   0.672200   0.661000   0.686000   0.654400   0.652200   0.622000   0.649200   0.692400   0.648400 
36   0.695000   0.689200   0.692000   0.675000   0.664600   0.654400   0.679200   0.647800   0.643600   0.613600   0.642600   0.687000   0.641000 
37   0.689200   0.683200   0.685000   0.667800   0.657000   0.647800   0.672800   0.641800   0.636000   0.605600   0.635200   0.680800   0.633600 
38   0.683000   0.677400   0.677800   0.661000   0.650200   0.640400   0.666000   0.635400   0.628600   0.597400   0.628200   0.674600   0.627000 
39   0.676400   0.670800   0.670600   0.654400   0.643800   0.633200   0.660200   0.629800   0.621200   0.589400   0.621000   0.669400   0.621000 
40   0.670000   0.664000   0.663800   0.648000   0.636600   0.626600   0.652800   0.623400   0.613200   0.581800   0.615000   0.662400   0.613400 
41   0.663400   0.657000   0.656800   0.641600   0.629800   0.619800   0.646400   0.617600   0.605600   0.574000   0.608200   0.657800   0.606600 
42   0.657400   0.650200   0.649800   0.635000   0.623600   0.613800   0.639200   0.611600   0.597600   0.566400   0.602200   0.651000   0.599800 
43   0.650200   0.644400   0.643600   0.628200   0.618200   0.606600   0.632600   0.605400   0.591000   0.558800   0.596600   0.644600   0.593400 
44   0.644200   0.637200   0.636400   0.621800   0.611400   0.600400   0.626000   0.599000   0.583400   0.551000   0.589600   0.639000   0.587200 
45   0.638400   0.630600   0.630200   0.615200   0.605800   0.594200   0.619200   0.593200   0.575400   0.544000   0.583600   0.633200   0.579800 
46   0.632200   0.623800   0.622800   0.608800   0.598800   0.587000   0.612400   0.586000   0.568600   0.536800   0.577600   0.627000   0.572800 
47   0.625600   0.617800   0.615800   0.602800   0.592800   0.580000   0.605800   0.580000   0.560200   0.529200   0.571800   0.620800   0.566800 
48   0.618600   0.611200   0.609400   0.596800   0.587200   0.573600   0.599000   0.574200   0.553400   0.522000   0.566200   0.615600   0.559400 
49   0.612400   0.605000   0.603200   0.589400   0.581600   0.567600   0.592400   0.567600   0.546600   0.514800   0.561000   0.609200   0.552800 
50   0.605800   0.597600   0.596600   0.583200   0.575600   0.561200   0.586800   0.562200   0.539200   0.507400   0.555800   0.603800   0.546400 
51   0.599800   0.591200   0.590600   0.576400   0.569000   0.554600   0.580000   0.556600   0.533400   0.501000   0.551200   0.599200   0.539600 
52   0.593800   0.584600   0.584400   0.569600   0.563200   0.549000   0.574200   0.550200   0.526200   0.494400   0.545600   0.593200   0.532800 
53   0.586600   0.578200   0.577200   0.562800   0.558000   0.542200   0.569000   0.544400   0.520000   0.487000   0.540200   0.588600   0.525400 
54   0.580000   0.571800   0.571800   0.556200   0.552200   0.536000   0.562600   0.538800   0.512800   0.480600   0.536400   0.583000   0.518200 
55   0.573800   0.565600   0.565400   0.550200   0.546000   0.529800   0.556200   0.533400   0.506600   0.474200   0.532200   0.579400   0.512000 
56   0.567400   0.559600   0.558200   0.544200   0.541200   0.524400   0.549800   0.528400   0.500000   0.468200   0.527800   0.575000   0.506000 
57   0.560800   0.552600   0.553800   0.537800   0.535000   0.517800   0.544400   0.523000   0.494200   0.461000   0.523600   0.569000   0.499400 
58   0.554400   0.547000   0.546600   0.531600   0.529600   0.511400   0.537400   0.517600   0.487400   0.455200   0.519400   0.565200   0.492400 
59   0.548800   0.541000   0.540400   0.525000   0.523400   0.505800   0.531600   0.513600   0.481600   0.448400   0.515400   0.561000   0.486000 
60   0.542600   0.535600   0.533600   0.518600   0.517400   0.499600   0.525400   0.508200   0.475200   0.442400   0.511400   0.557400   0.480200 
61   0.536400   0.528600   0.527400   0.512200   0.512000   0.493800   0.519600   0.503400   0.469600   0.437000   0.506800   0.552600   0.472800 
62   0.529800   0.522800   0.520600   0.507000   0.506000   0.488600   0.513800   0.498800   0.463200   0.432400   0.503200   0.548600   0.466200 
63   0.523200   0.516600   0.514800   0.500800   0.501400   0.482600   0.507800   0.494200   0.457200   0.426800   0.498400   0.544000   0.459800 
64   0.516600   0.510800   0.508600   0.493800   0.495000   0.477400   0.502400   0.488800   0.451200   0.422200   0.494600   0.540000   0.453800 
65   0.510400   0.505200   0.502400   0.487600   0.489800   0.471800   0.496400   0.484800   0.445600   0.417600   0.490400   0.536000   0.447800 
66   0.504200   0.499600   0.496400   0.481800   0.484000   0.467200   0.491000   0.480000   0.439600   0.412800   0.486200   0.532000   0.442200 
67   0.497800   0.494400   0.490000   0.475200   0.479000   0.462600   0.485600   0.476000   0.432800   0.407600   0.482800   0.527600   0.437000 
68   0.492000   0.488000   0.484000   0.469000   0.473400   0.458200   0.479600   0.472400   0.427600   0.403200   0.479200   0.522400   0.431400 
69   0.485400   0.481600   0.478400   0.462200   0.468400   0.453200   0.474000   0.467400   0.421000   0.398200   0.475000   0.518400   0.426000 
70   0.479600   0.475400   0.472600   0.456600   0.462800   0.448000   0.468200   0.463000   0.415000   0.394200   0.472000   0.514600   0.420200 
71   0.473600   0.469800   0.467200   0.451000   0.457000   0.444200   0.462800   0.458400   0.409800   0.390000   0.469000   0.509800   0.415200 
72   0.468200   0.465000   0.462000   0.445400   0.451600   0.439400   0.458200   0.455800   0.403800   0.386000   0.465200   0.505800   0.410200 
73   0.462600   0.458800   0.457000   0.439200   0.446200   0.434400   0.452600   0.450800   0.398400   0.382200   0.461600   0.502200   0.403800 
74   0.456800   0.453000   0.451400   0.433200   0.440800   0.429000   0.448600   0.446800   0.392000   0.379000   0.458800   0.498600   0.398600 
75   0.451000   0.446800   0.445600   0.427600   0.436000   0.424400   0.443000   0.442600   0.387000   0.375800   0.454200   0.494000   0.393000 
76   0.445400   0.441800   0.440400   0.421600   0.431000   0.419600   0.438800   0.437600   0.381400   0.371800   0.451400   0.491000   0.388400 
77   0.439600   0.436600   0.434400   0.416600   0.426000   0.415600   0.433600   0.433400   0.376800   0.368400   0.448000   0.486400   0.383200 
78   0.434000   0.430200   0.428600   0.410600   0.421400   0.410600   0.429600   0.430000   0.371200   0.365600   0.444800   0.481800   0.377800 
79   0.428600   0.424800   0.422800   0.404000   0.416200   0.406200   0.424800   0.425400   0.365800   0.361600   0.441200   0.478000   0.372600 
80   0.423400   0.420000   0.417000   0.399000   0.411200   0.401200   0.420400   0.421600   0.360600   0.357600   0.438000   0.474400   0.368000 
81   0.418600   0.414000   0.411800   0.392400   0.406400   0.397000   0.415000   0.417400   0.355800   0.355000   0.434800   0.470200   0.363200 
82   0.413600   0.409200   0.406400   0.386400   0.401200   0.392600   0.410600   0.413000   0.349400   0.351400   0.430600   0.466000   0.358600 
83   0.408600   0.404400   0.401200   0.381000   0.396400   0.388400   0.405600   0.409200   0.344800   0.347800   0.427400   0.461800   0.353800 
84   0.402800   0.399800   0.396000   0.374400   0.391400   0.383400   0.401000   0.405200   0.340000   0.344200   0.424600   0.458000   0.348800 
85   0.397400   0.394200   0.391200   0.368800   0.386000   0.379400   0.396000   0.400800   0.335200   0.340600   0.420600   0.454200   0.344200 
86   0.392800   0.389200   0.385600   0.362800   0.381200   0.374600   0.392000   0.396800   0.330600   0.337000   0.419000   0.450200   0.339800 
87   0.387400   0.385000   0.380000   0.357400   0.377000   0.370400   0.387400   0.392600   0.325600   0.333600   0.415800   0.446600   0.335000 
88   0.383000   0.380200   0.375000   0.351200   0.372400   0.365800   0.383400   0.388200   0.320800   0.330200   0.412200   0.443200   0.330800 
89   0.378400   0.376000   0.370400   0.345800   0.367600   0.361600   0.379200   0.384600   0.316000   0.326600   0.408200   0.438800   0.326000 
90   0.373000   0.370800   0.365600   0.339200   0.362800   0.356800   0.375200   0.380200   0.312200   0.322800   0.404400   0.435200   0.322600 
91   0.368000   0.365400   0.361000   0.334800   0.357000   0.353200   0.371400   0.375800   0.307000   0.320200   0.400800   0.431200   0.318200 
92   0.363200   0.360200   0.356200   0.329000   0.351600   0.348800   0.367400   0.370800   0.303000   0.316600   0.397800   0.427600   0.313800 
93   0.358600   0.355600   0.350800   0.324200   0.346600   0.344400   0.364000   0.366400   0.297800   0.313200   0.394800   0.423200   0.309400 
94   0.354200   0.351400   0.346200   0.319400   0.341400   0.340000   0.359400   0.362400   0.293200   0.308800   0.391000   0.420000   0.305800 
95   0.349400   0.346200   0.341200   0.314200   0.335200   0.335800   0.355000   0.358000   0.288800   0.306000   0.388000   0.416600   0.302000 
96   0.345400   0.341600   0.336200   0.309600   0.330000   0.332200   0.351200   0.353400   0.285000   0.302600   0.384200   0.412800   0.298200 
97   0.341200   0.338200   0.331400   0.304600   0.324600   0.328200   0.347000   0.349800   0.281000   0.299600   0.381400   0.409000   0.294400 
98   0.336600   0.333000   0.327600   0.299400   0.320200   0.323800   0.343200   0.346200   0.276800   0.295800   0.377000   0.405400   0.290400 
99   0.332000   0.328800   0.323000   0.294000   0.315600   0.319800   0.339000   0.342200   0.272800   0.292600   0.372600   0.402200   0.286200 
100   0.328400   0.324800   0.318600   0.288800   0.310200   0.315600   0.335200   0.339000   0.268200   0.290000   0.368800   0.398800   0.282800 
101   0.324600   0.320000   0.315000   0.283800   0.305200   0.311400   0.330600   0.335200   0.264200   0.286000   0.365800   0.395600   0.278600 
102   0.320000   0.315200   0.309400   0.279400   0.300200   0.306400   0.327000   0.331200   0.260800   0.283000   0.361400   0.391800   0.274800 
103   0.315800   0.310800   0.306000   0.274600   0.295200   0.302200   0.322600   0.328200   0.257800   0.279800   0.357600   0.389800   0.270800 
104   0.311000   0.306200   0.302200   0.270200   0.291600   0.298600   0.318400   0.324400   0.253200   0.276800   0.354000   0.386000   0.266400 
105   0.307400   0.302200   0.298200   0.265600   0.286400   0.293800   0.314600   0.320800   0.249600   0.273200   0.349600   0.383200   0.263000 
106   0.302600   0.297600   0.294000   0.262400   0.282000   0.290000   0.310200   0.317600   0.246000   0.270200   0.345200   0.379800   0.259800 
107   0.298200   0.293200   0.290400   0.259000   0.276800   0.285000   0.306800   0.313200   0.242200   0.266600   0.341400   0.376400   0.257600 
108   0.294200   0.289400   0.285600   0.254600   0.271400   0.281000   0.302400   0.309800   0.239000   0.262600   0.337400   0.374400   0.253600 
109   0.290200   0.285600   0.282400   0.251200   0.266200   0.276200   0.298200   0.306200   0.234400   0.259000   0.332800   0.371000   0.250600 
110   0.286600   0.281800   0.277600   0.248000   0.261200   0.272000   0.294400   0.302600   0.231000   0.256200   0.329000   0.367600   0.247600 
111   0.282800   0.277600   0.273600   0.244800   0.256400   0.267800   0.291000   0.298800   0.226800   0.253400   0.324400   0.364200   0.245000 
112   0.278000   0.273200   0.269600   0.240800   0.251800   0.263600   0.286000   0.294200   0.223600   0.249600   0.319800   0.361000   0.242800 
113   0.273800   0.269800   0.265200   0.236600   0.247200   0.259200   0.281800   0.290800   0.219400   0.246200   0.316400   0.359000   0.240000 
114   0.270400   0.266400   0.262400   0.233000   0.241800   0.254800   0.278400   0.288200   0.216000   0.242200   0.311800   0.355800   0.236800 
115   0.267000   0.262200   0.258600   0.229800   0.237000   0.250600   0.274000   0.285000   0.212200   0.239200   0.307800   0.353800   0.234200 
116   0.262600   0.259000   0.254600   0.226800   0.231800   0.246800   0.270800   0.281800   0.208600   0.235600   0.303400   0.351400   0.230800 
117   0.259200   0.256200   0.250400   0.223600   0.227600   0.241800   0.267600   0.279000   0.204800   0.232800   0.300600   0.349000   0.227800 
118   0.255200   0.252000   0.247000   0.219800   0.224000   0.238200   0.264000   0.275600   0.201800   0.229800   0.297800   0.346600   0.224000 
119   0.251400   0.248600   0.242800   0.216600   0.219600   0.233600   0.260800   0.271600   0.197200   0.227400   0.295000   0.344600   0.221000 
120   0.248200   0.244800   0.239400   0.213200   0.214200   0.230400   0.257400   0.268000   0.193600   0.223600   0.291200   0.342600   0.218600 
121   0.244200   0.240600   0.235800   0.209800   0.210800   0.225800   0.254000   0.264200   0.190000   0.220800   0.289000   0.340600   0.215600 
122   0.240000   0.236600   0.232800   0.206800   0.205600   0.222400   0.250200   0.261800   0.186600   0.217800   0.285400   0.337800   0.212400 
123   0.235800   0.233200   0.229200   0.203600   0.201000   0.219200   0.246400   0.258000   0.183800   0.214800   0.283000   0.335400   0.209000 
124   0.232800   0.230400   0.225200   0.200000   0.196800   0.215400   0.243400   0.255000   0.180800   0.213600   0.280600   0.333800   0.206600 
125   0.227800   0.226000   0.221800   0.196600   0.192800   0.210600   0.239600   0.251000   0.178200   0.210400   0.278400   0.332000   0.203800 
126   0.224400   0.223000   0.218200   0.194400   0.188800   0.207600   0.236000   0.247800   0.174400   0.208200   0.275800   0.329400   0.201400 
127   0.220800   0.219600   0.215000   0.191800   0.184200   0.203400   0.233200   0.245200   0.171800   0.206000   0.273800   0.326800   0.198600 
128   0.217000   0.216000   0.211800   0.188400   0.180400   0.199800   0.230400   0.241400   0.169800   0.203600   0.272400   0.324800   0.195600 
129   0.213000   0.211800   0.208000   0.185400   0.176400   0.196200   0.227000   0.238600   0.166800   0.201400   0.269600   0.323200   0.192600 
130   0.209200   0.208400   0.203800   0.183000   0.173000   0.192000   0.225200   0.234400   0.164400   0.198800   0.267800   0.321000   0.190800 
131   0.205600   0.204600   0.201000   0.180000   0.169400   0.187400   0.221000   0.231600   0.161200   0.196400   0.265400   0.318800   0.187600 
132   0.201400   0.201400   0.197800   0.177000   0.165200   0.184400   0.218400   0.227600   0.158800   0.194000   0.263400   0.316800   0.184800 
133   0.197600   0.197800   0.194400   0.173600   0.161800   0.180400   0.214000   0.224000   0.155800   0.191600   0.261400   0.315200   0.183600 
134   0.194200   0.194000   0.190000   0.170200   0.158600   0.176000   0.211400   0.220800   0.153400   0.188400   0.258600   0.313000   0.180800 
135   0.190600   0.190600   0.187000   0.167200   0.155200   0.172200   0.208200   0.217600   0.151600   0.185800   0.256400   0.310600   0.178200 
136   0.186800   0.187800   0.183400   0.163400   0.152000   0.168000   0.204200   0.214800   0.148800   0.182400   0.254600   0.308800   0.175000 
137   0.183800   0.184400   0.179400   0.159400   0.148000   0.164400   0.200600   0.212200   0.146800   0.179200   0.251800   0.306400   0.172400 
138   0.180600   0.181000   0.176200   0.155600   0.145200   0.160800   0.197000   0.209000   0.144400   0.177400   0.249400   0.304400   0.170000 
139   0.176800   0.178000   0.173200   0.152200   0.141600   0.157000   0.193400   0.206800   0.141800   0.174400   0.246400   0.302800   0.167200 
140   0.173000   0.174800   0.169200   0.149000   0.138000   0.153800   0.189200   0.203600   0.139800   0.171200   0.244600   0.300400   0.164600 
141   0.168800   0.171000   0.165200   0.145200   0.134400   0.150200   0.185600   0.201400   0.137600   0.168600   0.242400   0.298400   0.161800 
142   0.165200   0.167200   0.162000   0.141400   0.131000   0.145800   0.181400   0.198200   0.135400   0.166200   0.240000   0.296600   0.158800 
143   0.162000   0.163800   0.158800   0.138000   0.128000   0.143000   0.178000   0.196000   0.133200   0.163200   0.238600   0.295000   0.155600 
144   0.158200   0.160400   0.155800   0.134200   0.125800   0.138400   0.174600   0.193800   0.132000   0.160400   0.236800   0.293200   0.152400 
145   0.155000   0.157400   0.152400   0.130600   0.122200   0.135400   0.171400   0.190200   0.130200   0.158000   0.234000   0.291800   0.149200 
146   0.151200   0.153400   0.149600   0.127400   0.119800   0.132000   0.167600   0.187600   0.129800   0.155400   0.232800   0.289800   0.145600 
147   0.148000   0.150000   0.146600   0.123200   0.116000   0.127800   0.163400   0.185000   0.127600   0.152400   0.230200   0.288600   0.142000 
148   0.144800   0.147400   0.142800   0.119800   0.113400   0.125000   0.160000   0.181000   0.125600   0.149600   0.229000   0.286800   0.138400 
149   0.141400   0.143000   0.140200   0.116200   0.110400   0.121600   0.156600   0.177800   0.124000   0.147600   0.227000   0.285200   0.136000 
150   0.138000   0.139200   0.137000   0.113000   0.107200   0.118200   0.153000   0.174200   0.122200   0.144800   0.224400   0.283200   0.133200 
151   0.135200   0.135600   0.133400   0.109600   0.104800   0.115000   0.149400   0.170000   0.120400   0.142600   0.222200   0.280600   0.130400 
152   0.131400   0.132000   0.130800   0.106400   0.101800   0.112600   0.145600   0.166800   0.118000   0.139800   0.220200   0.278400   0.127000 
153   0.127600   0.128400   0.127600   0.102800   0.098800   0.108000   0.142600   0.162000   0.116600   0.136800   0.217800   0.276200   0.124600 
154   0.124800   0.124800   0.124800   0.099400   0.095800   0.104400   0.139000   0.159600   0.114800   0.134800   0.215400   0.273800   0.121600 
155   0.121000   0.121800   0.121600   0.096400   0.093600   0.101200   0.136200   0.156000   0.113600   0.131800   0.214600   0.272000   0.118200 
156   0.118200   0.118800   0.117800   0.093800   0.090400   0.098200   0.133800   0.152800   0.111200   0.129200   0.211200   0.270400   0.115600 
157   0.114600   0.115800   0.115000   0.090000   0.088000   0.094000   0.130000   0.148800   0.109400   0.127600   0.209800   0.267800   0.111800 
158   0.111800   0.112600   0.112000   0.086400   0.084600   0.090400   0.127000   0.145200   0.107800   0.124400   0.207000   0.265800   0.108600 
159   0.108400   0.109400   0.108600   0.083400   0.082400   0.087000   0.123800   0.142200   0.105800   0.122200   0.203600   0.263600   0.106000 
160   0.104800   0.106200   0.105400   0.081000   0.079600   0.084000   0.120200   0.138800   0.104400   0.119000   0.201200   0.262400   0.102800 
161   0.101400   0.104000   0.103200   0.078800   0.075600   0.079800   0.117600   0.135600   0.102600   0.117000   0.198600   0.259600   0.099200 
162   0.099000   0.101000   0.100000   0.075800   0.074000   0.077000   0.114000   0.131200   0.099800   0.114600   0.196600   0.258200   0.095400 
163   0.095800   0.098400   0.097800   0.073800   0.071600   0.074200   0.110800   0.128400   0.098600   0.112800   0.194800   0.256600   0.091800 
164   0.092400   0.094400   0.095200   0.070800   0.068800   0.070800   0.108000   0.125400   0.096400   0.110400   0.192800   0.255600   0.088000 
165   0.089800   0.091400   0.092000   0.068800   0.066200   0.066800   0.103800   0.122200   0.095000   0.107800   0.190200   0.253600   0.084600 
166   0.088800   0.089000   0.090400   0.066800   0.063200   0.064000   0.101000   0.118600   0.093000   0.104800   0.188000   0.252400   0.081400 
167   0.085400   0.086200   0.087600   0.064000   0.061200   0.060600   0.097600   0.116000   0.091600   0.104200   0.186200   0.250400   0.077400 
168   0.082800   0.083400   0.086000   0.062000   0.058600   0.058000   0.094800   0.113200   0.090600   0.101200   0.183400   0.248800   0.074000 
169   0.080400   0.080200   0.083000   0.059400   0.055400   0.054800   0.091200   0.110400   0.089400   0.099200   0.180400   0.247000   0.071200 
170   0.078000   0.078000   0.080400   0.057800   0.052600   0.051000   0.088800   0.107000   0.086800   0.096400   0.179200   0.245600   0.066800 
171   0.074600   0.074400   0.078200   0.055800   0.049400   0.048000   0.085600   0.104000   0.086600   0.094600   0.176800   0.243600   0.062800 
172   0.072000   0.071800   0.075200   0.053200   0.046000   0.045200   0.082600   0.101000   0.084600   0.093200   0.175000   0.241400   0.059600 
173   0.068400   0.068600   0.072400   0.050400   0.043800   0.042800   0.080000   0.099200   0.082400   0.090200   0.171800   0.239800   0.055800 
174   0.065000   0.066400   0.070000   0.048800   0.041400   0.039800   0.077600   0.095800   0.081000   0.088200   0.169800   0.238400   0.052800 
175   0.062400   0.063600   0.067200   0.046200   0.038800   0.036600   0.074200   0.093400   0.079800   0.086800   0.166800   0.237400   0.049800 
176   0.059200   0.060800   0.064400   0.044200   0.036200   0.035000   0.072400   0.092400   0.078800   0.084800   0.164600   0.235600   0.046200 
177   0.055800   0.058600   0.061600   0.041600   0.033800   0.031400   0.069400   0.089400   0.076400   0.082800   0.163400   0.234200   0.042600 
178   0.052400   0.054800   0.059200   0.039600   0.032000   0.029200   0.067400   0.088600   0.075400   0.080400   0.162000   0.232600   0.039600 
179   0.049800   0.053200   0.057200   0.038000   0.030400   0.026400   0.065000   0.086000   0.073600   0.078200   0.160600   0.230000   0.036200 
180   0.047800   0.051200   0.055000   0.035800   0.028800   0.023800   0.063200   0.084600   0.073000   0.076400   0.158800   0.229000   0.033400 
181   0.044600   0.047800   0.052600   0.033400   0.026600   0.021800   0.059800   0.081600   0.071000   0.074200   0.156800   0.227400   0.029800 
182   0.042200   0.044800   0.050400   0.031600   0.025200   0.019200   0.057600   0.080400   0.069800   0.071800   0.154800   0.224600   0.027400 
183   0.039000   0.042200   0.047800   0.030200   0.023600   0.016600   0.054200   0.078400   0.069600   0.069800   0.152000   0.222800   0.025000 
184   0.036800   0.040000   0.045400   0.027400   0.021800   0.014000   0.052200   0.076800   0.067600   0.068000   0.149800   0.221200   0.022000 
185   0.034200   0.037400   0.043600   0.024600   0.019400   0.011200   0.049400   0.074200   0.066600   0.065200   0.147600   0.219600   0.019200 
186   0.030400   0.034600   0.040600   0.022400   0.017200   0.008400   0.046400   0.072400   0.065200   0.063600   0.144400   0.217800   0.016600 
187   0.027800   0.032200   0.038200   0.020600   0.016200   0.005600   0.044400   0.071800   0.063400   0.062600   0.143200   0.216400   0.014400 
188   0.025400   0.029200   0.036200   0.018000   0.014200   0.003600   0.040600   0.070200   0.063800   0.060400   0.140600   0.215200   0.010800 
189   0.023000   0.026400   0.034000   0.016200   0.012400   0.002200   0.038600   0.069000   0.063000   0.059200   0.138400   0.214000   0.009400 
190   0.020600   0.024000   0.031600   0.014600   0.010400  -0.001000   0.035400   0.067400   0.062200   0.057600   0.136000   0.212600   0.006200 
191   0.018600   0.021400   0.029400   0.013600   0.008600  -0.002600   0.033400   0.065200   0.060800   0.056200   0.134600   0.211000   0.004200 
192   0.016000   0.018800   0.026200   0.010800   0.006600  -0.005000   0.030800   0.064000   0.060000   0.055600   0.132000   0.209400   0.002600 
193   0.013600   0.016000   0.023800   0.010000   0.005000  -0.007200   0.028800   0.062400   0.059400   0.053600   0.130200   0.206800   0.000800 
194   0.011400   0.014200   0.021400   0.007800   0.003800  -0.008000   0.027000   0.061000   0.058600   0.052000   0.127800   0.206400  -0.001400 
195   0.009600   0.012000   0.020200   0.006200   0.001600  -0.010200   0.025400   0.059200   0.057400   0.050600   0.125800   0.204600  -0.003800 
196   0.008000   0.008400   0.017400   0.004000   0.000200  -0.012400   0.022800   0.056800   0.055800   0.049000   0.123200   0.203800  -0.006200 
197   0.005800   0.007000   0.014600   0.003000  -0.001200  -0.014000   0.021200   0.054800   0.055200   0.048000   0.120800   0.202200  -0.008000 
198   0.004000   0.004200   0.014000   0.000200  -0.002600  -0.015200   0.019200   0.052800   0.053800   0.046600   0.119200   0.200000  -0.009400 
199   0.001800   0.002200   0.011400  -0.001400  -0.003800  -0.017200   0.017800   0.051800   0.052600   0.045800   0.118200   0.198600  -0.011600 
200  -0.000200  -0.000400   0.009600  -0.003200  -0.005600  -0.018400   0.016600   0.050000   0.051400   0.044800   0.115800   0.197200  -0.014200 
201  -0.002200  -0.002800   0.007400  -0.004600  -0.007000  -0.019400   0.014200   0.048600   0.049800   0.044400   0.114400   0.196600  -0.016400 
202  -0.004400  -0.004600   0.006400  -0.006000  -0.008000  -0.020800   0.012600   0.047600   0.048400   0.043800   0.112800   0.194400  -0.018000 
203  -0.005800  -0.007400   0.004800  -0.007400  -0.009600  -0.022400   0.010800   0.046400   0.046600   0.042400   0.110800   0.194000  -0.019800 
204  -0.008200  -0.009600   0.003000  -0.008200  -0.011000  -0.023000   0.009600   0.044400   0.045600   0.042000   0.109200   0.192600  -0.021000 
205  -0.009800  -0.011600   0.001200  -0.008800  -0.012400  -0.024400   0.007400   0.043200   0.044400   0.041000   0.106800   0.191000  -0.022000 
206  -0.012000  -0.013200  -0.000800  -0.009200  -0.013600  -0.025400   0.005200   0.042400   0.042600   0.040200   0.104200   0.189200  -0.024200 
207  -0.013800  -0.014800  -0.002400  -0.011200  -0.015400  -0.026000   0.003600   0.041600   0.040800   0.038800   0.102200   0.187600  -0.024400 
208  -0.015600  -0.016200  -0.004000  -0.012400  -0.016800  -0.026800   0.002800   0.039400   0.039600   0.038800   0.098400   0.185600  -0.025400 
209  -0.017400  -0.018400  -0.005600  -0.013800  -0.017200  -0.027600   0.001400   0.037800   0.037800   0.038800   0.096800   0.183400  -0.025200 
210  -0.019000  -0.019600  -0.007000  -0.014800  -0.018600  -0.028600  -0.000000   0.037000   0.036000   0.038000   0.095800   0.181800  -0.025800 
211  -0.021400  -0.022200  -0.007800  -0.015600  -0.019600  -0.028600  -0.001400   0.035200   0.034800   0.038600   0.094400   0.180200  -0.026000 
212  -0.023400  -0.023000  -0.009400  -0.016000  -0.021200  -0.029800  -0.002600   0.033800   0.033400   0.038000   0.093000   0.179000  -0.026000 
213  -0.025200  -0.025000  -0.010800  -0.016400  -0.021800  -0.030000  -0.004600   0.032400   0.031800   0.036600   0.091200   0.177800  -0.026800 
214  -0.026800  -0.025600  -0.012600  -0.016200  -0.023000  -0.030800  -0.006000   0.031000   0.030600   0.036200   0.090000   0.175800  -0.026800 
215  -0.027800  -0.026800  -0.014600  -0.017000  -0.024400  -0.031400  -0.007400   0.028600   0.029800   0.035000   0.087800   0.173800  -0.027400 
216  -0.030000  -0.028600  -0.015400  -0.017800  -0.026400  -0.032200  -0.008000   0.026200   0.028800   0.035000   0.086200   0.172000  -0.028000 
217  -0.031200  -0.029400  -0.017000  -0.018200  -0.027200  -0.032600  -0.008200   0.023000   0.027400   0.034200   0.084800   0.171200  -0.028200 
218  -0.032200  -0.030200  -0.016800  -0.019400  -0.028400  -0.033000  -0.009200   0.020600   0.026400   0.033600   0.083200   0.169000  -0.028400 
219  -0.034400  -0.031000  -0.019000  -0.020800  -0.029200  -0.034000  -0.010200   0.019600   0.025000   0.033000   0.081000   0.167600  -0.029400 
220  -0.036000  -0.032800  -0.020400  -0.021200  -0.029800  -0.034200  -0.010400   0.018000   0.024400   0.033200   0.081000   0.166400  -0.030000 
221  -0.037600  -0.034000  -0.021000  -0.021600  -0.030600  -0.035600  -0.010400   0.015200   0.023200   0.033000   0.081400   0.165000  -0.030000 
222  -0.039200  -0.036000  -0.022600  -0.022800  -0.031600  -0.036200  -0.011200   0.014000   0.022000   0.033000   0.081200   0.163600  -0.030400 
223  -0.040800  -0.037400  -0.023000  -0.023400  -0.032400  -0.036400  -0.012400   0.011400   0.021400   0.032600   0.080400   0.162600  -0.031000 
224  -0.043000  -0.038400  -0.024000  -0.024800  -0.033600  -0.037400  -0.014000   0.009800   0.020000   0.032800   0.080600   0.161600  -0.030800 
225  -0.044000  -0.039200  -0.024800  -0.025200  -0.034000  -0.037400  -0.015000   0.007800   0.018600   0.032600   0.080600   0.159200  -0.030600 
226  -0.045200  -0.040600  -0.026800  -0.025800  -0.033800  -0.038600  -0.016200   0.006400   0.018400   0.033200   0.080000   0.157600  -0.030800 
227  -0.045400  -0.042000  -0.028400  -0.026000  -0.035200  -0.039600  -0.016000   0.004400   0.017600   0.033000   0.078800   0.156600  -0.030600 
228  -0.047600  -0.042600  -0.030000  -0.026800  -0.035400  -0.040000  -0.018400   0.003000   0.015800   0.033200   0.079200   0.155200  -0.031000 
229  -0.048400  -0.044200  -0.031400  -0.026600  -0.035600  -0.040600  -0.018200   0.001600   0.015800   0.033800   0.078400   0.154200  -0.031600 
230  -0.049400  -0.045400  -0.032400  -0.027000  -0.035600  -0.041400  -0.019400   0.000000   0.013800   0.033400   0.077400   0.153000  -0.031200 
231  -0.049200  -0.046800  -0.033000  -0.027600  -0.035000  -0.042200  -0.019800  -0.002400   0.013200   0.034000   0.077200   0.151000  -0.031800 
232  -0.049400  -0.046800  -0.034200  -0.028400  -0.034800  -0.042600  -0.020800  -0.002800   0.011600   0.033600   0.077000   0.149600  -0.033000 
233  -0.050600  -0.047400  -0.034600  -0.028600  -0.035000  -0.044000  -0.020800  -0.003800   0.010600   0.033600   0.076400   0.147800  -0.034400 
234  -0.051200  -0.048600  -0.035200  -0.029200  -0.034800  -0.044600  -0.021800  -0.004400   0.008800   0.033000   0.076600   0.147000  -0.034400 
235  -0.051600  -0.048600  -0.036000  -0.030200  -0.035200  -0.045600  -0.022200  -0.006200   0.008000   0.032200   0.075800   0.145400  -0.035200 
236  -0.052600  -0.049400  -0.036400  -0.030800  -0.035600  -0.047000  -0.023000  -0.006800   0.007600   0.031600   0.075200   0.144000  -0.035800 
237  -0.054200  -0.049800  -0.037400  -0.030600  -0.035400  -0.047600  -0.023200  -0.007800   0.006600   0.031200   0.073800   0.143200  -0.036800 
238  -0.054400  -0.051400  -0.037400  -0.031000  -0.035600  -0.048400  -0.024000  -0.008000   0.006400   0.032200   0.073600   0.141600  -0.036800 
239  -0.054600  -0.052000  -0.036800  -0.031400  -0.035200  -0.050000  -0.025400  -0.008800   0.006000   0.031600   0.072600   0.140800  -0.036400 
240  -0.055000  -0.052400  -0.036200  -0.032400  -0.034400  -0.050400  -0.026000  -0.010000   0.005200   0.031000   0.072000   0.140400  -0.037200 
241  -0.055000  -0.053000  -0.035000  -0.033200  -0.034600  -0.052000  -0.026600  -0.010600   0.004600   0.031400   0.071400   0.138800  -0.038200 
242  -0.055000  -0.053600  -0.034400  -0.034600  -0.035200  -0.052800  -0.027400  -0.011200   0.004400   0.031200   0.070600   0.138800  -0.038200 
243  -0.055400  -0.055000  -0.034400  -0.035400  -0.033800  -0.053400  -0.028600  -0.011800   0.003600   0.030400   0.069200   0.137000  -0.037800 
244  -0.055800  -0.056400  -0.035000  -0.035600  -0.034400  -0.054600  -0.029200  -0.012600   0.002600   0.029800   0.068200   0.135600  -0.037800 
245  -0.055600  -0.056800  -0.035600  -0.036200  -0.034600  -0.055800  -0.030200  -0.012800   0.002000   0.028800   0.066400   0.134600  -0.038600 
246  -0.055400  -0.057400  -0.036600  -0.035200  -0.033800  -0.056000  -0.031000  -0.013600   0.001000   0.027200   0.064600   0.133400  -0.039400 
247  -0.055400  -0.057800  -0.036600  -0.036200  -0.034400  -0.057000  -0.031800  -0.014200   0.000200   0.025800   0.064000   0.133000  -0.041000 
248  -0.056200  -0.058000  -0.037000  -0.036000  -0.034200  -0.057600  -0.032800  -0.014800   0.000400   0.024600   0.062200   0.131200  -0.041200 
249  -0.056800  -0.058800  -0.037000  -0.036400  -0.034800  -0.058400  -0.033800  -0.015800  -0.000400   0.022600   0.060800   0.130000  -0.042600 
250  -0.056600  -0.059000  -0.037200  -0.036200  -0.035000  -0.058600  -0.034800  -0.017200  -0.000400   0.021000   0.059400   0.129800  -0.042000 
251  -0.057400  -0.058600  -0.036600  -0.035600  -0.034400  -0.059400  -0.036200  -0.016400  -0.000600   0.019600   0.056800   0.129800  -0.043600 
252  -0.057600  -0.058800  -0.036600  -0.035800  -0.034400  -0.059800  -0.037800  -0.017000  -0.000600   0.017800   0.055200   0.129200  -0.044200 
253  -0.057600  -0.058200  -0.036400  -0.036000  -0.035000  -0.060400  -0.037400  -0.017200  -0.000800   0.016000   0.054400   0.128600  -0.044400 
254  -0.057600  -0.058400  -0.036200  -0.035800  -0.035200  -0.060800  -0.038400  -0.018000  -0.000200   0.014000   0.052600   0.128200  -0.045600 
255  -0.057400  -0.058800  -0.036400  -0.036400  -0.034600  -0.062200  -0.039000  -0.020000  -0.000800   0.012400   0.050800   0.127800  -0.046400 
256  -0.057200  -0.058600  -0.037400  -0.036000  -0.035400  -0.062400  -0.039600  -0.021400  -0.000200   0.011200   0.049600   0.126400  -0.046400 
257  -0.057400  -0.058200  -0.036800  -0.036000  -0.035800  -0.062800  -0.040400  -0.023000  -0.000600   0.009000   0.048400   0.125200  -0.047200 
258  -0.057000  -0.058600  -0.036800  -0.036400  -0.034000  -0.063600  -0.040800  -0.023400  -0.000800   0.007200   0.046800   0.124000  -0.047200 
259  -0.056600  -0.058200  -0.036800  -0.037000  -0.034200  -0.065200  -0.040800  -0.025200  -0.000200   0.005000   0.045200   0.122000  -0.047200 
260  -0.057000  -0.058600  -0.036400  -0.037600  -0.034200  -0.065800  -0.041600  -0.027200  -0.001600   0.004200   0.043000   0.120200  -0.046800 
261  -0.057800  -0.059600  -0.035200  -0.038000  -0.033600  -0.066800  -0.041600  -0.028000  -0.000600   0.003000   0.041200   0.119400  -0.047200 
262  -0.058400  -0.059400  -0.036000  -0.038200  -0.033000  -0.067200  -0.042000  -0.029400  -0.001000   0.001600   0.040000   0.117200  -0.047200 
263  -0.058600  -0.059600  -0.036000  -0.038200  -0.033800  -0.067600  -0.042400  -0.029600   0.000000   0.000400   0.037000   0.115600  -0.048400 
264  -0.059000  -0.059600  -0.035600  -0.038000  -0.033400  -0.068000  -0.043200  -0.029600   0.000200  -0.000400   0.036400   0.114200  -0.048800 
265  -0.059200  -0.060000  -0.037000  -0.038600  -0.033000  -0.068600  -0.042800  -0.030600  -0.000800  -0.001800   0.034400   0.113000  -0.049400 
266  -0.059400  -0.059800  -0.036800  -0.039400  -0.033000  -0.069400  -0.043200  -0.031000   0.000000  -0.003200   0.033400   0.111800  -0.049800 
267  -0.060000  -0.059800  -0.037200  -0.038800  -0.032200  -0.069000  -0.043400  -0.030600  -0.000200  -0.004800   0.032000   0.110200  -0.049400 
268  -0.060800  -0.060800  -0.037800  -0.038800  -0.031800  -0.069800  -0.043600  -0.031400  -0.000000  -0.006000   0.030200   0.109200  -0.050200 
269  -0.061400  -0.061600  -0.038200  -0.038600  -0.031400  -0.070000  -0.043600  -0.032200   0.000600  -0.007400   0.028600   0.107200  -0.049000 
270  -0.061800  -0.062400  -0.039000  -0.038000  -0.030400  -0.070400  -0.044400  -0.032600   0.000600  -0.009000   0.026600   0.105400  -0.049200 
271  -0.061400  -0.062800  -0.039200  -0.037600  -0.031200  -0.070400  -0.044800  -0.033200   0.001200  -0.010200   0.024400   0.103600  -0.048400 
272  -0.061600  -0.062800  -0.040200  -0.037800  -0.030400  -0.071200  -0.044800  -0.033200   0.001000  -0.011800   0.023000   0.102000  -0.047800 
273  -0.061800  -0.064000  -0.041400  -0.038200  -0.030400  -0.071200  -0.044400  -0.033800   0.000800  -0.012000   0.022600   0.100800  -0.047400 
274  -0.062600  -0.064400  -0.042600  -0.038200  -0.029400  -0.071800  -0.044400  -0.034400   0.001000  -0.013800   0.021000   0.098800  -0.047000 
275  -0.063400  -0.065400  -0.042400  -0.038000  -0.029400  -0.071400  -0.044600  -0.035200   0.001800  -0.015200   0.021400   0.097000  -0.046800 
276  -0.064200  -0.065400  -0.043600  -0.037800  -0.028200  -0.071200  -0.044400  -0.035800   0.002000  -0.016400   0.020800   0.095600  -0.046800 
277  -0.063600  -0.065600  -0.043600  -0.038000  -0.027800  -0.071800  -0.045000  -0.037000   0.002200  -0.017600   0.019800   0.094600  -0.046800 
278  -0.064000  -0.066000  -0.043800  -0.037600  -0.028600  -0.071200  -0.045400  -0.037600   0.002400  -0.019800   0.020400   0.093200  -0.046200 
279  -0.064400  -0.066200  -0.044800  -0.039000  -0.029200  -0.071600  -0.045600  -0.039200   0.003400  -0.020400   0.020200   0.092200  -0.046400 
280  -0.064800  -0.066600  -0.045800  -0.039000  -0.029400  -0.071400  -0.045800  -0.040600   0.003400  -0.021400   0.020400   0.090600  -0.046200 
281  -0.065600  -0.067800  -0.047600  -0.039600  -0.030000  -0.072000  -0.045800  -0.041400   0.004000  -0.022600   0.019400   0.089400  -0.046000 
282  -0.065200  -0.068800  -0.047600  -0.039800  -0.029600  -0.071600  -0.045800  -0.042000   0.005000  -0.023800   0.019000   0.087200  -0.046400 
283  -0.065000  -0.068200  -0.049800  -0.040800  -0.030000  -0.071600  -0.045600  -0.042600   0.006200  -0.024600   0.019200   0.086600  -0.046400 
284  -0.065800  -0.068200  -0.050000  -0.041800  -0.030000  -0.071800  -0.045200  -0.042400   0.007000  -0.026800   0.018600   0.084800  -0.046000 
285  -0.065600  -0.069600  -0.051400  -0.041200  -0.031200  -0.071400  -0.044800  -0.043400   0.008000  -0.027800   0.018800   0.083000  -0.046200 
286  -0.066400  -0.069400  -0.052200  -0.041800  -0.031200  -0.071800  -0.044800  -0.043600   0.009400  -0.028200   0.018400   0.080600  -0.046600 
287  -0.066800  -0.070600  -0.053800  -0.042200  -0.032000  -0.071600  -0.044600  -0.043400   0.010000  -0.028800   0.018200   0.078600  -0.046200 
288  -0.068200  -0.071200  -0.054200  -0.043600  -0.032200  -0.070400  -0.045600  -0.043800   0.010800  -0.028400   0.018000   0.076800  -0.046400 
289  -0.069000  -0.072400  -0.054400  -0.044400  -0.032000  -0.069800  -0.045400  -0.045000   0.012000  -0.029800   0.016600   0.074400  -0.046400 
290  -0.069600  -0.073200  -0.055600  -0.046000  -0.032600  -0.069800  -0.045600  -0.045600   0.012400  -0.030200   0.016400   0.073000  -0.046000 
291  -0.070200  -0.074200  -0.056800  -0.046600  -0.033000  -0.069200  -0.045400  -0.045200   0.013600  -0.030000   0.016800   0.072200  -0.045200 
292  -0.071000  -0.075200  -0.058000  -0.047200  -0.033600  -0.067600  -0.045400  -0.045400   0.014600  -0.030000   0.015600   0.071000  -0.045400 
293  -0.072000  -0.075600  -0.058200  -0.047600  -0.033800  -0.067600  -0.045800  -0.045000   0.015800  -0.030200   0.015400   0.069800  -0.045000 
294  -0.073200  -0.075800  -0.060200  -0.048000  -0.034000  -0.066800  -0.045600  -0.045800   0.016600  -0.031000   0.014600   0.068000  -0.044400 
295  -0.073600  -0.076400  -0.060800  -0.049200  -0.034200  -0.066000  -0.045800  -0.046400   0.017600  -0.031200   0.014000   0.067800  -0.043600 
296  -0.074000  -0.076600  -0.061200  -0.049200  -0.035400  -0.066200  -0.046400  -0.046800   0.018800  -0.030600   0.013400   0.066800  -0.043200 
297  -0.074000  -0.076400  -0.061600  -0.050600  -0.036000  -0.065000  -0.046000  -0.046400   0.019600  -0.031600   0.012800   0.064800  -0.043600 
298  -0.075400  -0.077400  -0.062000  -0.052200  -0.036400  -0.064600  -0.046000  -0.047600   0.020000  -0.031400   0.012400   0.063600  -0.043000 
299  -0.076000  -0.078600  -0.063000  -0.052800  -0.036800  -0.064000  -0.046200  -0.048200   0.021400  -0.031000   0.011600   0.063200  -0.043200 
300  -0.077200  -0.079000  -0.065000  -0.053800  -0.037800  -0.064200  -0.046400  -0.048000   0.022000  -0.031200   0.011600   0.061600  -0.043600 
301  -0.076600  -0.079400  -0.064800  -0.054400  -0.037800  -0.063600  -0.045600  -0.048800   0.022600  -0.030600   0.010400   0.059600  -0.043800 
302  -0.077200  -0.080400  -0.066400  -0.055200  -0.038200  -0.062600  -0.045800  -0.050200   0.024200  -0.030400   0.010000   0.058600  -0.043000 
303  -0.077400  -0.080000  -0.067200  -0.057200  -0.038400  -0.063000  -0.045000  -0.051200   0.024800  -0.030200   0.008600   0.056800  -0.043400 
304  -0.078000  -0.080000  -0.068000  -0.058000  -0.039600  -0.063000  -0.044000  -0.051600   0.025600  -0.029800   0.008800   0.055000  -0.043000 
305  -0.078200  -0.080200  -0.068800  -0.059800  -0.039600  -0.062400  -0.044200  -0.051800   0.026600  -0.029200   0.007400   0.053600  -0.043000 
306  -0.078000  -0.080800  -0.069200  -0.061600  -0.040000  -0.062600  -0.044000  -0.052800   0.027600  -0.028600   0.007800   0.052600  -0.042800 
307  -0.077800  -0.081400  -0.070200  -0.063000  -0.040200  -0.062600  -0.043600  -0.053200   0.028800  -0.028200   0.007000   0.050800  -0.042400 
308  -0.077800  -0.080800  -0.070600  -0.063800  -0.040600  -0.062400  -0.043400  -0.054200   0.030000  -0.028000   0.006600   0.049200  -0.042000 
309  -0.078200  -0.081600  -0.071400  -0.065200  -0.041200  -0.063000  -0.042800  -0.054600   0.030800  -0.027600   0.006600   0.047000  -0.042000 
310  -0.078400  -0.080800  -0.072000  -0.066400  -0.041200  -0.062600  -0.043200  -0.056000   0.032000  -0.026800   0.006800   0.046400  -0.040600 
311  -0.078000  -0.081600  -0.073200  -0.067000  -0.041600  -0.062600  -0.042800  -0.057600   0.032000  -0.026400   0.007200   0.045200  -0.041200 
312  -0.077800  -0.081000  -0.073600  -0.067200  -0.042000  -0.062200  -0.042600  -0.058800   0.033000  -0.026600   0.007000   0.044200  -0.041200 
313  -0.078000  -0.080600  -0.074200  -0.069000  -0.041800  -0.063200  -0.042600  -0.061200   0.034000  -0.026800   0.007000   0.042400  -0.041400 
314  -0.078000  -0.080400  -0.074600  -0.070000  -0.042000  -0.063200  -0.042200  -0.063000   0.034600  -0.026600   0.007000   0.042000  -0.040600 
315  -0.078200  -0.080400  -0.074400  -0.071200  -0.042600  -0.063400  -0.041400  -0.065000   0.035600  -0.026000   0.007800   0.039600  -0.040600 
316  -0.078200  -0.080800  -0.074800  -0.072200  -0.044200  -0.064200  -0.041400  -0.066200   0.036600  -0.025800   0.008000   0.038600  -0.039800 
317  -0.078200  -0.080800  -0.074600  -0.072200  -0.044400  -0.063800  -0.040400  -0.066800   0.037200  -0.025400   0.007800   0.037200  -0.039200 
318  -0.078200  -0.081000  -0.075600  -0.071000  -0.043600  -0.064200  -0.040600  -0.068200   0.038200  -0.025200   0.008400   0.035400  -0.039400 
319  -0.077200  -0.081200  -0.075200  -0.071400  -0.043600  -0.064400  -0.039200  -0.070200   0.037800  -0.025200   0.008800   0.033600  -0.039400 
320  -0.076400  -0.081000  -0.075000  -0.070800  -0.043200  -0.064600  -0.039400  -0.072400   0.038400  -0.025600   0.009200   0.031800  -0.039200 
321  -0.075600  -0.079800  -0.074200  -0.070800  -0.042400  -0.064200  -0.038800  -0.073200   0.038200  -0.025400   0.010200   0.029800  -0.039200 
322  -0.075200  -0.080600  -0.074800  -0.069400  -0.043600  -0.065400  -0.039000  -0.074600   0.037600  -0.023800   0.011000   0.027600  -0.039000 
323  -0.074800  -0.080400  -0.074400  -0.068600  -0.042800  -0.065800  -0.038200  -0.075400   0.037000  -0.024200   0.011800   0.025800  -0.038200 
324  -0.074200  -0.080600  -0.074000  -0.067600  -0.043000  -0.065400  -0.037600  -0.077800   0.037000  -0.024000   0.013000   0.023600  -0.038400 
325  -0.073600  -0.081600  -0.073800  -0.067000  -0.043000  -0.065400  -0.038000  -0.078000   0.036600  -0.023800   0.014200   0.021400  -0.037400 
326  -0.073800  -0.081200  -0.073000  -0.065800  -0.042600  -0.066400  -0.037800  -0.078600   0.035600  -0.024200   0.015000   0.019400  -0.038000 
327  -0.072600  -0.080600  -0.072600  -0.066000  -0.043000  -0.066800  -0.037400  -0.080000   0.035600  -0.023000   0.016800   0.017400  -0.037000 
328  -0.072600  -0.080800  -0.071600  -0.065600  -0.042800  -0.067600  -0.036600  -0.080000   0.035000  -0.023200   0.017800   0.014600  -0.036000 
329  -0.071800  -0.081000  -0.072400  -0.065000  -0.043200  -0.067200  -0.036600  -0.081000   0.034800  -0.022800   0.018600   0.012800  -0.035000 
330  -0.072000  -0.079800  -0.071200  -0.064800  -0.042400  -0.067800  -0.035800  -0.081600   0.034600  -0.021600   0.020000   0.011000  -0.034400 
331  -0.072400  -0.080200  -0.070800  -0.064800  -0.043000  -0.068000  -0.035200  -0.081800   0.034000  -0.021000   0.022200   0.009000  -0.034800 
332  -0.071600  -0.078800  -0.069800  -0.064600  -0.042600  -0.069000  -0.033800  -0.082000   0.033800  -0.020400   0.023200   0.007800  -0.033800 
333  -0.071200  -0.079000  -0.069000  -0.064400  -0.041800  -0.069600  -0.032600  -0.082600   0.032400  -0.020400   0.024800   0.005800  -0.033400 
334  -0.071400  -0.078200  -0.067600  -0.063800  -0.042400  -0.070000  -0.032000  -0.083600   0.032600  -0.019400   0.027200   0.003600  -0.032600 
335  -0.071000  -0.077200  -0.067600  -0.062000  -0.042200  -0.070600  -0.031800  -0.083800   0.032400  -0.018400   0.028200   0.001800  -0.032600 
336  -0.070800  -0.076600  -0.066800  -0.061000  -0.042600  -0.071000  -0.030600  -0.084600   0.031800  -0.017800   0.028800   0.001000  -0.032800 
337  -0.069800  -0.076800  -0.066200  -0.060600  -0.042000  -0.070800  -0.030200  -0.085200   0.031000  -0.017000   0.030200  -0.000600  -0.031400 
338  -0.070400  -0.077000  -0.065400  -0.059400  -0.042000  -0.070800  -0.029600  -0.086000   0.030800  -0.016000   0.032200  -0.001600  -0.030800 
339  -0.070600  -0.075800  -0.065400  -0.059000  -0.042600  -0.069600  -0.029400  -0.086000   0.029200  -0.016000   0.032800  -0.003200  -0.030400 
340  -0.070400  -0.076000  -0.065000  -0.056600  -0.042800  -0.070000  -0.028400  -0.086800   0.029400  -0.015400   0.034400  -0.004200  -0.030200 
341  -0.070400  -0.076800  -0.064600  -0.056000  -0.043200  -0.068600  -0.028600  -0.088000   0.028200  -0.015000   0.034600  -0.005200  -0.029600 
342  -0.070000  -0.075400  -0.065000  -0.054600  -0.043800  -0.068200  -0.028000  -0.088800   0.028800  -0.014400   0.036200  -0.005800  -0.027600 
343  -0.070200  -0.075400  -0.064800  -0.054000  -0.044200  -0.067200  -0.028200  -0.089800   0.028200  -0.013800   0.037000  -0.006000  -0.027200 
344  -0.070600  -0.074600  -0.064800  -0.053600  -0.044400  -0.066000  -0.028000  -0.089800   0.028200  -0.012800   0.037200  -0.007400  -0.025800 
345  -0.070000  -0.074800  -0.064400  -0.053400  -0.044200  -0.065600  -0.027200  -0.090400   0.027600  -0.012000   0.038800  -0.007600  -0.025000 
346  -0.069200  -0.073400  -0.064000  -0.052800  -0.045200  -0.064400  -0.027400  -0.091200   0.027400  -0.011800   0.040200  -0.009200  -0.023400 
347  -0.068800  -0.073600  -0.064000  -0.052400  -0.045400  -0.064000  -0.027400  -0.091800   0.026600  -0.011400   0.041800  -0.009600  -0.022400 
348  -0.069000  -0.073400  -0.064000  -0.052200  -0.045600  -0.063200  -0.026600  -0.091800   0.025600  -0.010800   0.042200  -0.011000  -0.021000 
349  -0.069200  -0.073800  -0.063000  -0.050800  -0.045800  -0.062200  -0.027400  -0.092000   0.024400  -0.010600   0.043800  -0.012600  -0.021200 
350  -0.069400  -0.073800  -0.062800  -0.050000  -0.046200  -0.061400  -0.027600  -0.092000   0.023000  -0.010000   0.045000  -0.013400  -0.020000 
351  -0.069600  -0.072400  -0.063000  -0.050600  -0.046200  -0.060800  -0.027800  -0.091400   0.022200  -0.009200   0.046800  -0.014600  -0.019000 
352  -0.069400  -0.072800  -0.063400  -0.049800  -0.046400  -0.060600  -0.028800  -0.091600   0.021600  -0.008800   0.047600  -0.015800  -0.017600 
353  -0.070000  -0.071200  -0.062400  -0.051000  -0.046200  -0.060400  -0.028800  -0.092200   0.020800  -0.007800   0.048800  -0.016800  -0.015800 
354  -0.069000  -0.071800  -0.062800  -0.050200  -0.045600  -0.059800  -0.029800  -0.092000   0.020800  -0.007200   0.049600  -0.017200  -0.015400 
355  -0.068600  -0.071200  -0.062000  -0.050800  -0.046400  -0.058600  -0.029400  -0.092600   0.020400  -0.007200   0.050200  -0.018000  -0.013400 
356  -0.068000  -0.071200  -0.062200  -0.050600  -0.046200  -0.058600  -0.030200  -0.092200   0.020400  -0.006800   0.051200  -0.019000  -0.012400 
357  -0.068800  -0.070800  -0.061600  -0.052000  -0.045400  -0.058000  -0.030400  -0.092800   0.020200  -0.006400   0.052000  -0.020400  -0.011600 
358  -0.068200  -0.070600  -0.061400  -0.051200  -0.045200  -0.058200  -0.030600  -0.093600   0.019000  -0.006000   0.052200  -0.020800  -0.010400 
359  -0.068400  -0.071800  -0.062200  -0.051000  -0.045000  -0.057800  -0.031000  -0.094200   0.018800  -0.006600   0.054200  -0.021600  -0.009200 
360  -0.068000  -0.071200  -0.062000  -0.050200  -0.045400  -0.056800  -0.031600  -0.094800   0.018200  -0.005400   0.055200  -0.022600  -0.008600 
361  -0.067800  -0.071400  -0.062400  -0.050400  -0.045600  -0.056600  -0.031400  -0.095000   0.017800  -0.005200   0.056400  -0.023000  -0.007200 
362  -0.067000  -0.071200  -0.062600  -0.051000  -0.045400  -0.055800  -0.032600  -0.095400   0.016800  -0.004000   0.056600  -0.024200  -0.006400 
363  -0.066800  -0.070400  -0.061800  -0.050800  -0.046400  -0.055000  -0.032600  -0.096200   0.016600  -0.004200   0.057600  -0.025400  -0.005000 
364  -0.066000  -0.071600  -0.061600  -0.050000  -0.046800  -0.054600  -0.032800  -0.097000   0.015800  -0.004000   0.057800  -0.026200  -0.003400 
365  -0.066200  -0.072000  -0.061800  -0.049400  -0.048200  -0.054000  -0.032800  -0.097200   0.015400  -0.003600   0.058400  -0.027400  -0.002200 
366  -0.066000  -0.072000  -0.061800  -0.048800  -0.049600  -0.053000  -0.034400  -0.098000   0.014800  -0.003400   0.059800  -0.028600  -0.001800 
367  -0.066000  -0.071800  -0.061400  -0.047400  -0.049200  -0.051800  -0.033800  -0.098200   0.014600  -0.002600   0.060800  -0.029800  -0.000600 
368  -0.066400  -0.071000  -0.061600  -0.046200  -0.049400  -0.051200  -0.034600  -0.098600   0.013800  -0.002000   0.062000  -0.030800   0.000400 
369  -0.066800  -0.072600  -0.061600  -0.045600  -0.049400  -0.051200  -0.035000  -0.099200   0.013800  -0.001000   0.063000  -0.032000   0.001600 
370  -0.066200  -0.073200  -0.061200  -0.044800  -0.050200  -0.051200  -0.035400  -0.099200   0.013000  -0.000400   0.064000  -0.033400   0.001800 
371  -0.066600  -0.072600  -0.060600  -0.044200  -0.050600  -0.050200  -0.035400  -0.100200   0.012800   0.000400   0.065200  -0.034800   0.002200 
372  -0.066400  -0.074400  -0.060600  -0.043400  -0.052400  -0.050800  -0.034400  -0.100400   0.011600   0.001000   0.066400  -0.035600   0.003800 
373  -0.066400  -0.074800  -0.061000  -0.043200  -0.052800  -0.050600  -0.034600  -0.101000   0.011600   0.002200   0.066800  -0.036400   0.004800 
374  -0.065800  -0.075000  -0.061400  -0.042200  -0.052600  -0.050600  -0.034200  -0.101400   0.009800   0.001800   0.067200  -0.037600   0.005200 
375  -0.066000  -0.074800  -0.060400  -0.042200  -0.053000  -0.050200  -0.034800  -0.101800   0.008800   0.002200   0.067800  -0.039000   0.005600 
376  -0.065800  -0.074400  -0.061200  -0.041600  -0.054800  -0.050400  -0.033800  -0.102200   0.007600   0.003000   0.068800  -0.039400   0.007400 
377  -0.066200  -0.074600  -0.061600  -0.041200  -0.055000  -0.049800  -0.033400  -0.103000   0.006600   0.003400   0.070200  -0.040400   0.007600 
378  -0.066000  -0.074400  -0.062000  -0.041000  -0.055200  -0.049400  -0.033000  -0.103400   0.005200   0.003800   0.071400  -0.041400   0.008200 
379  -0.065800  -0.074200  -0.062000  -0.041000  -0.056400  -0.049800  -0.033000  -0.103200   0.004000   0.003800   0.072400  -0.041200   0.007200 
380  -0.065800  -0.074000  -0.062200  -0.041400  -0.056600  -0.050000  -0.033000  -0.103600   0.002600   0.004400   0.073400  -0.041400   0.008000 
381  -0.066200  -0.074000  -0.062600  -0.041200  -0.057600  -0.049800  -0.032600  -0.103800   0.001200   0.004000   0.075400  -0.042000   0.008000 
382  -0.067000  -0.074600  -0.062800  -0.042200  -0.058400  -0.050200  -0.031600  -0.103800  -0.000400   0.003400   0.076000  -0.043000   0.007200 
383  -0.067000  -0.075000  -0.063000  -0.042000  -0.058200  -0.049600  -0.031000  -0.104000  -0.001800   0.003600   0.077000  -0.043600   0.007200 
384  -0.068000  -0.074400  -0.064000  -0.042200  -0.059000  -0.049000  -0.030200  -0.103200  -0.004200   0.003200   0.078000  -0.043600   0.007000 
385  -0.067600  -0.074800  -0.064600  -0.043000  -0.060200  -0.049200  -0.030000  -0.103600  -0.006000   0.002800   0.078200  -0.043800   0.006200 
386  -0.069000  -0.075000  -0.065600  -0.042600  -0.060800  -0.048600  -0.029400  -0.103200  -0.007200   0.003000   0.079200  -0.043800   0.006200 
387  -0.069000  -0.075000  -0.065000  -0.042800  -0.060800  -0.048600  -0.028800  -0.102200  -0.008000   0.002600   0.079400  -0.043800   0.005600 
388  -0.068800  -0.076000  -0.065000  -0.042400  -0.061200  -0.048800  -0.028600  -0.102600  -0.010200   0.002200   0.080200  -0.043800   0.005200 
389  -0.069200  -0.075600  -0.065600  -0.042400  -0.062000  -0.048000  -0.027600  -0.102200  -0.011600   0.002200   0.080200  -0.044200   0.004400 
390  -0.070000  -0.076000  -0.065800  -0.043000  -0.062200  -0.048400  -0.027200  -0.100600  -0.013400   0.002800   0.081200  -0.044200   0.004200 
391  -0.071000  -0.077200  -0.066600  -0.044000  -0.062200  -0.048000  -0.026800  -0.101000  -0.015600   0.001800   0.082000  -0.043400   0.004400 
392  -0.071600  -0.077000  -0.066400  -0.043600  -0.063000  -0.048000  -0.027200  -0.101000  -0.017000   0.002600   0.083200  -0.044400   0.004200 
393  -0.071800  -0.077800  -0.067400  -0.043200  -0.062800  -0.047200  -0.026800  -0.099600  -0.019000   0.002200   0.083400  -0.044400   0.004000 
394  -0.073800  -0.077200  -0.067600  -0.044400  -0.064000  -0.047400  -0.027000  -0.100000  -0.020800   0.003200   0.084400  -0.044600   0.004000 
395  -0.074600  -0.078400  -0.068000  -0.044800  -0.064000  -0.047400  -0.026600  -0.099200  -0.022000   0.002800   0.084800  -0.044200   0.002800 
396  -0.075000  -0.079800  -0.068600  -0.044800  -0.064800  -0.047600  -0.026600  -0.099200  -0.022800   0.003600   0.085200  -0.044400   0.003000 
397  -0.075600  -0.080000  -0.069200  -0.045400  -0.066000  -0.047400  -0.025400  -0.098000  -0.024600   0.004000   0.085600  -0.044800   0.003200 
398  -0.076600  -0.081000  -0.068600  -0.046000  -0.066600  -0.048400  -0.024800  -0.099000  -0.026000   0.004600   0.086600  -0.044000   0.002200 
399  -0.077800  -0.081200  -0.069800  -0.046600  -0.067600  -0.048200  -0.024200  -0.098400  -0.027200   0.004600   0.086600  -0.044000   0.002600 
400  -0.078000  -0.082200  -0.070000  -0.046200  -0.068200  -0.049000  -0.023400  -0.098200  -0.029000   0.004800   0.087600  -0.044400   0.002200 
401  -0.078800  -0.082000  -0.071400  -0.046800  -0.069000  -0.049400  -0.022000  -0.098400  -0.030000   0.006000   0.087800  -0.044000   0.002800 
402  -0.079000  -0.083000  -0.071600  -0.047800  -0.068800  -0.050400  -0.021800  -0.097400  -0.032600   0.006000   0.089000  -0.043400   0.002800 
403  -0.079800  -0.084000  -0.073400  -0.048200  -0.069000  -0.051600  -0.021000  -0.097200  -0.033800   0.006000   0.089600  -0.044200   0.002600 
404  -0.080400  -0.084000  -0.073600  -0.048600  -0.070600  -0.053200  -0.019600  -0.096800  -0.035800   0.006600   0.090000  -0.044400   0.003000 
405  -0.081400  -0.084400  -0.074800  -0.049200  -0.070000  -0.052400  -0.019800  -0.096000  -0.036200   0.006800   0.090800  -0.043800   0.002600 
406  -0.082000  -0.085200  -0.075200  -0.049200  -0.071000  -0.053200  -0.019200  -0.096000  -0.038400   0.007800   0.090600  -0.044000   0.002800 
407  -0.082800  -0.085200  -0.076600  -0.050200  -0.070600  -0.054200  -0.018600  -0.096400  -0.039000   0.008600   0.089800  -0.044000   0.003000 
408  -0.083800  -0.085600  -0.078000  -0.050600  -0.070400  -0.054400  -0.018400  -0.096000  -0.041000   0.008600   0.090200  -0.044800   0.002400 
409  -0.083400  -0.086200  -0.078200  -0.051600  -0.070400  -0.054400  -0.018200  -0.096800  -0.041600   0.009600   0.090000  -0.044000   0.002200 
410  -0.084000  -0.087000  -0.078600  -0.052400  -0.070200  -0.055000  -0.018400  -0.096400  -0.043000   0.009600   0.089400  -0.043800   0.001200 
411  -0.084000  -0.087200  -0.078600  -0.053600  -0.070000  -0.055600  -0.017400  -0.096200  -0.044400   0.009600   0.089000  -0.044800   0.000000 
412  -0.084200  -0.087800  -0.079400  -0.053400  -0.070400  -0.056000  -0.017600  -0.095000  -0.044600   0.010000   0.089400  -0.045000  -0.000000 
413  -0.084000  -0.087800  -0.079800  -0.054000  -0.070800  -0.056600  -0.017000  -0.094000  -0.045400   0.010000   0.089400  -0.045800   0.000600 
414  -0.085000  -0.088600  -0.081200  -0.054800  -0.072000  -0.057400  -0.016600  -0.093400  -0.046400   0.010600   0.089000  -0.045600  -0.000200 
415  -0.085000  -0.089000  -0.081200  -0.055800  -0.071200  -0.058200  -0.016200  -0.092600  -0.047200   0.011200   0.089200  -0.045200  -0.000000 
416  -0.085400  -0.088200  -0.082000  -0.055600  -0.072000  -0.058800  -0.015800  -0.092400  -0.048600   0.011200   0.088000  -0.046000  -0.000000 
417  -0.085400  -0.087800  -0.083200  -0.054800  -0.072400  -0.060200  -0.015600  -0.092400  -0.049000   0.012200   0.087600  -0.046400   0.000400 
418  -0.085400  -0.088400  -0.083800  -0.056000  -0.073000  -0.060800  -0.014400  -0.092200  -0.050000   0.012600   0.088000  -0.047600   0.000400 
419  -0.085800  -0.088000  -0.083800  -0.056000  -0.074000  -0.062000  -0.014000  -0.091000  -0.050000   0.014000   0.087400  -0.048600   0.000800 
420  -0.086800  -0.088600  -0.085200  -0.057400  -0.074400  -0.062800  -0.012200  -0.091000  -0.051000   0.014800   0.087000  -0.048800   0.001800 
421  -0.087400  -0.089000  -0.085800  -0.058800  -0.076000  -0.064000  -0.011200  -0.090600  -0.051400   0.015800   0.086800  -0.049800   0.001600 
422  -0.088400  -0.089400  -0.086200  -0.059800  -0.077000  -0.065600  -0.009800  -0.090200  -0.052600   0.017000   0.085600  -0.051000   0.001800 
423  -0.088400  -0.089000  -0.086800  -0.060400  -0.077800  -0.067400  -0.011400  -0.090600  -0.053200   0.018200   0.085200  -0.051600   0.002000 
424  -0.088800  -0.089200  -0.088200  -0.060600  -0.078800  -0.068600  -0.010200  -0.090000  -0.054200   0.019600   0.084600  -0.053000   0.002400 
425  -0.089200  -0.090400  -0.088600  -0.061400  -0.079200  -0.069800  -0.010000  -0.089600  -0.055200   0.019600   0.083800  -0.053400   0.002800 
426  -0.088600  -0.090800  -0.089600  -0.061800  -0.080800  -0.071000  -0.009400  -0.089800  -0.055800   0.020600   0.082000  -0.054800   0.002200 
427  -0.089800  -0.092200  -0.090200  -0.062800  -0.081000  -0.072400  -0.009400  -0.089200  -0.056800   0.021800   0.081000  -0.055400   0.002800 
428  -0.090000  -0.092800  -0.090800  -0.063200  -0.082000  -0.072800  -0.009400  -0.088600  -0.058400   0.023200   0.079600  -0.056600   0.002800 
429  -0.090800  -0.093000  -0.091000  -0.064200  -0.083200  -0.075000  -0.008800  -0.088000  -0.058600   0.024600   0.078600  -0.057400   0.002400 
430  -0.090600  -0.093200  -0.090200  -0.065200  -0.084800  -0.075200  -0.008000  -0.087800  -0.059800   0.026600   0.078000  -0.058200   0.002000 
431  -0.091200  -0.093800  -0.091000  -0.065200  -0.085000  -0.075800  -0.008000  -0.086600  -0.060000   0.027800   0.076400  -0.059800   0.002000 
432  -0.090800  -0.094400  -0.090400  -0.065800  -0.086200  -0.076400  -0.008000  -0.085600  -0.060200   0.029600   0.076800  -0.060600   0.001000 
433  -0.092600  -0.094800  -0.091400  -0.066000  -0.087000  -0.078200  -0.008800  -0.085800  -0.060800   0.031600   0.076200  -0.061600   0.000800 
434  -0.092200  -0.094800  -0.091600  -0.066200  -0.087200  -0.078800  -0.009200  -0.084600  -0.060800   0.033000   0.075400  -0.063000   0.001200 
435  -0.092400  -0.095600  -0.091200  -0.066800  -0.087600  -0.079800  -0.009400  -0.084000  -0.061800   0.034200   0.074400  -0.064400   0.001800 
436  -0.092600  -0.096200  -0.091800  -0.067200  -0.088800  -0.080400  -0.010000  -0.084000  -0.061600   0.035200   0.073800  -0.065400   0.000800 
437  -0.092600  -0.095400  -0.092200  -0.068400  -0.088800  -0.080800  -0.010000  -0.084000  -0.061400   0.037000   0.073200  -0.066800   0.001400 
438  -0.092400  -0.095000  -0.092600  -0.070200  -0.088800  -0.080600  -0.010000  -0.084000  -0.060600   0.037800   0.071200  -0.069200   0.001400 
439  -0.091400  -0.095400  -0.092200  -0.070400  -0.089400  -0.081400  -0.011000  -0.084400  -0.060000   0.039000   0.070200  -0.069400   0.002000 
440  -0.091800  -0.095000  -0.092400  -0.071400  -0.090000  -0.081800  -0.011200  -0.084400  -0.060000   0.039400   0.068800  -0.070400   0.001800 
441  -0.091800  -0.095800  -0.092800  -0.072200  -0.090800  -0.082800  -0.011800  -0.085000  -0.060200   0.040600   0.066800  -0.071000   0.001800 
442  -0.091200  -0.095200  -0.092600  -0.072200  -0.091600  -0.084000  -0.012400  -0.084600  -0.059600   0.042000   0.066000  -0.072600   0.002200 
443  -0.091000  -0.094800  -0.092400  -0.073800  -0.092800  -0.085200  -0.012600  -0.085200  -0.060200   0.042600   0.064800  -0.073800   0.002800 
444  -0.090600  -0.093800  -0.092000  -0.075400  -0.093400  -0.086000  -0.013600  -0.085000  -0.060400   0.043200   0.064000  -0.075400   0.003000 
445  -0.090000  -0.094200  -0.092200  -0.075600  -0.094000  -0.086400  -0.013000  -0.085000  -0.060800   0.043800   0.063200  -0.076000   0.003000 
446  -0.090200  -0.094800  -0.091600  -0.076600  -0.094800  -0.088200  -0.014400  -0.085000  -0.061200   0.044800   0.062600  -0.076600   0.002800 
447  -0.090000  -0.094400  -0.091000  -0.077200  -0.096000  -0.088800  -0.015200  -0.084400  -0.060000   0.046000   0.061600  -0.077800   0.003000 
448  -0.089200  -0.094000  -0.091600  -0.077000  -0.096800  -0.090400  -0.015000  -0.083600  -0.060000   0.047800   0.061800  -0.078200   0.002800 
449  -0.088200  -0.093600  -0.091200  -0.077800  -0.097800  -0.091400  -0.015800  -0.084200  -0.060000   0.049000   0.061600  -0.078000   0.003600 
450  -0.087800  -0.092600  -0.091000  -0.077200  -0.098800  -0.092800  -0.016200  -0.083600  -0.060000   0.049600   0.060600  -0.079600   0.003000 
451  -0.087400  -0.091600  -0.091200  -0.076800  -0.099600  -0.092800  -0.016000  -0.082400  -0.059800   0.051400   0.059600  -0.079800   0.003000 
452  -0.087200  -0.090800  -0.090800  -0.076000  -0.100600  -0.094000  -0.015800  -0.082600  -0.058000   0.052800   0.059600  -0.080400   0.002800 
453  -0.086600  -0.090400  -0.090400  -0.075800  -0.101800  -0.095000  -0.016000  -0.082000  -0.057200   0.053600   0.058400  -0.080400   0.003000 
454  -0.087000  -0.088800  -0.090000  -0.076400  -0.102600  -0.096200  -0.016200  -0.081800  -0.056600   0.055400   0.058000  -0.081000   0.002800 
455  -0.086200  -0.087800  -0.089800  -0.075400  -0.104600  -0.097000  -0.016800  -0.081800  -0.055800   0.057800   0.057000  -0.082200   0.003200 
456  -0.085800  -0.087000  -0.089600  -0.076400  -0.104000  -0.097600  -0.018000  -0.081600  -0.055400   0.059200   0.056200  -0.082400   0.002600 
457  -0.084800  -0.085200  -0.089200  -0.076800  -0.105000  -0.097600  -0.019200  -0.081200  -0.054800   0.060600   0.055600  -0.083400   0.003000 
458  -0.084600  -0.084400  -0.089200  -0.075800  -0.104800  -0.098400  -0.018600  -0.080400  -0.053800   0.062000   0.055600  -0.084000   0.003600 
459  -0.084000  -0.083600  -0.088600  -0.075400  -0.105600  -0.099000  -0.019000  -0.080800  -0.053600   0.063200   0.055200  -0.084000   0.003000 
460  -0.084200  -0.083200  -0.089000  -0.076200  -0.105400  -0.099400  -0.018600  -0.081200  -0.053000   0.064800   0.054800  -0.084000   0.002000 
461  -0.083400  -0.081800  -0.087400  -0.075800  -0.105400  -0.100800  -0.018400  -0.081400  -0.053000   0.066600   0.054600  -0.085200   0.001400 
462  -0.081800  -0.081400  -0.087800  -0.076600  -0.105600  -0.101200  -0.018200  -0.081600  -0.051800   0.067400   0.054800  -0.086400  -0.000000 
463  -0.081000  -0.081200  -0.087600  -0.076400  -0.106600  -0.101200  -0.018800  -0.082600  -0.050600   0.068600   0.054400  -0.087800   0.000800 
464  -0.080000  -0.080800  -0.086800  -0.076200  -0.106400  -0.100800  -0.018400  -0.082400  -0.050000   0.069400   0.055000  -0.088600  -0.000600 
465  -0.079000  -0.080000  -0.086200  -0.075200  -0.106200  -0.100800  -0.016800  -0.082400  -0.048600   0.071200   0.055200  -0.089800  -0.001000 
466  -0.077600  -0.079000  -0.085400  -0.076000  -0.107000  -0.100200  -0.016600  -0.083600  -0.048200   0.073000   0.056200  -0.090400  -0.001400 
467  -0.076000  -0.078400  -0.084400  -0.076000  -0.108000  -0.100600  -0.016000  -0.082800  -0.047400   0.074600   0.055000  -0.091200  -0.002000 
468  -0.076200  -0.078400  -0.084200  -0.076200  -0.107800  -0.099400  -0.015800  -0.083400  -0.046000   0.075600   0.055400  -0.092200  -0.002200 
469  -0.075400  -0.078000  -0.084000  -0.076400  -0.108800  -0.099600  -0.015400  -0.084200  -0.044800   0.077600   0.055200  -0.092800  -0.003600 
470  -0.074600  -0.077600  -0.084200  -0.076800  -0.108200  -0.099800  -0.015200  -0.084000  -0.043800   0.079400   0.055800  -0.093600  -0.004400 
471  -0.074600  -0.076800  -0.083600  -0.077000  -0.109000  -0.099400  -0.014200  -0.083600  -0.043000   0.081400   0.056800  -0.094200  -0.004600 
472  -0.073400  -0.076200  -0.083400  -0.077000  -0.109400  -0.099000  -0.014200  -0.084000  -0.042400   0.083000   0.056600  -0.095000  -0.005000 
473  -0.072200  -0.074800  -0.082600  -0.077400  -0.110000  -0.097800  -0.014200  -0.082400  -0.040800   0.085000   0.057000  -0.095800  -0.005200 
474  -0.071400  -0.075200  -0.082400  -0.077200  -0.111000  -0.098000  -0.014800  -0.082200  -0.039800   0.086600   0.057400  -0.095800  -0.006000 
475  -0.070200  -0.074000  -0.082800  -0.077200  -0.111800  -0.099200  -0.014600  -0.081800  -0.039400   0.088800   0.058200  -0.097000  -0.006600 
476  -0.069000  -0.074400  -0.081800  -0.077800  -0.112400  -0.098200  -0.014000  -0.081800  -0.038200   0.090400   0.057000  -0.098800  -0.007200 
477  -0.068200  -0.074000  -0.081800  -0.077200  -0.112200  -0.098800  -0.013600  -0.081800  -0.037400   0.092600   0.057000  -0.099000  -0.007800 
478  -0.067800  -0.073800  -0.081600  -0.077800  -0.113000  -0.099200  -0.013800  -0.081800  -0.036600   0.095200   0.057800  -0.100400  -0.008600 
479  -0.067400  -0.073800  -0.081600  -0.078000  -0.113400  -0.100400  -0.014000  -0.082400  -0.036200   0.098200   0.057600  -0.100400  -0.008600 
480  -0.066800  -0.073800  -0.081000  -0.079000  -0.114000  -0.100400  -0.014200  -0.081400  -0.035800   0.100000   0.057800  -0.101400  -0.009600 
481  -0.066800  -0.073000  -0.081200  -0.079400  -0.114600  -0.101400  -0.014200  -0.082400  -0.035200   0.102800   0.058200  -0.101200  -0.010400 
482  -0.066400  -0.072600  -0.081600  -0.080000  -0.115400  -0.102200  -0.014400  -0.083200  -0.035200   0.105400   0.059200  -0.102600  -0.011000 
483  -0.065800  -0.071400  -0.081600  -0.080800  -0.116000  -0.102800  -0.014400  -0.083200  -0.034800   0.107400   0.059800  -0.103400  -0.011800 
484  -0.066000  -0.070400  -0.081200  -0.081600  -0.116800  -0.103200  -0.014200  -0.084400  -0.034600   0.110000   0.060400  -0.103600  -0.012400 
485  -0.065200  -0.070600  -0.081400  -0.082200  -0.116600  -0.103800  -0.014200  -0.084600  -0.034800   0.111800   0.061000  -0.104400  -0.013400 
486  -0.064600  -0.070400  -0.081400  -0.082200  -0.116800  -0.104400  -0.015000  -0.085400  -0.035400   0.114000   0.061600  -0.105200  -0.014200 
487  -0.064800  -0.070800  -0.081800  -0.082600  -0.118200  -0.105200  -0.015400  -0.084400  -0.035400   0.115000   0.063400  -0.105400  -0.014600 
488  -0.064600  -0.070000  -0.081400  -0.083000  -0.119800  -0.106200  -0.015400  -0.085600  -0.036000   0.118000   0.063800  -0.105200  -0.014400 
489  -0.064800  -0.069600  -0.081800  -0.083200  -0.120000  -0.106400  -0.015800  -0.085400  -0.036000   0.119400   0.064600  -0.105600  -0.015200 
490  -0.064400  -0.069400  -0.083000  -0.083200  -0.121000  -0.107200  -0.016600  -0.086000  -0.036600   0.119200   0.066000  -0.106200  -0.015600 
491  -0.063800  -0.069400  -0.082200  -0.083800  -0.121400  -0.107200  -0.016600  -0.086600  -0.037200   0.120800   0.067400  -0.107000  -0.016400 
492  -0.063600  -0.070200  -0.083400  -0.084200  -0.122000  -0.107800  -0.016800  -0.086400  -0.037200   0.120800   0.068000  -0.108000  -0.016200 
493  -0.062600  -0.069400  -0.083200  -0.085000  -0.122600  -0.107600  -0.017000  -0.086200  -0.037000   0.121200   0.068800  -0.108200  -0.017400 
494  -0.062200  -0.069800  -0.083400  -0.085600  -0.122400  -0.108000  -0.017200  -0.086200  -0.037200   0.122000   0.069200  -0.108600  -0.017200 
495  -0.061600  -0.069600  -0.083400  -0.086000  -0.122400  -0.106800  -0.017600  -0.087000  -0.037200   0.121800   0.070200  -0.109200  -0.017800 
496  -0.061800  -0.070000  -0.083600  -0.086600  -0.121600  -0.107000  -0.017400  -0.087000  -0.037400   0.121600   0.070800  -0.109600  -0.017800 
497  -0.061600  -0.070400  -0.084800  -0.087600  -0.121600  -0.106800  -0.018000  -0.086400  -0.036800   0.121600   0.070800  -0.109000  -0.018200 
498  -0.061400  -0.069400  -0.085000  -0.087200  -0.121800  -0.106400  -0.017200  -0.085800  -0.036200   0.120600   0.071000  -0.110000  -0.018800 
499  -0.061600  -0.069400  -0.085400  -0.087600  -0.121400  -0.106200  -0.017600  -0.085600  -0.036400   0.120200   0.071800  -0.110800  -0.018400 
