r MCS_10 MCS_20 MCS_40 MCS_80 MCS_160 MCS_320 MCS_640 MCS_1280 MCS_2560 MCS_5120 MCS_10240 MCS_20480 MCS_40960 
0   1.000000   1.000000   1.000000   1.000000   1.000000   1.000000   1.000000   1.000000   1.000000   1.000000   1.000000   1.000000   1.000000 
1   0.992200   0.993400   0.992600   0.993000   0.992000   0.992400   0.992600   0.991800   0.991000   0.992800   0.991800   0.993400   0.991600 
2   0.986600   0.988200   0.987000   0.987600   0.986200   0.986800   0.986800   0.986000   0.983600   0.987000   0.986400   0.987800   0.985600 
3   0.981200   0.982600   0.981400   0.982000   0.980600   0.981400   0.981000   0.980200   0.976600   0.981200   0.981600   0.982400   0.979600 
4   0.975600   0.977000   0.975800   0.976400   0.975000   0.976000   0.975200   0.974400   0.969600   0.975400   0.976600   0.977000   0.973600 
5   0.970200   0.971600   0.970200   0.970800   0.969400   0.970600   0.969600   0.968600   0.962600   0.969600   0.971800   0.971600   0.967600 
6   0.964800   0.966200   0.964800   0.965200   0.963800   0.965200   0.964000   0.962800   0.955600   0.963800   0.967000   0.966200   0.961600 
7   0.959400   0.960800   0.959600   0.959600   0.958200   0.960000   0.958600   0.957000   0.948600   0.958000   0.962000   0.960800   0.955600 
8   0.954000   0.955400   0.954400   0.954000   0.952600   0.954800   0.953200   0.951200   0.941600   0.952200   0.957000   0.955600   0.949600 
9   0.948600   0.950000   0.949200   0.948400   0.947000   0.949400   0.947800   0.945400   0.934600   0.946400   0.952000   0.950600   0.943600 
10   0.943200   0.944600   0.944000   0.942800   0.941400   0.944200   0.942400   0.939600   0.927800   0.940600   0.947000   0.945600   0.937800 
11   0.938000   0.939200   0.938800   0.937200   0.935800   0.939000   0.937000   0.934000   0.921000   0.934800   0.942000   0.940400   0.932000 
12   0.932800   0.933800   0.933600   0.931600   0.930200   0.934200   0.931600   0.928400   0.914200   0.929200   0.937000   0.935200   0.926400 
13   0.927600   0.928600   0.928400   0.926000   0.924600   0.929000   0.926200   0.922800   0.907400   0.923400   0.932000   0.930000   0.920800 
14   0.922400   0.923400   0.923200   0.920400   0.919000   0.923800   0.920800   0.917200   0.900600   0.917600   0.927000   0.924800   0.915200 
15   0.917200   0.918400   0.918000   0.914800   0.913400   0.918600   0.915400   0.911600   0.893800   0.911800   0.922000   0.919600   0.909800 
16   0.912200   0.913200   0.912800   0.909200   0.907800   0.913400   0.910000   0.906000   0.887200   0.906000   0.917000   0.914400   0.904200 
17   0.907200   0.908200   0.907600   0.903600   0.902200   0.908200   0.904600   0.900400   0.881000   0.900200   0.912000   0.909200   0.898800 
18   0.902200   0.903200   0.902400   0.898000   0.896600   0.903000   0.899200   0.894800   0.874800   0.894400   0.907000   0.904000   0.893400 
19   0.897200   0.898200   0.897200   0.892400   0.891000   0.898000   0.894000   0.889200   0.868600   0.888600   0.902000   0.898800   0.888000 
20   0.892200   0.893200   0.892000   0.887000   0.885600   0.892800   0.888800   0.883600   0.862400   0.882800   0.897000   0.893800   0.882800 
21   0.887200   0.888200   0.886800   0.881600   0.880200   0.887600   0.883600   0.878000   0.856400   0.877000   0.892000   0.888800   0.877600 
22   0.882200   0.883200   0.881600   0.876200   0.874800   0.882400   0.878400   0.872600   0.850400   0.871200   0.887000   0.883800   0.872200 
23   0.877200   0.878200   0.876400   0.870800   0.869400   0.877200   0.873400   0.867200   0.844600   0.865400   0.882000   0.878800   0.866800 
24   0.872200   0.873200   0.871200   0.865600   0.864000   0.872000   0.868600   0.861800   0.838800   0.859600   0.877000   0.873800   0.861400 
25   0.867200   0.868200   0.866200   0.860400   0.858600   0.866800   0.863600   0.856400   0.833000   0.853800   0.872000   0.868800   0.856000 
26   0.862200   0.863200   0.861000   0.855200   0.853200   0.861600   0.858600   0.851000   0.827200   0.848000   0.867200   0.863800   0.850600 
27   0.857400   0.858200   0.856000   0.850000   0.847800   0.856400   0.853600   0.845600   0.821400   0.842200   0.862000   0.858800   0.845200 
28   0.852400   0.853200   0.851000   0.844800   0.842400   0.851200   0.848600   0.840200   0.815800   0.836600   0.857000   0.853800   0.839800 
29   0.847400   0.848200   0.846000   0.839600   0.837000   0.846000   0.843600   0.834800   0.810200   0.831000   0.852000   0.848800   0.834400 
30   0.842400   0.843200   0.841000   0.834400   0.831600   0.840800   0.838600   0.829400   0.804600   0.825400   0.847200   0.843800   0.829200 
31   0.837400   0.838200   0.836000   0.829200   0.826200   0.835600   0.833600   0.824000   0.799200   0.819800   0.842200   0.838800   0.824000 
32   0.832400   0.833200   0.831000   0.824000   0.820800   0.830400   0.828600   0.818600   0.793800   0.814200   0.837200   0.833800   0.818800 
33   0.827400   0.828200   0.826000   0.818800   0.815400   0.825200   0.823600   0.813400   0.788400   0.808600   0.832200   0.828800   0.813800 
34   0.822400   0.823200   0.821000   0.813600   0.810000   0.820000   0.818600   0.808200   0.783200   0.803000   0.827400   0.823800   0.808800 
35   0.817400   0.818400   0.816000   0.808400   0.804600   0.814800   0.813600   0.803200   0.777800   0.797400   0.822400   0.818800   0.803800 
36   0.812400   0.813600   0.811000   0.803200   0.799200   0.809600   0.808600   0.798200   0.772600   0.791800   0.817600   0.813800   0.798600 
37   0.807400   0.808600   0.806000   0.798000   0.794000   0.804400   0.803600   0.793200   0.767400   0.786200   0.812800   0.809000   0.793600 
38   0.802400   0.803600   0.801000   0.792800   0.789000   0.799200   0.798600   0.788200   0.762000   0.780600   0.808000   0.804400   0.788600 
39   0.797400   0.798600   0.796000   0.787600   0.783600   0.794000   0.793600   0.783200   0.756600   0.775000   0.803200   0.799600   0.783600 
40   0.792400   0.793600   0.791200   0.782400   0.778400   0.788800   0.788600   0.778200   0.751200   0.769400   0.798800   0.794800   0.778600 
41   0.787400   0.788600   0.786200   0.777400   0.773200   0.783600   0.783600   0.773200   0.745800   0.763800   0.794200   0.790000   0.773600 
42   0.782600   0.783600   0.781200   0.772400   0.768000   0.778400   0.778600   0.768200   0.740600   0.758200   0.789800   0.785200   0.768800 
43   0.777400   0.778600   0.776400   0.767400   0.762800   0.773200   0.773600   0.763200   0.735600   0.752600   0.785600   0.780400   0.764000 
44   0.772400   0.773600   0.771400   0.762400   0.757800   0.768000   0.768600   0.758200   0.730600   0.747000   0.781600   0.775600   0.759200 
45   0.767400   0.768600   0.766400   0.757400   0.752600   0.762800   0.763600   0.753200   0.725600   0.741400   0.777600   0.770800   0.754200 
46   0.762400   0.763600   0.761400   0.752400   0.747400   0.757600   0.758600   0.748200   0.720600   0.735800   0.773600   0.766000   0.749200 
47   0.757400   0.758600   0.756400   0.747400   0.742200   0.752400   0.753600   0.743200   0.715600   0.730400   0.769600   0.761200   0.744400 
48   0.752400   0.753600   0.751400   0.742400   0.737000   0.747200   0.748600   0.738200   0.710800   0.725000   0.765600   0.756400   0.739600 
49   0.747400   0.748600   0.746400   0.737400   0.732000   0.742000   0.743600   0.733600   0.706000   0.719600   0.761600   0.751600   0.734800 
50   0.742400   0.743600   0.741400   0.732400   0.727000   0.736800   0.738600   0.728600   0.701200   0.714200   0.757600   0.747000   0.730000 
51   0.737400   0.738600   0.736400   0.727400   0.722000   0.731600   0.733600   0.723600   0.696400   0.708800   0.753600   0.742400   0.725200 
52   0.732400   0.733600   0.731400   0.722400   0.716800   0.726600   0.728600   0.718800   0.691400   0.703600   0.749600   0.738000   0.720400 
53   0.727400   0.728600   0.726400   0.717400   0.711600   0.721600   0.723600   0.714200   0.686400   0.698400   0.745600   0.733600   0.715600 
54   0.722400   0.723600   0.721400   0.712400   0.706400   0.716800   0.718600   0.709400   0.681400   0.693200   0.741600   0.729200   0.711000 
55   0.717400   0.718600   0.716400   0.707400   0.701200   0.712000   0.713600   0.704600   0.676400   0.688200   0.737600   0.724800   0.706400 
56   0.712400   0.713600   0.711400   0.702400   0.696000   0.707200   0.708600   0.699800   0.671600   0.683200   0.733600   0.720400   0.701600 
57   0.707400   0.708600   0.706400   0.697400   0.690800   0.702400   0.703600   0.695000   0.666800   0.678200   0.729600   0.716000   0.696800 
58   0.702400   0.703600   0.701400   0.692400   0.685600   0.697600   0.698600   0.690200   0.662000   0.673200   0.725600   0.711600   0.692000 
59   0.697400   0.698600   0.696400   0.687400   0.680400   0.692800   0.693600   0.685400   0.657200   0.668200   0.721600   0.707200   0.687200 
60   0.692400   0.693600   0.691400   0.682400   0.675200   0.688000   0.688600   0.680600   0.652400   0.663200   0.717800   0.703000   0.682400 
61   0.687400   0.688600   0.686400   0.677400   0.670000   0.683200   0.683600   0.675800   0.647600   0.658200   0.714000   0.698800   0.677600 
62   0.682400   0.683600   0.681400   0.672400   0.665000   0.678400   0.678600   0.671000   0.642800   0.653200   0.710200   0.694600   0.672800 
63   0.677400   0.678600   0.676400   0.667400   0.660200   0.673600   0.673600   0.666200   0.638200   0.648200   0.706400   0.690400   0.668000 
64   0.672400   0.673600   0.671400   0.662400   0.655400   0.668800   0.668600   0.661400   0.633800   0.643200   0.702600   0.686200   0.663200 
65   0.667400   0.668600   0.666400   0.657600   0.650800   0.664200   0.663600   0.656600   0.629600   0.638200   0.699000   0.682000   0.658400 
66   0.662600   0.663600   0.661400   0.652800   0.646200   0.659400   0.658600   0.651800   0.625600   0.633200   0.695000   0.678000   0.653600 
67   0.657600   0.658600   0.656400   0.648000   0.641600   0.654600   0.653600   0.647000   0.621600   0.628400   0.691200   0.674000   0.648800 
68   0.652600   0.653600   0.651400   0.643200   0.637000   0.649800   0.648600   0.642200   0.617600   0.623600   0.687400   0.670000   0.644000 
69   0.647600   0.648600   0.646400   0.638400   0.632400   0.645000   0.643600   0.637400   0.613600   0.619000   0.683600   0.666000   0.639200 
70   0.642600   0.643600   0.641400   0.633600   0.627800   0.640200   0.638600   0.632600   0.609600   0.614200   0.679800   0.662000   0.634800 
71   0.637600   0.638600   0.636400   0.628800   0.623200   0.635400   0.633600   0.627800   0.605800   0.609400   0.676200   0.658200   0.630200 
72   0.632600   0.633600   0.631400   0.624000   0.618600   0.630800   0.628600   0.623200   0.602200   0.604600   0.672400   0.654200   0.626000 
73   0.627600   0.628600   0.626400   0.619200   0.614000   0.626200   0.623600   0.618600   0.598400   0.599800   0.668600   0.650200   0.621800 
74   0.622600   0.623600   0.621400   0.614400   0.609400   0.621600   0.618600   0.614000   0.594600   0.595000   0.665000   0.646200   0.617600 
75   0.617600   0.618600   0.616400   0.609600   0.604800   0.617000   0.613600   0.609400   0.590800   0.590400   0.661200   0.642200   0.613400 
76   0.612600   0.613600   0.611400   0.604800   0.600200   0.612400   0.608600   0.604800   0.587000   0.585800   0.657400   0.638200   0.609200 
77   0.607800   0.608600   0.606600   0.600000   0.595800   0.607800   0.603600   0.600200   0.583200   0.581200   0.653600   0.634400   0.605200 
78   0.602800   0.603600   0.601800   0.595400   0.591200   0.603200   0.598600   0.595600   0.579400   0.576600   0.649800   0.630400   0.601200 
79   0.597800   0.598600   0.596800   0.590800   0.586600   0.598600   0.594000   0.591000   0.575600   0.572000   0.646000   0.626400   0.597200 
80   0.592800   0.593600   0.591800   0.586200   0.582000   0.594000   0.589400   0.586400   0.571800   0.567400   0.642200   0.622200   0.593200 
81   0.587800   0.588600   0.586800   0.581600   0.577400   0.589400   0.584800   0.581800   0.568000   0.563200   0.638400   0.618000   0.589200 
82   0.582800   0.583600   0.581800   0.577000   0.572800   0.585000   0.580200   0.577200   0.564400   0.558800   0.634600   0.613800   0.585200 
83   0.577800   0.578600   0.577000   0.572400   0.568400   0.580600   0.575600   0.572600   0.560800   0.554400   0.630800   0.609600   0.581200 
84   0.572800   0.573600   0.572200   0.568000   0.563800   0.576200   0.571000   0.568000   0.557200   0.550400   0.627000   0.605400   0.577200 
85   0.567800   0.568600   0.567400   0.563400   0.559200   0.571800   0.566200   0.563400   0.553600   0.546200   0.623200   0.601200   0.573200 
86   0.562800   0.563600   0.562600   0.559000   0.554400   0.567400   0.561400   0.559000   0.550000   0.542000   0.619400   0.597000   0.569200 
87   0.557800   0.558600   0.557800   0.554600   0.550000   0.563000   0.556600   0.554600   0.546600   0.537800   0.615600   0.592800   0.565200 
88   0.552800   0.553600   0.553000   0.550000   0.545400   0.558600   0.551800   0.550200   0.543000   0.533600   0.611800   0.588600   0.561200 
89   0.547800   0.548800   0.548200   0.545400   0.540800   0.554200   0.547000   0.545800   0.539400   0.529400   0.608000   0.584400   0.557200 
90   0.542800   0.544000   0.543400   0.540800   0.536200   0.549800   0.542200   0.541400   0.535800   0.525200   0.604200   0.580200   0.553200 
91   0.537800   0.539200   0.538600   0.536200   0.531600   0.545400   0.537400   0.537000   0.532200   0.521000   0.600400   0.576000   0.549200 
92   0.532800   0.534400   0.533800   0.531600   0.527000   0.541200   0.532600   0.532600   0.528600   0.516800   0.596600   0.571800   0.545200 
93   0.528000   0.529800   0.529000   0.527000   0.522600   0.536600   0.527800   0.528200   0.525000   0.512600   0.592800   0.567600   0.541200 
94   0.523200   0.525000   0.524200   0.522400   0.518200   0.532200   0.523000   0.523800   0.521400   0.508400   0.589000   0.563400   0.537200 
95   0.518400   0.520600   0.519600   0.517800   0.513800   0.528000   0.518200   0.519400   0.517600   0.504400   0.585600   0.559400   0.533200 
96   0.513600   0.516200   0.514800   0.513600   0.509400   0.523600   0.513400   0.515000   0.513800   0.500400   0.582200   0.555400   0.529200 
97   0.509400   0.512000   0.510200   0.509400   0.505000   0.519200   0.508600   0.510600   0.510200   0.496400   0.578600   0.551400   0.525200 
98   0.505000   0.507800   0.505600   0.505000   0.500600   0.514800   0.504200   0.506200   0.506400   0.492400   0.575000   0.547400   0.521200 
99   0.500800   0.503600   0.501000   0.500600   0.496400   0.510400   0.499600   0.501800   0.502600   0.488600   0.571400   0.543400   0.517200 
100   0.496800   0.499400   0.496600   0.496200   0.492400   0.506000   0.495000   0.497400   0.498800   0.484800   0.567800   0.539400   0.513200 
101   0.493200   0.495200   0.492200   0.491800   0.488200   0.501600   0.490600   0.493000   0.495000   0.481000   0.564200   0.535400   0.509200 
102   0.489200   0.491000   0.488200   0.487400   0.483800   0.497400   0.486200   0.488600   0.491200   0.477200   0.560600   0.531400   0.505200 
103   0.485200   0.486800   0.484200   0.483000   0.479400   0.493000   0.482000   0.484200   0.487400   0.473400   0.557000   0.527400   0.501200 
104   0.481200   0.482600   0.480200   0.478600   0.475000   0.488800   0.477800   0.479800   0.483600   0.469600   0.553200   0.523400   0.497200 
105   0.477200   0.478400   0.476200   0.474200   0.470600   0.484400   0.473600   0.475400   0.479800   0.465800   0.549400   0.519400   0.493200 
106   0.473200   0.474400   0.472200   0.469800   0.466200   0.480000   0.469400   0.471000   0.476400   0.462000   0.545600   0.515400   0.489200 
107   0.469200   0.470400   0.468200   0.465400   0.461800   0.475600   0.465200   0.466600   0.473000   0.458200   0.541800   0.511400   0.485200 
108   0.465200   0.466400   0.464200   0.461000   0.457400   0.471200   0.461000   0.462400   0.469600   0.454400   0.538000   0.507400   0.481400 
109   0.461200   0.462400   0.460200   0.456600   0.453000   0.466800   0.456800   0.458200   0.466400   0.450600   0.534200   0.503400   0.477600 
110   0.457200   0.458400   0.456200   0.452200   0.448600   0.462400   0.452600   0.454000   0.463000   0.446800   0.530400   0.499400   0.473800 
111   0.453200   0.454400   0.452400   0.447800   0.444400   0.458000   0.448400   0.449800   0.459600   0.443000   0.526600   0.495400   0.470000 
112   0.449200   0.450400   0.448400   0.443400   0.440200   0.453800   0.444200   0.445600   0.456200   0.439200   0.522800   0.491400   0.466200 
113   0.445200   0.446600   0.444600   0.439000   0.436000   0.449600   0.440000   0.441600   0.452800   0.435400   0.519200   0.487400   0.462200 
114   0.441200   0.442600   0.440800   0.434800   0.432200   0.445400   0.435800   0.437200   0.449400   0.431600   0.515600   0.483400   0.458200 
115   0.437200   0.438600   0.436800   0.430600   0.428400   0.441200   0.431600   0.433200   0.446000   0.427600   0.512000   0.479400   0.454200 
116   0.433000   0.434600   0.432800   0.426400   0.424600   0.437000   0.427400   0.429200   0.442600   0.423800   0.508400   0.475400   0.450200 
117   0.429000   0.430600   0.428800   0.422200   0.420800   0.432800   0.423200   0.425200   0.439000   0.420000   0.505000   0.471600   0.446200 
118   0.425000   0.426600   0.424800   0.418000   0.417000   0.428600   0.419000   0.421200   0.435400   0.416200   0.501600   0.467800   0.442200 
119   0.421000   0.422600   0.420800   0.413800   0.413200   0.424400   0.414800   0.417200   0.432000   0.412400   0.498000   0.464000   0.438400 
120   0.417000   0.418600   0.416800   0.409600   0.409400   0.420200   0.410800   0.413200   0.428600   0.408600   0.494400   0.460200   0.434600 
121   0.413000   0.414600   0.412800   0.405400   0.405600   0.416000   0.407000   0.409200   0.425200   0.404800   0.490800   0.456400   0.430800 
122   0.409000   0.410800   0.408800   0.401400   0.401800   0.411800   0.403000   0.405200   0.421600   0.401000   0.487200   0.452600   0.427000 
123   0.404800   0.406600   0.404800   0.397400   0.398000   0.407600   0.398800   0.401200   0.418000   0.397200   0.483600   0.448800   0.423200 
124   0.400800   0.402600   0.400800   0.393400   0.394200   0.403400   0.394600   0.397200   0.414400   0.393400   0.480000   0.445000   0.419400 
125   0.396800   0.398600   0.396800   0.389600   0.390400   0.399400   0.390400   0.393200   0.410800   0.389600   0.476400   0.441200   0.415600 
126   0.392800   0.394600   0.392600   0.385800   0.386600   0.395400   0.386400   0.389200   0.407200   0.385800   0.472800   0.437800   0.411800 
127   0.388800   0.390800   0.388600   0.382000   0.382800   0.391600   0.382400   0.385200   0.403600   0.382000   0.469200   0.434400   0.408000 
128   0.384800   0.387000   0.384600   0.378200   0.379000   0.387800   0.378400   0.381400   0.400000   0.378200   0.465400   0.431000   0.404400 
129   0.381000   0.383200   0.380600   0.374400   0.375200   0.384000   0.374400   0.377400   0.396400   0.374600   0.461800   0.427600   0.400800 
130   0.377000   0.379400   0.376600   0.370600   0.371400   0.380200   0.370600   0.373400   0.392800   0.371000   0.458400   0.424200   0.397200 
131   0.372800   0.375600   0.372600   0.366800   0.367600   0.376400   0.367000   0.369400   0.389200   0.367400   0.454600   0.421000   0.393600 
132   0.368800   0.371800   0.368600   0.363000   0.364000   0.372800   0.363200   0.365600   0.385600   0.363800   0.451000   0.417800   0.390000 
133   0.364800   0.368000   0.364800   0.359200   0.360800   0.369200   0.359400   0.362000   0.382000   0.360200   0.447400   0.414800   0.386400 
134   0.361000   0.364200   0.361000   0.355400   0.357200   0.365600   0.355600   0.358400   0.378400   0.356600   0.444000   0.412200   0.382800 
135   0.357200   0.360400   0.357200   0.351600   0.353800   0.362000   0.352000   0.354800   0.374800   0.353000   0.440800   0.409400   0.379400 
136   0.353400   0.356600   0.353400   0.347800   0.350400   0.358400   0.348000   0.351600   0.371200   0.349400   0.437600   0.406400   0.376000 
137   0.349600   0.352800   0.349600   0.344200   0.347000   0.355000   0.344400   0.348200   0.367600   0.345800   0.434400   0.403400   0.372200 
138   0.345800   0.349000   0.345600   0.340600   0.343600   0.351800   0.341000   0.344800   0.364000   0.342200   0.431400   0.400400   0.368200 
139   0.342000   0.345000   0.341600   0.337000   0.340200   0.348400   0.337400   0.341600   0.360400   0.338600   0.428000   0.397400   0.364200 
140   0.338200   0.341000   0.337600   0.333400   0.336800   0.345200   0.333800   0.338200   0.356800   0.335000   0.424800   0.394400   0.360200 
141   0.334400   0.337000   0.333600   0.330000   0.333400   0.341600   0.330200   0.334800   0.353400   0.331400   0.421600   0.391400   0.356200 
142   0.330600   0.333000   0.329800   0.326600   0.330400   0.338000   0.326400   0.331200   0.350000   0.327800   0.418400   0.388400   0.352200 
143   0.327000   0.329000   0.326000   0.323200   0.327200   0.334400   0.322800   0.327600   0.347000   0.324200   0.415200   0.385400   0.348200 
144   0.323200   0.325000   0.322200   0.319800   0.324000   0.330800   0.319200   0.324200   0.344200   0.320800   0.412000   0.382400   0.344400 
145   0.319200   0.321000   0.318400   0.316400   0.320800   0.327400   0.315600   0.320800   0.341200   0.317400   0.408800   0.379400   0.340600 
146   0.315400   0.317000   0.314600   0.313000   0.317800   0.323800   0.312000   0.317400   0.338200   0.314000   0.405600   0.376400   0.336800 
147   0.311600   0.313200   0.311000   0.309600   0.314800   0.320200   0.308400   0.314000   0.335200   0.310600   0.402400   0.373400   0.333000 
148   0.307800   0.309600   0.307400   0.306200   0.311800   0.316600   0.304800   0.310600   0.332200   0.307200   0.399000   0.370400   0.329000 
149   0.304000   0.306000   0.303800   0.302800   0.308800   0.313000   0.301200   0.307200   0.329200   0.303800   0.395600   0.367400   0.325000 
150   0.300200   0.302400   0.300200   0.299400   0.305600   0.309400   0.297600   0.303800   0.326200   0.300400   0.392200   0.364400   0.321200 
151   0.296400   0.298800   0.296600   0.296000   0.302600   0.306000   0.294200   0.300400   0.323600   0.297000   0.388800   0.361400   0.317600 
152   0.292600   0.295200   0.293000   0.292600   0.299400   0.302600   0.290600   0.297000   0.320800   0.293800   0.385400   0.358400   0.313800 
153   0.288800   0.291600   0.289400   0.289200   0.296200   0.299200   0.287000   0.293600   0.318400   0.290600   0.382000   0.355400   0.310200 
154   0.285000   0.288000   0.285800   0.286000   0.293000   0.295800   0.283400   0.290200   0.316000   0.287400   0.378400   0.352400   0.306600 
155   0.281200   0.284400   0.282200   0.282600   0.289800   0.292400   0.279800   0.286800   0.313800   0.284200   0.375000   0.349400   0.303000 
156   0.277400   0.280800   0.278600   0.279000   0.286600   0.289000   0.276200   0.283400   0.311400   0.281200   0.371600   0.346400   0.299400 
157   0.273600   0.277200   0.275000   0.275400   0.283400   0.285800   0.272600   0.280000   0.309000   0.278000   0.368200   0.343400   0.296000 
158   0.269600   0.273800   0.271400   0.271800   0.280200   0.282800   0.269200   0.276600   0.306600   0.274800   0.364800   0.340400   0.292600 
159   0.265800   0.270400   0.267800   0.268200   0.277000   0.279800   0.265800   0.273200   0.304200   0.271800   0.361400   0.337400   0.289000 
160   0.262200   0.267000   0.264200   0.264600   0.273800   0.276800   0.262400   0.269800   0.301800   0.268800   0.358000   0.334600   0.285400 
161   0.258600   0.263600   0.260600   0.261000   0.270600   0.273800   0.259000   0.266400   0.299400   0.265800   0.354800   0.331800   0.281800 
162   0.255000   0.260200   0.257000   0.257400   0.267400   0.270800   0.255600   0.263000   0.297000   0.262800   0.351600   0.329000   0.278200 
163   0.251400   0.256800   0.253400   0.253800   0.264200   0.267800   0.252400   0.259600   0.294600   0.260000   0.348200   0.326000   0.274600 
164   0.248000   0.253400   0.249800   0.250200   0.261200   0.264800   0.249200   0.256200   0.292000   0.257200   0.345000   0.323200   0.271000 
165   0.244800   0.250000   0.246400   0.246600   0.258200   0.261800   0.246000   0.252800   0.289400   0.254400   0.341800   0.320400   0.267400 
166   0.241600   0.246600   0.243000   0.243200   0.255200   0.259000   0.242800   0.249400   0.286800   0.251600   0.338600   0.317600   0.264200 
167   0.238400   0.243200   0.239600   0.239800   0.252200   0.256000   0.239600   0.246000   0.284200   0.249000   0.335400   0.314800   0.260800 
168   0.235200   0.239800   0.236200   0.236400   0.249200   0.253000   0.236400   0.242800   0.281600   0.246400   0.332200   0.312000   0.257400 
169   0.231800   0.236400   0.233200   0.233000   0.246200   0.250000   0.233200   0.239600   0.279000   0.243800   0.329000   0.309200   0.254000 
170   0.228400   0.233000   0.230200   0.229800   0.243200   0.247000   0.230000   0.236400   0.276200   0.241200   0.326000   0.306400   0.250600 
171   0.225000   0.229600   0.227000   0.226400   0.240400   0.244000   0.226800   0.233200   0.273600   0.238800   0.322800   0.303600   0.247200 
172   0.221600   0.226400   0.223800   0.223000   0.237400   0.241000   0.223600   0.230000   0.271000   0.236400   0.319600   0.300800   0.243800 
173   0.218200   0.223200   0.220600   0.219600   0.234400   0.238000   0.220400   0.226800   0.268600   0.234000   0.316400   0.298200   0.240400 
174   0.214800   0.220000   0.217400   0.216200   0.231400   0.235000   0.217200   0.223600   0.266000   0.231600   0.313200   0.295600   0.237000 
175   0.211600   0.216800   0.214200   0.213000   0.228400   0.232000   0.214000   0.220400   0.263200   0.229400   0.310000   0.293000   0.233600 
176   0.208400   0.213600   0.211000   0.209800   0.225400   0.229000   0.210800   0.217200   0.260600   0.227200   0.306800   0.290400   0.230200 
177   0.205200   0.210400   0.207800   0.206600   0.222400   0.226000   0.207600   0.214000   0.258200   0.225000   0.303600   0.287800   0.226800 
178   0.202000   0.207200   0.204600   0.203400   0.219400   0.223000   0.204400   0.210600   0.255800   0.223000   0.300400   0.285200   0.223400 
179   0.198800   0.204000   0.201400   0.200400   0.216400   0.220000   0.201200   0.207200   0.253200   0.221000   0.297200   0.282600   0.220000 
180   0.195600   0.200800   0.198200   0.197400   0.213400   0.217000   0.198000   0.204000   0.250800   0.219000   0.294000   0.280000   0.216600 
181   0.192800   0.197600   0.195000   0.194400   0.210400   0.214000   0.194800   0.200800   0.248400   0.217000   0.290800   0.277400   0.213400 
182   0.190200   0.194400   0.191800   0.191400   0.207400   0.211000   0.191600   0.197600   0.246000   0.215000   0.287600   0.274800   0.210400 
183   0.187400   0.191200   0.188800   0.188400   0.204400   0.208000   0.188400   0.194400   0.243400   0.212800   0.284400   0.272000   0.207400 
184   0.184600   0.188000   0.185600   0.185400   0.201400   0.205000   0.185400   0.191200   0.240800   0.210600   0.281200   0.269400   0.204400 
185   0.181800   0.184800   0.182400   0.182400   0.198400   0.202000   0.182400   0.188000   0.238200   0.208400   0.278200   0.266800   0.201400 
186   0.179000   0.181800   0.179200   0.179400   0.195600   0.199200   0.179400   0.184800   0.235800   0.206200   0.275200   0.264200   0.198400 
187   0.176200   0.178800   0.176000   0.176400   0.192600   0.196200   0.176400   0.181600   0.233200   0.204000   0.272200   0.261600   0.195400 
188   0.173400   0.176000   0.172800   0.173600   0.189600   0.193200   0.173400   0.178400   0.230600   0.201800   0.269200   0.259000   0.192400 
189   0.170400   0.173200   0.169600   0.170600   0.186600   0.190200   0.170400   0.175200   0.228000   0.199600   0.266200   0.256400   0.189400 
190   0.167600   0.170200   0.166400   0.167600   0.183600   0.187200   0.167400   0.172000   0.225400   0.197600   0.263200   0.253800   0.186400 
191   0.164800   0.167200   0.163400   0.164600   0.180400   0.184200   0.164400   0.168800   0.222800   0.195600   0.260200   0.251200   0.183400 
192   0.162000   0.164200   0.160600   0.161600   0.177200   0.181400   0.161600   0.165800   0.220200   0.193600   0.257200   0.248600   0.180400 
193   0.159200   0.161200   0.157800   0.158600   0.174000   0.178400   0.158800   0.162800   0.217600   0.191600   0.254200   0.246200   0.177400 
194   0.156400   0.158200   0.155000   0.155800   0.171000   0.175400   0.156000   0.159800   0.215000   0.189600   0.251200   0.244000   0.174400 
195   0.153600   0.155200   0.152400   0.153000   0.168000   0.172400   0.153200   0.156800   0.212400   0.187600   0.248200   0.241800   0.171400 
196   0.150800   0.152200   0.149800   0.150400   0.165000   0.169400   0.150400   0.154000   0.209800   0.185800   0.245200   0.239600   0.168600 
197   0.148000   0.149400   0.147200   0.147800   0.162000   0.166400   0.147600   0.151000   0.207200   0.183800   0.242200   0.237400   0.165600 
198   0.145200   0.146600   0.144600   0.145200   0.159000   0.163200   0.144800   0.148000   0.204600   0.181800   0.239200   0.235200   0.162800 
199   0.142400   0.143800   0.142000   0.142600   0.156200   0.160000   0.142000   0.145000   0.202000   0.179800   0.236200   0.233000   0.160000 
200   0.139600   0.141000   0.139400   0.140000   0.153400   0.156800   0.139200   0.142000   0.199200   0.177800   0.233200   0.230800   0.157200 
201   0.136800   0.138200   0.136800   0.137400   0.150600   0.153600   0.136400   0.139000   0.196400   0.175800   0.230200   0.228600   0.154400 
202   0.134000   0.135400   0.134200   0.134800   0.147800   0.150400   0.133600   0.135800   0.193400   0.173800   0.227200   0.226600   0.151800 
203   0.131200   0.132600   0.131400   0.132200   0.145000   0.147200   0.131000   0.132800   0.190400   0.171800   0.224000   0.224600   0.149200 
204   0.128400   0.129800   0.128600   0.129600   0.142000   0.144000   0.128400   0.130000   0.187200   0.169800   0.220800   0.222600   0.146600 
205   0.125600   0.127000   0.125800   0.126600   0.139000   0.140800   0.125800   0.127000   0.184000   0.168000   0.217600   0.220600   0.144000 
206   0.122800   0.124200   0.123000   0.123800   0.136000   0.137600   0.123200   0.124000   0.181000   0.166200   0.214400   0.218600   0.141400 
207   0.120000   0.121400   0.120200   0.120800   0.133000   0.134400   0.120600   0.121000   0.178000   0.164400   0.211200   0.216600   0.138800 
208   0.117200   0.118600   0.117400   0.117800   0.130000   0.131200   0.118000   0.118000   0.175200   0.162600   0.208000   0.214600   0.136200 
209   0.114400   0.115800   0.114600   0.114800   0.127000   0.128200   0.115400   0.115000   0.172400   0.160800   0.204800   0.212600   0.133600 
210   0.111600   0.113000   0.111800   0.111800   0.124000   0.125200   0.112800   0.112200   0.169600   0.159000   0.201800   0.210600   0.131000 
211   0.108800   0.110200   0.109000   0.108800   0.121000   0.122200   0.110200   0.109400   0.166800   0.157400   0.198800   0.208600   0.128400 
212   0.106000   0.107400   0.106200   0.105800   0.118200   0.119200   0.107600   0.106600   0.164000   0.155600   0.195800   0.206600   0.125800 
213   0.103400   0.104800   0.103400   0.102800   0.115200   0.116200   0.105000   0.103800   0.161000   0.153800   0.193000   0.204800   0.123200 
214   0.100800   0.102200   0.100800   0.099800   0.112200   0.113200   0.102400   0.101000   0.158200   0.152000   0.190200   0.203000   0.120600 
215   0.098200   0.099600   0.098400   0.096800   0.109400   0.110400   0.099800   0.098200   0.155400   0.150200   0.187400   0.201200   0.118000 
216   0.095600   0.097000   0.095800   0.093800   0.106600   0.107600   0.097200   0.095400   0.152600   0.148400   0.184800   0.199400   0.115400 
217   0.093000   0.094600   0.093200   0.090800   0.103800   0.104800   0.094800   0.092600   0.149800   0.146600   0.182000   0.197600   0.112800 
218   0.090400   0.092200   0.090600   0.087800   0.101000   0.102000   0.092600   0.089800   0.147000   0.144800   0.179200   0.195800   0.110000 
219   0.087800   0.089800   0.088000   0.084800   0.098200   0.099400   0.090400   0.087000   0.144200   0.143000   0.176400   0.194200   0.107000 
220   0.085200   0.087400   0.085400   0.081800   0.095400   0.096800   0.088200   0.084200   0.141200   0.141200   0.173400   0.192800   0.104200 
221   0.082800   0.085000   0.082800   0.079000   0.092600   0.094200   0.086000   0.081400   0.138400   0.139400   0.170400   0.191400   0.101400 
222   0.080600   0.082600   0.080200   0.076200   0.089800   0.091600   0.083800   0.078600   0.135400   0.137600   0.167600   0.190200   0.098600 
223   0.078400   0.080200   0.077600   0.073400   0.087000   0.089000   0.081400   0.075800   0.132400   0.136000   0.164800   0.189000   0.095800 
224   0.076200   0.077800   0.075400   0.070600   0.084200   0.086400   0.079000   0.073200   0.129400   0.134400   0.162000   0.187600   0.093000 
225   0.074000   0.075400   0.073200   0.067800   0.081400   0.084000   0.076600   0.070600   0.126400   0.132800   0.159200   0.186200   0.090400 
226   0.071600   0.073000   0.071000   0.065000   0.078600   0.081400   0.074200   0.068000   0.123400   0.130800   0.156400   0.184800   0.087800 
227   0.069200   0.070600   0.068800   0.062200   0.075800   0.078800   0.071800   0.065400   0.120600   0.128800   0.153600   0.183400   0.085400 
228   0.066800   0.068200   0.066600   0.060000   0.073000   0.076200   0.069400   0.063200   0.117800   0.126800   0.150800   0.182000   0.083000 
229   0.064400   0.065800   0.064400   0.058000   0.070200   0.073600   0.067200   0.060600   0.115000   0.125000   0.148000   0.180600   0.080600 
230   0.062200   0.063400   0.062200   0.056000   0.067400   0.071000   0.065000   0.058200   0.112200   0.123200   0.145400   0.179400   0.078200 
231   0.060000   0.061000   0.060000   0.054000   0.064600   0.068600   0.062800   0.055600   0.109400   0.121400   0.143000   0.178200   0.076000 
232   0.057600   0.058600   0.057800   0.052000   0.061800   0.066200   0.060600   0.053200   0.106600   0.119800   0.141000   0.177200   0.073600 
233   0.055200   0.056200   0.055600   0.050000   0.059000   0.063800   0.058600   0.050800   0.103800   0.118200   0.138800   0.176200   0.071400 
234   0.052800   0.053800   0.053200   0.048000   0.056400   0.061400   0.056400   0.048400   0.101000   0.116600   0.136600   0.175200   0.069200 
235   0.050400   0.051400   0.051000   0.046000   0.054000   0.059000   0.054200   0.046000   0.098200   0.115000   0.134400   0.174200   0.067000 
236   0.048000   0.048800   0.048800   0.044000   0.051600   0.056600   0.051800   0.043600   0.095400   0.113400   0.132200   0.173200   0.064800 
237   0.045600   0.046200   0.046600   0.042000   0.049200   0.054400   0.049400   0.041200   0.092600   0.111800   0.130000   0.172200   0.062600 
238   0.043200   0.043600   0.044400   0.039800   0.046800   0.052000   0.047200   0.038800   0.089800   0.110200   0.127800   0.171200   0.060400 
239   0.041000   0.041200   0.042200   0.037600   0.044400   0.049600   0.045200   0.036400   0.087000   0.108600   0.125800   0.170200   0.058400 
240   0.038800   0.038800   0.040000   0.035400   0.042000   0.047200   0.043200   0.034000   0.084200   0.107000   0.123600   0.169200   0.056400 
241   0.036800   0.036400   0.038000   0.033200   0.039600   0.044800   0.041200   0.031800   0.081400   0.105400   0.121400   0.168200   0.054400 
242   0.034600   0.034200   0.035800   0.031000   0.037400   0.042400   0.039200   0.029400   0.078600   0.103800   0.119200   0.167200   0.052800 
243   0.032400   0.032000   0.033600   0.028800   0.035400   0.040000   0.037200   0.027000   0.075600   0.102200   0.117000   0.166200   0.051400 
244   0.030400   0.029800   0.031400   0.026600   0.033400   0.037600   0.035200   0.024600   0.072800   0.100600   0.114800   0.165200   0.049800 
245   0.028600   0.028000   0.029200   0.024400   0.031400   0.035200   0.033200   0.022400   0.070000   0.099000   0.112600   0.164200   0.048200 
246   0.026600   0.026200   0.027000   0.022200   0.029400   0.033000   0.031200   0.020200   0.067200   0.097600   0.110400   0.163200   0.046600 
247   0.024600   0.024400   0.024800   0.020000   0.027400   0.030600   0.029200   0.018000   0.064600   0.096400   0.108200   0.162200   0.045000 
248   0.022600   0.022600   0.022800   0.017800   0.025600   0.028200   0.027200   0.015800   0.062200   0.095200   0.106000   0.161200   0.043400 
249   0.020600   0.020800   0.020800   0.015600   0.023800   0.026000   0.025400   0.013600   0.060000   0.094000   0.103800   0.160200   0.041800 
250   0.018800   0.019000   0.018800   0.013400   0.022000   0.023800   0.023600   0.011600   0.057800   0.092800   0.101600   0.159200   0.040200 
251   0.017000   0.017200   0.017000   0.011200   0.020200   0.021600   0.021800   0.009400   0.055600   0.091800   0.099400   0.158200   0.038600 
252   0.015200   0.015600   0.015200   0.009000   0.018400   0.019200   0.020000   0.007200   0.053400   0.090800   0.097200   0.157200   0.037200 
253   0.013400   0.014000   0.013400   0.007000   0.016600   0.017000   0.018200   0.005000   0.051200   0.090000   0.095200   0.156200   0.035800 
254   0.011600   0.012400   0.011600   0.005000   0.014800   0.014800   0.016400   0.003000   0.049000   0.089200   0.093200   0.155200   0.034400 
255   0.010000   0.010800   0.009800   0.003000   0.013000   0.012800   0.014400   0.000800   0.046800   0.088400   0.091200   0.154200   0.033000 
256   0.008400   0.009200   0.008200   0.001000   0.011200   0.010800   0.012400  -0.001400   0.044600   0.087600   0.089200   0.153200   0.031800 
257   0.006800   0.007600   0.006600  -0.001000   0.009400   0.008800   0.010400  -0.003400   0.042400   0.086800   0.087200   0.152200   0.030600 
258   0.005200   0.006000   0.005000  -0.002800   0.007600   0.006800   0.008400  -0.005400   0.040200   0.086000   0.085200   0.151200   0.029400 
259   0.003800   0.004400   0.003400  -0.004400   0.005800   0.005000   0.006400  -0.007200   0.038000   0.085400   0.083200   0.150200   0.028200 
260   0.002400   0.002800   0.001800  -0.006000   0.004000   0.003200   0.004400  -0.009000   0.036000   0.084800   0.081200   0.149200   0.027000 
261   0.001000   0.001200   0.000200  -0.007600   0.002200   0.001400   0.002400  -0.010800   0.034000   0.084200   0.079200   0.148200   0.025800 
262  -0.000400  -0.000200  -0.001200  -0.009000   0.000400  -0.000400   0.000200  -0.012600   0.032000   0.083600   0.077200   0.147000   0.024600 
263  -0.001800  -0.001600  -0.002600  -0.010600  -0.001400  -0.002200  -0.001800  -0.014400   0.030000   0.083000   0.075200   0.145800   0.023400 
264  -0.003200  -0.003000  -0.004000  -0.012000  -0.003200  -0.004000  -0.003800  -0.016200   0.028200   0.082400   0.073200   0.144600   0.022200 
265  -0.004800  -0.004400  -0.005400  -0.013400  -0.005000  -0.005800  -0.005800  -0.017800   0.026200   0.081800   0.071200   0.143400   0.021000 
266  -0.006200  -0.005800  -0.006800  -0.014800  -0.006600  -0.007400  -0.007800  -0.019600   0.024000   0.081200   0.069200   0.142200   0.020000 
267  -0.007600  -0.007200  -0.008200  -0.016200  -0.008200  -0.009000  -0.009800  -0.021400   0.022000   0.080600   0.067200   0.140800   0.019000 
268  -0.009000  -0.008600  -0.009600  -0.017600  -0.009600  -0.010600  -0.011800  -0.023200   0.020000   0.080000   0.065200   0.139400   0.018000 
269  -0.010200  -0.010000  -0.011000  -0.019000  -0.011000  -0.012200  -0.013600  -0.025000   0.018000   0.079200   0.063200   0.138000   0.017000 
270  -0.011600  -0.011200  -0.012400  -0.020400  -0.012400  -0.013800  -0.015400  -0.026800   0.016000   0.078400   0.061200   0.136400   0.016000 
271  -0.013000  -0.012400  -0.013600  -0.021800  -0.013800  -0.015200  -0.017200  -0.028600   0.014000   0.077600   0.059200   0.134800   0.015000 
272  -0.014400  -0.013600  -0.014800  -0.023200  -0.015200  -0.016600  -0.019000  -0.030400   0.012000   0.076800   0.057200   0.133200   0.014000 
273  -0.015800  -0.014800  -0.016000  -0.024800  -0.016600  -0.018000  -0.020400  -0.032200   0.010000   0.076000   0.055000   0.131800   0.013000 
274  -0.017000  -0.016000  -0.017200  -0.026400  -0.018000  -0.019400  -0.022000  -0.034200   0.007800   0.075000   0.052800   0.130600   0.012000 
275  -0.018200  -0.017200  -0.018400  -0.028000  -0.019200  -0.020600  -0.023600  -0.036200   0.005600   0.074200   0.050600   0.129400   0.011000 
276  -0.019400  -0.018400  -0.019600  -0.029600  -0.020600  -0.021800  -0.025200  -0.038200   0.003400   0.073400   0.048400   0.128200   0.010000 
277  -0.020800  -0.019600  -0.021000  -0.031200  -0.022000  -0.023000  -0.027000  -0.040200   0.001200   0.072600   0.046200   0.127000   0.009000 
278  -0.022200  -0.020800  -0.022400  -0.032800  -0.023400  -0.024000  -0.028600  -0.042200  -0.001000   0.071600   0.044000   0.125800   0.007800 
279  -0.023600  -0.022000  -0.023800  -0.034400  -0.024800  -0.025000  -0.030000  -0.044200  -0.003200   0.070600   0.042200   0.124600   0.006800 
280  -0.025000  -0.023200  -0.025200  -0.036000  -0.026200  -0.026000  -0.031400  -0.046400  -0.005400   0.069600   0.040200   0.123400   0.005800 
281  -0.026400  -0.024600  -0.026600  -0.037600  -0.027600  -0.027200  -0.032800  -0.048600  -0.007600   0.068600   0.038200   0.122200   0.004800 
282  -0.027800  -0.026000  -0.028000  -0.039200  -0.028800  -0.028200  -0.034200  -0.050800  -0.009800   0.067600   0.036200   0.121200   0.003800 
283  -0.029200  -0.027400  -0.029400  -0.040800  -0.030000  -0.029200  -0.035600  -0.053000  -0.011600   0.066800   0.034200   0.120200   0.002800 
284  -0.030400  -0.028800  -0.030800  -0.042400  -0.031200  -0.030200  -0.037000  -0.055200  -0.013400   0.066000   0.032200   0.119200   0.001800 
285  -0.031600  -0.030200  -0.032200  -0.044000  -0.032400  -0.031200  -0.038400  -0.057400  -0.015600   0.065200   0.030200   0.118200   0.000800 
286  -0.032800  -0.031600  -0.033600  -0.045600  -0.033600  -0.032200  -0.040000  -0.059600  -0.017600   0.064200   0.028200   0.117200  -0.000200 
287  -0.034000  -0.033000  -0.035000  -0.047200  -0.034800  -0.033200  -0.041600  -0.062000  -0.019600   0.063200   0.026200   0.116200  -0.001200 
288  -0.035200  -0.034400  -0.036400  -0.048800  -0.036200  -0.034200  -0.043200  -0.064400  -0.021600   0.062400   0.024200   0.115200  -0.002200 
289  -0.036400  -0.035800  -0.037800  -0.050400  -0.037400  -0.035200  -0.044800  -0.066800  -0.023600   0.061600   0.022200   0.114200  -0.003000 
290  -0.037600  -0.037000  -0.039200  -0.052000  -0.038600  -0.036200  -0.046200  -0.069200  -0.025600   0.060800   0.020200   0.113200  -0.004000 
291  -0.038800  -0.038200  -0.040600  -0.053400  -0.039800  -0.037200  -0.047600  -0.071600  -0.027600   0.059800   0.018200   0.112200  -0.005000 
292  -0.040000  -0.039400  -0.042000  -0.054800  -0.040800  -0.038200  -0.049000  -0.074000  -0.029200   0.059200   0.016200   0.111200  -0.006000 
293  -0.041200  -0.040600  -0.043400  -0.056200  -0.042200  -0.039200  -0.050400  -0.076200  -0.030800   0.058400   0.014200   0.110200  -0.006800 
294  -0.042400  -0.041800  -0.044800  -0.057600  -0.043600  -0.040200  -0.052000  -0.078400  -0.032400   0.057600   0.012000   0.109200  -0.007400 
295  -0.043600  -0.043000  -0.046000  -0.059000  -0.044800  -0.041200  -0.053600  -0.080400  -0.034000   0.057000   0.009800   0.108400  -0.007600 
296  -0.044800  -0.044200  -0.047200  -0.060400  -0.046200  -0.042200  -0.055200  -0.082400  -0.035600   0.056400   0.007800   0.107600  -0.008200 
297  -0.046200  -0.045400  -0.048400  -0.061800  -0.047400  -0.043200  -0.056800  -0.084200  -0.037200   0.055800   0.005600   0.106800  -0.008800 
298  -0.047400  -0.046800  -0.049800  -0.063000  -0.048600  -0.044200  -0.058400  -0.086200  -0.038800   0.055400   0.003400   0.106200  -0.009400 
299  -0.048600  -0.048000  -0.051000  -0.064200  -0.049800  -0.045000  -0.059800  -0.087800  -0.040400   0.055200   0.001200   0.105600  -0.010000 
300  -0.049800  -0.049200  -0.052200  -0.065400  -0.050800  -0.046000  -0.061200  -0.089600  -0.042200   0.055000  -0.000800   0.104800  -0.010600 
301  -0.051000  -0.050400  -0.053400  -0.066600  -0.051800  -0.047000  -0.062400  -0.091400  -0.043800   0.054800  -0.003000   0.104000  -0.011200 
302  -0.052200  -0.051600  -0.054600  -0.067800  -0.053000  -0.048200  -0.063600  -0.093000  -0.045200   0.054400  -0.005200   0.103200  -0.011800 
303  -0.053400  -0.052800  -0.055800  -0.069000  -0.054200  -0.049200  -0.064800  -0.094600  -0.046600   0.054000  -0.007400   0.102400  -0.012600 
304  -0.054600  -0.054000  -0.057000  -0.070200  -0.055400  -0.050200  -0.066000  -0.096200  -0.048200   0.053600  -0.009800   0.101600  -0.013400 
305  -0.055800  -0.055200  -0.058200  -0.071400  -0.056600  -0.051200  -0.067200  -0.097800  -0.049800   0.053200  -0.011800   0.100800  -0.014200 
306  -0.057000  -0.056400  -0.059400  -0.072600  -0.057600  -0.052200  -0.068400  -0.099400  -0.051400   0.052800  -0.013800   0.100200  -0.015000 
307  -0.058200  -0.057600  -0.060600  -0.073800  -0.058600  -0.053200  -0.069600  -0.100800  -0.052800   0.052400  -0.015800   0.099600  -0.015800 
308  -0.059400  -0.058800  -0.061800  -0.075000  -0.059600  -0.054200  -0.071000  -0.102200  -0.054400   0.052000  -0.017800   0.099000  -0.016600 
309  -0.060600  -0.060000  -0.063000  -0.076200  -0.060600  -0.055200  -0.072200  -0.103600  -0.056000   0.051600  -0.020000   0.098400  -0.017400 
310  -0.061800  -0.061200  -0.064200  -0.077400  -0.061600  -0.056200  -0.073400  -0.105000  -0.057800   0.051200  -0.022200   0.097400  -0.018000 
311  -0.063000  -0.062400  -0.065400  -0.078600  -0.062600  -0.057200  -0.074400  -0.106200  -0.059600   0.050800  -0.024400   0.096400  -0.018800 
312  -0.064200  -0.063600  -0.066600  -0.079800  -0.063600  -0.058200  -0.075400  -0.107600  -0.061400   0.050400  -0.026600   0.095400  -0.019600 
313  -0.065400  -0.064800  -0.067800  -0.081000  -0.064600  -0.059200  -0.076400  -0.109000  -0.063200   0.049800  -0.028600   0.094400  -0.020600 
314  -0.066600  -0.066000  -0.068800  -0.082200  -0.065600  -0.060200  -0.077400  -0.110400  -0.065000   0.049200  -0.030600   0.093400  -0.021400 
315  -0.067600  -0.067200  -0.070000  -0.083400  -0.066600  -0.061200  -0.078400  -0.111400  -0.066800   0.048600  -0.032600   0.092400  -0.022000 
316  -0.068800  -0.068400  -0.071200  -0.084600  -0.067600  -0.062000  -0.079400  -0.112400  -0.068200   0.048200  -0.034600   0.091200  -0.022600 
317  -0.070000  -0.069600  -0.072400  -0.086000  -0.068600  -0.063000  -0.080400  -0.113400  -0.069800   0.047800  -0.036600   0.090000  -0.023200 
318  -0.071200  -0.070800  -0.073600  -0.087000  -0.069600  -0.064000  -0.081400  -0.114400  -0.071600   0.047400  -0.038600   0.089200  -0.023800 
319  -0.072400  -0.072000  -0.074800  -0.088000  -0.070600  -0.065000  -0.082400  -0.115400  -0.073400   0.046800  -0.040600   0.088200  -0.024400 
320  -0.073600  -0.073200  -0.076000  -0.089200  -0.071600  -0.066000  -0.083400  -0.116400  -0.075000   0.046400  -0.042600   0.087200  -0.025000 
321  -0.074800  -0.074400  -0.077200  -0.090400  -0.072600  -0.067000  -0.084400  -0.117400  -0.076600   0.046000  -0.044600   0.086200  -0.025600 
322  -0.076000  -0.075600  -0.078400  -0.091600  -0.073600  -0.068000  -0.085400  -0.118200  -0.078200   0.045600  -0.046600   0.085200  -0.026200 
323  -0.077200  -0.076800  -0.079600  -0.093000  -0.074400  -0.069000  -0.086400  -0.119200  -0.079800   0.045200  -0.048400   0.084400  -0.026800 
324  -0.078600  -0.078000  -0.081000  -0.094200  -0.075200  -0.070000  -0.087400  -0.120200  -0.081600   0.044800  -0.050200   0.083600  -0.027400 
325  -0.079800  -0.079200  -0.082400  -0.095400  -0.076200  -0.071000  -0.088400  -0.121200  -0.083200   0.044400  -0.052000   0.082600  -0.028000 
326  -0.081200  -0.080400  -0.083600  -0.096600  -0.077200  -0.072200  -0.089400  -0.122200  -0.084800   0.043800  -0.053800   0.081400  -0.028600 
327  -0.082600  -0.081600  -0.085000  -0.097800  -0.078200  -0.073400  -0.090400  -0.123200  -0.086400   0.043000  -0.055400   0.080200  -0.029200 
328  -0.084000  -0.082800  -0.086000  -0.099000  -0.079200  -0.074600  -0.091400  -0.124200  -0.088000   0.042400  -0.057000   0.079200  -0.029800 
329  -0.085400  -0.084000  -0.087000  -0.100200  -0.080000  -0.075800  -0.092400  -0.125200  -0.089600   0.041800  -0.058600   0.078200  -0.030400 
330  -0.086800  -0.085400  -0.088000  -0.101400  -0.081400  -0.077000  -0.093400  -0.126200  -0.091000   0.041000  -0.060200   0.077200  -0.031000 
331  -0.088200  -0.086800  -0.089000  -0.102600  -0.082600  -0.078200  -0.094400  -0.127400  -0.092400   0.040200  -0.061800   0.076400  -0.031600 
332  -0.089600  -0.088200  -0.090000  -0.103600  -0.083800  -0.079400  -0.095400  -0.128600  -0.093800   0.039400  -0.063200   0.075400  -0.032000 
333  -0.091000  -0.089800  -0.091000  -0.104800  -0.085000  -0.080800  -0.096200  -0.129600  -0.095000   0.038600  -0.064600   0.074400  -0.032600 
334  -0.092400  -0.091400  -0.092000  -0.106000  -0.086200  -0.082200  -0.096800  -0.130600  -0.096000   0.037800  -0.065800   0.073400  -0.033200 
335  -0.093800  -0.093000  -0.093000  -0.107200  -0.087600  -0.083600  -0.097400  -0.131600  -0.097000   0.037000  -0.066800   0.072400  -0.033800 
336  -0.095200  -0.094600  -0.094000  -0.108400  -0.089000  -0.085000  -0.098000  -0.132600  -0.098000   0.036200  -0.067600   0.071400  -0.034400 
337  -0.096800  -0.096200  -0.094600  -0.109600  -0.090600  -0.086200  -0.098600  -0.133600  -0.099000   0.035400  -0.068600   0.070400  -0.035000 
338  -0.098200  -0.097600  -0.095600  -0.110600  -0.092200  -0.087400  -0.099200  -0.134600  -0.100000   0.034600  -0.069400   0.069400  -0.035600 
339  -0.099800  -0.099000  -0.096600  -0.111600  -0.093600  -0.088600  -0.100000  -0.135400  -0.101000   0.033800  -0.070200   0.068400  -0.036200 
340  -0.101600  -0.100600  -0.097600  -0.112400  -0.095000  -0.089800  -0.100800  -0.136200  -0.102000   0.033200  -0.071000   0.067400  -0.036800 
341  -0.103400  -0.102200  -0.098800  -0.113400  -0.096200  -0.091000  -0.101600  -0.137000  -0.103000   0.032400  -0.071800   0.066400  -0.037400 
342  -0.105000  -0.103600  -0.100000  -0.114600  -0.097600  -0.092000  -0.102200  -0.137800  -0.104000   0.031600  -0.072600   0.065400  -0.038000 
343  -0.106600  -0.105000  -0.101200  -0.115800  -0.099000  -0.093000  -0.103000  -0.138400  -0.105000   0.030800  -0.073200   0.064400  -0.038600 
344  -0.108200  -0.106400  -0.102600  -0.117000  -0.100400  -0.094000  -0.103800  -0.139000  -0.106000   0.029800  -0.074000   0.063400  -0.039200 
345  -0.109800  -0.107800  -0.104000  -0.118000  -0.101600  -0.095000  -0.104600  -0.139600  -0.107000   0.028800  -0.074800   0.062400  -0.039800 
346  -0.111000  -0.109200  -0.105400  -0.119000  -0.102800  -0.096000  -0.105400  -0.140400  -0.108000   0.027800  -0.075600   0.061400  -0.040400 
347  -0.112200  -0.110400  -0.106600  -0.120000  -0.104000  -0.096800  -0.106200  -0.141200  -0.109000   0.026800  -0.076400   0.060400  -0.041200 
348  -0.113200  -0.111800  -0.107800  -0.121000  -0.105400  -0.097600  -0.107000  -0.142000  -0.110000   0.025800  -0.077400   0.059400  -0.042000 
349  -0.114800  -0.112800  -0.108800  -0.122000  -0.106800  -0.098600  -0.107800  -0.143000  -0.111200   0.024800  -0.078200   0.058400  -0.042600 
350  -0.116200  -0.114000  -0.109800  -0.123000  -0.108000  -0.099600  -0.108600  -0.144000  -0.112400   0.023800  -0.079000   0.057400  -0.043200 
351  -0.117400  -0.115200  -0.110800  -0.124000  -0.109200  -0.100600  -0.109400  -0.145000  -0.113400   0.022800  -0.079800   0.056400  -0.043800 
352  -0.118600  -0.116200  -0.111800  -0.125000  -0.110400  -0.102000  -0.110200  -0.146000  -0.114600   0.021800  -0.080800   0.055200  -0.044400 
353  -0.119800  -0.117200  -0.112800  -0.126000  -0.111400  -0.103200  -0.111000  -0.147000  -0.115800   0.020800  -0.081400   0.054200  -0.045000 
354  -0.121000  -0.118200  -0.113800  -0.127000  -0.112600  -0.104200  -0.111800  -0.148000  -0.117000   0.019800  -0.082200   0.053200  -0.045800 
355  -0.122000  -0.119200  -0.115000  -0.128000  -0.113400  -0.105200  -0.112600  -0.149000  -0.118200   0.018800  -0.083000   0.052200  -0.046600 
356  -0.123000  -0.120400  -0.116200  -0.129000  -0.114400  -0.106200  -0.113400  -0.150000  -0.119400   0.017600  -0.083600   0.051400  -0.047400 
357  -0.123800  -0.121600  -0.117400  -0.130000  -0.115200  -0.107200  -0.114200  -0.151000  -0.120400   0.016400  -0.084200   0.050400  -0.048200 
358  -0.124800  -0.122800  -0.118600  -0.131000  -0.116000  -0.108200  -0.115000  -0.152000  -0.121400   0.015200  -0.084800   0.049400  -0.049000 
359  -0.125800  -0.124000  -0.119800  -0.132200  -0.116800  -0.109200  -0.115800  -0.153000  -0.122400   0.014000  -0.085400   0.048400  -0.049800 
360  -0.126800  -0.125200  -0.120800  -0.133200  -0.117600  -0.110200  -0.116600  -0.154000  -0.123400   0.012800  -0.086000   0.047400  -0.050600 
361  -0.127800  -0.126200  -0.121800  -0.134200  -0.118400  -0.111000  -0.117400  -0.155000  -0.124400   0.011600  -0.086400   0.046400  -0.051400 
362  -0.128800  -0.127200  -0.122800  -0.135200  -0.119200  -0.111800  -0.118200  -0.156000  -0.125600   0.010600  -0.086800   0.045400  -0.052200 
363  -0.129800  -0.128200  -0.123800  -0.136200  -0.120000  -0.112400  -0.119000  -0.157000  -0.126600   0.009400  -0.087400   0.044400  -0.053000 
364  -0.130800  -0.129000  -0.124800  -0.137200  -0.120800  -0.113000  -0.120000  -0.158000  -0.127600   0.008200  -0.088000   0.043400  -0.053600 
365  -0.131800  -0.129800  -0.125800  -0.138200  -0.121600  -0.113600  -0.121000  -0.159000  -0.128600   0.007000  -0.088600   0.042600  -0.054200 
366  -0.132600  -0.130600  -0.126800  -0.139200  -0.122400  -0.114200  -0.122000  -0.160000  -0.129600   0.005800  -0.089200   0.041800  -0.054800 
367  -0.133400  -0.131400  -0.128000  -0.140200  -0.123200  -0.115000  -0.123000  -0.161200  -0.130600   0.004400  -0.089800   0.041000  -0.055400 
368  -0.134200  -0.132200  -0.129200  -0.141200  -0.124000  -0.115800  -0.124000  -0.162400  -0.131600   0.003200  -0.090400   0.040200  -0.056000 
369  -0.135000  -0.133000  -0.130400  -0.142200  -0.124800  -0.116600  -0.125000  -0.163600  -0.132600   0.001800  -0.091000   0.039200  -0.056600 
370  -0.136000  -0.133800  -0.131600  -0.143200  -0.125400  -0.117200  -0.126000  -0.164800  -0.133600   0.000400  -0.091600   0.038400  -0.057200 
371  -0.137000  -0.134600  -0.133000  -0.144200  -0.126400  -0.118000  -0.127000  -0.166000  -0.134600  -0.001000  -0.092200   0.037600  -0.057800 
372  -0.138000  -0.135400  -0.134200  -0.145200  -0.127200  -0.119000  -0.128000  -0.166800  -0.135800  -0.002400  -0.092800   0.036800  -0.058200 
373  -0.139200  -0.136200  -0.135600  -0.146200  -0.128000  -0.120200  -0.129000  -0.167400  -0.136800  -0.003800  -0.093400   0.036000  -0.058600 
374  -0.140400  -0.137000  -0.136800  -0.147200  -0.128800  -0.121200  -0.130200  -0.168200  -0.137800  -0.005200  -0.094000   0.035200  -0.059000 
375  -0.141600  -0.138200  -0.138000  -0.148200  -0.129800  -0.122200  -0.131400  -0.169000  -0.138800  -0.006600  -0.094600   0.034400  -0.059600 
376  -0.143000  -0.139200  -0.139200  -0.149000  -0.130600  -0.123200  -0.132600  -0.169800  -0.139800  -0.008000  -0.095200   0.033800  -0.060000 
377  -0.144400  -0.140400  -0.140400  -0.150000  -0.131400  -0.124400  -0.133800  -0.170600  -0.140800  -0.009400  -0.096000   0.033200  -0.060200 
378  -0.145800  -0.141600  -0.141400  -0.151000  -0.132400  -0.125400  -0.135000  -0.171400  -0.142000  -0.010800  -0.096800   0.032200  -0.060400 
379  -0.147200  -0.142800  -0.142400  -0.152000  -0.133000  -0.126600  -0.136400  -0.172200  -0.143000  -0.012200  -0.097400   0.031400  -0.060600 
380  -0.148400  -0.144000  -0.143200  -0.153000  -0.133800  -0.127600  -0.137600  -0.173000  -0.143800  -0.013600  -0.098000   0.030600  -0.060800 
381  -0.149400  -0.145200  -0.144200  -0.154000  -0.134600  -0.128600  -0.139000  -0.173800  -0.144600  -0.015000  -0.098600   0.029800  -0.061000 
382  -0.150400  -0.146400  -0.145400  -0.154600  -0.135400  -0.129600  -0.140400  -0.174600  -0.145400  -0.016600  -0.099200   0.029000  -0.061200 
383  -0.151600  -0.147400  -0.146400  -0.155200  -0.136200  -0.130800  -0.141600  -0.175400  -0.146200  -0.018200  -0.099800   0.028400  -0.061200 
384  -0.152800  -0.148400  -0.147400  -0.155800  -0.136600  -0.132000  -0.143000  -0.176200  -0.147000  -0.019800  -0.100400   0.027800  -0.061400 
385  -0.154000  -0.149600  -0.148400  -0.156400  -0.137200  -0.133400  -0.144200  -0.177000  -0.147600  -0.021400  -0.101000   0.027200  -0.061600 
386  -0.155200  -0.151000  -0.149600  -0.157000  -0.137800  -0.134800  -0.145200  -0.177800  -0.148200  -0.023000  -0.101400   0.026600  -0.061800 
387  -0.156400  -0.152600  -0.150800  -0.157600  -0.138400  -0.136000  -0.146000  -0.178600  -0.148800  -0.024600  -0.102000   0.026000  -0.062000 
388  -0.157600  -0.153800  -0.152000  -0.158000  -0.138800  -0.137200  -0.147000  -0.179200  -0.149600  -0.026200  -0.102800   0.025400  -0.062200 
389  -0.158800  -0.155000  -0.153200  -0.158600  -0.139200  -0.138400  -0.148200  -0.179800  -0.150400  -0.027800  -0.103600   0.024800  -0.062400 
390  -0.159800  -0.156200  -0.154400  -0.159200  -0.139600  -0.139800  -0.149200  -0.180400  -0.151000  -0.029400  -0.104400   0.024200  -0.062800 
391  -0.160800  -0.157200  -0.155600  -0.159800  -0.140000  -0.141200  -0.150400  -0.181000  -0.151800  -0.031000  -0.105200   0.023600  -0.063200 
392  -0.161800  -0.158400  -0.156800  -0.160400  -0.140600  -0.142600  -0.151600  -0.181800  -0.152600  -0.032600  -0.105800   0.023000  -0.063600 
393  -0.162800  -0.159400  -0.158000  -0.161400  -0.141200  -0.144000  -0.152600  -0.182600  -0.153200  -0.034200  -0.106200   0.022400  -0.064000 
394  -0.164000  -0.160600  -0.159200  -0.162200  -0.141800  -0.145600  -0.153600  -0.183400  -0.153600  -0.035600  -0.106800   0.021800  -0.064600 
395  -0.165200  -0.161800  -0.160400  -0.163200  -0.142800  -0.147000  -0.154400  -0.184200  -0.154000  -0.037000  -0.107400   0.021200  -0.065000 
396  -0.166000  -0.163000  -0.161800  -0.164000  -0.143800  -0.148400  -0.155200  -0.185000  -0.154600  -0.038400  -0.108000   0.020800  -0.065400 
397  -0.166800  -0.164200  -0.163200  -0.164600  -0.144800  -0.149800  -0.156000  -0.185800  -0.155200  -0.039600  -0.108600   0.020400  -0.065800 
398  -0.167600  -0.165400  -0.164600  -0.165200  -0.145600  -0.151400  -0.157000  -0.186600  -0.155800  -0.040800  -0.109200   0.020000  -0.066200 
399  -0.168400  -0.166400  -0.166000  -0.165800  -0.146400  -0.152800  -0.158000  -0.187400  -0.156400  -0.042000  -0.109800   0.019600  -0.066600 
400  -0.169400  -0.167600  -0.167400  -0.166600  -0.147200  -0.154200  -0.159000  -0.188000  -0.157000  -0.043200  -0.110400   0.019200  -0.067000 
401  -0.170400  -0.168800  -0.168800  -0.167400  -0.148000  -0.155600  -0.160200  -0.188400  -0.157600  -0.044400  -0.111000   0.018800  -0.067400 
402  -0.171600  -0.170000  -0.170200  -0.168200  -0.148800  -0.157000  -0.161400  -0.188800  -0.158000  -0.045600  -0.111600   0.018400  -0.067800 
403  -0.172600  -0.171200  -0.171600  -0.169000  -0.149600  -0.158400  -0.162600  -0.189200  -0.158800  -0.046800  -0.112200   0.018200  -0.068000 
404  -0.173800  -0.172400  -0.172800  -0.169800  -0.150400  -0.159800  -0.163800  -0.189800  -0.159600  -0.048000  -0.112800   0.017800  -0.068400 
405  -0.175000  -0.173400  -0.174000  -0.170600  -0.151400  -0.161200  -0.165000  -0.190400  -0.160400  -0.049200  -0.113200   0.017400  -0.068800 
406  -0.176200  -0.174400  -0.175200  -0.171600  -0.152400  -0.162600  -0.166200  -0.191000  -0.161400  -0.050400  -0.113600   0.017000  -0.069200 
407  -0.177400  -0.175400  -0.176400  -0.172400  -0.153400  -0.164000  -0.167400  -0.191600  -0.162200  -0.051400  -0.114000   0.016600  -0.069600 
408  -0.178600  -0.176400  -0.177600  -0.173200  -0.154400  -0.165400  -0.168600  -0.192200  -0.163200  -0.052400  -0.114400   0.016200  -0.070000 
409  -0.179800  -0.177600  -0.178800  -0.174000  -0.155200  -0.166800  -0.169800  -0.192800  -0.164600  -0.053200  -0.114800   0.015800  -0.070400 
410  -0.181000  -0.178800  -0.180000  -0.174800  -0.156000  -0.168200  -0.171000  -0.193400  -0.166000  -0.054200  -0.115000   0.015400  -0.070800 
411  -0.182200  -0.180000  -0.181200  -0.175600  -0.156800  -0.169200  -0.172400  -0.194000  -0.167600  -0.055200  -0.115200   0.015000  -0.071200 
412  -0.183400  -0.181200  -0.182400  -0.176600  -0.157600  -0.170200  -0.173800  -0.194600  -0.169200  -0.056200  -0.115400   0.014600  -0.071600 
413  -0.184600  -0.182400  -0.183600  -0.177600  -0.158200  -0.171200  -0.175200  -0.195200  -0.170800  -0.057200  -0.115800   0.014200  -0.072000 
414  -0.185800  -0.183600  -0.184800  -0.178600  -0.159000  -0.172200  -0.176600  -0.196000  -0.172400  -0.058200  -0.116000   0.013800  -0.072400 
415  -0.187000  -0.184800  -0.186000  -0.179600  -0.159800  -0.173200  -0.178000  -0.196600  -0.174000  -0.059000  -0.116200   0.013400  -0.072800 
416  -0.188200  -0.186000  -0.187200  -0.180400  -0.160600  -0.174200  -0.179400  -0.197200  -0.175800  -0.060000  -0.116400   0.013000  -0.073200 
417  -0.189400  -0.187200  -0.188400  -0.181200  -0.161400  -0.175200  -0.180800  -0.197800  -0.177400  -0.061000  -0.116400   0.012600  -0.073600 
418  -0.190600  -0.188400  -0.189600  -0.182000  -0.162200  -0.176200  -0.182200  -0.198400  -0.179000  -0.061800  -0.116600   0.012200  -0.073600 
419  -0.192000  -0.189600  -0.190800  -0.182800  -0.163000  -0.177200  -0.183400  -0.199000  -0.180600  -0.062600  -0.116800   0.011800  -0.073800 
420  -0.193200  -0.190800  -0.192000  -0.183600  -0.163800  -0.178200  -0.184600  -0.199600  -0.182200  -0.063400  -0.117000   0.011400  -0.074000 
421  -0.194600  -0.191800  -0.193200  -0.184400  -0.164800  -0.179200  -0.185800  -0.200200  -0.183800  -0.064200  -0.117200   0.011000  -0.074000 
422  -0.195600  -0.192800  -0.194400  -0.185200  -0.165800  -0.180200  -0.187000  -0.200800  -0.185600  -0.064800  -0.117400   0.010600  -0.074000 
423  -0.196600  -0.193800  -0.195400  -0.186000  -0.166800  -0.181200  -0.188200  -0.201400  -0.186800  -0.065400  -0.117600   0.010200  -0.074000 
424  -0.197400  -0.194800  -0.196400  -0.186800  -0.167600  -0.182200  -0.189400  -0.202000  -0.188000  -0.065800  -0.117800   0.009800  -0.074000 
425  -0.198200  -0.195800  -0.197200  -0.187600  -0.168600  -0.183200  -0.190600  -0.202600  -0.189400  -0.066000  -0.118000   0.009400  -0.074000 
426  -0.199000  -0.197000  -0.198000  -0.188400  -0.169600  -0.184200  -0.191600  -0.203200  -0.190800  -0.066200  -0.118200   0.009000  -0.074000 
427  -0.199800  -0.198200  -0.198800  -0.189000  -0.170600  -0.185200  -0.192600  -0.203800  -0.192200  -0.066400  -0.118400   0.008600  -0.074000 
428  -0.200600  -0.199200  -0.199600  -0.189600  -0.171600  -0.186000  -0.193600  -0.204600  -0.193400  -0.066600  -0.118600   0.008200  -0.074200 
429  -0.201400  -0.200200  -0.200400  -0.190200  -0.172600  -0.186800  -0.194400  -0.205400  -0.194600  -0.066800  -0.118600   0.007800  -0.074400 
430  -0.202200  -0.201000  -0.201200  -0.190800  -0.173600  -0.187600  -0.195200  -0.206200  -0.195600  -0.066800  -0.118600   0.007400  -0.074600 
431  -0.203000  -0.201800  -0.202000  -0.191400  -0.174600  -0.188400  -0.196000  -0.207000  -0.196600  -0.067000  -0.118600   0.006800  -0.074800 
432  -0.203800  -0.202600  -0.202800  -0.192200  -0.175600  -0.189200  -0.196800  -0.207800  -0.197600  -0.067200  -0.118600   0.006200  -0.075200 
433  -0.204600  -0.203400  -0.203600  -0.192600  -0.176600  -0.190000  -0.197600  -0.208600  -0.198600  -0.067400  -0.118600   0.005400  -0.075400 
434  -0.205400  -0.204200  -0.204400  -0.193000  -0.177400  -0.190800  -0.198600  -0.209400  -0.199600  -0.067600  -0.118800   0.004600  -0.075600 
435  -0.206200  -0.205000  -0.205200  -0.193400  -0.178200  -0.191600  -0.199600  -0.210200  -0.200400  -0.067800  -0.118800   0.004000  -0.075800 
436  -0.207000  -0.205800  -0.206000  -0.193800  -0.179000  -0.192400  -0.200600  -0.211000  -0.201200  -0.068200  -0.118800   0.003400  -0.075800 
437  -0.207800  -0.206600  -0.207000  -0.194200  -0.179800  -0.193200  -0.201600  -0.212000  -0.202200  -0.068600  -0.119000   0.002800  -0.076000 
438  -0.208600  -0.207400  -0.208000  -0.194600  -0.180400  -0.194000  -0.202600  -0.213000  -0.203200  -0.069000  -0.119200   0.002200  -0.076400 
439  -0.209400  -0.208200  -0.209000  -0.195000  -0.181000  -0.194800  -0.203600  -0.214000  -0.204000  -0.069400  -0.119600   0.001600  -0.076400 
440  -0.210200  -0.209000  -0.210000  -0.195400  -0.181600  -0.195600  -0.204600  -0.215000  -0.205000  -0.069800  -0.120000   0.001000  -0.076600 
441  -0.211000  -0.210000  -0.210800  -0.195800  -0.182200  -0.196600  -0.205600  -0.216000  -0.206000  -0.070200  -0.120200   0.000400  -0.076800 
442  -0.211800  -0.210800  -0.211600  -0.196200  -0.182800  -0.197400  -0.206600  -0.217000  -0.206800  -0.070600  -0.120400  -0.000200  -0.077000 
443  -0.212600  -0.211600  -0.212400  -0.196600  -0.183400  -0.198200  -0.207600  -0.218000  -0.207600  -0.071000  -0.120600  -0.000800  -0.077200 
444  -0.213600  -0.212400  -0.213200  -0.197000  -0.184000  -0.199000  -0.208600  -0.219000  -0.208200  -0.071400  -0.120800  -0.001400  -0.077400 
445  -0.214400  -0.213200  -0.214000  -0.197400  -0.184800  -0.199800  -0.209600  -0.220000  -0.208800  -0.071800  -0.121200  -0.002000  -0.077400 
446  -0.215200  -0.214000  -0.214800  -0.198000  -0.185400  -0.200400  -0.210600  -0.221000  -0.209000  -0.072000  -0.121400  -0.002600  -0.077600 
447  -0.216000  -0.214800  -0.215600  -0.198600  -0.186000  -0.201400  -0.211600  -0.222000  -0.209200  -0.072200  -0.121600  -0.003200  -0.077600 
448  -0.216800  -0.215600  -0.216200  -0.199200  -0.186600  -0.202200  -0.212600  -0.223000  -0.209400  -0.072400  -0.121800  -0.003800  -0.077800 
449  -0.217600  -0.216400  -0.216800  -0.199800  -0.187200  -0.203000  -0.213600  -0.224000  -0.209600  -0.072600  -0.122000  -0.004400  -0.077800 
450  -0.218400  -0.217200  -0.217400  -0.200400  -0.187800  -0.203800  -0.214600  -0.224800  -0.209800  -0.072600  -0.122200  -0.005000  -0.077800 
451  -0.219200  -0.218000  -0.218000  -0.201000  -0.188400  -0.204800  -0.215600  -0.225600  -0.209800  -0.072600  -0.122400  -0.005600  -0.077800 
452  -0.220000  -0.218800  -0.218600  -0.201600  -0.189000  -0.205600  -0.216400  -0.226600  -0.210000  -0.072800  -0.122600  -0.006200  -0.077800 
453  -0.220800  -0.219600  -0.219200  -0.202200  -0.189600  -0.206200  -0.217200  -0.227600  -0.210200  -0.073000  -0.122800  -0.006600  -0.078000 
454  -0.221600  -0.220200  -0.219800  -0.202800  -0.190000  -0.206800  -0.218200  -0.228200  -0.210600  -0.073000  -0.123200  -0.007000  -0.078400 
455  -0.222400  -0.221000  -0.220400  -0.203400  -0.190400  -0.207200  -0.219200  -0.229000  -0.211000  -0.073000  -0.123600  -0.007400  -0.078600 
456  -0.223200  -0.221600  -0.221000  -0.204000  -0.191000  -0.207600  -0.219800  -0.229800  -0.211400  -0.073000  -0.124000  -0.007800  -0.078800 
457  -0.224000  -0.222200  -0.221600  -0.204600  -0.191600  -0.208000  -0.220400  -0.230600  -0.212000  -0.073000  -0.124400  -0.008200  -0.078800 
458  -0.224600  -0.222800  -0.222200  -0.205200  -0.192200  -0.208200  -0.221000  -0.231200  -0.212600  -0.073000  -0.124800  -0.008600  -0.078800 
459  -0.225200  -0.223400  -0.222800  -0.205800  -0.192800  -0.208400  -0.221600  -0.232000  -0.213000  -0.073000  -0.125200  -0.009000  -0.078800 
460  -0.225800  -0.224000  -0.223400  -0.206200  -0.193400  -0.208600  -0.222200  -0.233000  -0.213600  -0.073000  -0.125600  -0.009400  -0.078800 
461  -0.226400  -0.224600  -0.223800  -0.206600  -0.193600  -0.208800  -0.222800  -0.234000  -0.214000  -0.073000  -0.126200  -0.009800  -0.078800 
462  -0.227000  -0.225200  -0.224200  -0.207000  -0.193800  -0.208800  -0.223400  -0.235000  -0.214600  -0.073000  -0.126800  -0.010200  -0.078800 
463  -0.227400  -0.225800  -0.224600  -0.207400  -0.194400  -0.209200  -0.224200  -0.236000  -0.215200  -0.073000  -0.127400  -0.010600  -0.078800 
464  -0.227800  -0.226600  -0.225200  -0.207800  -0.194800  -0.209400  -0.225000  -0.237200  -0.215800  -0.073200  -0.127800  -0.011000  -0.078800 
465  -0.228400  -0.227400  -0.225800  -0.208200  -0.195200  -0.209600  -0.225800  -0.238400  -0.216400  -0.073400  -0.128400  -0.011400  -0.078800 
466  -0.228800  -0.228200  -0.226400  -0.208400  -0.195600  -0.209800  -0.226600  -0.239400  -0.217000  -0.073600  -0.129000  -0.011800  -0.078800 
467  -0.229400  -0.229000  -0.227000  -0.208800  -0.196000  -0.210000  -0.227400  -0.240400  -0.217600  -0.073800  -0.129600  -0.012200  -0.078800 
468  -0.230000  -0.229800  -0.227600  -0.209400  -0.196200  -0.210200  -0.228200  -0.241400  -0.218400  -0.074200  -0.130200  -0.012600  -0.078800 
469  -0.230600  -0.230600  -0.228200  -0.209800  -0.196400  -0.210400  -0.229000  -0.242400  -0.219000  -0.074800  -0.130800  -0.012800  -0.078800 
470  -0.230800  -0.231600  -0.228600  -0.210200  -0.196600  -0.210600  -0.229800  -0.243400  -0.219600  -0.075200  -0.131400  -0.013000  -0.078800 
471  -0.231600  -0.232600  -0.229000  -0.210600  -0.196800  -0.210800  -0.230600  -0.244400  -0.220000  -0.075600  -0.132000  -0.013200  -0.078800 
472  -0.232000  -0.233600  -0.229400  -0.211000  -0.197000  -0.211000  -0.231400  -0.245600  -0.220400  -0.076000  -0.132600  -0.013600  -0.078800 
473  -0.232600  -0.234600  -0.229800  -0.211400  -0.197200  -0.211200  -0.232200  -0.246600  -0.220800  -0.076400  -0.133200  -0.013800  -0.078600 
474  -0.233200  -0.235600  -0.230400  -0.211800  -0.197400  -0.211400  -0.233000  -0.247400  -0.221200  -0.076800  -0.133800  -0.014200  -0.078400 
475  -0.233800  -0.236600  -0.231000  -0.212200  -0.197400  -0.211200  -0.233800  -0.248200  -0.221600  -0.077200  -0.134400  -0.014600  -0.078200 
476  -0.234400  -0.237400  -0.231800  -0.212600  -0.197400  -0.211000  -0.234600  -0.249000  -0.222000  -0.077600  -0.135000  -0.015000  -0.078000 
477  -0.235000  -0.238000  -0.232400  -0.213000  -0.197400  -0.210800  -0.235200  -0.249800  -0.222600  -0.078000  -0.135600  -0.015400  -0.077800 
478  -0.235600  -0.238600  -0.233000  -0.213400  -0.197400  -0.210600  -0.235600  -0.250600  -0.223200  -0.078400  -0.136200  -0.015800  -0.077600 
479  -0.236200  -0.239000  -0.233800  -0.213800  -0.197400  -0.210400  -0.236000  -0.251200  -0.223600  -0.078800  -0.136800  -0.016200  -0.077400 
480  -0.236600  -0.239400  -0.234800  -0.214200  -0.197600  -0.210200  -0.236200  -0.251800  -0.224000  -0.079200  -0.137200  -0.016600  -0.077200 
481  -0.237000  -0.239800  -0.235600  -0.214600  -0.197600  -0.210000  -0.236600  -0.252400  -0.224400  -0.079600  -0.137800  -0.017000  -0.077000 
482  -0.237200  -0.240200  -0.236400  -0.215000  -0.197800  -0.209600  -0.237000  -0.253000  -0.224800  -0.079800  -0.138200  -0.017200  -0.076800 
483  -0.237400  -0.240600  -0.237000  -0.215400  -0.198000  -0.209400  -0.237400  -0.253400  -0.225200  -0.080200  -0.138800  -0.017400  -0.076600 
484  -0.237600  -0.241000  -0.237600  -0.215800  -0.198200  -0.209000  -0.237800  -0.253800  -0.225600  -0.080400  -0.139400  -0.017600  -0.076400 
485  -0.237600  -0.241200  -0.238200  -0.216200  -0.198400  -0.208800  -0.238200  -0.254200  -0.226000  -0.080400  -0.140000  -0.017800  -0.076000 
486  -0.237600  -0.241600  -0.238800  -0.216800  -0.198600  -0.208600  -0.238600  -0.254600  -0.226400  -0.080400  -0.140400  -0.018000  -0.075600 
487  -0.237600  -0.242000  -0.239400  -0.217200  -0.198600  -0.208400  -0.239000  -0.255000  -0.226800  -0.080600  -0.140800  -0.018200  -0.075200 
488  -0.237600  -0.242400  -0.240000  -0.217800  -0.198800  -0.208200  -0.239400  -0.255400  -0.227200  -0.080600  -0.141000  -0.018200  -0.074800 
489  -0.237800  -0.242600  -0.240600  -0.218400  -0.198600  -0.208000  -0.239800  -0.255800  -0.227400  -0.080600  -0.141200  -0.018200  -0.074400 
490  -0.238000  -0.242800  -0.241200  -0.218800  -0.198400  -0.208000  -0.240200  -0.256200  -0.227600  -0.080600  -0.141600  -0.018400  -0.074200 
491  -0.238000  -0.243000  -0.241800  -0.219200  -0.198200  -0.207800  -0.240400  -0.256600  -0.227800  -0.080600  -0.141400  -0.018600  -0.074000 
492  -0.238000  -0.243000  -0.242400  -0.219800  -0.198000  -0.207600  -0.240600  -0.256800  -0.228000  -0.080600  -0.141600  -0.018800  -0.073800 
493  -0.238000  -0.243200  -0.243000  -0.220200  -0.197800  -0.207800  -0.240800  -0.256800  -0.228200  -0.080600  -0.141800  -0.019000  -0.073600 
494  -0.238000  -0.243200  -0.243600  -0.220600  -0.197600  -0.207800  -0.241000  -0.257200  -0.228400  -0.080600  -0.141800  -0.019200  -0.073400 
495  -0.238000  -0.243200  -0.244200  -0.220800  -0.197400  -0.207800  -0.241200  -0.257400  -0.228600  -0.080600  -0.141800  -0.019400  -0.073400 
496  -0.238000  -0.243200  -0.244800  -0.221200  -0.197200  -0.207800  -0.241400  -0.257600  -0.228800  -0.080600  -0.141800  -0.019600  -0.073400 
497  -0.238000  -0.243200  -0.245000  -0.221400  -0.197000  -0.207800  -0.241600  -0.257800  -0.229000  -0.080600  -0.141800  -0.019800  -0.073200 
498  -0.237800  -0.243200  -0.245400  -0.221600  -0.196800  -0.207800  -0.241800  -0.258200  -0.228800  -0.080600  -0.141800  -0.019800  -0.073200 
499  -0.237800  -0.243200  -0.245400  -0.221800  -0.196600  -0.207800  -0.241800  -0.258200  -0.228800  -0.080600  -0.141800  -0.019800  -0.073200 
