r MCS_10 MCS_20 MCS_40 MCS_80 MCS_160 MCS_320 MCS_640 MCS_1280 MCS_2560 MCS_5120 MCS_10240 MCS_20480 MCS_40960 
0   1.000000   1.000000   1.000000   1.000000   1.000000   1.000000   1.000000   1.000000   1.000000   1.000000   1.000000   1.000000   1.000000 
1   0.465000   0.464400   0.477400   0.455200   0.472600   0.461600   0.456000   0.460200   0.462400   0.463600   0.462400   0.459800   0.457000 
2   0.414400   0.406400   0.418000   0.400400   0.420600   0.404800   0.409200   0.414600   0.416000   0.420400   0.405600   0.394800   0.411800 
3   0.364200   0.348600   0.366600   0.361200   0.379200   0.360600   0.365400   0.362800   0.368600   0.376800   0.349200   0.355000   0.356600 
4   0.311600   0.316200   0.324600   0.312600   0.332800   0.325200   0.319400   0.317000   0.315800   0.339400   0.305000   0.313400   0.316400 
5   0.266800   0.281800   0.295200   0.281400   0.302400   0.297200   0.278400   0.287800   0.286800   0.305800   0.275200   0.269600   0.281000 
6   0.239800   0.254800   0.265800   0.247000   0.270200   0.268800   0.245200   0.254800   0.262600   0.268000   0.237600   0.244400   0.243600 
7   0.212200   0.220400   0.239600   0.221200   0.250000   0.250800   0.221800   0.225400   0.226400   0.248600   0.214400   0.221600   0.226400 
8   0.186400   0.194400   0.215000   0.191800   0.224000   0.219800   0.191000   0.203600   0.206200   0.218800   0.184000   0.193000   0.201400 
9   0.163400   0.175800   0.187200   0.175400   0.201400   0.188000   0.171600   0.182000   0.183200   0.198000   0.157400   0.172200   0.169600 
10   0.148600   0.154600   0.166400   0.158600   0.170200   0.172000   0.147600   0.169000   0.163200   0.172800   0.141600   0.158400   0.152000 
11   0.126200   0.142200   0.152600   0.143400   0.161000   0.157200   0.126000   0.146000   0.143200   0.147800   0.122600   0.133800   0.137400 
12   0.109400   0.119800   0.135000   0.119400   0.142800   0.138200   0.116800   0.138000   0.129600   0.128400   0.106800   0.114200   0.110000 
13   0.102000   0.110600   0.121000   0.111400   0.121400   0.126600   0.101400   0.115200   0.121800   0.115000   0.090200   0.106000   0.093200 
14   0.080600   0.094800   0.114400   0.102200   0.114600   0.109000   0.090200   0.107400   0.110800   0.096600   0.085000   0.097200   0.085200 
15   0.070000   0.092400   0.094600   0.100600   0.105600   0.095200   0.088800   0.096000   0.101400   0.088200   0.074400   0.081000   0.063200 
16   0.059400   0.082600   0.094200   0.080200   0.091800   0.090200   0.079000   0.089200   0.089600   0.076400   0.063600   0.063400   0.055600 
17   0.039800   0.083400   0.079800   0.073400   0.082000   0.079200   0.060000   0.078000   0.078600   0.062600   0.056000   0.064400   0.045200 
18   0.040200   0.074400   0.076200   0.056600   0.069800   0.076600   0.062000   0.069000   0.067800   0.048400   0.045600   0.055000   0.048400 
19   0.035400   0.071200   0.073000   0.047600   0.061800   0.074800   0.054400   0.069600   0.068600   0.041400   0.042000   0.048000   0.031600 
20   0.038600   0.066000   0.060800   0.042600   0.061400   0.063800   0.046800   0.068600   0.051200   0.033000   0.033800   0.049000   0.034400 
21   0.033600   0.051000   0.056200   0.044800   0.052200   0.056600   0.048600   0.058800   0.050200   0.032000   0.024000   0.051600   0.020200 
22   0.040800   0.044200   0.049400   0.036600   0.053200   0.053600   0.040600   0.054000   0.050800   0.026400   0.030200   0.041200   0.010400 
23   0.034600   0.035600   0.048200   0.031000   0.042800   0.047200   0.027800   0.049000   0.045000   0.025800   0.023400   0.046000   0.025400 
24   0.034200   0.024200   0.042800   0.031600   0.036400   0.039200   0.026800   0.053800   0.040200   0.023000   0.021000   0.037800   0.015000 
25   0.033000   0.020200   0.042000   0.022600   0.041000   0.034000   0.022200   0.047400   0.036200   0.022800   0.023200   0.032400   0.011800 
26   0.037200   0.015000   0.045000   0.022000   0.031600   0.035800   0.017000   0.043800   0.035600   0.017800   0.014200   0.028200   0.003000 
27   0.046000   0.012000   0.033200   0.015800   0.029600   0.019000   0.017400   0.050800   0.025400   0.020000   0.011600   0.023800   0.011400 
28   0.035600   0.011200   0.028600   0.016800   0.017000   0.022000   0.017200   0.048000   0.019200   0.021400   0.012400   0.028400   0.013000 
29   0.030600   0.007000   0.023400   0.019000   0.015800   0.017000   0.015000   0.052600   0.018600   0.013000   0.015600   0.025400   0.009400 
30   0.030000   0.006400   0.019400   0.016400   0.008000   0.010800  -0.001200   0.050600   0.024200   0.006200   0.002000   0.024200   0.008200 
31   0.027800   0.004000   0.020200   0.019200   0.012600   0.005200   0.003600   0.047800   0.018200   0.001200   0.005800   0.026000   0.013800 
32   0.030600  -0.000800   0.026200   0.013800   0.013200   0.011400   0.000200   0.052800   0.022600  -0.004600  -0.000000   0.020400   0.001600 
33   0.034600   0.004600   0.020800   0.010600   0.011200   0.004000   0.005600   0.043800   0.016200  -0.004800  -0.003400   0.023000   0.000400 
34   0.033200   0.002800   0.018000   0.008800   0.011600   0.001600   0.002600   0.048800   0.020800  -0.004400  -0.012400   0.015200   0.003800 
35   0.036800   0.005400   0.019000   0.013400   0.004600  -0.008000   0.000600   0.052400   0.014600   0.003600  -0.009000   0.021200  -0.001400 
36   0.041800   0.005400   0.019600   0.013200   0.005600  -0.006600  -0.005800   0.045200   0.008000  -0.004000  -0.015600   0.021000   0.007600 
37   0.037200   0.010200   0.013000   0.009200   0.002200  -0.013600   0.004800   0.037200   0.005800  -0.005600  -0.016200   0.015800   0.002200 
38   0.036800   0.003800   0.019000   0.007600   0.001600  -0.009000  -0.005000   0.033200  -0.003600  -0.002400  -0.018600   0.007800  -0.002400 
39   0.029800   0.002600   0.013000   0.014600   0.006200  -0.005000  -0.005600   0.031400   0.011800  -0.002200  -0.018200   0.006200  -0.004400 
40   0.035800   0.003200   0.022000   0.013000   0.006200  -0.008400  -0.006800   0.029600   0.005600  -0.015400  -0.015000   0.005000  -0.010000 
41   0.033600   0.001600   0.016600   0.016400   0.009000  -0.013000  -0.009200   0.030000   0.000000  -0.006800  -0.020000   0.008400   0.001200 
42   0.037400   0.004200   0.011600   0.008200   0.004000  -0.011800  -0.017200   0.024400  -0.006600  -0.006200  -0.016800   0.002000  -0.004400 
43   0.033000  -0.005600   0.011800   0.004600  -0.001200  -0.008000  -0.019400   0.025800  -0.007400  -0.008200  -0.016400   0.003000  -0.001800 
44   0.028600  -0.004200   0.010200  -0.006000  -0.001400  -0.002400  -0.017400   0.020800  -0.010800  -0.000800  -0.004800   0.003000  -0.006200 
45   0.035800  -0.003800   0.018400  -0.000200   0.010000   0.003000  -0.014600   0.025600  -0.009000   0.010000  -0.003400   0.003800  -0.001800 
46   0.030200   0.002000   0.016000   0.000600   0.017000   0.001400  -0.017600   0.017000  -0.013200   0.008000  -0.004200   0.002400  -0.004600 
47   0.030200  -0.002600   0.018000  -0.002200   0.020600  -0.003000  -0.013000   0.008600  -0.012800   0.006800  -0.011000   0.002800   0.000400 
48   0.023000   0.003800   0.019200   0.010800   0.011200  -0.000400  -0.020600   0.010200  -0.017200   0.009800  -0.010000  -0.002600  -0.007800 
49   0.030400  -0.006000   0.021000   0.000600   0.005600  -0.006000  -0.011200   0.003800  -0.016800   0.013800  -0.008000  -0.003600  -0.007200 
50   0.022600  -0.004600   0.016400   0.003400  -0.007400  -0.003000  -0.022600   0.002400  -0.011000   0.016200   0.002000  -0.002200  -0.003200 
51   0.021200   0.002200   0.014400  -0.000200  -0.003600  -0.006800  -0.009200  -0.007600  -0.004400   0.008800  -0.001200   0.000800   0.000000 
52   0.020000   0.005800   0.019600   0.000200  -0.002000  -0.006400  -0.017800  -0.001000  -0.005000   0.017000  -0.002000   0.001000  -0.000400 
53   0.022000   0.003200   0.012000   0.002000  -0.000000  -0.003800  -0.014200  -0.005400  -0.004000   0.022800   0.002800   0.003800   0.003000 
54   0.017000   0.003200   0.005000   0.003000  -0.002000  -0.002400  -0.020400  -0.001000  -0.003600   0.020200   0.005200   0.005200  -0.002000 
55   0.025800   0.004000  -0.004600  -0.008600   0.007000   0.001200  -0.018400  -0.000000   0.000200   0.021400   0.002600   0.003400  -0.001400 
56   0.021800   0.005400  -0.005400  -0.001000   0.003400  -0.014400  -0.006200  -0.012200  -0.004000   0.029000  -0.008000   0.001200   0.002400 
57   0.017000   0.001400  -0.000000   0.002000  -0.004600  -0.006400  -0.008200  -0.013400   0.003600   0.023800  -0.003000   0.012400  -0.001000 
58   0.018400   0.000600  -0.003000  -0.001000  -0.008200  -0.013400  -0.003200  -0.008200   0.003200   0.027200  -0.000200   0.013400   0.007200 
59   0.018000  -0.000200   0.002000   0.002400  -0.005000  -0.006000  -0.009800  -0.009800  -0.006600   0.037400   0.007000   0.007200   0.008600 
60   0.014600   0.003000   0.009000  -0.001600  -0.007200  -0.008000  -0.006200  -0.009000  -0.008600   0.034800   0.009800   0.015000   0.013600 
61   0.013600   0.006400   0.005000   0.006000   0.000400   0.002800  -0.008000  -0.004600  -0.006400   0.030000   0.013200   0.016400   0.015200 
62   0.010400   0.003200  -0.001400   0.001600   0.007400  -0.007000  -0.005000  -0.012600  -0.007000   0.027800   0.009400   0.018800   0.011200 
63   0.017800   0.004000  -0.000600   0.010400   0.003800  -0.003000  -0.006400  -0.012000  -0.003000   0.022400  -0.004800   0.008800   0.009200 
64   0.017000   0.007800   0.002600   0.007000   0.006600  -0.013800  -0.007200  -0.011800  -0.007400   0.017000   0.000600   0.016600   0.009000 
65   0.015800   0.004000   0.003600   0.005600   0.014200  -0.009000  -0.006600  -0.013400  -0.013000   0.017000  -0.004200   0.008000   0.018200 
66   0.020600   0.015600   0.002200   0.009400   0.011600  -0.009600  -0.008600  -0.008600  -0.012000   0.011800   0.001000   0.009400   0.024200 
67   0.022800   0.008200  -0.004600   0.009200   0.011600  -0.013200  -0.007600  -0.006000   0.000600   0.014200  -0.006200   0.010200   0.015800 
68   0.023600   0.013600   0.002400   0.011800   0.018600  -0.013800  -0.011000  -0.008400  -0.014000   0.012800  -0.006400   0.003800   0.014200 
69   0.028400   0.017600  -0.004600   0.007600   0.011800  -0.011200  -0.009800  -0.004000  -0.005600   0.017400  -0.006800   0.004800   0.009800 
70   0.022200   0.019600  -0.003600   0.010400   0.007000  -0.014600  -0.001800  -0.002000  -0.002000   0.014000  -0.019200   0.000000   0.013800 
71   0.030600   0.028800  -0.009800   0.017200   0.002800  -0.014600  -0.013000  -0.005800  -0.007200   0.013400  -0.024400   0.006600   0.009000 
72   0.024800   0.024000  -0.011400   0.015400  -0.001200  -0.016800  -0.011000  -0.005800  -0.004200   0.005400  -0.022200   0.015600   0.003800 
73   0.028200   0.017600  -0.009400   0.009400   0.006200  -0.020000  -0.012400  -0.004600   0.003200   0.002600  -0.020800   0.010200   0.002200 
74   0.025000   0.020600  -0.002000   0.011200   0.004000  -0.028400  -0.013200  -0.003000  -0.006600   0.001400  -0.023800   0.016600   0.000200 
75   0.025400   0.020400  -0.008000   0.004000   0.001200  -0.019600  -0.011000  -0.005400  -0.001800   0.004000  -0.017400   0.012200  -0.003000 
76   0.027600   0.024200  -0.012000   0.011400   0.005800  -0.018200  -0.008400  -0.009000  -0.008400  -0.000400  -0.013400   0.011400  -0.009400 
77   0.028600   0.025800  -0.008000   0.013000   0.003000  -0.028000  -0.005000  -0.011600  -0.002800  -0.003000  -0.020400   0.012200  -0.014600 
78   0.030400   0.026200  -0.017800   0.011400  -0.002000  -0.028000  -0.006400  -0.009400   0.010200  -0.003800  -0.018200   0.000400  -0.021200 
79   0.038000   0.025600  -0.013000   0.012600   0.008600  -0.021600  -0.004000  -0.001400   0.002600  -0.003400  -0.020000  -0.006200  -0.010600 
80   0.030800   0.024400  -0.008600   0.000200   0.011000  -0.021400   0.004400  -0.005800  -0.005200  -0.010800  -0.018000   0.001400  -0.020400 
81   0.031600   0.029400  -0.017200   0.007200   0.004600  -0.028800   0.002600  -0.004200   0.002600  -0.003800  -0.012000  -0.011200  -0.023600 
82   0.034200   0.030400  -0.016600   0.003800   0.003600  -0.022400   0.006200  -0.009600  -0.000600   0.000800  -0.010200   0.001200  -0.026800 
83   0.026400   0.031800  -0.012600   0.006800   0.003800  -0.022000   0.002400  -0.015400   0.000400  -0.003000  -0.007600   0.005800  -0.024000 
84   0.024800   0.028000  -0.012200   0.004400   0.001400  -0.019000   0.002800  -0.011400   0.000600   0.002000  -0.011000   0.000800  -0.021400 
85   0.029000   0.029600  -0.015000   0.006000  -0.003400  -0.028000   0.003600  -0.011800  -0.004600  -0.004800  -0.009800   0.000000  -0.024200 
86   0.030800   0.023800  -0.020000   0.006000  -0.006600  -0.020600   0.002000  -0.012400  -0.000600  -0.003200  -0.005800   0.009000  -0.019200 
87   0.029200   0.019000  -0.010000   0.005600  -0.002400  -0.012800  -0.005400  -0.015200   0.002000  -0.001000   0.003800   0.005600  -0.025600 
88   0.027200   0.024200  -0.012600   0.011000  -0.003400  -0.011200  -0.010800  -0.019600  -0.005200  -0.004400  -0.005000   0.001600  -0.024600 
89   0.018600   0.012600  -0.013400   0.000800  -0.009800  -0.009600  -0.003400  -0.026000  -0.003000  -0.010600  -0.013000   0.006400  -0.018000 
90   0.022000   0.015800  -0.013600   0.002600  -0.005000  -0.020200  -0.002400  -0.021400  -0.000800  -0.016000  -0.003200   0.004400  -0.011400 
91   0.018200   0.014400  -0.011200   0.002400  -0.008000  -0.018800  -0.004200  -0.029400  -0.005800  -0.018000  -0.007000   0.000400  -0.003600 
92   0.017800   0.019200  -0.001800   0.022800  -0.008600  -0.015800  -0.002000  -0.029800  -0.009200  -0.013800   0.000200   0.006400   0.004800 
93   0.023000   0.008000  -0.008600   0.018200  -0.011200  -0.004800   0.002800  -0.027800  -0.010400  -0.023200  -0.007600   0.005600   0.006800 
94   0.023000   0.010000  -0.017800   0.025000  -0.010400  -0.003800   0.008200  -0.026600  -0.004200  -0.013200  -0.016000   0.004400   0.009000 
95   0.015000   0.009800  -0.013200   0.028200  -0.002400  -0.001400   0.006600  -0.024400  -0.014600  -0.009400  -0.012200   0.002400   0.009600 
96   0.014200   0.016600  -0.012600   0.017200  -0.005200   0.000200   0.012400  -0.025000  -0.016600  -0.012600  -0.013600   0.000800   0.012000 
97   0.015800   0.011200  -0.013200   0.022400  -0.000200  -0.011000   0.013400  -0.025000  -0.008000  -0.013400  -0.006000   0.002600   0.011200 
98   0.017600   0.010800  -0.014000   0.021000  -0.004600  -0.005600   0.016600  -0.025400  -0.013000  -0.009600  -0.000200  -0.001200   0.011800 
99   0.011400   0.011600  -0.011400   0.023400   0.002200  -0.003200   0.013000  -0.018200  -0.002800  -0.016800  -0.013400  -0.002000   0.016400 
100   0.017800   0.012400  -0.015800   0.016800  -0.002200  -0.006200   0.007800  -0.024000  -0.004000  -0.019200  -0.017800  -0.013200   0.016200 
101   0.020400   0.008800  -0.013800   0.015800  -0.003000  -0.010000   0.013200  -0.022400  -0.004600  -0.016000  -0.019600  -0.003800   0.007200 
102   0.017800   0.009800  -0.010400   0.017000  -0.002000  -0.013800   0.006400  -0.020200  -0.006800  -0.020000  -0.013000  -0.006800   0.010400 
103   0.019400   0.007600  -0.018400   0.031800  -0.001800  -0.002000   0.011400  -0.010800   0.003000  -0.014600  -0.010200  -0.001800   0.014400 
104   0.015800   0.004000  -0.010800   0.024600  -0.001400  -0.004800   0.009400  -0.013800   0.005800  -0.015000  -0.012000   0.000800   0.009800 
105   0.022000   0.008000  -0.014200   0.019000  -0.009400  -0.006400   0.015600  -0.013200   0.001600  -0.014200   0.001000  -0.009200   0.011400 
106   0.022800   0.002400  -0.007000   0.013400  -0.016400  -0.009600   0.023600  -0.006400   0.001400  -0.009800  -0.005000  -0.015200   0.008000 
107   0.022400   0.008400  -0.012600   0.007600  -0.009000  -0.008800   0.023000  -0.005400  -0.003400  -0.004000  -0.006200  -0.007000   0.007600 
108   0.019400  -0.002200  -0.011000   0.001600  -0.005800  -0.003800   0.022600  -0.014600  -0.004600  -0.014400  -0.005000  -0.005600   0.008800 
109   0.020000  -0.008000  -0.001800   0.011600   0.004000  -0.003400   0.031200  -0.013000  -0.004400  -0.016400   0.001400   0.002400   0.010400 
110   0.022400  -0.002600  -0.001600   0.005400  -0.005400  -0.006400   0.015400  -0.013200  -0.005400  -0.004400   0.006800  -0.001400   0.005600 
111   0.013400  -0.003400  -0.000800  -0.003200  -0.006000   0.000800   0.030000  -0.015200  -0.001600  -0.003600   0.006400   0.007200   0.009600 
112   0.012400  -0.005600   0.001200  -0.010000  -0.004400  -0.001600   0.026600  -0.015000   0.000800   0.010000   0.002000   0.004000   0.004400 
113   0.019200  -0.005400  -0.007400  -0.005800   0.000000   0.004000   0.023600  -0.011800   0.005200   0.011000   0.013400   0.009600   0.002400 
114   0.023800  -0.010400  -0.017000  -0.003000  -0.003400  -0.000400   0.020400  -0.010000   0.000600   0.005600   0.009000   0.004200  -0.001800 
115   0.012200  -0.008600  -0.007400  -0.013400  -0.000800  -0.008000   0.026800   0.003000  -0.003400   0.001000   0.012800   0.002600   0.002000 
116   0.020400  -0.007200  -0.007000  -0.004000  -0.004000  -0.009000   0.020800   0.000800  -0.001000   0.005800   0.008400   0.001800   0.003600 
117   0.019600  -0.009400  -0.015600  -0.005000  -0.008600  -0.010800   0.019600   0.006200  -0.010200   0.003400   0.016200   0.001800  -0.005800 
118   0.011600  -0.007200  -0.008200  -0.004400  -0.007600  -0.008400   0.011400   0.005600  -0.001600   0.011400   0.016000   0.005400   0.001200 
119   0.021400  -0.010400  -0.007200  -0.005800  -0.011800  -0.003800   0.012800   0.005600  -0.004400   0.011200   0.013800  -0.004000   0.002000 
120   0.021800  -0.014600  -0.009200  -0.006600  -0.004400  -0.008400   0.013000   0.011400  -0.003200   0.013400   0.016000   0.000000  -0.001200 
121   0.027800  -0.013400   0.000400   0.000600  -0.001600  -0.010200   0.010000   0.009200   0.003000   0.017000   0.011600   0.001000  -0.003200 
122   0.027600  -0.016800  -0.002400  -0.004000  -0.002800  -0.014800   0.012400   0.012400   0.002000   0.015600   0.020000  -0.002200  -0.000800 
123   0.020200  -0.010600  -0.000800   0.000400  -0.004600  -0.019800   0.016200   0.009600  -0.001800   0.005800   0.013800  -0.007600  -0.010200 
124   0.023400  -0.012400  -0.005800   0.004800  -0.006600  -0.011400   0.015000   0.002400   0.005800   0.014400   0.017200  -0.007600   0.002000 
125   0.022600  -0.018200  -0.006000   0.012800  -0.009800  -0.011000   0.006800   0.006600  -0.002000   0.005600   0.007000  -0.000800   0.001000 
126   0.025000  -0.003600   0.004800   0.023000  -0.004600  -0.009000   0.002800   0.003200   0.000600   0.000600   0.014000   0.007400  -0.006600 
127   0.021800  -0.010600   0.003400   0.016000  -0.012800  -0.013800   0.010400   0.002400  -0.012200   0.006800   0.010000  -0.000200  -0.000400 
128   0.026000  -0.009000   0.005600   0.015400  -0.016400  -0.013400   0.003600   0.001600  -0.006800   0.010200   0.008000   0.001800  -0.007000 
129   0.016600  -0.014000  -0.001000   0.020200  -0.013800  -0.016000   0.017800  -0.001600  -0.007800   0.004000   0.002600   0.002000  -0.005800 
130   0.009800  -0.012000   0.005600   0.027200  -0.013800  -0.005800   0.010000   0.010800  -0.002800   0.008600  -0.002200   0.007600  -0.010200 
131   0.011000  -0.007800   0.003400   0.025800  -0.013200  -0.012800   0.011400   0.004600  -0.006000   0.008000   0.002000   0.004600  -0.003000 
132   0.015800  -0.007400   0.016000   0.025200  -0.009800  -0.011000   0.011600   0.010000  -0.006000   0.013600  -0.005800   0.010600   0.007400 
133   0.022200  -0.009200   0.013400   0.022400  -0.009200  -0.000200   0.023600   0.011200  -0.000200   0.013400  -0.007800   0.006000  -0.010000 
134   0.017800  -0.000400   0.013000   0.019400  -0.009200  -0.003000   0.033000   0.004600  -0.008800   0.013000  -0.007800   0.015200   0.000200 
135   0.020200  -0.001400   0.012200   0.010200  -0.009200  -0.005600   0.024600  -0.000800  -0.008600   0.013600  -0.001600   0.010800  -0.005000 
136   0.014800   0.008600   0.016600   0.012400  -0.015000  -0.006400   0.020600   0.001200  -0.007400   0.014800  -0.000600   0.010200   0.000200 
137   0.010800   0.006600   0.013800  -0.000600  -0.010800  -0.004800   0.020600   0.001800  -0.006000   0.015000  -0.000600   0.015200  -0.004400 
138   0.012800   0.007800   0.020600  -0.002600  -0.022400  -0.006800   0.031000  -0.000200  -0.005600   0.012400  -0.010200   0.018800   0.003400 
139   0.023400   0.008200   0.019600  -0.006000  -0.026000  -0.010800   0.024200   0.003000  -0.008800   0.013000  -0.011800   0.019600   0.004600 
140   0.018400   0.005200   0.019800  -0.001400  -0.012600  -0.000200   0.018600  -0.004000  -0.003400   0.016800  -0.018600   0.036400   0.000200 
141   0.025400   0.006800   0.022200   0.011400  -0.014200  -0.002400   0.029800  -0.000200  -0.009600   0.018800  -0.016200   0.031000   0.006800 
142   0.020400  -0.000400   0.019000   0.004400  -0.013400  -0.000400   0.020000  -0.002000  -0.010200   0.017000  -0.015400   0.033400   0.001200 
143   0.025400   0.004400   0.020600  -0.010000  -0.005200   0.000400   0.021800   0.000600   0.000000   0.022600  -0.016000   0.029000   0.003600 
144   0.020400  -0.001800   0.026200   0.000400  -0.007200  -0.008600   0.024800  -0.001200  -0.001200   0.022800  -0.022200   0.028000   0.005600 
145   0.017800   0.000000   0.017400  -0.005600  -0.009000  -0.017200   0.019600  -0.003400  -0.001400   0.019000  -0.013200   0.031600   0.002800 
146   0.023000  -0.000400   0.015400  -0.004800  -0.007800  -0.011000   0.012600   0.002000  -0.000000   0.019000  -0.023000   0.030000   0.006600 
147   0.029600   0.004800   0.008800  -0.003800  -0.000200  -0.008400   0.016400   0.007400   0.008800   0.020400  -0.024800   0.019600   0.002000 
148   0.019400   0.007800   0.012000  -0.010600   0.006800  -0.012200   0.005200   0.004600   0.003200   0.023400  -0.027600   0.022000  -0.001400 
149   0.025600   0.011000   0.008200  -0.013000  -0.002200  -0.013000   0.003400   0.003600   0.004000   0.015200  -0.021600   0.022400   0.004200 
150   0.032800   0.009800   0.002200  -0.009400  -0.001400  -0.017800  -0.001000   0.009200   0.009400   0.011600  -0.025000   0.020800   0.006000 
151   0.026600   0.011000   0.003200  -0.019000  -0.002600  -0.013600   0.007400   0.002600   0.020800   0.005800  -0.020200   0.017600   0.006600 
152   0.032400   0.005200   0.006000  -0.019000  -0.005400  -0.012200   0.007200   0.009000   0.012600  -0.004600  -0.024600   0.008000   0.013800 
153   0.028000   0.015200   0.005200  -0.013200  -0.004000  -0.008600   0.009800   0.006800   0.017600   0.001400  -0.022400   0.009800   0.008000 
154   0.019000   0.011200   0.010400  -0.011800  -0.005800  -0.012400   0.001000   0.003200   0.012800   0.000800  -0.015200   0.019400   0.022200 
155   0.024200   0.017800   0.007000  -0.010000  -0.004400  -0.007000  -0.002600   0.007200   0.011200   0.005400  -0.013800   0.011800   0.019400 
156   0.023400   0.022000   0.001200  -0.013400  -0.005400  -0.002400  -0.007400   0.012200   0.020600   0.004800  -0.018000   0.012200   0.012800 
157   0.025200   0.017000   0.001200  -0.010600   0.002400   0.006800  -0.010600   0.015200   0.016600   0.009000  -0.009800   0.011600   0.006200 
158   0.024000   0.018200  -0.005800  -0.017600   0.006400   0.000200  -0.009200   0.019600   0.021000   0.009800  -0.017400   0.014800   0.008200 
159   0.022000   0.018400   0.002000  -0.007600   0.009000   0.006200  -0.006000   0.016600   0.026600   0.009600  -0.007600   0.009800   0.004200 
160   0.020400   0.023200  -0.002200  -0.002000   0.010000   0.011000  -0.018800   0.029400   0.024800   0.005400  -0.003600   0.010200   0.007000 
161   0.026600   0.016800  -0.003600   0.003000   0.003200   0.002800  -0.018800   0.021200   0.026600   0.001600  -0.003200   0.015600   0.003200 
162   0.018800   0.022200  -0.008400  -0.001400   0.005800   0.006800  -0.014600   0.025600   0.023000   0.006600  -0.000600   0.010400   0.002200 
163   0.021000   0.015000  -0.010600   0.000000   0.000600   0.009400  -0.015400   0.015800   0.025400   0.004800  -0.008800   0.012800   0.013400 
164   0.020400   0.014000  -0.010200   0.008800   0.006200   0.003800  -0.030200   0.015000   0.024400   0.008200  -0.003600   0.015000   0.006200 
165   0.021600   0.024600  -0.013200  -0.000600   0.005000   0.006800  -0.021000   0.013000   0.025600   0.006200  -0.008800   0.019800   0.004000 
166   0.021400   0.021800  -0.010800   0.003400   0.004200   0.003400  -0.020200   0.012000   0.025200   0.014400  -0.007200   0.018400   0.003200 
167   0.016600   0.019200  -0.013000  -0.000800   0.003600   0.005200  -0.027000   0.018000   0.024800   0.018800  -0.010000   0.012600   0.002400 
168   0.018800   0.021200  -0.007000  -0.005400  -0.003800   0.003800  -0.025600   0.018800   0.017800   0.012800  -0.011800   0.010200   0.004600 
169   0.018400   0.019000  -0.005200  -0.005800   0.000200   0.002800  -0.034600   0.016400   0.013800   0.008400   0.000400   0.014200   0.002000 
170   0.007400   0.014400  -0.003600  -0.013200  -0.004000   0.001000  -0.024000   0.011800   0.030800   0.016400   0.007800   0.016200   0.009600 
171   0.015600   0.020600  -0.010600  -0.008200  -0.015800  -0.007600  -0.024000   0.018000   0.023200   0.004400   0.012600   0.015800   0.010800 
172   0.023800   0.016400  -0.003400  -0.017000  -0.013600  -0.015600  -0.025000   0.013000   0.023000  -0.008200   0.012600   0.015400   0.009400 
173   0.021000   0.007800  -0.000200  -0.013600  -0.019400  -0.013200  -0.023000   0.014000   0.023400  -0.004600   0.015400   0.018600   0.006200 
174   0.018600   0.014400  -0.003800  -0.007400  -0.012200  -0.008600  -0.021400   0.012600   0.008600  -0.002000   0.014400   0.012800   0.012400 
175   0.020600   0.009000  -0.001200  -0.005800  -0.008000  -0.010000  -0.015000   0.007800   0.014400  -0.006200   0.011800   0.014200   0.011800 
176   0.022000   0.010600   0.014600  -0.010200  -0.016200  -0.006600  -0.017600   0.006200   0.017400  -0.000600   0.020600   0.015400   0.014200 
177   0.023000   0.008400   0.012000  -0.013800  -0.011200   0.006000  -0.016600   0.004400   0.010200   0.002600   0.017800   0.015000   0.012000 
178   0.021800   0.010200   0.008600  -0.021600  -0.007800  -0.005400  -0.023200   0.005600   0.016400  -0.006600   0.019400   0.003600   0.013200 
179   0.020800   0.006800   0.003800  -0.016400  -0.008000   0.000600  -0.012800   0.005400   0.016800  -0.008200   0.024600   0.008600   0.010800 
180   0.009400   0.008200   0.004200  -0.019000  -0.004000  -0.004600  -0.015800  -0.000200   0.019400  -0.007600   0.025800  -0.000200   0.012200 
181   0.010400   0.007200   0.005400  -0.026000  -0.000600   0.003000  -0.015400   0.004800   0.022800  -0.003200   0.023200   0.003400   0.000800 
182   0.013400   0.005200  -0.000600  -0.024800  -0.007000  -0.004200  -0.014000  -0.011000   0.012800  -0.003200   0.020600   0.004600   0.005600 
183   0.017400  -0.002200   0.000800  -0.021400  -0.010400   0.002200  -0.017400  -0.013000   0.013000  -0.009400   0.017800   0.000200   0.001800 
184   0.012400   0.002400   0.002800  -0.027200  -0.012000  -0.003200  -0.011000  -0.015600   0.011000  -0.015600   0.019600   0.006400   0.000200 
185   0.013800   0.008400   0.008200  -0.024800  -0.008000   0.004200  -0.020800  -0.013200   0.012200  -0.008600   0.023600   0.015800   0.001000 
186   0.009000   0.001400  -0.002200  -0.025600  -0.016400   0.007800  -0.022400  -0.012800   0.010400  -0.012800   0.018200   0.006400   0.008600 
187   0.007000   0.004400  -0.001200  -0.029200  -0.014200   0.001400  -0.026600  -0.015400   0.013400  -0.021200   0.013000   0.007200   0.005000 
188   0.014000  -0.002000  -0.003000  -0.023200  -0.022200   0.000600  -0.025600  -0.016800   0.009400  -0.015400   0.015800   0.003600   0.001600 
189   0.016000   0.005000  -0.000800  -0.014000  -0.020800  -0.000800  -0.030000  -0.016400   0.009000  -0.018200   0.016400   0.005000   0.007800 
190   0.011600   0.001600  -0.000000  -0.011800  -0.020200   0.004200  -0.029200  -0.019000   0.018000  -0.022200   0.011800   0.003200   0.003400 
191   0.012600   0.002600  -0.003400  -0.005400  -0.016800  -0.001000  -0.026800  -0.021800   0.003200  -0.021400   0.007600   0.004800   0.004400 
192   0.018400   0.002400  -0.004400  -0.012800  -0.022400   0.001800  -0.028400  -0.020000   0.013000  -0.020600   0.009600  -0.006600  -0.003000 
193   0.014800  -0.006000  -0.005600  -0.012000  -0.021800   0.006600  -0.026800  -0.025000   0.005600  -0.025800  -0.000400   0.003200  -0.002800 
194   0.015000  -0.016600  -0.006600  -0.003400  -0.024600   0.005000  -0.017400  -0.020200   0.010000  -0.027800  -0.006000   0.008800   0.003200 
195   0.013400  -0.011800  -0.008000  -0.002800  -0.022800   0.011000  -0.020200  -0.023000  -0.000600  -0.023800  -0.005800   0.001200   0.006800 
196   0.012600  -0.024600  -0.010200   0.001400  -0.015600   0.017600  -0.022200  -0.011200   0.001600  -0.013800  -0.004600   0.007400   0.003600 
197   0.009000  -0.013200  -0.011600  -0.002800  -0.016800   0.014000  -0.015600  -0.020400   0.001400  -0.011600  -0.007400   0.004800   0.002200 
198   0.009800  -0.014400  -0.014600  -0.003000  -0.019800   0.011800  -0.019400  -0.020400  -0.001000  -0.026200  -0.001200   0.010000  -0.007200 
199   0.009400  -0.014600  -0.015200   0.003200  -0.007400   0.014000  -0.018000  -0.030000   0.005400  -0.022800  -0.006400   0.008000  -0.006600 
200   0.008800  -0.012600  -0.016200  -0.003000  -0.006200   0.009600  -0.020000  -0.027400  -0.003000  -0.012600  -0.006800   0.020000  -0.012000 
201   0.005000  -0.008800  -0.010000  -0.007400  -0.010200   0.014600  -0.022200  -0.028800  -0.003200  -0.014000  -0.006200   0.013600  -0.005200 
202   0.008000  -0.006000  -0.015000  -0.006400  -0.016200   0.020200  -0.018200  -0.032200  -0.003800  -0.013400  -0.005600   0.014000  -0.008800 
203   0.008800  -0.006600  -0.005800  -0.008000  -0.009600   0.010200  -0.015000  -0.024200  -0.001600  -0.012800  -0.003200   0.016600  -0.010800 
204   0.017400  -0.010000   0.005000  -0.002800  -0.015800   0.007000  -0.007400  -0.022000   0.001400  -0.005800   0.001000   0.015400  -0.015200 
205   0.015800  -0.008800  -0.005800   0.001400  -0.012800   0.005400  -0.002800  -0.025000  -0.000000  -0.007800   0.001200   0.004600  -0.011800 
206   0.015600  -0.007400  -0.004600   0.012000  -0.003400   0.005600  -0.006200  -0.026000  -0.002400  -0.008000  -0.001000   0.012000  -0.012600 
207   0.017400   0.001000  -0.004000  -0.000200  -0.012200   0.002400  -0.005000  -0.029800   0.004200  -0.005200   0.002600   0.015400  -0.013200 
208   0.012800  -0.004200  -0.007800  -0.000400  -0.001400   0.009400  -0.005600  -0.033800  -0.002400  -0.001600   0.000600   0.010600  -0.019400 
209   0.011600  -0.001600  -0.003200   0.004000  -0.001800   0.005200  -0.003600  -0.035600  -0.000000   0.001800   0.003400   0.009000  -0.015200 
210   0.011800  -0.002400   0.000200   0.003000  -0.006200   0.002800  -0.002600  -0.038800   0.001200  -0.002600   0.002800   0.015400  -0.015400 
211   0.013200  -0.009400   0.001200  -0.002400  -0.006400  -0.008200  -0.005800  -0.039800   0.001800  -0.001000   0.007000   0.016800  -0.015000 
212   0.007600  -0.002000   0.008800   0.003600   0.002400  -0.003400  -0.000400  -0.040800  -0.005400  -0.000200   0.014800   0.012600  -0.006200 
213   0.002800   0.001400   0.009200  -0.001800   0.001200  -0.009600   0.000600  -0.036600  -0.002400  -0.000400   0.021400   0.012000  -0.017000 
214   0.009400   0.007000   0.018800  -0.000800   0.004000  -0.004000  -0.009800  -0.040200  -0.004400   0.009000   0.017400   0.016000  -0.022600 
215   0.012600  -0.000800   0.020000   0.004400   0.005200  -0.006400  -0.003000  -0.033800   0.004600   0.012600   0.017600   0.006800  -0.018200 
216   0.014600   0.015000   0.025200  -0.007400   0.001800  -0.009400  -0.008400  -0.026600  -0.003600   0.008400   0.007600   0.003600  -0.005400 
217   0.022400   0.008400   0.028600   0.003200   0.003000  -0.011400  -0.013400  -0.025800  -0.001400   0.008600   0.008600   0.004800  -0.011000 
218   0.022800   0.004200   0.029200  -0.008400  -0.004800  -0.015200  -0.016400  -0.029600   0.006200   0.012400   0.017800  -0.001800   0.002200 
219   0.013800   0.011400   0.026000  -0.003000  -0.005000  -0.009400  -0.010800  -0.027600   0.004600   0.013800   0.014400  -0.003600   0.003000 
220   0.009200   0.012400   0.025800  -0.002000  -0.003000  -0.007800   0.000800  -0.030600  -0.009000   0.005400   0.011800  -0.003200   0.007800 
221   0.009200   0.016000   0.033200  -0.000200  -0.011600  -0.006800  -0.005200  -0.028400  -0.005000   0.004400   0.012200  -0.013000   0.008000 
222   0.007200   0.014600   0.032000   0.001400  -0.005000  -0.007600  -0.011200  -0.024600  -0.009200   0.000200   0.007800  -0.020800   0.005200 
223  -0.003200   0.009800   0.036600   0.000800  -0.015800  -0.011400  -0.013400  -0.034600   0.000600  -0.004200   0.004000  -0.014000   0.002000 
224   0.002200   0.005200   0.035600   0.003800  -0.006400  -0.003000  -0.008000  -0.025400  -0.002800   0.003000   0.003800  -0.008000  -0.000800 
225  -0.002800   0.008600   0.029400   0.001000  -0.009600  -0.004000  -0.003800  -0.025800   0.002200   0.008200   0.002600  -0.016400  -0.000800 
226  -0.004600   0.004200   0.029200   0.006600  -0.016400  -0.010400  -0.004200  -0.020400   0.004800   0.010400   0.005200  -0.010400   0.006000 
227  -0.002000   0.004600   0.014200   0.014400  -0.011600  -0.010000  -0.005400  -0.022200   0.006200   0.005800   0.008400  -0.016200   0.005600 
228   0.000600  -0.001400   0.013200   0.016200  -0.008000  -0.008800  -0.006400  -0.013800   0.009000   0.008800  -0.001200  -0.003800   0.006800 
229   0.002400  -0.000400   0.025000   0.004600  -0.005000  -0.011600  -0.009800  -0.018000   0.002600   0.012000   0.002400  -0.012400   0.017200 
230   0.001000   0.004400   0.021800   0.007400  -0.002600  -0.008000  -0.008400  -0.022200   0.001800   0.005200   0.004000   0.000600   0.010200 
231   0.002200   0.003000   0.022200   0.006000  -0.003600  -0.009200  -0.003400  -0.014000   0.002400   0.007200   0.004400  -0.004000   0.014400 
232  -0.006200   0.000800   0.013000   0.011600  -0.011000  -0.015600  -0.004000  -0.017800   0.001200   0.001400  -0.006800  -0.002800   0.007200 
233   0.001600   0.006000   0.018600  -0.000600  -0.005200  -0.010600   0.002200  -0.020800   0.006800  -0.005000  -0.011400  -0.002600   0.012200 
234  -0.002600  -0.004800   0.015200   0.009800  -0.001000  -0.012400  -0.005600  -0.020600   0.012600   0.000800  -0.003800   0.004600  -0.004000 
235  -0.007000  -0.007800   0.015400   0.006000  -0.002800  -0.000200  -0.010600  -0.016800   0.011400   0.000000  -0.001800   0.014000   0.003600 
236  -0.010600  -0.003600   0.014200   0.009400  -0.003200  -0.001200  -0.004800  -0.008000   0.022600  -0.002800  -0.000600   0.016600   0.000400 
237  -0.001600  -0.002800   0.012600   0.001400  -0.004600  -0.001800  -0.004200  -0.005000   0.007200  -0.003200   0.001800   0.021200  -0.002800 
238   0.004200   0.002400   0.010600   0.005800  -0.008000  -0.003800  -0.005200  -0.006200   0.009600   0.003000   0.004800   0.015600   0.002400 
239  -0.005600  -0.012200   0.015600  -0.009600  -0.010000   0.003000   0.001000  -0.010000   0.009200  -0.005000   0.004800   0.014000   0.001800 
240   0.002200  -0.009400   0.015000  -0.008600  -0.005800  -0.006000   0.003800  -0.010400   0.005200  -0.005400   0.005400   0.018600   0.003200 
241   0.004800   0.001600   0.010400  -0.009200  -0.010600  -0.005800  -0.002000  -0.005200   0.003200  -0.001800   0.010000   0.026600  -0.001000 
242   0.002800  -0.001000   0.014400  -0.009400  -0.012800   0.011400  -0.002000  -0.006200   0.003600   0.009200   0.009800   0.019400  -0.005400 
243  -0.001800  -0.008200   0.009200  -0.009200  -0.017800   0.002200  -0.006400  -0.002800   0.007000  -0.001400   0.001600   0.021600  -0.000400 
244   0.000800  -0.002000   0.006400  -0.014600  -0.001400   0.006800   0.005800  -0.005800   0.001600  -0.000800  -0.001000   0.013800  -0.004800 
245   0.006200   0.006000   0.006600  -0.009800  -0.003400   0.008600   0.001000  -0.013800   0.006000   0.000800   0.006400   0.023800  -0.005800 
246   0.003400   0.008000   0.005000  -0.016600  -0.005200   0.007800   0.002000  -0.005800   0.009400  -0.001600   0.007400   0.026000  -0.003200 
247   0.004000   0.004000  -0.006600  -0.010800  -0.002200   0.007200   0.001600  -0.006600   0.016600  -0.009400   0.010200   0.021800   0.004200 
248  -0.007400   0.001200  -0.008200  -0.014600  -0.005200   0.004000  -0.000800  -0.009000   0.015000  -0.001800   0.002000   0.017800  -0.000000 
249   0.002600   0.008800  -0.002800  -0.004800  -0.004800   0.010800  -0.006600  -0.006800   0.015000   0.005400  -0.002400   0.015600  -0.003600 
250   0.006800   0.006800  -0.006400  -0.010400  -0.007400  -0.003400  -0.007000  -0.002400   0.014800   0.000800   0.008600   0.017800   0.001200 
251   0.009600   0.006000  -0.005400  -0.001200  -0.004800   0.000000  -0.006200  -0.003800   0.007200  -0.003000   0.005400   0.010200  -0.011800 
252   0.011600   0.001400  -0.011000   0.005800  -0.000400   0.006000  -0.011000   0.002200   0.012600  -0.002200  -0.002400   0.014200  -0.003000 
253   0.014000   0.004000  -0.005000  -0.000800  -0.006200   0.011800  -0.006800   0.004400   0.012600   0.006400  -0.000600   0.004800  -0.011800 
254   0.010800  -0.001000  -0.002000   0.001400  -0.000200   0.009000  -0.011000   0.000800   0.003200  -0.001400   0.001200   0.002600  -0.003400 
255   0.014400   0.008400  -0.010600  -0.004600   0.002600   0.007600  -0.013000   0.002000   0.007200  -0.006800   0.009000   0.007400  -0.012000 
256   0.019000   0.007600  -0.005600  -0.008400  -0.007400   0.008600  -0.015000   0.004600   0.003400  -0.008800  -0.003400  -0.000200  -0.003200 
257   0.023400   0.010000  -0.006200  -0.007800  -0.002600   0.014800  -0.017400   0.011400  -0.004000  -0.007600   0.003600   0.000800  -0.004000 
258   0.017200   0.010800  -0.006000  -0.001400  -0.013000   0.000600  -0.016800   0.009800  -0.001000  -0.001200  -0.000600   0.008000   0.003800 
259   0.008000   0.004000  -0.004800  -0.017800  -0.013400   0.007400  -0.018200   0.006600  -0.006600  -0.010000   0.006200  -0.004400  -0.001600 
260   0.007800  -0.003600  -0.004200   0.003200  -0.009200   0.017200  -0.015800   0.002000   0.000400  -0.008000   0.005200   0.009000  -0.001000 
261   0.008600   0.001600  -0.009000  -0.002000  -0.014800   0.008200  -0.014000   0.001200  -0.006800  -0.006200   0.003200  -0.001000  -0.000800 
262   0.012800   0.005000  -0.013400   0.002600  -0.007800   0.006200  -0.018400   0.011200   0.010400  -0.011400  -0.006200  -0.003000  -0.001000 
263   0.006000  -0.002000  -0.002000   0.000600  -0.011000   0.004600  -0.023000   0.006000   0.007800  -0.012400   0.005800   0.001800   0.005200 
264   0.000600   0.002200  -0.004400   0.000600  -0.007600   0.000200  -0.021200   0.004200   0.010000  -0.009000   0.005400   0.002400  -0.001600 
265  -0.001000  -0.006800   0.004200  -0.003600  -0.010800  -0.000200  -0.015400   0.001000   0.005200  -0.021400   0.003600   0.003000   0.000400 
266  -0.004200  -0.003000   0.003400   0.000000  -0.013800  -0.003800  -0.009000   0.013200   0.009000  -0.014000   0.006800   0.003800   0.000000 
267  -0.001000  -0.002400  -0.006000   0.006600  -0.011600  -0.005000  -0.008600   0.010200   0.011000  -0.016800   0.007800   0.010200  -0.001200 
268  -0.004000  -0.004800  -0.003000  -0.006600  -0.012000  -0.000200  -0.016200   0.003400   0.015600  -0.019400   0.009400   0.006400  -0.005000 
269  -0.008000  -0.003600   0.000400   0.004800  -0.008000   0.006400  -0.014200   0.005400   0.020000  -0.024800   0.015800   0.002200  -0.003400 
270  -0.007000  -0.005000   0.001000  -0.002400  -0.008600   0.001400  -0.011600   0.003400   0.011600  -0.020200   0.007800   0.013000   0.001600 
271  -0.012600  -0.016400   0.005600  -0.004600  -0.009200   0.005600  -0.012600   0.006200   0.005000  -0.018800   0.008600   0.002000  -0.001800 
272  -0.012800  -0.017000   0.001200   0.002800  -0.009600  -0.000200  -0.007800   0.001200  -0.007800  -0.008800   0.012600   0.012000  -0.003400 
273  -0.014800  -0.005000  -0.000400   0.005600  -0.008200   0.004200  -0.010600   0.000400  -0.004600  -0.016200   0.005400   0.008000   0.006800 
274  -0.011200   0.001400   0.012600   0.003600  -0.005000  -0.001800  -0.000400  -0.004000  -0.007400  -0.014400   0.008400   0.009200   0.008600 
275  -0.007000  -0.000400   0.002400   0.003600  -0.005600  -0.003600  -0.007200   0.002400  -0.003600  -0.010000   0.005000   0.006800   0.012000 
276  -0.004600  -0.011400  -0.000600   0.006400  -0.011600   0.003000   0.000000   0.000600  -0.010800  -0.012200   0.008600   0.018200   0.012400 
277  -0.000000  -0.002600   0.008800   0.007800  -0.008600   0.005400   0.000800   0.008000  -0.003000  -0.002000   0.000400   0.021600   0.010400 
278  -0.005200  -0.007400   0.013600   0.005400  -0.002000   0.001600  -0.001000   0.000200  -0.007000  -0.006200   0.003200   0.021000   0.011800 
279   0.004600  -0.009600   0.004200   0.004400   0.001600   0.005400  -0.000400   0.003200  -0.004600  -0.008000   0.006000   0.024000   0.018600 
280   0.007800  -0.010200   0.011400   0.002600  -0.001200   0.000000  -0.005800   0.009200  -0.010400  -0.001400   0.002000   0.022800   0.007200 
281   0.006000  -0.013200   0.012600  -0.001000  -0.002200   0.001600  -0.009000   0.004400  -0.017600  -0.001400   0.001400   0.019600   0.008000 
282   0.007600  -0.010400   0.008200  -0.005800  -0.006600  -0.000800  -0.013400   0.008400  -0.010200   0.001200  -0.000200   0.013600   0.005600 
283   0.007800  -0.009600   0.008400  -0.004200  -0.000600   0.001400  -0.019600   0.007800  -0.008800   0.001000  -0.002400   0.002800  -0.000600 
284  -0.003800  -0.015200   0.000000  -0.009000   0.001200  -0.007600  -0.017800   0.009400   0.002000   0.005800   0.000200   0.010200   0.002600 
285   0.002600  -0.007800   0.000600  -0.011400  -0.001400   0.007000  -0.009000   0.010600   0.003600   0.005800  -0.010000   0.010800   0.008600 
286   0.005600  -0.010200  -0.002800  -0.007600   0.000200   0.006000  -0.016000   0.019000   0.015600   0.004000  -0.002800   0.010400   0.006200 
287   0.001600  -0.006800   0.000200  -0.019200   0.011000   0.004800  -0.019800   0.015400   0.002200   0.007200  -0.005400   0.006000   0.002600 
288   0.005400  -0.008400  -0.004600  -0.008600   0.003200   0.010400  -0.017000   0.005600   0.008000   0.011200  -0.004600   0.008800   0.006200 
289   0.000600  -0.001600   0.002000  -0.009200   0.009600   0.007800  -0.020600   0.009200   0.007600   0.001000  -0.006200  -0.003200   0.006800 
290   0.013000  -0.008000   0.007200  -0.009800   0.009200   0.017000  -0.017800   0.005200   0.010600   0.008400  -0.005000   0.002200   0.008200 
291   0.006000   0.003800   0.012800  -0.012800   0.013800   0.014200  -0.021600   0.005400   0.017200   0.008600  -0.004800  -0.008200   0.004600 
292   0.005000  -0.007200   0.011400  -0.009600   0.014000   0.010400  -0.026600   0.007200   0.001600   0.014600   0.001600  -0.010200   0.003400 
293   0.002600  -0.010000   0.010600  -0.002400   0.017600   0.012600  -0.025400   0.005000   0.004800   0.009800   0.002400  -0.010000   0.008600 
294   0.003200  -0.005000   0.022000   0.001600   0.020400   0.008600  -0.020000   0.006200   0.009600   0.013800   0.001800  -0.008600   0.005800 
295   0.009000  -0.002800   0.012600   0.002600   0.015800   0.015400  -0.020200   0.015200   0.001200   0.014400   0.005200  -0.011200   0.010600 
296   0.010800  -0.012800   0.006800  -0.000000   0.020200   0.014800  -0.018400   0.008200   0.011200   0.009800   0.013400  -0.010200   0.007400 
297   0.015400  -0.000800   0.008000  -0.002400   0.016000   0.009000  -0.018600   0.008600  -0.000600   0.003800   0.006000  -0.004200   0.016600 
298   0.008800  -0.009000   0.014400   0.002200   0.016600   0.016200  -0.014000   0.008200  -0.007000   0.010400   0.012000  -0.012200   0.010400 
299   0.008200  -0.011200   0.018600   0.003000   0.011400   0.001600  -0.009200   0.013000  -0.005200   0.014000   0.012800  -0.008000   0.009800 
300   0.005800  -0.004400   0.015600   0.006600   0.011400   0.006200  -0.009600   0.007000  -0.002200   0.011200   0.012200   0.000000   0.011200 
301   0.009000  -0.002600   0.004600   0.004200   0.012800   0.013400  -0.001600   0.004200  -0.000600   0.017000   0.004400  -0.011800   0.007400 
302   0.011600  -0.004600   0.000200  -0.000600   0.010400   0.004200  -0.008400   0.006600   0.004200   0.016400   0.011400  -0.009400   0.006600 
303   0.009600  -0.002600   0.005800   0.004200   0.006600   0.012800  -0.004200   0.000600   0.007800   0.014000   0.007600  -0.001600   0.000400 
304   0.006200  -0.008600   0.006600  -0.010400   0.009200   0.017200  -0.000200   0.000800  -0.003600   0.008600   0.011400  -0.006600   0.011000 
305   0.001200  -0.008400   0.005600   0.001800   0.010200   0.012400  -0.001800   0.002200  -0.003400   0.007400   0.010200  -0.011600   0.002200 
306  -0.010000  -0.000000   0.000200  -0.000800   0.006000   0.006800   0.008400   0.004400  -0.005800   0.012000  -0.000600  -0.005000   0.005200 
307  -0.000200   0.000400  -0.003400  -0.001400   0.010600   0.006000   0.006800   0.002400  -0.007000   0.007000   0.003600  -0.005000   0.009000 
308  -0.000600  -0.001800  -0.000400  -0.002600   0.003600   0.006400   0.009600  -0.003800  -0.004200   0.010600   0.008800  -0.004200  -0.000800 
309  -0.004000  -0.001800  -0.009200  -0.000400   0.009400   0.015200   0.012800  -0.007000  -0.011200   0.006600   0.012600   0.000600  -0.001800 
310   0.004000  -0.005800  -0.010600  -0.001400   0.003200   0.008600   0.014600   0.010000  -0.012200   0.005800  -0.003800   0.001400  -0.001400 
311   0.002000   0.001800  -0.011800  -0.002800  -0.001200   0.008000   0.010000   0.005200  -0.019800   0.003200   0.001600   0.003200   0.005000 
312  -0.002400   0.001400  -0.016000  -0.000800   0.002800   0.013800   0.013600   0.002200  -0.010000   0.005800   0.001400  -0.003400   0.004400 
313  -0.004800   0.002600  -0.012400  -0.004200  -0.004800   0.010600   0.008600   0.000200  -0.014400   0.006200   0.002800   0.003000   0.003000 
314  -0.010000   0.001200  -0.011400  -0.007800  -0.000600   0.014200   0.001400   0.007200  -0.021200   0.005600   0.002200   0.005000   0.002200 
315  -0.003000   0.012800  -0.017800  -0.005600  -0.003200   0.016000   0.003800   0.000800  -0.018800   0.011600   0.002800  -0.002800  -0.002600 
316  -0.005200   0.005200  -0.012000  -0.001800  -0.006600   0.006000   0.001200  -0.000000  -0.010000   0.010200   0.001000   0.003000   0.002800 
317   0.000000   0.005600  -0.012800  -0.012200  -0.000800   0.014000  -0.011000  -0.003600  -0.016400   0.012400   0.002000  -0.003000   0.009800 
318  -0.010600   0.004400  -0.014600  -0.006400   0.000200   0.008600  -0.008200  -0.006400  -0.008800   0.014200  -0.000800   0.002800   0.000000 
319  -0.010000   0.005600  -0.012400  -0.012000  -0.004000   0.009400  -0.006200  -0.002600  -0.009800   0.011200  -0.005400  -0.002800   0.008200 
320  -0.017400  -0.001800  -0.017000   0.002200  -0.006000   0.015400  -0.010400  -0.007000  -0.013200   0.010800  -0.010000   0.004800   0.008200 
321  -0.015800   0.001800  -0.019600  -0.006400  -0.003400   0.017400  -0.015600  -0.006600  -0.014400   0.003800   0.007400   0.005400   0.006000 
322  -0.018000  -0.007000  -0.017600   0.003600  -0.013000   0.019000  -0.008400  -0.000200  -0.021000   0.005600   0.003600   0.005800   0.009000 
323  -0.017000  -0.003600  -0.014600  -0.007400  -0.001400   0.016200  -0.010600  -0.007800  -0.010400   0.013200   0.012600   0.006600   0.016400 
324  -0.012800   0.003600  -0.015600   0.009600  -0.011800   0.021800  -0.016000  -0.010400  -0.016200   0.006000   0.006200   0.005600   0.007600 
325  -0.016800   0.001000  -0.011000   0.004800  -0.007000   0.020600  -0.016800  -0.011200  -0.009200   0.008600   0.002200   0.004000   0.007600 
326  -0.017600   0.005400  -0.010200   0.004200  -0.007000   0.008400  -0.015200  -0.008000  -0.004000   0.000400   0.010200  -0.004800   0.007000 
327  -0.012400   0.011200  -0.002400   0.010400  -0.000800   0.021000  -0.014000  -0.015600  -0.009400  -0.001200   0.005800  -0.001000   0.000800 
328  -0.015000   0.012400  -0.008400   0.005800   0.005600   0.015200  -0.012800  -0.014600  -0.005400  -0.010600   0.003000  -0.011000  -0.003400 
329  -0.018400   0.017400  -0.006200   0.005600  -0.005400   0.012000  -0.019600  -0.015000  -0.011400  -0.001600   0.000000  -0.005200   0.000600 
330  -0.015800   0.023000  -0.005200   0.008000  -0.003800   0.010400  -0.015600  -0.011200   0.001200  -0.010200  -0.004800  -0.004000  -0.007000 
331  -0.014800   0.023000  -0.006400   0.007600   0.004600   0.019200  -0.010400  -0.012600   0.008200  -0.008400  -0.004400  -0.014000   0.008000 
332  -0.008200   0.022200  -0.001800   0.000000   0.006800   0.005400  -0.017000  -0.016800   0.001200  -0.016800  -0.002200  -0.010800   0.005000 
333  -0.003200   0.029400   0.005800   0.013400   0.001600   0.017000  -0.023800  -0.007200   0.010000  -0.008800  -0.000200  -0.004800   0.003600 
334   0.002600   0.033000  -0.004800   0.006200   0.003000   0.015400  -0.018600  -0.013200   0.004800  -0.011600  -0.001800  -0.011800   0.002400 
335  -0.006600   0.020400  -0.008800   0.000600  -0.008800   0.016200  -0.020400  -0.000800  -0.000600  -0.011000  -0.002800  -0.009600   0.011200 
336   0.004800   0.024600  -0.011600   0.002200  -0.008200   0.022000  -0.015600  -0.000200   0.003000  -0.006800  -0.000800  -0.002200   0.011200 
337   0.006000   0.027000  -0.011400   0.006800  -0.003600   0.019800  -0.013000  -0.006600   0.003600  -0.005600   0.000800  -0.000400   0.012000 
338   0.012400   0.027200  -0.007000   0.005600  -0.000600   0.020400  -0.012800  -0.006600   0.002200   0.003200   0.001600   0.001000   0.008600 
339   0.002600   0.019800  -0.009000   0.012000   0.006400   0.018800  -0.017400  -0.004600   0.002600   0.001400  -0.003800   0.003200   0.016200 
340   0.002200   0.013800  -0.004200   0.004000  -0.001000   0.020400  -0.015200  -0.008600   0.007000  -0.004200   0.001600   0.000800   0.024400 
341  -0.003800   0.005200  -0.006400   0.009400  -0.013800   0.025400  -0.020000  -0.001000   0.010200  -0.011200  -0.004400   0.009200   0.032200 
342   0.001400   0.004400  -0.006400   0.002400  -0.009000   0.020200  -0.016400  -0.007800   0.008600  -0.008200  -0.007800   0.009400   0.030200 
343   0.004200   0.008200  -0.005600   0.000600  -0.002200   0.027600  -0.017200  -0.006600   0.013600  -0.011200  -0.005200   0.001400   0.031600 
344   0.005600   0.010000  -0.007200  -0.004400  -0.017400   0.023600  -0.011400  -0.006800   0.008800   0.007600   0.002200   0.007200   0.033000 
345   0.010000   0.006600  -0.006200  -0.007800  -0.008800   0.026600  -0.015400   0.002400   0.007400   0.008400  -0.006600   0.002400   0.020800 
346  -0.000600   0.011800   0.002400   0.008600  -0.003000   0.012800  -0.013200  -0.004600   0.011400   0.001200  -0.003400   0.004000   0.015600 
347  -0.008800   0.003200  -0.002200   0.001000  -0.011400   0.017200  -0.008200  -0.002600   0.008800   0.002800  -0.005200  -0.002200   0.020600 
348  -0.013000   0.008800   0.003600  -0.002600  -0.008400   0.018400  -0.007600   0.001200   0.005800   0.001000  -0.001400   0.010200   0.015400 
349  -0.021800  -0.000600   0.004400  -0.004800  -0.012800   0.015400  -0.004000   0.004200   0.005600   0.002800  -0.005400   0.008200   0.017800 
350  -0.017000  -0.002800  -0.010000  -0.001600  -0.014800   0.016800  -0.007600   0.002000  -0.000200  -0.004200  -0.002800   0.007400   0.023200 
351  -0.023600   0.010200  -0.005000  -0.000200  -0.014600   0.014400  -0.003200   0.006800   0.003600  -0.003800  -0.006200   0.012600   0.012400 
352  -0.021000   0.006200   0.000400  -0.009200  -0.017600   0.017000  -0.004600   0.004600  -0.006600  -0.000200  -0.005600   0.008000   0.020400 
353  -0.020200   0.007800  -0.002400  -0.007600  -0.016600   0.017000  -0.011600  -0.004400  -0.012000  -0.003600  -0.012800   0.013400   0.014000 
354  -0.025200  -0.005800   0.001600  -0.006600  -0.025200   0.017000  -0.002400   0.000400  -0.013600  -0.011000  -0.009800   0.006600   0.007800 
355  -0.018200  -0.005800  -0.006000   0.001200  -0.028200   0.018200  -0.007600   0.006600  -0.005600  -0.004200  -0.012400   0.004000   0.003400 
356  -0.022000  -0.000400  -0.005200  -0.002600  -0.026600   0.013600  -0.009800   0.007200  -0.005800  -0.006600  -0.004800   0.009800   0.004000 
357  -0.020000   0.004200  -0.003400   0.005000  -0.026000   0.012800  -0.004200   0.005600  -0.007200  -0.009400  -0.007000   0.008000   0.010600 
358  -0.018200   0.009600  -0.002400  -0.003400  -0.023600   0.008600  -0.012800   0.006000  -0.005200  -0.003000   0.006400   0.009000   0.011000 
359  -0.015000  -0.003000  -0.000400  -0.006200  -0.011000   0.005200  -0.007600   0.013600  -0.008800  -0.002200   0.000800   0.011800   0.007400 
360  -0.009000   0.002000  -0.010800  -0.001800  -0.006600   0.003400  -0.017400   0.006600  -0.009200  -0.000800  -0.004400   0.014200   0.001200 
361  -0.011400   0.007600  -0.000400   0.001200  -0.010000   0.013200  -0.025800   0.002000  -0.008600   0.003000  -0.000600   0.011600   0.003000 
362  -0.006000   0.002600  -0.016200  -0.006400  -0.009600   0.015000  -0.017600   0.001000  -0.005400  -0.004000   0.002200   0.005400   0.001200 
363  -0.003400   0.002200  -0.008800  -0.010600  -0.010600   0.013000  -0.016000   0.000400  -0.006000   0.003800   0.004200  -0.001000   0.006400 
364  -0.003600   0.001400  -0.007000  -0.007600  -0.010800   0.009400  -0.003600  -0.007000  -0.012400   0.007200   0.004000   0.011400   0.008600 
365  -0.006200  -0.001800  -0.006000  -0.007000  -0.015800   0.008600  -0.000200  -0.001800  -0.013200   0.003800  -0.003200   0.003000   0.010600 
366   0.008800  -0.005200  -0.004800  -0.010600  -0.014000   0.016000  -0.002400  -0.004200  -0.010600   0.012200   0.007400   0.002400   0.001800 
367   0.005000  -0.007800  -0.002600  -0.004200  -0.016600   0.019800  -0.000400  -0.004200  -0.016000   0.005600   0.003800   0.000800   0.006400 
368   0.004400  -0.004800  -0.005600  -0.005400  -0.020200   0.019200  -0.009600  -0.009800  -0.009600   0.014000   0.002400   0.003800   0.005000 
369   0.004800  -0.001400   0.003600  -0.004600  -0.021600   0.028000   0.005600  -0.010200  -0.015600   0.012600   0.001000   0.004600  -0.000600 
370   0.005200   0.002600   0.003800   0.003400  -0.016400   0.016800  -0.000400  -0.010200  -0.007800   0.015600   0.012600   0.009000   0.010200 
371  -0.001200  -0.006400  -0.000200   0.005000  -0.008000   0.018000  -0.003400  -0.002600   0.002600   0.021000  -0.004800   0.010400  -0.000200 
372   0.000600  -0.000400   0.005400   0.008800  -0.009600   0.024000  -0.001800  -0.011800   0.004600   0.016600   0.004800   0.017200   0.002400 
373   0.001400  -0.008800   0.014000   0.006200  -0.006400   0.021400  -0.006000  -0.013000   0.009000   0.020200   0.000200   0.007000   0.013600 
374   0.005200  -0.010200   0.010600   0.005400  -0.008200   0.029400  -0.006600  -0.018000   0.008200   0.016600   0.005200   0.011400  -0.001000 
375   0.001000  -0.001600   0.008000   0.011000  -0.008000   0.022000  -0.007000  -0.020600   0.010200   0.012200  -0.002600   0.010200   0.002600 
376  -0.008400  -0.010000   0.011600   0.009200  -0.012600   0.026800  -0.000600  -0.028200   0.003400   0.013000  -0.001000   0.012200   0.015600 
377   0.000400  -0.018200   0.011000   0.010000  -0.006000   0.019400   0.001800  -0.025400   0.002400   0.016000   0.000800   0.016000   0.004000 
378  -0.009400  -0.005600   0.015800   0.012800  -0.003800   0.014400  -0.004400  -0.020400   0.016000   0.014000  -0.001200   0.008800   0.001000 
379  -0.004400  -0.012600   0.017600   0.019400   0.000600   0.009200  -0.007000  -0.025800   0.011200   0.009600  -0.001200   0.007000  -0.000800 
380  -0.001200  -0.012800   0.011000   0.007000  -0.007000   0.012800  -0.003600  -0.024200   0.004000   0.010200  -0.000400   0.009400  -0.004200 
381  -0.014400  -0.000400   0.014400   0.017400  -0.008600   0.011600   0.001000  -0.026000  -0.003800   0.003400  -0.000200   0.010000  -0.000600 
382  -0.007400  -0.006000   0.011400   0.017800   0.002000   0.010200   0.004800  -0.017800  -0.009400   0.001400   0.000400   0.006000  -0.003600 
383  -0.000400  -0.008400   0.009800   0.015600  -0.005800   0.015200   0.008600  -0.011400  -0.004400   0.025400   0.011600   0.008800  -0.003000 
384  -0.006000  -0.009400   0.009400   0.012800  -0.001600   0.006600   0.025000  -0.004600  -0.009200   0.016200  -0.002400   0.008000  -0.002400 
385  -0.010400  -0.009000   0.013400   0.012400  -0.006000   0.005000   0.015400  -0.003600  -0.002200   0.020000   0.008000   0.012200  -0.009400 
386  -0.006800  -0.005600   0.027200   0.008800   0.000400   0.016800   0.014200  -0.013400   0.001800   0.021000   0.009000   0.010000  -0.011600 
387  -0.004800  -0.008800   0.026400   0.002600   0.000600   0.010800   0.019800  -0.016400  -0.012800   0.017400   0.005000   0.005000  -0.015200 
388  -0.010000  -0.016600   0.021400   0.004200  -0.007600   0.006800   0.019000  -0.014600  -0.008000   0.022600   0.011600   0.007600  -0.010800 
389  -0.005200  -0.011800   0.020800   0.003800  -0.010000   0.004600   0.020800  -0.014200  -0.012400   0.018400   0.015000   0.003000  -0.007000 
390  -0.000600  -0.002800   0.020000   0.012600  -0.007200   0.001200   0.014800  -0.015800  -0.017000   0.011000   0.010600   0.007000  -0.003600 
391  -0.006600  -0.007600   0.022600   0.005200  -0.004600  -0.005200   0.018000  -0.010000  -0.016400   0.013800   0.014000   0.012400  -0.003600 
392  -0.011200  -0.002400   0.025400   0.006000   0.000200  -0.006400   0.020800  -0.010200  -0.014600   0.014000   0.007400   0.006800  -0.001600 
393   0.002000   0.004000   0.019400   0.004400   0.001200  -0.010000   0.026000  -0.000200  -0.016800   0.009600   0.008000   0.014400  -0.005800 
394  -0.014400   0.001200   0.011200   0.000200   0.000400  -0.013400   0.024600  -0.005600  -0.014600   0.013000   0.006800   0.010600  -0.005200 
395  -0.003200   0.002000   0.015800  -0.002600   0.000400  -0.003000   0.017000  -0.012600  -0.013200   0.016000   0.017200   0.007200  -0.004200 
396  -0.007200   0.005200   0.016400  -0.009000  -0.003400  -0.003800   0.024400  -0.006200  -0.015600   0.011600   0.013600   0.001400   0.001000 
397  -0.016800   0.004800   0.015200  -0.004800  -0.005000  -0.003400   0.020600  -0.001800  -0.001200   0.020400   0.013600   0.015800   0.007200 
398  -0.014800  -0.001200   0.005400  -0.001800  -0.003600  -0.005600   0.022200  -0.011400  -0.000400   0.019400   0.017000   0.007600   0.004000 
399  -0.028200   0.012000   0.006000  -0.002000   0.003000   0.003000   0.027000   0.000400  -0.001000   0.010200   0.021400   0.007800  -0.001400 
400  -0.015400   0.008400   0.008400  -0.001400  -0.000800  -0.003200   0.019600   0.006600  -0.000800   0.010800   0.011800   0.013000   0.004400 
401  -0.014800   0.006600   0.001800  -0.002800  -0.001000   0.002200   0.028600  -0.003200  -0.002000   0.005600   0.012600   0.007200   0.012200 
402  -0.012600  -0.000400   0.006800  -0.000200   0.005200   0.005200   0.030800   0.000400   0.006400   0.004800   0.008600   0.006400   0.014800 
403  -0.013400  -0.000600   0.009000  -0.009600  -0.006200  -0.002000   0.029600  -0.002400   0.004400   0.006400   0.005400   0.019000   0.011000 
404  -0.020000   0.000800   0.012200  -0.007000   0.003800  -0.001000   0.031000  -0.000400  -0.000800  -0.000800   0.011200   0.019000   0.014200 
405  -0.012800  -0.000200   0.010800  -0.003600   0.006400  -0.007800   0.031000  -0.003600   0.006800   0.004600   0.005800   0.007600   0.011000 
406  -0.020200  -0.002000   0.014800  -0.007000   0.006200  -0.004800   0.023600  -0.006000   0.003400   0.006200   0.000800   0.015400   0.013600 
407  -0.016000  -0.008000   0.009200  -0.009000   0.012000   0.002000   0.023600  -0.007600   0.006600   0.003200   0.001000   0.015800   0.009600 
408  -0.020400   0.004800   0.007200  -0.011600   0.006400  -0.006400   0.014200  -0.005200   0.005600  -0.000200   0.005800   0.018200   0.011600 
409  -0.015400   0.009000   0.010600  -0.007200   0.010000   0.005600   0.016000   0.001000   0.010200  -0.000600   0.002400   0.014600   0.014200 
410  -0.014200   0.005400   0.007800  -0.016400   0.003400   0.015200   0.014800  -0.005800   0.009000   0.003600   0.010000   0.011200   0.007200 
411  -0.018600   0.009600   0.020000  -0.005000   0.006200   0.017400   0.013600   0.002200  -0.001200   0.002600   0.007800   0.010400   0.007000 
412  -0.024000   0.010200   0.010200  -0.009200   0.005000   0.023200   0.006200  -0.001400   0.006800   0.004200   0.005000   0.011200   0.008800 
413  -0.026000   0.006600   0.017600  -0.014800   0.006800   0.017800   0.006400  -0.005400   0.005400   0.000200   0.003600   0.004800   0.005400 
414  -0.032000   0.013200   0.007200  -0.022600   0.002800   0.020000   0.002200  -0.004600  -0.004200  -0.000000   0.002800   0.011000  -0.000200 
415  -0.031800   0.015800   0.005400  -0.024800   0.004000   0.015600   0.005600  -0.003000   0.008000   0.003800   0.006800   0.005800   0.010800 
416  -0.026800   0.017600   0.005000  -0.028000   0.002000   0.018200   0.001200   0.006000   0.007000  -0.000600   0.009600  -0.001400   0.006000 
417  -0.025600   0.014000   0.006200  -0.024200   0.001400   0.013200  -0.000200  -0.004800   0.001800   0.003800   0.003600   0.004200   0.004000 
418  -0.032400   0.015000   0.009600  -0.022000   0.002800   0.019600  -0.006400   0.005400   0.014600   0.005000   0.011600   0.004400   0.001800 
419  -0.023200   0.015600   0.016600  -0.030800   0.015600   0.016600  -0.009600   0.003200   0.015200  -0.000400   0.012400  -0.006800  -0.002400 
420  -0.022600   0.018000   0.010000  -0.028400   0.008400   0.018400  -0.010000   0.003000   0.008600   0.005800   0.013000  -0.012800  -0.003200 
421  -0.013800   0.010600   0.011600  -0.023800   0.012600   0.016400  -0.014600   0.004200   0.005400  -0.004600   0.008400  -0.001000  -0.008200 
422  -0.012000   0.022600   0.009400  -0.012400   0.009600   0.018400  -0.011800  -0.001800   0.005800  -0.001400   0.006400  -0.003400  -0.003600 
423  -0.011600   0.018800   0.018000  -0.025800   0.001200   0.021600  -0.009400  -0.001200   0.000400  -0.003200   0.004200  -0.007800  -0.007400 
424  -0.009600   0.029600   0.011200  -0.021200   0.004800   0.014400  -0.014000  -0.001200   0.010200  -0.000600   0.002000   0.004800  -0.016800 
425  -0.008600   0.023000   0.013600  -0.019600   0.012600   0.010000  -0.016600  -0.002400  -0.003200   0.002800  -0.004600   0.006000  -0.004800 
426  -0.014600   0.023600   0.024200  -0.017600   0.002000   0.010800  -0.017600  -0.003200   0.001000   0.002200   0.001800   0.007000  -0.008800 
427  -0.009200   0.024600   0.022400  -0.012400   0.001200   0.006400  -0.016800   0.004400  -0.007800   0.007800   0.001800   0.000600  -0.006000 
428  -0.012600   0.033800   0.013600  -0.012200   0.003000   0.000000  -0.018200   0.003000  -0.003600  -0.004800   0.011800   0.000600  -0.012800 
429  -0.017600   0.032600   0.018800  -0.016200   0.001400  -0.000400  -0.018400   0.000200  -0.006800   0.000800   0.012200  -0.004400  -0.005400 
430  -0.007200   0.029200   0.021400  -0.007000  -0.000800   0.001800  -0.014200   0.000200  -0.008800  -0.001000   0.018200   0.009800  -0.015400 
431  -0.008600   0.029000   0.024200  -0.001200   0.009600   0.002000  -0.009400   0.005200  -0.016400  -0.003400   0.011800   0.008400  -0.017600 
432  -0.003600   0.029200   0.020400  -0.012000  -0.001200  -0.006400  -0.012600  -0.007400  -0.014200   0.010200   0.020600   0.004800  -0.010200 
433   0.000400   0.032400   0.019000  -0.002600   0.007800  -0.007400  -0.012000   0.003000  -0.011400  -0.003600   0.016200   0.002400  -0.007400 
434  -0.000600   0.029800   0.021000   0.001800   0.000400   0.001800  -0.023800  -0.002800   0.000800   0.001600   0.015600   0.004800  -0.009600 
435   0.006800   0.034800   0.019200   0.007600   0.001400  -0.005800  -0.022800  -0.000600  -0.005800   0.005400   0.019200   0.008800  -0.012000 
436   0.011200   0.039600   0.013800   0.002600   0.001200   0.002800  -0.020000  -0.002400  -0.006600  -0.001600   0.017400   0.012400  -0.014400 
437   0.013600   0.038600   0.015600  -0.002400  -0.002600   0.001000  -0.011800  -0.002600   0.001800   0.002400   0.022800   0.000800  -0.015400 
438   0.015400   0.048600   0.009800   0.005200   0.003000   0.002200  -0.008400  -0.002800  -0.007200   0.001800   0.015800  -0.006000  -0.021400 
439  -0.005400   0.043600   0.007200   0.005400   0.008000   0.003800  -0.012600  -0.004600  -0.004800   0.008200   0.023400  -0.000200  -0.016800 
440   0.007000   0.045200   0.002600   0.008600   0.011800   0.005400  -0.011600  -0.008400   0.006400   0.003200   0.012200   0.002800  -0.009400 
441  -0.001800   0.050200   0.006600   0.011400   0.011200   0.004000  -0.012800  -0.009600   0.000800   0.009200   0.023800  -0.001200  -0.002000 
442   0.006200   0.043600   0.003600   0.009400   0.008600   0.007600  -0.000400  -0.013800   0.014800   0.008000   0.011400   0.002000  -0.012200 
443   0.004200   0.041800  -0.000800   0.010600   0.015000   0.005200  -0.005600  -0.015200   0.005600   0.008800   0.011200   0.003600  -0.011200 
444   0.006200   0.043600  -0.000800   0.011800   0.011200   0.010600   0.001200  -0.013200   0.014200   0.012400   0.014200  -0.002600  -0.002800 
445   0.006600   0.044200   0.001400   0.005000   0.011600   0.004400   0.005200  -0.020800   0.004000   0.011000   0.009800  -0.001600  -0.003400 
446   0.005600   0.035800   0.006200   0.003800   0.014800   0.002800   0.010600  -0.012200   0.008200   0.019400   0.004400   0.006800   0.000400 
447   0.004200   0.031600  -0.005400   0.000800   0.022800   0.000600   0.003800  -0.023200   0.005800   0.006200   0.000600  -0.003200   0.003200 
448   0.015400   0.035600  -0.008800   0.002800   0.018000   0.006000   0.006800  -0.019800  -0.001800  -0.000000  -0.000400   0.007000   0.007200 
449   0.016400   0.033200  -0.013000   0.001800   0.018600  -0.002200   0.011400  -0.028800   0.004400  -0.000600  -0.003800  -0.005400   0.007800 
450   0.010200   0.023600  -0.009000   0.000000   0.014800  -0.010600   0.003400  -0.024000   0.007400   0.001000  -0.001600  -0.008200   0.006600 
451   0.007200   0.021800  -0.011400   0.006400   0.006400  -0.008800   0.008400  -0.018200  -0.000200  -0.004800   0.000600  -0.006800   0.007800 
452   0.006400   0.020200  -0.013400   0.000200   0.009000  -0.014600   0.009600  -0.023400  -0.003800   0.002400  -0.006800  -0.007000   0.000400 
453   0.008800   0.023200  -0.007800   0.012800   0.015200  -0.012600   0.009200  -0.021800  -0.009200   0.009000  -0.007400  -0.007400  -0.005400 
454   0.005800   0.022000  -0.009200   0.008200   0.019200  -0.010200   0.014600  -0.009200  -0.009000   0.004200  -0.013400  -0.011200  -0.002400 
455   0.007200   0.016400  -0.011600   0.004600   0.016800  -0.006600  -0.000800  -0.013400  -0.003000   0.006800  -0.014000  -0.005000   0.000000 
456   0.008400   0.021400  -0.012600   0.008400   0.014400  -0.005400  -0.001400  -0.009200  -0.005200   0.010600  -0.011200  -0.003000   0.010000 
457   0.011200   0.026400  -0.010400   0.007200   0.009400  -0.010400   0.002600  -0.002000   0.003000   0.006000  -0.007600   0.005400   0.001800 
458   0.011600   0.019600  -0.014200   0.003200   0.019800  -0.006000  -0.000200  -0.006200  -0.005200   0.016600  -0.005000  -0.001000  -0.006600 
459   0.005600   0.028800  -0.019800   0.007800   0.005800  -0.016800  -0.003800  -0.005800  -0.001400   0.016800  -0.000600  -0.002000  -0.001600 
460   0.007000   0.031000  -0.017200   0.009000   0.006000  -0.019400   0.002600   0.000400   0.003800   0.011200  -0.006600  -0.005000  -0.004000 
461   0.003800   0.019200  -0.018600   0.004000   0.012400  -0.021600   0.006400  -0.003400   0.000600   0.011200  -0.003400  -0.005800   0.002800 
462   0.008400   0.016400  -0.023400   0.003800  -0.001600  -0.011600  -0.000400  -0.007600   0.001200   0.021400  -0.001600  -0.002600  -0.003200 
463   0.007800   0.018600  -0.028400   0.013600   0.006200  -0.009000   0.000400  -0.004400   0.007600   0.011400  -0.006600  -0.002400   0.003400 
464   0.005200   0.024600  -0.032200   0.010600   0.002200  -0.009200   0.007600   0.002400  -0.004200   0.010200  -0.006400  -0.006000   0.000600 
465   0.005200   0.013000  -0.021400   0.011000  -0.004200  -0.018000   0.009400  -0.001800   0.001400   0.012600  -0.005400  -0.002000  -0.001800 
466   0.003000   0.015400  -0.027600   0.017600  -0.002400  -0.016000   0.013600   0.003200  -0.003000   0.013400  -0.003800   0.003200  -0.000600 
467   0.011400   0.010800  -0.021000   0.018400   0.003200  -0.018000   0.001400   0.000400   0.000600   0.009800  -0.013000   0.000200   0.008400 
468   0.003600   0.013800  -0.028800   0.019600   0.009800  -0.017400   0.013600   0.000600   0.002400   0.009800  -0.007800   0.000200   0.005800 
469   0.008200   0.015400  -0.027600   0.019200   0.007200  -0.022000   0.025000   0.003600   0.004600   0.008000  -0.012000  -0.002800   0.002000 
470   0.013800   0.008000  -0.018000   0.015000   0.009600  -0.017800   0.024800   0.010400  -0.004200   0.004600  -0.011600  -0.002800   0.007000 
471   0.011800   0.018000  -0.020400   0.022200   0.001800  -0.010200   0.029200   0.000200   0.003000   0.011200  -0.007800  -0.004600   0.007600 
472   0.013400   0.005000  -0.017200   0.024000   0.004000  -0.012200   0.027600   0.006600   0.006400  -0.001400  -0.010000   0.002000   0.010600 
473   0.010800  -0.000400  -0.010000   0.026600   0.003400  -0.018400   0.021000   0.010600   0.000800   0.006600  -0.006200  -0.002200  -0.002200 
474   0.015000   0.013200  -0.014400   0.018200   0.007200  -0.015000   0.020600   0.003400   0.002600   0.005000  -0.004200  -0.008200   0.003000 
475   0.009200   0.016000  -0.011600   0.017000   0.015800  -0.024600   0.021800   0.004800   0.009000   0.005800  -0.000400  -0.004600   0.006400 
476   0.008400   0.000800  -0.012000   0.011400   0.016400  -0.024600   0.022200   0.007600   0.004600   0.008000  -0.001600   0.003000   0.005400 
477   0.007600   0.015800  -0.013400   0.016800   0.016600  -0.024600   0.022400   0.008000   0.006400   0.019600   0.008400  -0.010800   0.014000 
478   0.007200   0.008200  -0.017000   0.012400   0.019600  -0.027800   0.033400   0.007200   0.003400   0.012800   0.004400  -0.010200   0.006000 
479   0.007800   0.009600  -0.013400   0.018400   0.014400  -0.018600   0.034200   0.018400   0.001200   0.017800   0.002200  -0.010200   0.014200 
480   0.011200   0.000600  -0.014800   0.014600   0.016400  -0.015800   0.017800   0.012200   0.004000   0.016200  -0.000800  -0.007400   0.007800 
481   0.002000   0.003800  -0.008200   0.012000   0.011400  -0.009200   0.022000   0.019800  -0.003200   0.021600   0.005200  -0.005600   0.005000 
482   0.000600   0.000600  -0.000800   0.010200   0.007400  -0.021200   0.025200   0.021000  -0.000800   0.009800   0.001600  -0.001400   0.008400 
483   0.008200   0.002600  -0.011200   0.014000   0.016400  -0.017600   0.030400   0.015200   0.005200   0.013000   0.003200  -0.001200   0.000200 
484   0.003600  -0.001400  -0.016800   0.023200   0.010400  -0.006000   0.030400   0.014600  -0.003400   0.018200  -0.001000  -0.002000  -0.002800 
485   0.013400  -0.009400  -0.014600   0.021600   0.008800  -0.011800   0.030200   0.008800   0.004200   0.019800  -0.002400  -0.000400   0.000800 
486   0.011000   0.000400  -0.012000   0.019200   0.006200  -0.025800   0.024800   0.008400   0.007800   0.015200  -0.008000   0.005800  -0.005400 
487   0.005000   0.004800  -0.013200   0.022400   0.013400  -0.019600   0.033200   0.006800   0.002000   0.014800   0.000400   0.011200  -0.000000 
488  -0.004200   0.002400  -0.015400   0.028200   0.007000  -0.025600   0.026800   0.009400   0.004200   0.009000  -0.002600   0.008600  -0.002800 
489  -0.003800   0.001400  -0.018800   0.022800   0.009200  -0.017200   0.036600   0.017200   0.004000   0.011600   0.001600   0.007600  -0.009600 
490  -0.004000   0.001200  -0.020800   0.022400   0.016400  -0.012200   0.037400   0.007400   0.004800   0.020200   0.006000   0.010200  -0.008400 
491   0.002400  -0.006400  -0.021600   0.028400   0.014200  -0.009600   0.036000   0.000800   0.007800   0.006000  -0.004800   0.000200  -0.006400 
492  -0.001000  -0.005600  -0.026000   0.026000   0.010800  -0.012600   0.024200   0.004600  -0.006200   0.006400   0.003400   0.001000   0.000000 
493   0.005800  -0.004600  -0.027600   0.019200   0.013000  -0.011000   0.031200  -0.009400   0.006200   0.009000   0.001200  -0.000800  -0.005000 
494  -0.000400  -0.007400  -0.024200   0.017600   0.010800  -0.007400   0.025800  -0.006800   0.007000   0.017000   0.007400   0.000000   0.001600 
495   0.001400  -0.008600  -0.018200   0.022800   0.017800  -0.006400   0.021200  -0.010200   0.004000   0.013600   0.008800  -0.002800  -0.004600 
496   0.004600  -0.001600  -0.025000   0.024800   0.012200  -0.006600   0.014200  -0.008800   0.010600   0.020000   0.001600  -0.002800  -0.007800 
497   0.011600  -0.004400  -0.025200   0.018800   0.008400  -0.004000   0.019400  -0.006800   0.003800   0.010600   0.010200  -0.009200  -0.013600 
498   0.008400  -0.013800  -0.014600   0.010800   0.010600   0.008000   0.019400  -0.006800   0.000200   0.015800   0.001600  -0.009600  -0.001200 
499   0.007600  -0.008600  -0.019800   0.015400   0.011800   0.003200   0.025600   0.002000   0.002800   0.013200   0.000400  -0.007600   0.000400 
