0   0.048158
1   0.048078
2   0.047982
3   0.047960
4   0.047952
5   0.047902
6   0.047884
7   0.047802
8   0.047666
9   0.047576
10   0.047524
11   0.047532
12   0.047674
13   0.047854
14   0.047980
15   0.048126
16   0.048348
17   0.048498
18   0.048710
19   0.049070
20   0.049320
21   0.049664
22   0.049954
23   0.050140
24   0.050232
25   0.050328
26   0.050466
27   0.050664
28   0.050804
29   0.051026
30   0.051304
31   0.051612
32   0.051816
33   0.052056
34   0.052190
35   0.052254
36   0.052356
37   0.052466
38   0.052498
39   0.052482
40   0.052464
41   0.052448
42   0.052360
43   0.052232
44   0.052078
45   0.051924
46   0.051700
47   0.051504
48   0.051328
49   0.051088
50   0.050894
51   0.050744
52   0.050538
53   0.050328
54   0.050130
55   0.049930
56   0.049676
57   0.049418
58   0.049208
59   0.048948
60   0.048624
61   0.048280
62   0.047806
63   0.047154
64   0.046528
65   0.045920
66   0.045300
67   0.044662
68   0.044092
69   0.043522
70   0.042916
71   0.042232
72   0.041666
73   0.040952
74   0.040316
75   0.039794
76   0.039274
77   0.038698
78   0.038152
79   0.037732
80   0.037360
81   0.036960
82   0.036604
83   0.036306
84   0.035942
85   0.035642
86   0.035372
87   0.035058
88   0.034642
89   0.034400
90   0.034188
91   0.033942
92   0.033822
93   0.033750
94   0.033744
95   0.033900
96   0.033998
97   0.034140
98   0.034230
99   0.034356
100   0.034514
101   0.034642
102   0.034904
103   0.035110
104   0.035354
105   0.035568
106   0.035896
107   0.036180
108   0.036444
109   0.036766
110   0.037144
111   0.037544
112   0.037952
113   0.038426
114   0.038890
115   0.039300
116   0.039722
117   0.040212
118   0.040746
119   0.041316
120   0.041982
121   0.042668
122   0.043392
123   0.044024
124   0.044510
125   0.045012
126   0.045598
127   0.046078
128   0.046526
129   0.046906
130   0.047284
131   0.047738
132   0.048274
133   0.048776
134   0.049440
135   0.050140
136   0.050788
137   0.051344
138   0.051910
139   0.052512
140   0.053134
141   0.053834
142   0.054474
143   0.055088
144   0.055524
145   0.056106
146   0.056792
147   0.057520
148   0.058156
149   0.058856
150   0.059524
151   0.060228
152   0.060900
153   0.061530
154   0.062126
155   0.062720
156   0.063422
157   0.064016
158   0.064658
159   0.065400
160   0.066266
161   0.067146
162   0.067984
163   0.068816
164   0.069730
165   0.070630
166   0.071422
167   0.072228
168   0.072898
169   0.073592
170   0.074220
171   0.074930
172   0.075716
173   0.076550
174   0.077326
175   0.078046
176   0.078746
177   0.079372
178   0.080030
179   0.080716
180   0.081272
181   0.081762
182   0.082208
183   0.082848
184   0.083474
185   0.084180
186   0.084906
187   0.085678
188   0.086384
189   0.087068
190   0.087768
191   0.088420
192   0.089068
193   0.089602
194   0.090206
195   0.090802
196   0.091470
197   0.092264
198   0.093012
199   0.093784
200   0.094514
201   0.095222
202   0.096062
203   0.096802
204   0.097528
205   0.098232
206   0.099062
207   0.099796
208   0.100558
209   0.101280
210   0.101916
211   0.102622
212   0.103194
213   0.103868
214   0.104522
215   0.105206
216   0.105924
217   0.106766
218   0.107646
219   0.108572
220   0.109524
221   0.110444
222   0.111346
223   0.112354
224   0.113402
225   0.114534
226   0.115630
227   0.116800
228   0.117936
229   0.119150
230   0.120358
231   0.121578
232   0.122742
233   0.123998
234   0.125330
235   0.126596
236   0.127964
237   0.129328
238   0.130730
239   0.132064
240   0.133324
241   0.134840
242   0.136308
243   0.137772
244   0.139280
245   0.140710
246   0.141984
247   0.142992
248   0.144086
249   0.145170
250   0.146282
251   0.147406
252   0.148508
253   0.149736
254   0.150700
255   0.151966
256   0.153138
257   0.154260
258   0.155358
259   0.156458
260   0.157516
261   0.158624
262   0.159692
263   0.160916
264   0.162224
265   0.163678
266   0.165164
267   0.166522
268   0.167760
269   0.169010
270   0.170208
271   0.171458
272   0.172694
273   0.173834
274   0.175082
275   0.176198
276   0.177254
277   0.178320
278   0.179350
279   0.180236
280   0.181154
281   0.182182
282   0.183198
283   0.184278
284   0.185374
285   0.186358
286   0.187426
287   0.188558
288   0.189696
289   0.190806
290   0.191952
291   0.193084
292   0.194322
293   0.195554
294   0.196682
295   0.197888
296   0.199208
297   0.200596
298   0.201958
299   0.203324
300   0.204800
301   0.206186
302   0.207550
303   0.209040
304   0.210550
305   0.212272
306   0.213966
307   0.215614
308   0.217252
309   0.218800
310   0.220252
311   0.221710
312   0.223086
313   0.224360
314   0.225640
315   0.226984
316   0.228450
317   0.229862
318   0.231160
319   0.232452
320   0.233746
321   0.235012
322   0.236202
323   0.237380
324   0.238458
325   0.239678
326   0.240714
327   0.241710
328   0.242766
329   0.243692
330   0.244782
331   0.245890
332   0.246882
333   0.247866
334   0.248782
335   0.249702
336   0.250640
337   0.251598
338   0.252474
339   0.253244
340   0.253978
341   0.254598
342   0.255224
343   0.255732
344   0.256310
345   0.256910
346   0.257486
347   0.257938
348   0.258448
349   0.258970
350   0.259554
351   0.260230
352   0.260824
353   0.261378
354   0.261866
355   0.262368
356   0.262846
357   0.263384
358   0.263952
359   0.264550
360   0.265172
361   0.265720
362   0.266190
363   0.266670
364   0.267196
365   0.267832
366   0.268472
367   0.269106
368   0.269734
369   0.270394
370   0.271102
371   0.271766
372   0.272306
373   0.272906
374   0.273506
375   0.274148
376   0.274724
377   0.275330
378   0.275966
379   0.276656
380   0.277352
381   0.278094
382   0.278782
383   0.279566
384   0.280190
385   0.280770
386   0.281248
387   0.281704
388   0.282194
389   0.282654
390   0.283026
391   0.283330
392   0.283522
393   0.283660
394   0.283866
395   0.284040
396   0.284176
397   0.284234
398   0.284372
399   0.284458
400   0.284624
401   0.284702
402   0.284922
403   0.285146
404   0.285332
405   0.285420
406   0.285550
407   0.285718
408   0.285720
409   0.285806
410   0.285840
411   0.285902
412   0.285964
413   0.285970
414   0.286036
415   0.286080
416   0.286152
417   0.286250
418   0.286316
419   0.286432
420   0.286514
421   0.286524
422   0.286500
423   0.286498
424   0.286494
425   0.286372
426   0.286276
427   0.286184
428   0.286086
429   0.286094
430   0.286016
431   0.285838
432   0.285804
433   0.285760
434   0.285778
435   0.285766
436   0.285800
437   0.285738
438   0.285902
439   0.285984
440   0.286188
441   0.286374
442   0.286468
443   0.286626
444   0.286686
445   0.286728
446   0.286710
447   0.286700
448   0.286862
449   0.286880
450   0.286894
451   0.286878
452   0.286808
453   0.286922
454   0.286958
455   0.286970
456   0.286908
457   0.286734
458   0.286514
459   0.286444
460   0.286484
461   0.286464
462   0.286528
463   0.286366
464   0.286056
465   0.285798
466   0.285714
467   0.285472
468   0.285250
469   0.285084
470   0.284770
471   0.284564
472   0.284400
473   0.284342
474   0.284318
475   0.284346
476   0.284342
477   0.284416
478   0.284608
479   0.284944
480   0.285282
481   0.285568
482   0.285924
483   0.286402
484   0.286798
485   0.287348
486   0.288030
487   0.288760
488   0.289532
489   0.290356
490   0.291160
491   0.292062
492   0.293156
493   0.294234
494   0.295460
495   0.296614
496   0.297802
497   0.298778
498   0.299730
499   0.300492
500   0.301322
-499   0.302132
-498   0.302860
-497   0.303498
-496   0.304272
-495   0.305084
-494   0.305796
-493   0.306484
-492   0.307200
-491   0.308110
-490   0.308922
-489   0.309690
-488   0.310458
-487   0.311298
-486   0.312098
-485   0.312770
-484   0.313534
-483   0.314266
-482   0.314968
-481   0.315690
-480   0.316252
-479   0.316820
-478   0.317422
-477   0.317930
-476   0.318408
-475   0.318840
-474   0.319290
-473   0.319662
-472   0.320020
-471   0.320444
-470   0.320836
-469   0.321198
-468   0.321572
-467   0.321902
-466   0.322208
-465   0.322624
-464   0.323064
-463   0.323556
-462   0.323998
-461   0.324414
-460   0.324884
-459   0.325192
-458   0.325526
-457   0.325892
-456   0.326256
-455   0.326558
-454   0.326864
-453   0.327032
-452   0.327286
-451   0.327346
-450   0.327390
-449   0.327362
-448   0.327508
-447   0.327504
-446   0.327594
-445   0.327678
-444   0.327766
-443   0.328084
-442   0.328360
-441   0.328502
-440   0.328732
-439   0.328982
-438   0.329282
-437   0.329616
-436   0.330044
-435   0.330378
-434   0.330652
-433   0.330878
-432   0.331048
-431   0.331300
-430   0.331592
-429   0.331850
-428   0.332024
-427   0.332148
-426   0.332120
-425   0.331978
-424   0.331968
-423   0.331890
-422   0.331904
-421   0.331826
-420   0.331750
-419   0.331708
-418   0.331642
-417   0.331622
-416   0.331540
-415   0.331248
-414   0.330972
-413   0.330704
-412   0.330420
-411   0.330142
-410   0.329818
-409   0.329576
-408   0.329278
-407   0.329018
-406   0.328728
-405   0.328490
-404   0.328330
-403   0.327974
-402   0.327734
-401   0.327298
-400   0.327042
-399   0.326648
-398   0.326340
-397   0.326036
-396   0.325818
-395   0.325602
-394   0.325402
-393   0.325156
-392   0.324858
-391   0.324738
-390   0.324602
-389   0.324382
-388   0.324168
-387   0.323984
-386   0.323636
-385   0.323486
-384   0.323206
-383   0.322966
-382   0.322638
-381   0.322362
-380   0.321948
-379   0.321498
-378   0.321036
-377   0.320586
-376   0.320090
-375   0.319632
-374   0.319084
-373   0.318498
-372   0.317976
-371   0.317408
-370   0.316886
-369   0.316318
-368   0.315762
-367   0.315234
-366   0.314690
-365   0.314120
-364   0.313686
-363   0.313074
-362   0.312396
-361   0.311666
-360   0.310918
-359   0.310106
-358   0.309326
-357   0.308606
-356   0.307682
-355   0.307004
-354   0.306232
-353   0.305292
-352   0.304428
-351   0.303628
-350   0.302812
-349   0.301972
-348   0.301082
-347   0.300216
-346   0.299420
-345   0.298480
-344   0.297526
-343   0.296652
-342   0.295710
-341   0.294760
-340   0.293808
-339   0.292858
-338   0.291822
-337   0.290996
-336   0.290096
-335   0.289104
-334   0.288062
-333   0.286826
-332   0.285602
-331   0.284442
-330   0.283404
-329   0.282432
-328   0.281544
-327   0.280528
-326   0.279544
-325   0.278594
-324   0.277536
-323   0.276422
-322   0.275376
-321   0.274354
-320   0.273256
-319   0.271984
-318   0.270690
-317   0.269504
-316   0.268248
-315   0.266932
-314   0.265676
-313   0.264236
-312   0.262678
-311   0.261170
-310   0.259616
-309   0.258168
-308   0.256744
-307   0.255586
-306   0.254294
-305   0.252842
-304   0.251440
-303   0.250144
-302   0.248816
-301   0.247390
-300   0.246034
-299   0.244594
-298   0.243160
-297   0.241646
-296   0.240362
-295   0.239018
-294   0.237552
-293   0.236154
-292   0.234818
-291   0.233566
-290   0.232270
-289   0.230876
-288   0.229596
-287   0.228224
-286   0.226874
-285   0.225418
-284   0.224056
-283   0.222626
-282   0.221138
-281   0.219542
-280   0.218030
-279   0.216584
-278   0.215222
-277   0.213754
-276   0.212158
-275   0.210554
-274   0.209052
-273   0.207508
-272   0.206004
-271   0.204492
-270   0.202932
-269   0.201320
-268   0.199846
-267   0.198458
-266   0.197096
-265   0.195724
-264   0.194310
-263   0.192888
-262   0.191394
-261   0.190052
-260   0.188692
-259   0.187414
-258   0.186244
-257   0.185096
-256   0.183882
-255   0.182754
-254   0.181582
-253   0.180236
-252   0.178842
-251   0.177576
-250   0.176240
-249   0.174984
-248   0.173564
-247   0.172226
-246   0.170994
-245   0.169818
-244   0.168546
-243   0.167348
-242   0.166172
-241   0.164864
-240   0.163522
-239   0.162200
-238   0.160810
-237   0.159430
-236   0.158126
-235   0.156866
-234   0.155566
-233   0.154422
-232   0.153320
-231   0.152240
-230   0.151084
-229   0.150102
-228   0.149186
-227   0.148292
-226   0.147332
-225   0.146388
-224   0.145366
-223   0.144352
-222   0.143312
-221   0.142422
-220   0.141420
-219   0.140482
-218   0.139448
-217   0.138472
-216   0.137306
-215   0.136244
-214   0.135248
-213   0.134302
-212   0.133440
-211   0.132576
-210   0.131734
-209   0.130778
-208   0.129874
-207   0.129066
-206   0.128120
-205   0.127284
-204   0.126424
-203   0.125552
-202   0.124846
-201   0.124156
-200   0.123426
-199   0.122696
-198   0.121916
-197   0.121234
-196   0.120418
-195   0.119602
-194   0.118810
-193   0.117978
-192   0.117188
-191   0.116480
-190   0.115864
-189   0.115256
-188   0.114598
-187   0.114036
-186   0.113378
-185   0.112754
-184   0.112128
-183   0.111476
-182   0.110750
-181   0.109950
-180   0.109236
-179   0.108472
-178   0.107688
-177   0.107010
-176   0.106248
-175   0.105478
-174   0.104722
-173   0.103916
-172   0.103112
-171   0.102286
-170   0.101376
-169   0.100346
-168   0.099282
-167   0.098332
-166   0.097386
-165   0.096474
-164   0.095558
-163   0.094602
-162   0.093766
-161   0.093066
-160   0.092482
-159   0.091936
-158   0.091476
-157   0.091076
-156   0.090750
-155   0.090430
-154   0.090062
-153   0.089700
-152   0.089244
-151   0.088788
-150   0.088238
-149   0.087606
-148   0.086974
-147   0.086234
-146   0.085440
-145   0.084652
-144   0.083908
-143   0.083162
-142   0.082404
-141   0.081714
-140   0.080964
-139   0.080084
-138   0.079248
-137   0.078376
-136   0.077600
-135   0.076774
-134   0.076116
-133   0.075540
-132   0.074980
-131   0.074530
-130   0.074144
-129   0.073668
-128   0.073232
-127   0.072958
-126   0.072618
-125   0.072428
-124   0.072134
-123   0.071982
-122   0.071856
-121   0.071682
-120   0.071512
-119   0.071396
-118   0.071250
-117   0.071178
-116   0.070982
-115   0.070818
-114   0.070568
-113   0.070448
-112   0.070276
-111   0.070210
-110   0.070082
-109   0.070052
-108   0.069932
-107   0.069684
-106   0.069412
-105   0.069082
-104   0.068636
-103   0.068140
-102   0.067718
-101   0.067272
-100   0.066872
-99   0.066562
-98   0.066342
-97   0.066002
-96   0.065762
-95   0.065568
-94   0.065360
-93   0.065116
-92   0.065002
-91   0.064922
-90   0.064974
-89   0.064834
-88   0.064728
-87   0.064642
-86   0.064558
-85   0.064466
-84   0.064316
-83   0.064146
-82   0.063904
-81   0.063662
-80   0.063372
-79   0.062880
-78   0.062490
-77   0.062138
-76   0.061754
-75   0.061428
-74   0.061088
-73   0.060724
-72   0.060400
-71   0.060004
-70   0.059622
-69   0.059200
-68   0.058788
-67   0.058332
-66   0.057888
-65   0.057492
-64   0.057042
-63   0.056608
-62   0.056094
-61   0.055676
-60   0.055274
-59   0.055052
-58   0.054836
-57   0.054632
-56   0.054492
-55   0.054268
-54   0.054026
-53   0.053838
-52   0.053706
-51   0.053642
-50   0.053660
-49   0.053632
-48   0.053558
-47   0.053504
-46   0.053488
-45   0.053358
-44   0.053190
-43   0.053038
-42   0.052760
-41   0.052646
-40   0.052540
-39   0.052512
-38   0.052498
-37   0.052558
-36   0.052574
-35   0.052626
-34   0.052700
-33   0.052722
-32   0.052820
-31   0.052786
-30   0.052710
-29   0.052616
-28   0.052534
-27   0.052466
-26   0.052394
-25   0.052366
-24   0.052350
-23   0.052280
-22   0.052222
-21   0.052086
-20   0.051788
-19   0.051556
-18   0.051350
-17   0.051102
-16   0.050740
-15   0.050406
-14   0.050156
-13   0.049952
-12   0.049684
-11   0.049552
-10   0.049304
-9   0.049210
-8   0.049042
-7   0.048696
-6   0.048452
-5   0.048318
-4   0.048290
-3   0.048300
-2   0.048276
-1   0.048182
