r MCS_10 MCS_20 MCS_40 MCS_80 MCS_160 MCS_320 MCS_640 MCS_1280 MCS_2560 MCS_5120 MCS_10240 MCS_20480 MCS_40960 
0   1.000000   1.000000   1.000000   1.000000   1.000000   1.000000   1.000000   1.000000   1.000000   1.000000   1.000000   1.000000   1.000000 
1   0.295800   0.295000   0.308200   0.302800   0.288600   0.306000   0.309600   0.313400   0.305600   0.301000   0.304600   0.306800   0.307600 
2   0.183600   0.182000   0.182400   0.195400   0.173200   0.200000   0.179800   0.196800   0.192400   0.186000   0.188600   0.198000   0.197600 
3   0.107800   0.116200   0.095000   0.118600   0.112600   0.124400   0.116000   0.114800   0.120400   0.121000   0.130000   0.127400   0.119400 
4   0.067200   0.064800   0.055800   0.061400   0.067200   0.078200   0.075600   0.076400   0.079800   0.085600   0.085200   0.086000   0.075400 
5   0.048800   0.049400   0.042600   0.040200   0.039200   0.056400   0.051400   0.047400   0.046800   0.056600   0.048600   0.060600   0.048600 
6   0.042800   0.029600   0.030200   0.021000   0.016800   0.042200   0.033600   0.022800   0.033800   0.041400   0.041000   0.031400   0.020000 
7   0.030800   0.015200   0.023000   0.013000   0.016400   0.017800   0.027000   0.016200   0.017000   0.031200   0.016600   0.022800   0.020800 
8   0.026000   0.015600   0.005800   0.000400   0.012600   0.021600   0.012600   0.006600   0.017400   0.026600   0.015200  -0.004000   0.012600 
9   0.019600   0.017000  -0.005000   0.005600   0.006400   0.008400   0.009800   0.001000   0.011000   0.015800   0.014400  -0.004000   0.011200 
10   0.019200   0.006600  -0.004000   0.005800   0.005400   0.008400   0.008600  -0.006800   0.016800   0.011800   0.022600   0.000600   0.000400 
11   0.016000   0.003200  -0.002200   0.010000   0.004600  -0.015000   0.012600  -0.004000   0.009200   0.008600   0.022000   0.001800   0.006400 
12   0.014400  -0.001000   0.006800   0.002800   0.006000  -0.016000   0.015200  -0.010400   0.007000   0.008400   0.016800   0.002400   0.015200 
13   0.008000   0.003600  -0.002000   0.012400  -0.005400  -0.012600   0.022400  -0.012400   0.007200   0.015200   0.020800  -0.004000   0.019200 
14   0.006800   0.006600   0.009800   0.007000  -0.015400  -0.027800   0.014400  -0.008400   0.005800   0.010800   0.007800  -0.004400   0.006200 
15   0.012600  -0.000800  -0.002600   0.008400  -0.018000  -0.019400   0.009600  -0.011400   0.001200  -0.000600   0.003600  -0.012000   0.007400 
16   0.013000   0.003800   0.002600   0.002600  -0.026400  -0.010000   0.007400  -0.011000  -0.003000  -0.004200  -0.003800  -0.004200  -0.000200 
17   0.010400   0.002800  -0.008400  -0.000200  -0.017400  -0.009400   0.012000  -0.005000   0.001200  -0.002800   0.000400   0.001200  -0.017200 
18   0.011400  -0.001600  -0.006600  -0.006200  -0.022200  -0.009600  -0.002800  -0.006400   0.000200  -0.005000  -0.015800  -0.010800  -0.017800 
19   0.015000  -0.006600  -0.005600   0.003200  -0.011600  -0.013800  -0.011200   0.001000  -0.008400  -0.012400  -0.012000  -0.002000  -0.024200 
20   0.014000  -0.001400  -0.003400   0.003400  -0.022000  -0.001200  -0.010800  -0.014000  -0.006600  -0.009000  -0.012600   0.004600  -0.030800 
21   0.009000   0.000400   0.000000   0.001800  -0.014600   0.008200  -0.017400  -0.011200  -0.006200  -0.003400  -0.000800   0.011400  -0.017400 
22   0.007200  -0.000800   0.008600   0.006000   0.002000   0.001000  -0.012400  -0.007800  -0.005000   0.000800  -0.001000   0.004000  -0.007200 
23   0.005000  -0.003200   0.003400   0.003800   0.010200  -0.004600  -0.003200   0.000800   0.000800   0.005600   0.004000   0.010200  -0.002200 
24   0.002400   0.003400  -0.001800  -0.004600   0.001600  -0.000800   0.008000   0.022000  -0.007800  -0.004000   0.003000   0.001600   0.004800 
25   0.003600  -0.007200   0.001400   0.000400   0.004400  -0.004000   0.011000   0.008400  -0.007400  -0.012200   0.007000  -0.001600   0.010600 
26   0.004800   0.004400   0.003600   0.005000   0.001400  -0.007400   0.002200   0.012200  -0.006400  -0.013400   0.015400  -0.012200   0.002200 
27   0.002400   0.010200  -0.005000   0.005400   0.001200  -0.002600  -0.010600   0.004600  -0.010000  -0.000200  -0.000800  -0.015400   0.004400 
28   0.008400   0.000600   0.000800   0.005800   0.006600  -0.002400   0.001000   0.013200  -0.023600   0.006000   0.000200  -0.005400   0.014400 
29   0.009200  -0.005400   0.004800   0.002800   0.011200  -0.000000   0.005600   0.001400  -0.001600   0.010200   0.000200  -0.018600   0.013800 
30   0.007200  -0.002000   0.004200  -0.004200   0.007600  -0.009000  -0.005000   0.005200   0.012400  -0.001800   0.002400  -0.004000   0.006200 
31  -0.003600  -0.007800  -0.001000  -0.003800   0.009000  -0.007600  -0.003800   0.006200   0.007200   0.001400  -0.004400   0.001200   0.019200 
32   0.011200   0.004600   0.002200   0.007800   0.003200  -0.000200  -0.001400   0.007600   0.010600   0.002000   0.003400  -0.001200   0.002200 
33   0.001200  -0.003800   0.003800  -0.004000   0.003000  -0.007800   0.003200   0.007800   0.009000   0.003000   0.002600  -0.003400   0.008000 
34  -0.003800  -0.001200   0.015400   0.001000  -0.000600  -0.004400   0.001400  -0.008000   0.001000  -0.002200  -0.004800  -0.011800   0.001000 
35   0.002600   0.001600   0.009400  -0.007800   0.001600  -0.010600  -0.002400  -0.008600  -0.001400  -0.006200   0.006000  -0.003600   0.000600 
36   0.006600   0.001400  -0.001400   0.001600  -0.004400   0.005200  -0.003200  -0.003200  -0.001800  -0.010400  -0.006200   0.002800   0.004600 
37   0.007200   0.003800   0.006000  -0.006400   0.000800  -0.007800  -0.005400  -0.003200  -0.008200  -0.013000   0.000600   0.003000  -0.000800 
38   0.012200   0.005600   0.006200  -0.015400   0.017800  -0.016600  -0.005400  -0.009200  -0.009000  -0.008000   0.006600   0.001200   0.006400 
39   0.000600  -0.011600   0.002800  -0.008000   0.010400  -0.015800  -0.002000  -0.005600  -0.005600  -0.002000   0.012200   0.004000   0.009800 
40  -0.004800   0.004800   0.005200  -0.008400   0.004200  -0.006000  -0.009000  -0.012200   0.004400  -0.000800   0.010200  -0.003800   0.008200 
41  -0.004200   0.003200   0.005600  -0.015800  -0.005800  -0.009400  -0.006800  -0.007000   0.014600   0.003600   0.005200  -0.003800   0.000200 
42  -0.000400   0.003000   0.000600  -0.019600   0.003800  -0.004600  -0.009200   0.005800   0.006800  -0.001000   0.000600   0.006400   0.005800 
43  -0.004800   0.009000   0.011400  -0.011600  -0.002000  -0.003800  -0.012800  -0.002200   0.002800  -0.001400   0.011000   0.001200  -0.002000 
44   0.004600  -0.001600   0.003600  -0.002000  -0.009200  -0.003800  -0.008800  -0.007000   0.003200   0.004000   0.004600   0.005400  -0.003200 
45  -0.000200  -0.011200   0.004800  -0.003400  -0.006800  -0.002200  -0.014000  -0.001400   0.007200   0.001600   0.012200   0.006600  -0.010200 
46   0.017600  -0.004200   0.000800   0.010400  -0.007000  -0.001000  -0.016800  -0.002200  -0.001600   0.001000  -0.001400   0.001600  -0.001000 
47   0.014000  -0.004600  -0.001600   0.005600   0.000000  -0.013600  -0.020400   0.001200  -0.009200   0.002600  -0.001000   0.002600   0.006000 
48   0.009200   0.001200   0.012200  -0.000400   0.003600  -0.005000   0.002000   0.001600  -0.001800  -0.001800  -0.004200  -0.008000   0.002000 
49   0.016800   0.001400  -0.002000  -0.004200  -0.011400  -0.007600   0.005600   0.006000  -0.002000  -0.004200   0.001200   0.001800   0.001600 
50   0.009200  -0.011800   0.012400  -0.003600   0.001200  -0.011200  -0.000000   0.002200   0.001400  -0.008600   0.001400  -0.008400   0.001600 
51   0.009200  -0.011000   0.012600  -0.005000  -0.006200  -0.009800  -0.001200   0.005000   0.004200  -0.002600  -0.004000   0.002800   0.021000 
52   0.015800  -0.001400   0.017200  -0.010400  -0.004000  -0.007800  -0.000200   0.006800   0.000000  -0.003800   0.002600   0.000200   0.015400 
53   0.004200  -0.008800   0.011600  -0.011600  -0.008200  -0.010200  -0.000000   0.004400   0.003200  -0.010800   0.010000   0.007000   0.006600 
54   0.003600   0.007800   0.018200  -0.001600  -0.008800  -0.000000   0.001000   0.001000   0.001400  -0.012000   0.013000   0.009200  -0.002400 
55  -0.002000   0.010200   0.018800  -0.000800  -0.007000   0.013600   0.001200   0.002400  -0.008600  -0.000600   0.007000   0.004000  -0.009200 
56  -0.001000   0.002200   0.012600   0.001000  -0.002000  -0.002600   0.003400   0.012200   0.001200  -0.013000   0.011200  -0.001000  -0.010400 
57  -0.007600   0.006200   0.009200  -0.001600   0.000400   0.001600   0.005200   0.010600  -0.000600  -0.001600   0.000600   0.000600  -0.010000 
58  -0.011200   0.008600   0.006800   0.003800  -0.007600  -0.002400   0.001400   0.005400   0.011800  -0.002400  -0.001800  -0.000000  -0.014800 
59  -0.000400   0.009800   0.008600  -0.003600  -0.003200   0.007800  -0.003200   0.015400   0.012400  -0.000600  -0.003800   0.013400  -0.021200 
60  -0.009200   0.002800   0.001600   0.013000  -0.007600   0.000200  -0.002600   0.003000   0.000400   0.006200   0.001200  -0.000200  -0.010200 
61   0.001400  -0.003000   0.010400   0.006800  -0.009000   0.009800   0.008200   0.004600   0.003000   0.008600  -0.004400  -0.008000  -0.017000 
62  -0.003400  -0.006000   0.010800   0.019000  -0.009600   0.011000   0.002400   0.008400   0.004800   0.002400   0.001600  -0.009800  -0.014000 
63  -0.008000  -0.009000   0.003200   0.006600   0.001000   0.010200   0.009600   0.002600   0.014000  -0.002800   0.001200   0.001400  -0.006200 
64  -0.013400  -0.013800   0.006200   0.006000  -0.012400   0.019000  -0.004400   0.004800   0.008600  -0.003400   0.004400   0.003200  -0.004000 
65  -0.013000  -0.012600   0.007800   0.008000  -0.000400   0.017200   0.012600   0.008600   0.003600   0.002200   0.007400   0.011800  -0.002000 
66  -0.017600  -0.013200   0.005200   0.003200  -0.001400   0.010400   0.012400  -0.005000   0.002000   0.001400  -0.003800   0.007800   0.004000 
67  -0.017800  -0.003400   0.014000   0.005200  -0.003800   0.013400   0.008200   0.005400   0.005400  -0.010200   0.003400   0.008200   0.001200 
68  -0.004600   0.002000   0.011800   0.001400  -0.008000  -0.001600   0.009600  -0.001200   0.001000  -0.003600   0.007800   0.008600  -0.000800 
69  -0.005600  -0.007400   0.011800  -0.007600  -0.016800   0.007800   0.006600   0.005800   0.001800  -0.017600   0.005200  -0.000400   0.011200 
70  -0.006200  -0.000800   0.010600  -0.004200  -0.001000   0.014800   0.007200   0.010800   0.010000  -0.005000  -0.004200  -0.005800   0.001400 
71  -0.001400   0.011000   0.007800  -0.001400   0.004200   0.000600  -0.003200  -0.008200   0.010400  -0.005400  -0.005000   0.001000   0.010000 
72   0.004400   0.006000   0.014400   0.004800  -0.001200   0.002200   0.000400   0.003200   0.006400  -0.001200  -0.010800   0.011200   0.002800 
73  -0.001800   0.006400   0.006600   0.001200  -0.007000  -0.000400   0.005200  -0.006200  -0.006200   0.004600  -0.010600   0.004400   0.000800 
74  -0.001600  -0.002200   0.008400  -0.004000  -0.003400  -0.008400  -0.015200  -0.001600   0.001400  -0.004800  -0.005000   0.015600   0.008200 
75  -0.001600  -0.004000   0.003200  -0.008600   0.004800   0.005400  -0.006800   0.001200  -0.003600  -0.000200  -0.003400   0.012200   0.006000 
76  -0.010200  -0.003200   0.002600  -0.005400   0.005200   0.004800  -0.009600   0.001000  -0.003800  -0.000200  -0.006400   0.005200   0.000800 
77  -0.004000   0.000200  -0.001800   0.003600   0.012600   0.011000  -0.009400  -0.004800  -0.003800   0.005000  -0.003000   0.001400   0.005400 
78  -0.009000   0.008200  -0.005600   0.002600   0.007400  -0.003200  -0.005200   0.005200   0.005200  -0.002400  -0.014200   0.007000   0.008200 
79  -0.011200   0.009400   0.000600   0.000400   0.021200  -0.003000  -0.007800   0.002200  -0.001200   0.006000  -0.010600   0.007200   0.002800 
80  -0.001000   0.008800   0.009800  -0.004000   0.011800  -0.005600   0.000200   0.001400  -0.009200   0.008200  -0.006800   0.002400  -0.000800 
81  -0.015600   0.000200   0.002000  -0.018800   0.019400   0.004200   0.002800   0.004200  -0.017000  -0.001000  -0.008600   0.008200  -0.003200 
82  -0.003600   0.003800  -0.001800  -0.011400   0.019800  -0.008800   0.003600  -0.006400  -0.008800   0.012200  -0.005600   0.005600  -0.001400 
83  -0.011800   0.007800   0.005600  -0.022600   0.007200  -0.009400  -0.000400   0.003400  -0.015000   0.013400   0.000600   0.008200  -0.004200 
84  -0.002000   0.002600   0.002000  -0.011400  -0.002400  -0.005400  -0.004600   0.000800  -0.009000   0.003600  -0.006600   0.009000  -0.006400 
85   0.000000   0.006000   0.007600  -0.008800  -0.005000  -0.003400  -0.009400  -0.012800  -0.011600   0.012600  -0.012600   0.013400  -0.005400 
86   0.013200   0.007800  -0.007000  -0.010000  -0.009600   0.000200  -0.008200  -0.006000  -0.007400   0.011000  -0.007400   0.001200  -0.002600 
87   0.014600   0.002200  -0.004200  -0.007400  -0.002600   0.003200  -0.004800   0.001400  -0.008400   0.006600  -0.016800   0.010200  -0.001200 
88   0.002000   0.007200  -0.017000  -0.011200  -0.011400   0.009000  -0.019400  -0.004200  -0.001800   0.001800  -0.005200   0.007800  -0.001000 
89   0.012200   0.013600  -0.005600  -0.005200  -0.014800   0.010400  -0.002200   0.010800   0.002200   0.011800  -0.004200  -0.004000  -0.003200 
90   0.006400   0.003800  -0.009000  -0.001600  -0.016400   0.004600  -0.000600   0.014000   0.003400   0.011000  -0.010800  -0.000200  -0.008200 
91   0.002000   0.013200  -0.018200   0.002400  -0.017000   0.007400  -0.001000   0.014000  -0.001800   0.002600  -0.000400   0.007600  -0.000400 
92   0.004000   0.012400  -0.011400   0.004200  -0.004400   0.008400  -0.000200   0.002400   0.012200   0.009400  -0.004200   0.003600   0.009600 
93   0.004400  -0.007200  -0.005000   0.001800  -0.002400  -0.006600  -0.000600  -0.005000   0.002400   0.004200   0.000400   0.002800  -0.004400 
94  -0.003600   0.002800  -0.004400   0.002400  -0.008200  -0.012600   0.006000  -0.000600   0.003600  -0.000800  -0.000400   0.000200  -0.005600 
95  -0.000200   0.003800   0.001200  -0.011000  -0.002200  -0.010600  -0.007400   0.002200   0.000000  -0.001400  -0.009400   0.012400  -0.006400 
96   0.000400   0.003600   0.009600  -0.005000   0.007800  -0.007800  -0.004000  -0.002600  -0.003200   0.003400  -0.014600  -0.001600   0.003200 
97  -0.004600   0.000400   0.007400  -0.007200   0.001600  -0.001000   0.010000   0.000400  -0.009600   0.008000  -0.009200  -0.007400  -0.008400 
98   0.000600   0.004800   0.007200   0.007200   0.002400   0.004000   0.006800   0.016200  -0.014600   0.005000  -0.002600  -0.006000  -0.003600 
99  -0.005800   0.000600   0.009600   0.004800   0.003200  -0.003000   0.007000   0.010200  -0.013600   0.001200  -0.002400  -0.003600   0.007200 
100  -0.000600   0.012600   0.007800  -0.002600   0.009400  -0.010800   0.005000  -0.000200  -0.007200   0.006200  -0.000200   0.004200   0.001600 
101   0.006400   0.002400   0.013000   0.001200   0.000000  -0.012800   0.014600  -0.009400   0.004600   0.008000   0.005400  -0.005400   0.012600 
102   0.003000  -0.002600   0.009400   0.006200   0.000200  -0.013000   0.011600  -0.013600   0.003200  -0.001400   0.000200  -0.001000   0.014600 
103  -0.000200  -0.007600   0.012800  -0.001600   0.003400  -0.021400   0.004800   0.003800   0.002400   0.002000   0.003600  -0.003400   0.010000 
104   0.008400   0.006000   0.012800   0.001800   0.005000  -0.010200   0.009600  -0.007800   0.003200  -0.003600   0.004000   0.003600   0.012400 
105   0.010800   0.005800   0.008000  -0.006000   0.015000  -0.016600   0.010800  -0.007800   0.004800   0.000400   0.004600  -0.006200  -0.012800 
106   0.014600   0.006200   0.013000  -0.005400   0.009400  -0.010200   0.006400  -0.004800  -0.003800   0.000200  -0.000200  -0.009000  -0.013400 
107   0.008400   0.006800   0.009000  -0.001800   0.009800  -0.010400   0.004200   0.000600  -0.006400   0.001800  -0.003800  -0.005200  -0.017600 
108   0.003000   0.009600   0.001200   0.004800   0.013800   0.005000   0.009200   0.005800   0.004800   0.002800  -0.000400  -0.003800  -0.008000 
109   0.000800  -0.006000   0.009400   0.011600   0.010400   0.005800  -0.005600   0.004400  -0.004200   0.004800  -0.009200   0.009200  -0.003600 
110   0.003200  -0.009400   0.006600  -0.007000   0.004800   0.009800  -0.000600   0.007400  -0.003800   0.000200  -0.016200  -0.007800  -0.006600 
111  -0.012000   0.002600   0.006000   0.008200   0.008000   0.009400  -0.002200   0.000600  -0.004000   0.003000  -0.008400  -0.006400  -0.006000 
112  -0.014400  -0.003600   0.008400  -0.002200  -0.002200   0.013200  -0.001800   0.005000  -0.008000  -0.010400  -0.004400  -0.003600   0.002200 
113  -0.008000  -0.003400   0.008200  -0.002800   0.005400   0.006600   0.000800   0.010400  -0.006400  -0.010400   0.002000  -0.002400   0.009800 
114  -0.016200  -0.008200  -0.007400  -0.001200   0.006400  -0.002800   0.001800   0.010800  -0.011600  -0.012800   0.003400  -0.000400   0.012600 
115  -0.011200  -0.005400   0.003600   0.000800   0.003600   0.005000   0.001400   0.022400  -0.011800  -0.002400   0.000600   0.005800   0.000000 
116  -0.000600  -0.002200   0.005600  -0.006400   0.003200   0.001600   0.000800   0.008400  -0.005200   0.002000   0.002600   0.002600   0.010600 
117  -0.005200  -0.005600   0.007200  -0.004400   0.007200  -0.000800  -0.000600   0.010800  -0.010000  -0.003000  -0.004000  -0.002600   0.004400 
118  -0.005400  -0.006000   0.004000  -0.010600   0.010200  -0.001000   0.002000   0.000400  -0.010400   0.003600   0.010200   0.009200   0.004600 
119  -0.000800   0.000000   0.005200  -0.013000   0.009800   0.005400   0.002200   0.003600  -0.004400  -0.008000   0.008200   0.008600  -0.004600 
120  -0.005400   0.000600   0.012800  -0.018200   0.014000  -0.002000   0.012400   0.000800   0.007800  -0.011800   0.001200   0.010200   0.004800 
121  -0.003000   0.002800   0.003800  -0.007600   0.000800  -0.010400   0.014800   0.004400  -0.001000  -0.002400  -0.001600   0.006400  -0.005200 
122   0.005200   0.000200   0.011200  -0.012200  -0.002800   0.000200   0.000200   0.005400  -0.000600  -0.001200   0.001000  -0.005200   0.004000 
123   0.010600  -0.007200  -0.003400  -0.003000  -0.012800   0.003000  -0.010600   0.018600   0.007600  -0.005800   0.000000  -0.004600   0.005600 
124  -0.000200  -0.004200  -0.005200  -0.006800   0.000800  -0.005400  -0.005000   0.010200   0.007800  -0.015000  -0.002200  -0.008200   0.001000 
125   0.001600  -0.001400  -0.002000   0.004000   0.006400  -0.007000   0.000200  -0.002800   0.008000  -0.010400  -0.003400  -0.005400   0.005000 
126   0.000400   0.002600  -0.007800   0.011400   0.000800  -0.001200   0.002000  -0.005000  -0.010000  -0.008600  -0.014400   0.004800   0.001200 
127  -0.007400   0.002800   0.003000  -0.003400   0.007600  -0.004000   0.002800  -0.002600   0.003600   0.000000  -0.012600   0.004800  -0.000400 
128  -0.013600   0.002000   0.001400  -0.004000   0.004200  -0.001000   0.002600  -0.006800   0.001000   0.012200  -0.001800   0.011800   0.004800 
129  -0.005800   0.012000  -0.002000  -0.010400   0.011200  -0.001600   0.005400  -0.003600  -0.001800   0.011600   0.002800   0.015600   0.008000 
130   0.001200   0.014600   0.005200   0.001200  -0.000200   0.013400   0.003400  -0.007400   0.000200   0.005000   0.005400   0.020600   0.003600 
131  -0.007000  -0.002200   0.001000  -0.000200   0.000800   0.005600   0.003200  -0.005400   0.003800   0.002600  -0.007600   0.008600   0.010000 
132  -0.004400   0.003600   0.009800   0.002600   0.003200   0.008600  -0.000800  -0.007800   0.012000  -0.001200  -0.006400   0.005200  -0.004000 
133   0.005400  -0.002800   0.007000   0.019800  -0.002400   0.005800  -0.006200  -0.007000   0.006200   0.007600  -0.001400   0.004800  -0.003200 
134   0.002200  -0.004400   0.005600   0.015000  -0.002200   0.006000  -0.000000  -0.014400   0.016400   0.006800  -0.003200   0.004800  -0.001600 
135   0.005200   0.001800   0.012600   0.025800  -0.011600  -0.001000  -0.003200  -0.004800   0.008000   0.008000  -0.000600  -0.002800   0.003400 
136   0.009200  -0.011000   0.012200   0.026400  -0.004000  -0.000000  -0.009400  -0.012400   0.004400   0.008200  -0.005400  -0.004600  -0.004600 
137  -0.011400   0.002600   0.000000   0.010800   0.000000   0.000600  -0.002800  -0.002400   0.002600   0.007600   0.006800   0.007000  -0.009200 
138   0.006000   0.001000  -0.001400   0.001800   0.000600   0.007200  -0.009400   0.003000   0.009600   0.017000   0.008800  -0.004800  -0.006800 
139   0.011800   0.005000  -0.003200  -0.004400   0.012800   0.002400  -0.010600  -0.003000   0.007800   0.025000   0.012000  -0.004200  -0.001800 
140   0.011800   0.004600   0.008400   0.003000   0.005400   0.003000  -0.008000  -0.003200  -0.004600   0.023000   0.006200  -0.002600  -0.009800 
141   0.008600   0.009000   0.008000   0.001000   0.010000  -0.008200   0.001400  -0.003800  -0.008800   0.020600   0.004200   0.004400  -0.022400 
142  -0.002000   0.008600   0.007400   0.004800   0.000200  -0.005800   0.003400  -0.009200  -0.001800   0.019800   0.007200  -0.006800  -0.011000 
143  -0.006600   0.004600   0.025000  -0.002200  -0.001600   0.006400   0.001000  -0.010600  -0.002800   0.015800   0.007400  -0.015600  -0.011000 
144   0.003200  -0.005200   0.008800  -0.008200   0.006000   0.004200   0.013000  -0.013000  -0.001200   0.016000   0.000800  -0.000400  -0.003400 
145   0.001200  -0.002800   0.003200  -0.011000  -0.000200   0.002600   0.007000  -0.002000   0.001400   0.022600   0.000600   0.003400  -0.004200 
146   0.000400  -0.008200   0.005600  -0.014600   0.002400   0.004400   0.007200  -0.008200   0.003400   0.027600   0.007200  -0.000800  -0.002200 
147  -0.003200  -0.004800   0.000600  -0.013000   0.008400  -0.000600  -0.003400  -0.008400  -0.003400   0.015800   0.017400  -0.006600   0.002400 
148  -0.009800  -0.000400   0.002600  -0.012000   0.005200   0.002000  -0.002000  -0.000200  -0.000600   0.010200   0.004400  -0.001600   0.006000 
149  -0.004400   0.004200  -0.005200  -0.013800  -0.010200  -0.002600   0.005400  -0.002600  -0.000200  -0.005800  -0.000800  -0.004200   0.000400 
150  -0.003200   0.008200  -0.002600  -0.006000  -0.008000  -0.006000   0.013000  -0.008800  -0.009400  -0.004200   0.009800   0.008200   0.007800 
151  -0.014200   0.004000  -0.011200   0.000200  -0.003200  -0.008600   0.008200   0.009200  -0.009000   0.002000   0.001000   0.002400   0.014200 
152  -0.005000  -0.004800  -0.005200  -0.003200   0.001200   0.010000   0.000600   0.005200  -0.000600   0.008200   0.002800  -0.000200   0.014200 
153  -0.012400   0.014000  -0.010400  -0.008800   0.006800  -0.010200  -0.005200  -0.012200  -0.007200   0.007800   0.003400   0.006200   0.022600 
154  -0.002400   0.012600  -0.012000   0.003400  -0.006400   0.000600  -0.002800   0.005600   0.003600  -0.012800  -0.000600  -0.004400   0.007400 
155  -0.000800   0.015200  -0.008800   0.007800  -0.015000  -0.006600  -0.011400   0.003800   0.006200  -0.007000   0.005800  -0.009800   0.000200 
156  -0.000800   0.011000  -0.010200  -0.002400  -0.010200  -0.010000  -0.006800   0.011400  -0.006000   0.000200   0.006200  -0.011000   0.000600 
157   0.002400   0.012400  -0.008000   0.004200  -0.011600  -0.013800  -0.011800   0.016600  -0.006800  -0.007000   0.003600  -0.001400  -0.019600 
158  -0.008200   0.000800  -0.014000   0.008200  -0.014800  -0.010800  -0.009400   0.009800  -0.009400  -0.006000  -0.002000  -0.012000  -0.018400 
159  -0.002800   0.008200  -0.005000  -0.004200  -0.011800  -0.015000  -0.001400   0.014200   0.005800   0.005000   0.000000  -0.007600  -0.010400 
160  -0.006800  -0.009600   0.004000  -0.003200  -0.001400  -0.007000  -0.007800   0.004200   0.001400   0.004600  -0.000600  -0.012600  -0.006600 
161  -0.005400  -0.002600   0.009400   0.002000  -0.009200  -0.002400  -0.016400   0.010000   0.003200   0.000400  -0.004000  -0.016200  -0.003600 
162  -0.002600  -0.008600   0.014800   0.006600   0.000600  -0.005400  -0.001800  -0.005600   0.010000   0.005800   0.005000  -0.007000  -0.002000 
163  -0.001000  -0.007800   0.017000  -0.000000   0.008400  -0.014800   0.007600   0.000600   0.013200   0.002800  -0.002200  -0.005800   0.006200 
164  -0.009800  -0.007400   0.013600   0.003400   0.007800  -0.009600   0.004200  -0.004000   0.014000   0.005600   0.000800  -0.007600   0.003600 
165   0.002800  -0.010000   0.013200  -0.006200   0.002000  -0.013200   0.009000  -0.006200   0.008600  -0.006200  -0.012000  -0.002200   0.012000 
166  -0.001800  -0.006200   0.007000  -0.015200  -0.006800  -0.009400   0.011400  -0.008600   0.009400  -0.003200   0.006800   0.012400   0.011400 
167   0.002200  -0.004600   0.004600   0.001400  -0.000600  -0.012600   0.005000  -0.006400   0.001600  -0.004000   0.006600   0.005400   0.013000 
168   0.011000   0.000400  -0.001800  -0.005400   0.001600  -0.021600  -0.000200  -0.007000  -0.008800  -0.001400   0.000200   0.012600   0.012800 
169   0.004000  -0.002800  -0.009200  -0.000800   0.003400  -0.019400   0.005400  -0.005600   0.004400   0.007400   0.014000   0.025600   0.000200 
170  -0.001000  -0.003600  -0.012800  -0.006400   0.000000  -0.018000   0.001200   0.008600   0.011200   0.003000   0.014000   0.018800   0.001400 
171  -0.001600  -0.008200  -0.017000   0.001600   0.005400  -0.008400  -0.003400  -0.001600   0.001600   0.000800   0.009200   0.002000  -0.005800 
172   0.003000  -0.001400   0.001600   0.008400  -0.005000  -0.004800  -0.003000   0.006200   0.000800  -0.001800   0.017200   0.017600  -0.005000 
173  -0.002200  -0.008200  -0.003400   0.000800  -0.010200  -0.011200   0.010000   0.002600  -0.003400  -0.007200   0.005600   0.008000  -0.007600 
174  -0.013800   0.004800   0.000000  -0.003600  -0.006200  -0.014000   0.014800  -0.005200  -0.007000  -0.006800   0.006400   0.002600  -0.014200 
175  -0.002600   0.005200  -0.010200  -0.011000   0.001400  -0.010200  -0.003000  -0.003200  -0.000400  -0.000000  -0.001200   0.003200   0.009200 
176   0.008200  -0.001200  -0.011000  -0.011200   0.010400   0.004800  -0.005200  -0.006200  -0.000600  -0.009400  -0.010000  -0.005400   0.004600 
177   0.009000  -0.006400  -0.017000   0.002600  -0.003000  -0.000800  -0.007400  -0.005800  -0.010000  -0.007200  -0.008000  -0.010600   0.007000 
178  -0.008600  -0.006800  -0.009200  -0.007600   0.007000   0.009000  -0.011000  -0.003200   0.000800   0.005000  -0.007600   0.000600   0.007600 
179  -0.007200   0.006800  -0.002800   0.002800   0.008800   0.000800  -0.012600  -0.004200   0.000400   0.010800  -0.013800  -0.004200  -0.000600 
180   0.002600  -0.003200   0.000200   0.004200   0.011400  -0.005800  -0.016000   0.001600  -0.001200   0.013600  -0.015600  -0.001200  -0.002000 
181   0.006000  -0.002600  -0.005000   0.002800   0.008000   0.010800  -0.011200  -0.004000  -0.002200   0.013000  -0.009400  -0.008200   0.002800 
182   0.007200  -0.007800  -0.008800   0.004800   0.013800   0.009000   0.001600   0.000600  -0.003600  -0.004600  -0.005600  -0.013600  -0.003200 
183  -0.002800  -0.005600   0.003000   0.013600   0.007400   0.008800  -0.002800   0.000200   0.002400   0.008000  -0.002000  -0.013400  -0.013200 
184   0.004000  -0.007800  -0.005800   0.004200   0.003000   0.016200   0.005200   0.007600  -0.007600  -0.002800  -0.005600  -0.017800  -0.009400 
185  -0.000000  -0.009400  -0.005800   0.004000  -0.005000   0.012400   0.001600   0.000400   0.008400  -0.007400  -0.006600  -0.009600  -0.019200 
186  -0.000200  -0.001000   0.007600  -0.004600  -0.003400   0.007000   0.004800  -0.000400   0.004800  -0.013400  -0.004800  -0.000600  -0.018200 
187  -0.016200  -0.004600   0.005400   0.010000  -0.013600   0.009000   0.004600  -0.006000  -0.001200  -0.002000   0.003200  -0.003200  -0.016000 
188  -0.012800  -0.011800   0.006200   0.006000   0.002800   0.012400  -0.001800  -0.004200   0.003200  -0.002600   0.000800   0.007800  -0.003000 
189  -0.006600  -0.013000   0.001000  -0.004400  -0.001000  -0.001000  -0.006200  -0.002400  -0.006200   0.006600   0.001600  -0.006200  -0.006600 
190  -0.011200  -0.002800   0.001400  -0.001200  -0.002600   0.004800   0.001400   0.004600  -0.007200  -0.000400  -0.000800  -0.005400  -0.013600 
191   0.003600  -0.002000   0.004600   0.013400  -0.004400   0.001000  -0.003200   0.006000  -0.000000   0.000400   0.005800  -0.008200  -0.000400 
192  -0.003400  -0.000000   0.000400   0.004200  -0.005400   0.004400   0.005400   0.000200  -0.009800  -0.008200  -0.000800  -0.007000  -0.002600 
193   0.012400  -0.004200   0.001800   0.008400   0.006000   0.014200   0.009600   0.000400   0.012000  -0.006600   0.002400  -0.010600   0.000800 
194   0.008000   0.002800   0.007800   0.006000  -0.000400   0.008000  -0.004800   0.000400   0.002600  -0.006200   0.010400  -0.010000  -0.000000 
195  -0.001400   0.000200  -0.005400   0.003600  -0.000200   0.009600  -0.000600   0.007200   0.001000  -0.002000   0.003800  -0.016000   0.000200 
196  -0.005600   0.005800  -0.011000   0.003000  -0.008600   0.008400  -0.010600   0.004200   0.002200  -0.004000   0.005000  -0.010800  -0.003600 
197  -0.009000   0.009800  -0.007800   0.006200  -0.012800   0.011600   0.000400  -0.001000  -0.004800  -0.010400   0.009800  -0.000200  -0.007000 
198  -0.006200  -0.001400  -0.002800   0.003000  -0.009800   0.007200   0.011800   0.001200   0.006800  -0.010200   0.002600  -0.011000  -0.014400 
199  -0.000400   0.007400  -0.004400   0.005400  -0.009800  -0.008200   0.006600   0.007800   0.001000  -0.013800   0.009200  -0.008600  -0.015000 
200  -0.012000   0.004000  -0.003600   0.010800  -0.006800  -0.006400   0.004400   0.015800  -0.005400  -0.008600   0.002400   0.002000  -0.001800 
201   0.004400   0.003400  -0.004600  -0.001600  -0.002600  -0.011000   0.007000   0.014800  -0.001000  -0.006000   0.002600  -0.007000   0.003400 
202  -0.005000  -0.003000  -0.005600   0.005400  -0.008600  -0.008800   0.012000   0.012000  -0.007200  -0.006200   0.007000   0.008800   0.014400 
203  -0.014600  -0.017200  -0.008600   0.001400  -0.001000  -0.012800   0.002800   0.015600  -0.002200  -0.017800   0.011200  -0.009200   0.010400 
204  -0.012000  -0.006400  -0.004000  -0.002600   0.005400  -0.006200   0.008400   0.010600  -0.010000  -0.008200   0.003000  -0.001200   0.013800 
205  -0.007400  -0.001000   0.001800  -0.001200   0.004400  -0.014000   0.001400   0.001800  -0.008600  -0.014000   0.014200   0.002800   0.001000 
206  -0.008400   0.003400   0.005000  -0.002200  -0.000200  -0.014200   0.000400   0.002800  -0.007200  -0.008800   0.007400  -0.007000   0.010000 
207  -0.009400   0.007200  -0.004400  -0.004800  -0.002200  -0.006400   0.004000  -0.001800  -0.004800  -0.006400  -0.002800  -0.014400   0.006600 
208  -0.017000  -0.001200   0.001200  -0.003600  -0.006600  -0.009000   0.008200  -0.000600  -0.002400  -0.004400  -0.001000   0.004000   0.006400 
209  -0.008000   0.005000   0.001200   0.005000  -0.004200  -0.002200   0.000400   0.007400  -0.000600  -0.011400  -0.004200   0.003400  -0.003200 
210  -0.008800  -0.002600  -0.000200  -0.003200  -0.012600  -0.001200   0.002800   0.012000   0.001200  -0.015600   0.009200  -0.003000  -0.006600 
211  -0.015400   0.011200   0.000600  -0.002000  -0.006800   0.010000  -0.006600   0.007600  -0.006400  -0.002600   0.004000  -0.002400   0.000800 
212  -0.005400   0.010200  -0.003600   0.005000  -0.005600   0.008600  -0.008400   0.007000  -0.002000   0.004800  -0.012800  -0.000600  -0.011600 
213  -0.002000   0.015000   0.003600   0.001400  -0.014400  -0.004800   0.001200  -0.002600  -0.010000  -0.009000  -0.002000  -0.006600  -0.001600 
214   0.002600   0.004200   0.002400   0.015800  -0.006000  -0.008000  -0.004800   0.008200  -0.009600  -0.019200   0.009200  -0.005000  -0.016000 
215  -0.005800   0.017200   0.008000   0.008400   0.007000  -0.004600  -0.001200   0.003200  -0.013600  -0.020200   0.002800  -0.013200  -0.014400 
216  -0.002200   0.009000   0.003800   0.004200   0.006600  -0.006800  -0.014000   0.012800  -0.010200  -0.017000  -0.007200  -0.003600  -0.008400 
217  -0.002400   0.001000   0.001200  -0.001600   0.007800  -0.010200  -0.012400  -0.005000  -0.011800  -0.017800  -0.004400  -0.003400  -0.010800 
218   0.000600   0.002400   0.014000  -0.001200   0.025200  -0.001400  -0.004400  -0.005400   0.009200  -0.010000  -0.001600   0.004200  -0.012400 
219   0.000600  -0.003200   0.004800  -0.007400   0.007000   0.004200   0.007600  -0.008000  -0.004400   0.006400   0.009600   0.006200  -0.017600 
220   0.006800   0.002400   0.001200  -0.013200  -0.003400  -0.001400  -0.000600  -0.008600   0.000600  -0.002000   0.021400  -0.001200  -0.015400 
221  -0.000800  -0.003000   0.004400  -0.008200  -0.004200   0.008000   0.007400  -0.001600   0.004200   0.010200   0.014800   0.000600  -0.008000 
222   0.004200  -0.010200  -0.003200  -0.010200  -0.001000   0.007600   0.018800  -0.005800   0.005400   0.004400   0.009000   0.005000  -0.001000 
223  -0.003000  -0.012800  -0.004200  -0.006800  -0.011000   0.008600   0.008200  -0.004800   0.001400   0.002200   0.004800   0.000400   0.001600 
224  -0.002600  -0.009800  -0.015200  -0.002200  -0.018000  -0.000800   0.010400   0.000600   0.007000   0.017800  -0.000200  -0.000200  -0.007400 
225   0.001800  -0.014400  -0.023200  -0.003600  -0.011200   0.008600   0.001000  -0.001400   0.006400   0.009000  -0.009000  -0.002200  -0.010600 
226  -0.002800  -0.005000  -0.016400  -0.000200  -0.005800   0.001600   0.006200  -0.014800   0.006600   0.008600   0.000200  -0.003000  -0.009800 
227   0.007600  -0.009800  -0.011400   0.000400  -0.015600  -0.001400   0.004600  -0.002600   0.005000   0.005400  -0.004600  -0.004200  -0.002800 
228   0.001400  -0.001600  -0.014400   0.002200  -0.005800   0.000000   0.008600   0.003600  -0.005400   0.001800  -0.005600  -0.009000  -0.003800 
229   0.015600  -0.005600  -0.010000  -0.002800  -0.000600  -0.002400   0.009000   0.005800  -0.000600   0.011400  -0.007600  -0.000200   0.003200 
230   0.012000  -0.003000  -0.014000   0.003400   0.005200   0.003400  -0.002600  -0.002400  -0.003000   0.005200  -0.000200  -0.005400  -0.009200 
231   0.015800  -0.003600  -0.004800   0.002600   0.003000   0.004400   0.008200  -0.002800   0.001800   0.003200  -0.014600  -0.002600  -0.005800 
232   0.004400  -0.004400  -0.013600   0.000400  -0.000000   0.001000   0.004400  -0.002000   0.004000   0.003200  -0.009200  -0.011200   0.006400 
233   0.003800   0.000400  -0.006000  -0.009000   0.003400  -0.009600   0.014400  -0.004400   0.009800  -0.002400  -0.012800  -0.010200   0.010200 
234  -0.005200  -0.006400  -0.011600   0.006400   0.003400  -0.006000   0.005400   0.000200   0.008000   0.003600  -0.003800  -0.026000  -0.001400 
235  -0.002000  -0.017400  -0.011800   0.003800  -0.007600  -0.010600  -0.003600  -0.009000  -0.008000   0.011200  -0.003400  -0.017600  -0.001600 
236  -0.006200  -0.024400  -0.004000   0.005400  -0.005600  -0.012400  -0.006200  -0.007600  -0.002800   0.006200   0.004800  -0.013200  -0.009600 
237  -0.002000  -0.011000  -0.015200   0.003600  -0.001600  -0.015800  -0.004400  -0.012400  -0.006400   0.004200   0.003200  -0.014600  -0.003200 
238  -0.001600  -0.013400  -0.004200   0.003000   0.001600  -0.006800   0.000000  -0.005800  -0.007600  -0.001600  -0.000600  -0.014000  -0.007400 
239   0.002800  -0.005400  -0.009800   0.003200   0.002800  -0.004400  -0.000600  -0.008800  -0.010600  -0.008600  -0.001400  -0.012000   0.011600 
240   0.003200  -0.006200  -0.015400   0.004000   0.003600  -0.000400  -0.008200  -0.006600  -0.014000  -0.013600   0.001400  -0.003600  -0.000600 
241   0.005200  -0.005800  -0.003800   0.009200  -0.001200  -0.001200  -0.006600  -0.020000   0.000600  -0.017600   0.003800  -0.012400  -0.006400 
242   0.011200   0.002200   0.000000  -0.007200   0.003800  -0.003400  -0.004200  -0.008600  -0.009000  -0.008800  -0.001200  -0.009600  -0.005000 
243   0.005800  -0.010800   0.002200  -0.006400   0.009800  -0.009800  -0.008800  -0.012200   0.005400  -0.000800   0.001000   0.000400  -0.009400 
244   0.002200  -0.016000   0.011600   0.001400  -0.007200  -0.014400  -0.006200  -0.013600   0.006000  -0.006600   0.001600  -0.002000  -0.012800 
245   0.013200  -0.000000   0.004600   0.003200  -0.007800  -0.007800  -0.007200   0.000000   0.010000  -0.004600  -0.003400   0.009800  -0.006600 
246   0.000600  -0.004600  -0.008000   0.003000   0.002400  -0.005800  -0.008200  -0.000200  -0.006400  -0.009000  -0.002600   0.002400  -0.000000 
247  -0.002600  -0.020400  -0.007200  -0.002000  -0.001800  -0.007800  -0.012200  -0.002800  -0.003000  -0.008800  -0.013000   0.001000   0.002400 
248  -0.022800  -0.013400  -0.009600  -0.006400  -0.003600   0.002400  -0.008400   0.003400  -0.009400  -0.003400  -0.006800   0.000400   0.006600 
249  -0.009200  -0.022600  -0.011000   0.009000   0.003200  -0.002600  -0.000800   0.003800  -0.002600  -0.002200   0.004200  -0.007600   0.001200 
250  -0.010600  -0.015800  -0.012800   0.001400  -0.004800  -0.003000   0.001600   0.003400   0.002800  -0.007200  -0.010800  -0.005400  -0.013600 
251  -0.000800  -0.012600  -0.022200   0.003400   0.001400   0.010200   0.008600  -0.004800  -0.002600   0.004200  -0.009200  -0.015400  -0.003000 
252  -0.004600  -0.007000  -0.005000  -0.005000   0.006800   0.005400   0.002000  -0.001400  -0.003400  -0.001600   0.005200  -0.006000   0.000000 
253  -0.001600  -0.010200  -0.003400  -0.002400   0.008800   0.002200   0.006000   0.001200   0.006600   0.002400   0.011600  -0.014600  -0.007200 
254   0.000400   0.005200  -0.006600  -0.006800   0.004000  -0.001000   0.015200   0.003000   0.003800  -0.002200   0.009400  -0.015000  -0.008400 
255  -0.004800   0.002800  -0.007800  -0.011800  -0.009200   0.002000  -0.000200   0.006200   0.006400   0.002000   0.015800  -0.011200   0.004400 
256  -0.000000  -0.002800  -0.003400   0.001000  -0.007400  -0.000000  -0.001600   0.001200  -0.006400   0.014600   0.013800  -0.006200   0.002200 
257  -0.007800  -0.001400  -0.003800  -0.006800  -0.014000  -0.002600  -0.001600   0.003400  -0.005000   0.004800   0.008200  -0.019200   0.002400 
258  -0.008600  -0.007400   0.008600  -0.013600   0.000000   0.001200  -0.007000   0.008200  -0.011600   0.000800   0.014200  -0.015800   0.008400 
259  -0.011400  -0.009000   0.007800  -0.011600   0.003200  -0.000200  -0.009800   0.009200  -0.014400  -0.005200   0.016400  -0.007000   0.014000 
260   0.003600  -0.014600   0.005200  -0.003000  -0.002000   0.002600  -0.010400   0.002400  -0.005800  -0.010200   0.006200  -0.008200   0.014400 
261   0.010800  -0.004600  -0.007200  -0.000200  -0.002400   0.001000   0.009200  -0.001600   0.000400  -0.015800   0.009400   0.000200   0.003200 
262   0.005200  -0.005000  -0.010800  -0.015200  -0.017000   0.002800  -0.002600   0.000800  -0.004800  -0.022200   0.011400  -0.007000   0.019400 
263   0.004600  -0.005400  -0.012400  -0.006000  -0.017200  -0.011200   0.007000  -0.004400  -0.000800  -0.007600   0.006600   0.002000   0.016800 
264   0.006200   0.001200  -0.010600  -0.008000  -0.020400  -0.002600   0.011000  -0.003800   0.009400  -0.008000   0.006800  -0.003000   0.017200 
265   0.025600   0.000600  -0.019600  -0.002800   0.002400   0.006800   0.007000  -0.002800   0.008400  -0.007800   0.001600  -0.000600   0.002400 
266   0.027000   0.000600  -0.006800  -0.014800   0.007400   0.005800   0.004200  -0.005200   0.005000   0.000400  -0.012000  -0.002800   0.001600 
267   0.026200   0.017400  -0.003400  -0.000800   0.007800   0.008600   0.000200  -0.000800   0.001000   0.007400   0.006800   0.012800  -0.003800 
268   0.016200   0.009400  -0.000400  -0.005200   0.006800   0.002200   0.011000   0.007400   0.000200   0.004200  -0.001200   0.015600  -0.001400 
269   0.008600   0.003400  -0.001400  -0.010200  -0.005000   0.000400   0.008400  -0.000800  -0.007000   0.006000   0.003000   0.008800   0.008400 
270   0.010600   0.014200  -0.007000  -0.012800  -0.001000   0.016400   0.008400   0.002600  -0.002200   0.001400   0.003000   0.010200   0.007200 
271   0.023600   0.007600   0.002000  -0.003600   0.001200   0.012200   0.005000   0.002600   0.009000  -0.001000   0.010600  -0.015200   0.015000 
272   0.007000   0.008600  -0.005400   0.008200   0.012200   0.007200  -0.005200   0.002800   0.007200   0.015000  -0.008200  -0.008800   0.011000 
273   0.006200  -0.002400  -0.009000   0.001800   0.014200   0.007400  -0.004000   0.018600   0.016400   0.006800  -0.000400  -0.004600  -0.005000 
274   0.009200  -0.004400  -0.007600   0.007400   0.005000   0.002000   0.008200   0.007800   0.002000  -0.005400  -0.003000   0.000000   0.008000 
275   0.016600  -0.009800  -0.008800   0.012000   0.005400   0.012400  -0.000200   0.007800   0.004400   0.001200   0.006800  -0.012800   0.000800 
276   0.006600   0.003000  -0.008400   0.006000   0.003000   0.016200  -0.013600   0.002000   0.001800   0.002000   0.010000  -0.008200   0.006600 
277   0.004400   0.004000  -0.005600   0.001200   0.005000   0.008000  -0.010000   0.012800   0.003200  -0.011000  -0.003200  -0.003600   0.002400 
278  -0.009200   0.004800  -0.009200   0.000600   0.010200   0.007000  -0.005400   0.007800   0.003600   0.005800  -0.001200  -0.000400   0.006200 
279   0.001800   0.008000   0.006000  -0.006600   0.006800   0.001800  -0.003200  -0.004000   0.001400   0.008400  -0.003600  -0.009600   0.005000 
280   0.000600   0.014600   0.001600   0.001000  -0.004200  -0.002400  -0.014800  -0.008000  -0.007800   0.007600  -0.005800  -0.003600   0.015800 
281  -0.004200   0.016400   0.003800  -0.007400   0.002800   0.004200  -0.007000  -0.003800   0.014800  -0.003800   0.005800  -0.003600   0.000200 
282  -0.013200   0.017000  -0.004400  -0.006200   0.003000  -0.010400   0.005800   0.004600  -0.002200  -0.006400   0.000600   0.002600  -0.002000 
283  -0.004200   0.005400  -0.001600  -0.002800  -0.010800  -0.001000  -0.006000  -0.004600   0.004000  -0.008200  -0.011200  -0.012400   0.002000 
284  -0.006400   0.014600  -0.011200  -0.012400  -0.010800   0.003600   0.009000  -0.012200   0.001200  -0.000600  -0.012800  -0.010600  -0.007200 
285  -0.005800  -0.002200  -0.000200  -0.008000  -0.015800  -0.001000  -0.009600  -0.014400   0.003400  -0.011600   0.000000  -0.006200  -0.006800 
286  -0.003000  -0.006400  -0.004600  -0.005800  -0.019200  -0.012400  -0.010200  -0.006600   0.004400  -0.007600  -0.002200  -0.007600  -0.006600 
287  -0.001000  -0.004000  -0.004600  -0.001800  -0.009200  -0.015400  -0.016200  -0.000400  -0.000600   0.000600  -0.012600   0.004200  -0.005000 
288  -0.002200  -0.011000  -0.011800   0.000400  -0.007800  -0.013200  -0.003000  -0.011600  -0.000600  -0.010800  -0.002400   0.001200  -0.011200 
289  -0.004400  -0.007600  -0.013200   0.002800  -0.014600  -0.012400  -0.010800  -0.003200   0.005200  -0.005600  -0.006000  -0.001800  -0.001400 
290  -0.001200  -0.005400  -0.003200   0.002600  -0.007800  -0.016400   0.002200  -0.005600  -0.004000   0.006000  -0.005600   0.004600   0.001200 
291  -0.007800  -0.012200  -0.003600  -0.005800  -0.015200  -0.012000  -0.014000  -0.005800  -0.010000   0.015600  -0.006400   0.016800  -0.000800 
292  -0.008800  -0.011400   0.005200  -0.007800  -0.020800  -0.013600  -0.004400   0.004400  -0.013200   0.009600  -0.010800   0.009000  -0.003600 
293  -0.010600  -0.008800  -0.005200  -0.006800  -0.013000  -0.005400  -0.006800  -0.002800  -0.008400   0.014600  -0.011800  -0.000400   0.003200 
294  -0.007400  -0.001400  -0.010200  -0.006800  -0.009400   0.000400   0.003400   0.000600  -0.007200   0.006600  -0.005200   0.006000  -0.004400 
295  -0.009600   0.001000  -0.010200  -0.017000  -0.008400   0.004200   0.006400  -0.003600   0.001400   0.012000   0.000400   0.013200   0.006400 
296  -0.003400  -0.000600  -0.010000  -0.004800   0.001800   0.008800  -0.000000   0.006400  -0.003000   0.009000   0.002400   0.007800   0.005000 
297  -0.010400   0.008000   0.006400  -0.004400   0.004000   0.008000   0.005400   0.001600  -0.005200   0.009800   0.006200   0.012000   0.010400 
298  -0.018800   0.004800   0.006200  -0.005000   0.001800   0.001600   0.001200  -0.008800   0.006400   0.002200   0.010800   0.005600   0.013600 
299  -0.003000   0.009200   0.014200   0.007800  -0.002400   0.002200   0.004400   0.001000   0.010400   0.000000   0.014200   0.001400   0.000800 
300  -0.001200   0.018600   0.006800  -0.001800   0.003600  -0.009000   0.008000  -0.007200  -0.001000  -0.005400   0.009800  -0.004800  -0.004000 
301   0.000600   0.004000  -0.008800  -0.004600  -0.001400  -0.005200   0.008800  -0.002200  -0.007600   0.010600   0.006000   0.009800  -0.006600 
302   0.010600   0.002000   0.001000   0.011400  -0.005600   0.003600   0.005000  -0.014200   0.003800   0.012800   0.002600   0.010400   0.012400 
303   0.005800   0.015200  -0.006600   0.005600  -0.003000  -0.005200   0.007800  -0.002000   0.008200   0.010800   0.007000   0.021400   0.012400 
304   0.000400   0.026800  -0.001800   0.005000  -0.003000   0.005600   0.004800  -0.008400   0.010200   0.010600  -0.002800   0.015000   0.002000 
305  -0.002200   0.023400   0.002400   0.007800  -0.004800  -0.000000  -0.005000  -0.008800   0.006800   0.011400  -0.001200   0.007200  -0.000400 
306   0.010200   0.010800   0.000800  -0.005400   0.003800   0.002400  -0.019800  -0.002600   0.006600   0.010000   0.004000   0.008400   0.004400 
307   0.005000   0.021000  -0.006400  -0.004400   0.003800  -0.002400  -0.006200  -0.004600   0.011600   0.016200   0.003200   0.008400  -0.004200 
308   0.005000   0.010400  -0.002200  -0.007200  -0.004000  -0.004400  -0.000000   0.001000   0.015400   0.015000   0.005800   0.003000  -0.004400 
309   0.003800   0.007400  -0.005600  -0.004800  -0.003800  -0.005400   0.005000   0.007400   0.010600   0.018600   0.000000   0.006200   0.001800 
310   0.008400   0.013800  -0.004000  -0.005600   0.004000  -0.009000   0.005200   0.009200   0.011200   0.021400  -0.004400  -0.001800  -0.009800 
311  -0.001200   0.009400  -0.010200   0.002400  -0.001000  -0.007600   0.008800   0.006000   0.014400   0.010800   0.000400  -0.005000  -0.008800 
312  -0.000800   0.005200  -0.008200  -0.002600   0.007000  -0.011200   0.012200  -0.006200   0.004000   0.006800  -0.002800  -0.011400  -0.011200 
313  -0.008000  -0.002200   0.000600  -0.002200   0.004200  -0.002000   0.008000   0.002000   0.010400   0.009400  -0.005800   0.007800  -0.007400 
314  -0.002400   0.002600   0.012600  -0.001400   0.004400   0.007400   0.010800  -0.008200   0.010000   0.003000   0.004800   0.004400  -0.011400 
315  -0.001000  -0.004600   0.005400   0.005200   0.002800   0.010200   0.010600   0.003200  -0.003600  -0.008200  -0.007800  -0.006200  -0.002600 
316   0.009800  -0.000800   0.003000  -0.000400   0.000600   0.000600   0.007000  -0.005800  -0.010000  -0.009000  -0.010400  -0.002200   0.004800 
317   0.002800   0.002200   0.004400   0.010600   0.005400   0.007400   0.001800   0.000400  -0.008600  -0.005000  -0.016800  -0.001000   0.006600 
318   0.007200   0.012000  -0.002400  -0.008400   0.004200   0.009600   0.002400  -0.006600  -0.004200   0.004800  -0.009800   0.009400   0.001000 
319   0.015000  -0.000600  -0.005000   0.006000   0.002800   0.004800  -0.002200  -0.011000   0.001200  -0.009200  -0.007000  -0.002400  -0.002200 
320   0.004800   0.004200  -0.000200  -0.000800   0.001200  -0.003600  -0.009600  -0.010600  -0.004000   0.004000  -0.010200  -0.009400   0.001600 
321   0.006800  -0.004800  -0.002200   0.004800  -0.005000  -0.004000  -0.011800  -0.003600  -0.001800  -0.006800  -0.005200  -0.004800  -0.000800 
322  -0.002600  -0.003200  -0.015000   0.004800  -0.007600   0.008000  -0.016000  -0.009800   0.003000  -0.001800  -0.008400  -0.009200   0.000000 
323   0.001800  -0.005600  -0.010600  -0.002200  -0.005600   0.013600  -0.014000  -0.008400   0.016400  -0.006400  -0.010600  -0.002000   0.008600 
324  -0.001000  -0.012800  -0.010200   0.007400  -0.001200   0.007000  -0.015200  -0.010200   0.010400  -0.011200  -0.000400  -0.000000   0.008400 
325  -0.003600  -0.005400  -0.007600   0.003600  -0.001000   0.018000  -0.015600  -0.012800   0.001400  -0.016400  -0.004400  -0.000600  -0.001000 
326   0.003800   0.003000  -0.009000  -0.005800   0.004000   0.010400  -0.012600  -0.002600  -0.004200  -0.002200  -0.002200   0.006400  -0.010800 
327  -0.006600  -0.004200  -0.003800   0.001200   0.004800   0.003400  -0.015400  -0.006000  -0.006800   0.006800  -0.020000   0.004800  -0.009400 
328  -0.001400  -0.004400  -0.005400   0.009000   0.004600   0.001000  -0.007600  -0.000400  -0.009000  -0.005000  -0.020000  -0.001800  -0.015600 
329  -0.009800  -0.007000   0.002000   0.015000  -0.005600   0.001400  -0.007400  -0.006400  -0.003800   0.002200  -0.004600  -0.008400   0.001400 
330   0.001200  -0.001600  -0.004400   0.003000  -0.004600  -0.011000  -0.002000  -0.004400  -0.000400   0.013600  -0.012600  -0.007800  -0.005800 
331  -0.004600   0.005600  -0.008800   0.002600  -0.007400  -0.005800  -0.005800  -0.006800  -0.001800   0.008000   0.004400  -0.000400   0.004000 
332  -0.001600  -0.000800  -0.006800  -0.002200  -0.000200  -0.009600  -0.004800   0.001200   0.001800   0.008600   0.007600  -0.008400  -0.011400 
333   0.002200   0.004000   0.006800   0.000200   0.002400  -0.009600   0.001200   0.002600   0.003600  -0.005000   0.003200  -0.005200  -0.017200 
334   0.007600   0.001400   0.008200   0.007400  -0.004200  -0.013600   0.000400   0.007400   0.013800   0.002600  -0.003400  -0.023200  -0.022800 
335  -0.003400  -0.003000   0.011400   0.008600  -0.000800  -0.010200  -0.002600   0.006200   0.005200  -0.003000   0.007200  -0.021000  -0.028200 
336   0.008200   0.005800   0.001000   0.005600  -0.006200  -0.009800  -0.003000   0.009400   0.006400   0.006200   0.005200  -0.019200  -0.019200 
337   0.014200   0.000600   0.004600   0.003600  -0.008600  -0.000200   0.006800   0.007000   0.007800  -0.002800  -0.003200  -0.007800  -0.019600 
338   0.008600   0.006800  -0.002800   0.000200  -0.008600  -0.005800  -0.003200   0.019200  -0.000200  -0.009600   0.007000   0.004000  -0.013000 
339   0.005800   0.002000  -0.000800   0.004600  -0.016600  -0.005200   0.001000   0.017200   0.008200  -0.013400   0.006600   0.006000  -0.001400 
340  -0.001600   0.001000   0.005400  -0.002000  -0.017200  -0.009000  -0.001200   0.025800   0.001000  -0.001200   0.003000   0.006200   0.001600 
341  -0.004400  -0.002200   0.002000  -0.013600  -0.013800  -0.002400   0.006200   0.010800  -0.007800   0.004200   0.008600   0.003800   0.002800 
342   0.000200  -0.014000   0.002200  -0.003800  -0.004400   0.002400  -0.000600   0.012000   0.000800   0.011200   0.016400  -0.005800   0.008400 
343  -0.004000  -0.011800  -0.006600  -0.000400  -0.013600   0.006000   0.000200   0.016800  -0.002400   0.004000   0.012000  -0.003800   0.006000 
344   0.004000  -0.009000  -0.010600  -0.009800  -0.005600  -0.000200   0.016400   0.011000  -0.007000   0.000200   0.015800  -0.005800   0.009400 
345  -0.001600  -0.002000  -0.016000  -0.006800  -0.000200   0.005400   0.006800   0.021400   0.001600  -0.005200   0.002200   0.007000   0.007000 
346  -0.010400   0.004000  -0.013200  -0.010800  -0.004400   0.008400   0.011200   0.024600  -0.000800   0.001000  -0.011200  -0.006600   0.006800 
347  -0.001200  -0.006200  -0.004000  -0.004200  -0.002200   0.008200   0.013000   0.016000   0.015600  -0.011200  -0.012000  -0.004000  -0.002800 
348   0.006000   0.003200  -0.004000  -0.001600   0.004200   0.014200   0.011400   0.012600  -0.003400  -0.006000  -0.003400  -0.012600  -0.010800 
349   0.007000  -0.001600  -0.010400   0.008400   0.004000   0.006600  -0.001000   0.003600  -0.009600  -0.008400  -0.005200  -0.010800  -0.020600 
350   0.019400  -0.000800  -0.007400   0.012600   0.006800  -0.004600   0.013000   0.005000  -0.006400  -0.003600  -0.008800  -0.008400  -0.017600 
351   0.003000  -0.001200  -0.000600   0.013000   0.012600  -0.000400   0.013400   0.001600  -0.000400   0.000200  -0.001000  -0.010800  -0.009400 
352   0.004200  -0.008400  -0.002200   0.012400   0.003000  -0.011200   0.028600   0.012800  -0.008400   0.005600   0.007000  -0.001800  -0.001800 
353   0.001000  -0.012800   0.008200   0.006800   0.010600  -0.009000   0.025200   0.016800  -0.000000  -0.000600   0.010400  -0.016000   0.001800 
354  -0.005800  -0.015200   0.014200   0.008800   0.006400  -0.007600   0.011200   0.002400   0.004600  -0.000400   0.008200  -0.012200  -0.002800 
355  -0.004400   0.007800   0.005600   0.007000   0.009800  -0.019200   0.002400   0.005000   0.005800  -0.002200  -0.000400  -0.011800  -0.005600 
356  -0.002000   0.000000   0.022000  -0.001200   0.006800  -0.009400  -0.010800   0.001800   0.007400  -0.005200  -0.006800   0.002000  -0.013600 
357  -0.000000  -0.004600   0.009400  -0.000400  -0.004000  -0.007800   0.005600   0.006600  -0.001400  -0.002000  -0.005000  -0.002000  -0.005000 
358  -0.006000   0.001800   0.001000  -0.007000  -0.002200   0.000200   0.000800   0.003800  -0.008200   0.004200   0.002600  -0.012200  -0.014800 
359  -0.004600   0.011600   0.012400  -0.007600   0.010000   0.007200   0.001800   0.005600   0.001400   0.014000  -0.003200  -0.000200  -0.014000 
360  -0.006000   0.006200   0.001600  -0.004800   0.003800   0.004400   0.004600  -0.000400  -0.001000   0.007200  -0.013400  -0.005200  -0.014600 
361   0.004600   0.010200  -0.005400  -0.008800   0.004800  -0.003400   0.008600   0.010000   0.000000   0.004600  -0.011800  -0.020200  -0.027800 
362   0.002200   0.006000  -0.004400  -0.001200   0.001800  -0.001200  -0.001400  -0.001200  -0.012400   0.002200  -0.002400  -0.009200  -0.024400 
363   0.003400   0.009000  -0.006000  -0.007000  -0.000800  -0.004600   0.000400   0.006600   0.001800   0.002000  -0.014600   0.005400  -0.024800 
364   0.003000   0.010200  -0.006400   0.002200   0.000400   0.003400  -0.009800   0.003600   0.000400  -0.001800  -0.013400  -0.001600  -0.017000 
365   0.008400   0.004800   0.001000   0.004400   0.001400   0.003800  -0.010000   0.005600  -0.001800  -0.007800  -0.011200  -0.007600  -0.012200 
366   0.005600   0.010000   0.007800   0.005400  -0.007000   0.005600  -0.001800   0.007000   0.006000  -0.000800  -0.005000  -0.006600  -0.015200 
367   0.004600   0.004000   0.007800   0.011600  -0.008800  -0.007600  -0.018200   0.000800  -0.001400   0.001200   0.009200  -0.012600  -0.010200 
368   0.007000   0.006400   0.005600  -0.002600  -0.010200  -0.010600  -0.006400   0.004000  -0.000000  -0.001000   0.003200  -0.003400  -0.009600 
369   0.013200  -0.003800  -0.005400  -0.009000  -0.005000  -0.016000  -0.013000   0.006800  -0.005000   0.002600  -0.002200  -0.006200  -0.007600 
370   0.020800  -0.006000   0.003200  -0.001400  -0.009200   0.000400   0.003000   0.007600   0.010200   0.008000  -0.007400   0.003400   0.003000 
371   0.017400  -0.013000  -0.005600  -0.005600  -0.023400   0.000000  -0.004000   0.000600   0.005600   0.005800   0.001800   0.004200   0.000800 
372   0.022200  -0.012800  -0.001600   0.001000  -0.010600   0.003600   0.004000  -0.005800   0.012400   0.011600  -0.016200   0.000000   0.004600 
373   0.009800  -0.003400  -0.014200   0.002200  -0.023400   0.000800   0.001600  -0.000000   0.013000   0.008200  -0.009400   0.005200  -0.001400 
374   0.014600  -0.014400  -0.004800  -0.007800  -0.017400   0.010600  -0.003200  -0.009400   0.018800   0.016200  -0.000800   0.010400  -0.002400 
375   0.004600  -0.010000  -0.004600   0.005400  -0.016200   0.004800  -0.003800  -0.010800   0.008200   0.001400   0.009200   0.004600  -0.000200 
376   0.000600  -0.013400  -0.004200   0.014800  -0.013400   0.002600   0.006000  -0.012800   0.013600  -0.009800  -0.004000   0.002400  -0.003400 
377   0.005200  -0.009000  -0.006000   0.002400  -0.014800  -0.003600   0.007600  -0.009600   0.015000  -0.004600  -0.002600   0.013200  -0.001400 
378   0.000600  -0.005800  -0.006800   0.011200  -0.006200  -0.005600   0.003600  -0.004400   0.013000  -0.012200  -0.003000   0.004600  -0.002400 
379  -0.012200   0.005200  -0.003600   0.004200  -0.000600  -0.005400   0.002400  -0.002800   0.004200  -0.022000  -0.009400   0.000200  -0.001400 
380  -0.007000   0.013000   0.000000  -0.004000  -0.012000   0.000800  -0.001200  -0.005200  -0.009200  -0.012600  -0.000600   0.007200  -0.005000 
381  -0.006600   0.014000   0.002800   0.002400  -0.005200  -0.008000  -0.006600   0.000600  -0.013400  -0.005600  -0.000600   0.003400   0.004200 
382   0.010800   0.014600  -0.002400   0.002800  -0.007200  -0.003000  -0.006600  -0.003600  -0.011200  -0.014200  -0.007600   0.011800   0.001000 
383   0.013400   0.014400  -0.000800  -0.001000   0.002400  -0.011400  -0.018600   0.000400  -0.010000  -0.017000  -0.000400   0.009800   0.000800 
384   0.005600  -0.002800  -0.000000   0.003800   0.007000  -0.005400  -0.010800   0.005800  -0.014400  -0.008400  -0.006000  -0.006800   0.006000 
385  -0.002400   0.000600  -0.008800   0.007200   0.007200  -0.006800   0.001600  -0.002000   0.000400  -0.008600  -0.004600   0.010800   0.002400 
386  -0.001000   0.001400  -0.005000   0.012000   0.005600  -0.009000   0.002400   0.001000   0.003400   0.008400  -0.016400   0.004600   0.006800 
387  -0.001800   0.004200  -0.006600   0.007800   0.003600  -0.011400  -0.004800   0.006200   0.016400   0.006800  -0.010200  -0.005000  -0.000200 
388  -0.006800   0.018200   0.002200   0.001000  -0.003400  -0.001400   0.000600   0.001000  -0.003200   0.000600  -0.011000  -0.010400  -0.000800 
389   0.002200   0.014000   0.010400  -0.005000  -0.003800   0.001000  -0.000000  -0.001200   0.006800  -0.001000   0.001200  -0.012200   0.001400 
390   0.009400   0.025400   0.006000   0.000200  -0.005600   0.003200  -0.006600   0.006000   0.001600   0.006200  -0.010200   0.007400   0.005600 
391   0.010800   0.010600  -0.006600  -0.002200  -0.012200   0.000600  -0.005600   0.011200   0.003800   0.013600  -0.013600  -0.004800   0.010600 
392   0.000800   0.001000   0.005200   0.003600  -0.020400  -0.008000  -0.003800   0.001000   0.009200  -0.003600  -0.010200   0.002600   0.008000 
393   0.002400   0.004200  -0.004000   0.003200  -0.005600  -0.006400  -0.013400   0.009800   0.012200   0.000600  -0.005800   0.001400   0.011400 
394   0.008800   0.003400  -0.000400   0.001000  -0.005000   0.005400  -0.010400   0.011600   0.011800  -0.002200   0.000000   0.005000   0.012800 
395   0.008200   0.004400  -0.012800  -0.005200  -0.003200   0.001200  -0.009000   0.010600  -0.001800   0.008000  -0.005000   0.001000   0.004000 
396   0.013200   0.015800  -0.009600  -0.005600   0.000400   0.002000  -0.000800   0.011000   0.004200  -0.006600  -0.000400   0.005600   0.006000 
397  -0.001000   0.013000  -0.013600   0.001200  -0.006000   0.003800  -0.004800   0.012000   0.010200   0.001400   0.001000   0.011400   0.000200 
398  -0.001200   0.007600  -0.019200   0.006000   0.019000   0.003600  -0.004200   0.002000   0.007800   0.000800  -0.001000   0.012600   0.019000 
399   0.006000   0.011800  -0.013000   0.015600   0.009000  -0.004000  -0.014200   0.006200   0.007800   0.004800  -0.000800   0.011200   0.010000 
400  -0.009400  -0.002000  -0.006200   0.008400   0.001600   0.019400  -0.004400   0.013800   0.004800  -0.001000  -0.000600   0.003200  -0.004400 
401   0.008600  -0.001400  -0.001400   0.003000  -0.011400   0.011400  -0.012600   0.003800   0.003400   0.006800   0.008400   0.002800  -0.010200 
402   0.005400  -0.001000   0.000400   0.007200  -0.002000   0.010800  -0.009000   0.005600   0.001600   0.010800  -0.006200  -0.004000  -0.013800 
403  -0.004200   0.004200   0.010000  -0.007800  -0.016200   0.015000  -0.004400   0.008000  -0.009000   0.005400  -0.007000  -0.009600  -0.017400 
404   0.003800  -0.000600   0.000400   0.001000  -0.012600   0.016800  -0.015000   0.005400  -0.019000  -0.000800  -0.002600  -0.007600  -0.005000 
405  -0.001600  -0.001600  -0.002800  -0.001200  -0.014400   0.012400  -0.009200   0.013600   0.001200  -0.006200   0.001800  -0.002000   0.006000 
406  -0.003400   0.010600  -0.004200   0.014600  -0.003200   0.017000  -0.005400   0.013800  -0.002400  -0.000600   0.006000  -0.000200  -0.003400 
407  -0.009200   0.005800   0.001600   0.014400  -0.000800   0.015000  -0.006600   0.007600  -0.005000   0.006400   0.003200  -0.010200  -0.006800 
408  -0.002800  -0.000200  -0.012600   0.007800   0.003600   0.015600  -0.015000   0.010600   0.000000  -0.012800  -0.009200  -0.013200  -0.001600 
409  -0.002800  -0.006800  -0.003800   0.001200  -0.001000   0.013400  -0.013800   0.003000  -0.000600  -0.009800  -0.006400  -0.009400   0.001600 
410   0.006400   0.004000   0.003200  -0.001600  -0.003200   0.006200  -0.004600   0.011600  -0.002600  -0.014200   0.005800   0.000600   0.001800 
411   0.003600   0.007200   0.008600  -0.000000  -0.009800   0.015400   0.005200   0.001400  -0.005200  -0.010400   0.004400  -0.006400   0.014600 
412   0.010400  -0.000200   0.003800  -0.012000   0.000200   0.016600   0.008600   0.004800   0.003400   0.001000   0.002600  -0.007000  -0.003000 
413  -0.009600  -0.002000   0.008600   0.007200  -0.017000   0.017200  -0.001000  -0.002400   0.000400  -0.007800   0.001600  -0.003000  -0.002600 
414  -0.003400  -0.002400   0.010200  -0.006200  -0.018400   0.012600   0.006000   0.001400   0.001000   0.000200  -0.001400   0.001000  -0.005000 
415  -0.007000   0.002800   0.005600  -0.011800  -0.012200   0.003400   0.003200  -0.003000  -0.002200  -0.006200   0.007800  -0.000800  -0.011200 
416  -0.002600   0.005400   0.005200  -0.004000  -0.012200   0.003800   0.004200  -0.001800  -0.011800  -0.014600  -0.004600   0.010200  -0.013200 
417  -0.005400   0.010800   0.009800  -0.010600  -0.003800  -0.001800  -0.005800  -0.007800  -0.004400  -0.010200   0.000200  -0.003000   0.002400 
418   0.001200   0.007800   0.010000  -0.013200   0.005400   0.008600   0.011600  -0.020000  -0.000800   0.006400   0.010400   0.003600   0.007600 
419   0.009000   0.007400   0.009800  -0.008600   0.005600   0.001200  -0.007400  -0.015800  -0.012000   0.006000   0.000600  -0.002200   0.003800 
420   0.004600   0.010400   0.019400  -0.001000   0.004200   0.005600  -0.004600  -0.016000  -0.014200  -0.005600  -0.004000  -0.007000   0.020200 
421   0.005600   0.000600   0.013200  -0.002000  -0.007600   0.010600  -0.001800  -0.011800  -0.015200  -0.015000  -0.003600   0.001200   0.015200 
422   0.007600   0.003400   0.015600   0.005400  -0.005600   0.008600  -0.006200  -0.009400  -0.009800  -0.010600  -0.005800   0.011600   0.011400 
423   0.010600   0.003200   0.010000   0.000800  -0.011600  -0.002600   0.003200  -0.013600  -0.006200  -0.011000   0.004200   0.004800   0.020600 
424   0.010000  -0.003200   0.009000  -0.008200  -0.010400  -0.000200  -0.002600  -0.002000   0.005200  -0.014200   0.007200   0.004000   0.022000 
425   0.004800  -0.014000   0.005000  -0.005400  -0.007400  -0.005400  -0.002000  -0.000200   0.000600  -0.020000   0.006400  -0.007200   0.005200 
426   0.007000  -0.011600   0.008800  -0.003200  -0.002000  -0.006000   0.005400   0.016800  -0.006800  -0.022400   0.006000   0.004200  -0.002600 
427  -0.003800  -0.016200   0.005200   0.000400  -0.008600  -0.011000   0.004800   0.014000  -0.002200  -0.009200  -0.001200   0.006800   0.007000 
428  -0.000400  -0.006200  -0.000800   0.003800  -0.006200  -0.011000   0.007800   0.012200   0.004000  -0.010800   0.004200   0.005600   0.001800 
429  -0.000600  -0.002400  -0.008000   0.014400  -0.001000  -0.014000   0.015200   0.011200  -0.003800  -0.014400   0.018200  -0.005800   0.010800 
430  -0.003400   0.006400  -0.002600   0.018400   0.000200  -0.010200   0.010000   0.006400  -0.008200  -0.005400   0.007000   0.000000  -0.004600 
431  -0.005400   0.002400  -0.011800   0.010200  -0.007000  -0.013400   0.004200   0.010000  -0.003200  -0.005400   0.000600   0.002800  -0.004400 
432   0.005800  -0.004600  -0.006000   0.014200  -0.009200   0.000200  -0.007600   0.016800  -0.004600  -0.006400   0.006400   0.012000  -0.012800 
433   0.003200   0.004400   0.000600   0.013200   0.004200  -0.002000  -0.001400   0.007000  -0.009600  -0.008000  -0.000200   0.005800  -0.018600 
434   0.007400  -0.000400  -0.006800   0.015800  -0.002200   0.002200   0.004000   0.006600  -0.010400  -0.013000  -0.011400   0.006800  -0.004600 
435   0.000000  -0.008800   0.001400   0.021000   0.001800  -0.002600  -0.010400   0.002000  -0.007000  -0.004800   0.000400   0.003000  -0.002000 
436   0.007800  -0.010200   0.003600   0.035400  -0.005000  -0.006600   0.002000   0.010000  -0.012200  -0.003000  -0.007000  -0.006400   0.001600 
437   0.010200   0.003000  -0.009600   0.016000   0.002000  -0.009400  -0.000200   0.004000  -0.001200   0.006000  -0.008800   0.002400   0.000800 
438   0.003200  -0.001600  -0.007400   0.011800  -0.003600  -0.011200  -0.009600   0.007000   0.001200   0.006800  -0.005000  -0.012200  -0.004600 
439   0.003400  -0.003800  -0.008000   0.006800   0.007800  -0.013600  -0.006600  -0.000600  -0.016400   0.003200  -0.021400  -0.016600   0.014000 
440   0.006800   0.001400  -0.000800   0.005600   0.007600  -0.004400  -0.001400   0.009000  -0.023200  -0.004400  -0.005600  -0.008800   0.006800 
441   0.006200  -0.007000  -0.004200   0.000600   0.000200  -0.010600  -0.009000   0.003800  -0.011200  -0.000800   0.007000  -0.013000   0.001000 
442  -0.003800  -0.008800   0.001200   0.004400   0.002800  -0.001600  -0.021000   0.001400  -0.009800   0.002600  -0.008600  -0.015000   0.008400 
443  -0.006800  -0.000400  -0.007000  -0.007000  -0.006200  -0.000200  -0.018800   0.005600   0.004200  -0.003200   0.006000   0.000400  -0.010600 
444  -0.019800  -0.009200   0.005800  -0.010600  -0.014200   0.003600  -0.023600   0.004800   0.007200   0.003400   0.003400   0.002400  -0.010000 
445  -0.021000  -0.001400  -0.000200  -0.004800  -0.007200   0.008200  -0.010400   0.003000   0.001600   0.001800   0.003200  -0.002000  -0.007200 
446  -0.009000   0.009800  -0.002800  -0.006400  -0.001200   0.014400  -0.008800  -0.000400   0.001800  -0.000000   0.006200   0.003800  -0.019200 
447  -0.005000   0.007200   0.002200   0.003800   0.006000   0.002000  -0.017400  -0.001800  -0.001800  -0.004200   0.004200  -0.003800  -0.008800 
448  -0.008000   0.008000  -0.010400  -0.002800   0.006000   0.006800  -0.012800   0.002400  -0.011200   0.009400  -0.000200  -0.004000  -0.002200 
449   0.003200   0.001600  -0.009000  -0.003200   0.003400  -0.002800  -0.013000   0.004400  -0.014200   0.003400   0.002600  -0.005000   0.007000 
450  -0.001000   0.016000  -0.006800  -0.006800   0.009000  -0.007000  -0.019600  -0.005000  -0.017000   0.008800   0.000200   0.000400   0.002200 
451   0.007400   0.017600  -0.009600  -0.002400   0.005400   0.007800  -0.009200   0.000600   0.004200   0.003800   0.007600  -0.005400   0.002400 
452   0.016600   0.002800  -0.001400  -0.005800   0.007800   0.005800  -0.009200   0.003200  -0.007200   0.005600   0.000800  -0.010200   0.001600 
453   0.016200   0.013400  -0.005200  -0.002400   0.004200   0.005200  -0.001200   0.000200  -0.010400   0.005200   0.001200  -0.004400   0.001400 
454   0.011400  -0.007200   0.001800  -0.006200  -0.006200   0.004200   0.001200   0.007800  -0.019000  -0.003600  -0.001400  -0.004200  -0.001000 
455   0.002400   0.003000   0.004400  -0.011600  -0.011200   0.001200  -0.000600  -0.004400  -0.023200   0.001600  -0.000400  -0.000400  -0.002200 
456   0.010200  -0.006400   0.007200  -0.001000   0.003400   0.011600  -0.010800   0.008400  -0.024200  -0.001800  -0.003200  -0.002200   0.002800 
457   0.002600  -0.006600   0.003200  -0.006000   0.004200   0.014200  -0.005200   0.006400  -0.023000   0.003400  -0.001600   0.006600  -0.012600 
458  -0.003000  -0.007400  -0.004000  -0.011800   0.008200   0.002400  -0.002600   0.009600  -0.018400  -0.004200   0.006600   0.003400  -0.006400 
459   0.009800  -0.004200  -0.002600  -0.004600   0.001200   0.006600  -0.006800   0.004000  -0.008800   0.008600   0.008000   0.002600  -0.002200 
460   0.012800   0.007600  -0.000800  -0.011000  -0.003600  -0.000800   0.000800   0.002800   0.002800   0.005800  -0.012400   0.000600   0.003000 
461   0.005000   0.010400   0.003600  -0.007400   0.005600   0.004400  -0.002000   0.002000   0.002000   0.001400   0.001400  -0.012200  -0.004800 
462  -0.001000   0.013200  -0.002600  -0.005800  -0.001200   0.008200   0.005400  -0.000200   0.003200   0.004800  -0.002000  -0.010600   0.005400 
463  -0.007400   0.013600   0.003600  -0.004000  -0.006200   0.003200   0.010000   0.000600   0.014000   0.013000   0.000200  -0.003000  -0.001800 
464  -0.008000   0.010400   0.001800  -0.010800   0.000600   0.005600  -0.004400  -0.002800   0.021400   0.002400  -0.010400  -0.000200   0.001200 
465  -0.002800   0.008600  -0.010400  -0.015400  -0.000200  -0.005000   0.003200   0.013800   0.024600  -0.000600  -0.011400  -0.003400   0.005200 
466   0.005800   0.018000  -0.008200  -0.006400   0.002200  -0.003800  -0.013200  -0.002200   0.013200  -0.007200  -0.014400  -0.009400   0.004600 
467   0.010200   0.011000  -0.000800  -0.010400  -0.012800   0.010200  -0.000400   0.004200   0.005800   0.004000  -0.014800  -0.002800  -0.000400 
468   0.009000   0.017800  -0.002400  -0.013800  -0.009600   0.007400  -0.000200  -0.004200   0.006800   0.008200  -0.014800  -0.000200   0.002200 
469   0.000000   0.012000  -0.004000  -0.010200  -0.006200  -0.002800  -0.007000  -0.001200   0.001600   0.007000  -0.001200  -0.014000  -0.001400 
470   0.003600   0.010400   0.005800  -0.005400  -0.005200  -0.008400  -0.008800   0.007400   0.008800   0.010000  -0.013200   0.008800  -0.006400 
471   0.008400   0.007600   0.003800  -0.011800  -0.011400  -0.002200  -0.012200   0.010400   0.011600   0.014200  -0.009600   0.002200   0.004200 
472   0.016600   0.007600   0.003800  -0.009800  -0.005200  -0.011400  -0.002800   0.003800   0.007600   0.013600  -0.014800   0.001600  -0.013000 
473   0.019200   0.003200   0.002400  -0.022800  -0.009600  -0.001600  -0.010400  -0.005000   0.006400   0.003800  -0.019200  -0.003400  -0.001600 
474   0.015400  -0.002000   0.000200  -0.013000  -0.012400   0.000200  -0.004200  -0.008600   0.011200   0.002600  -0.014600   0.008200  -0.005800 
475   0.005800   0.012000   0.005000  -0.010000  -0.002000  -0.004200  -0.008400   0.000600   0.006200   0.001600  -0.005600  -0.004400   0.004800 
476   0.000200   0.016800   0.013600  -0.012200  -0.002800   0.000400  -0.005800  -0.004800   0.003000   0.010000   0.003000  -0.005000  -0.004600 
477  -0.005400   0.011400   0.010400  -0.017200   0.003000   0.008600  -0.007600  -0.003000   0.006200   0.014000   0.002000  -0.011000  -0.001000 
478   0.009400   0.003200   0.006600  -0.019400   0.007800  -0.006600  -0.002200   0.000800   0.018400   0.013800   0.007600  -0.009600   0.003800 
479   0.003400  -0.002000   0.015400  -0.016400   0.013800  -0.007000   0.013400  -0.007800   0.007400   0.010400  -0.009000   0.002600   0.001600 
480  -0.016200   0.006200   0.008800  -0.002000   0.015200   0.001000   0.004200  -0.001600   0.001000   0.007000  -0.008800  -0.001200   0.000400 
481  -0.015400   0.011600   0.011000  -0.001600   0.011400  -0.007800   0.007400  -0.008000  -0.008600  -0.000200   0.001800   0.002600  -0.009000 
482  -0.012800   0.002400   0.001800  -0.006800   0.009600  -0.006800   0.013600  -0.010200   0.004200   0.000200  -0.001400  -0.001000  -0.006400 
483  -0.006600   0.000800   0.008600  -0.008200  -0.003800  -0.010600   0.021400  -0.004400   0.000200   0.004800  -0.006200   0.005000   0.005200 
484  -0.005800  -0.003400   0.009000  -0.010600  -0.000800  -0.002400   0.006200   0.004400  -0.005000   0.005800  -0.005800  -0.006400   0.010000 
485  -0.006800  -0.001200   0.007000  -0.005800  -0.001600   0.002800  -0.000200   0.004400  -0.014600  -0.005200  -0.008200  -0.007200  -0.000600 
486  -0.004600  -0.008800   0.001400   0.007000   0.001200  -0.000800   0.003600  -0.008000  -0.008400  -0.009800  -0.000400  -0.005400  -0.006800 
487  -0.000600  -0.004200   0.006600  -0.001600   0.002000   0.004600   0.002600  -0.005800  -0.011400  -0.013000   0.002600  -0.004800  -0.007800 
488  -0.000400  -0.004400   0.001000  -0.005200   0.012400   0.004000   0.009400   0.001400  -0.001200  -0.004400   0.004800  -0.001800  -0.014000 
489  -0.002000  -0.000600  -0.013000   0.003800   0.007600   0.006000  -0.008000   0.003800   0.006400  -0.001400   0.000200   0.005600  -0.006200 
490  -0.004800  -0.009400  -0.007000   0.014200   0.004800   0.004800   0.004000   0.011000  -0.009800   0.004800   0.001800   0.008800  -0.002200 
491  -0.004600  -0.021200  -0.009200   0.013800   0.002200  -0.001800   0.003600   0.004800   0.010400   0.005000   0.004400  -0.002400   0.004800 
492  -0.004400  -0.015000  -0.011400   0.003600  -0.002600   0.004200   0.007800  -0.003200  -0.006800   0.005200  -0.002200  -0.000600   0.007800 
493  -0.008000  -0.012200  -0.023800   0.013400   0.001200  -0.002800   0.002600  -0.000400  -0.003800  -0.004800  -0.000400  -0.014600   0.000600 
494  -0.008600  -0.005400  -0.029800   0.000000   0.001600  -0.004600   0.006800   0.003200   0.001200  -0.005200   0.000000   0.000200  -0.007400 
495  -0.003800  -0.005600  -0.015600  -0.005600   0.001800  -0.000600   0.011800  -0.008000  -0.004600   0.002600   0.002400  -0.009400  -0.002400 
496  -0.011200   0.007200  -0.019200  -0.001800  -0.005200  -0.002800   0.003000  -0.007600   0.012600   0.013200   0.008600  -0.015600  -0.003400 
497  -0.011800   0.005600  -0.008400   0.008800  -0.004000  -0.006000   0.007400  -0.008800   0.001000   0.013000   0.007800  -0.008600  -0.001000 
498  -0.004000  -0.005600  -0.001800   0.012400   0.006400  -0.006000  -0.001600  -0.019400   0.005200  -0.004600  -0.000600  -0.007000   0.004400 
499  -0.004200  -0.002600  -0.005000   0.015400  -0.001600   0.003000  -0.005600  -0.005400   0.007200   0.001400   0.000800   0.015800   0.007200 
