0   0.700986
1   0.699428
2   0.697914
3   0.696424
4   0.694990
5   0.693386
6   0.691756
7   0.689894
8   0.687984
9   0.686116
10   0.684398
11   0.682752
12   0.681044
13   0.679370
14   0.677672
15   0.675954
16   0.674284
17   0.672548
18   0.670730
19   0.669012
20   0.667202
21   0.665418
22   0.663660
23   0.661900
24   0.660100
25   0.658200
26   0.656242
27   0.654362
28   0.652234
29   0.649966
30   0.647586
31   0.645062
32   0.642484
33   0.639836
34   0.637248
35   0.634882
36   0.632428
37   0.630054
38   0.627500
39   0.625030
40   0.622562
41   0.620172
42   0.617818
43   0.615526
44   0.613150
45   0.610830
46   0.608876
47   0.606796
48   0.604792
49   0.602734
50   0.600708
51   0.598838
52   0.596930
53   0.595208
54   0.593434
55   0.591496
56   0.589616
57   0.587828
58   0.586010
59   0.584450
60   0.582844
61   0.581284
62   0.579784
63   0.578270
64   0.576666
65   0.575030
66   0.573356
67   0.571492
68   0.569760
69   0.567960
70   0.566152
71   0.564302
72   0.562224
73   0.560200
74   0.558066
75   0.555996
76   0.553822
77   0.551614
78   0.549656
79   0.547886
80   0.546140
81   0.544614
82   0.543088
83   0.541674
84   0.540162
85   0.538766
86   0.537478
87   0.536436
88   0.535142
89   0.534232
90   0.533316
91   0.532388
92   0.531642
93   0.530968
94   0.530332
95   0.529840
96   0.529518
97   0.528954
98   0.528436
99   0.527698
100   0.527034
101   0.526338
102   0.525706
103   0.525186
104   0.524666
105   0.524002
106   0.523458
107   0.523012
108   0.522410
109   0.521772
110   0.521196
111   0.520454
112   0.519532
113   0.518432
114   0.517362
115   0.516514
116   0.515912
117   0.515290
118   0.514590
119   0.513900
120   0.513076
121   0.512510
122   0.511866
123   0.510972
124   0.510036
125   0.509074
126   0.508038
127   0.507084
128   0.505944
129   0.504718
130   0.503372
131   0.502258
132   0.501216
133   0.500202
134   0.499280
135   0.498402
136   0.497626
137   0.496780
138   0.496038
139   0.495454
140   0.494978
141   0.494434
142   0.493832
143   0.493364
144   0.492866
145   0.492584
146   0.492096
147   0.491626
148   0.491208
149   0.490684
150   0.489964
151   0.489218
152   0.488364
153   0.487654
154   0.486810
155   0.485844
156   0.485106
157   0.484294
158   0.483364
159   0.482408
160   0.481464
161   0.480452
162   0.479440
163   0.478294
164   0.477214
165   0.476278
166   0.475404
167   0.474690
168   0.473836
169   0.472970
170   0.472038
171   0.471180
172   0.470238
173   0.469322
174   0.468456
175   0.467462
176   0.466310
177   0.465316
178   0.464334
179   0.463448
180   0.462550
181   0.461670
182   0.460764
183   0.459806
184   0.458934
185   0.458030
186   0.457184
187   0.456328
188   0.455452
189   0.454614
190   0.453652
191   0.452774
192   0.452040
193   0.451118
194   0.450286
195   0.449322
196   0.448312
197   0.447312
198   0.446258
199   0.445328
200   0.444438
201   0.443576
202   0.442794
203   0.441932
204   0.441140
205   0.440374
206   0.439640
207   0.438952
208   0.438256
209   0.437582
210   0.437084
211   0.436622
212   0.436108
213   0.435570
214   0.434926
215   0.434444
216   0.433634
217   0.433058
218   0.432572
219   0.432094
220   0.431550
221   0.431146
222   0.430790
223   0.430566
224   0.430406
225   0.430376
226   0.430268
227   0.430352
228   0.430500
229   0.430440
230   0.430762
231   0.431076
232   0.431330
233   0.431624
234   0.431796
235   0.432144
236   0.432388
237   0.432692
238   0.432908
239   0.433168
240   0.433296
241   0.433386
242   0.433518
243   0.433616
244   0.433888
245   0.433992
246   0.433940
247   0.433828
248   0.433758
249   0.433732
250   0.433698
251   0.433732
252   0.433798
253   0.433858
254   0.433806
255   0.433792
256   0.433842
257   0.434154
258   0.434212
259   0.434166
260   0.434174
261   0.434148
262   0.434156
263   0.434236
264   0.434418
265   0.434742
266   0.435114
267   0.435556
268   0.435920
269   0.436260
270   0.436534
271   0.436968
272   0.437348
273   0.437638
274   0.437970
275   0.438394
276   0.438840
277   0.439280
278   0.439638
279   0.439954
280   0.440262
281   0.440644
282   0.440934
283   0.441266
284   0.441546
285   0.441896
286   0.442330
287   0.442672
288   0.443066
289   0.443394
290   0.443554
291   0.443692
292   0.443788
293   0.443942
294   0.443858
295   0.443652
296   0.443468
297   0.443318
298   0.443206
299   0.443006
300   0.442878
301   0.442900
302   0.442720
303   0.442708
304   0.442702
305   0.442704
306   0.442600
307   0.442596
308   0.442508
309   0.442178
310   0.441788
311   0.441414
312   0.440946
313   0.440628
314   0.440226
315   0.439904
316   0.439722
317   0.439484
318   0.439106
319   0.438968
320   0.438794
321   0.438548
322   0.438384
323   0.438194
324   0.438064
325   0.437914
326   0.437682
327   0.437462
328   0.437362
329   0.437204
330   0.437026
331   0.436764
332   0.436574
333   0.436310
334   0.436162
335   0.435864
336   0.435664
337   0.435438
338   0.435336
339   0.435202
340   0.434952
341   0.434836
342   0.434710
343   0.434648
344   0.434638
345   0.434704
346   0.434722
347   0.434902
348   0.435062
349   0.435172
350   0.435286
351   0.435466
352   0.435554
353   0.435562
354   0.435688
355   0.435992
356   0.436342
357   0.436692
358   0.436814
359   0.437066
360   0.437254
361   0.437536
362   0.437934
363   0.438064
364   0.438204
365   0.438230
366   0.438284
367   0.438178
368   0.438220
369   0.438036
370   0.437720
371   0.437466
372   0.437198
373   0.436962
374   0.436762
375   0.436772
376   0.436398
377   0.435922
378   0.435682
379   0.435270
380   0.435128
381   0.434714
382   0.434454
383   0.434042
384   0.433560
385   0.432950
386   0.432518
387   0.431872
388   0.431312
389   0.430678
390   0.429966
391   0.429212
392   0.428448
393   0.427626
394   0.426782
395   0.425722
396   0.425018
397   0.424240
398   0.423674
399   0.422984
400   0.422376
401   0.421810
402   0.421360
403   0.421044
404   0.420738
405   0.420386
406   0.420264
407   0.420102
408   0.419896
409   0.419540
410   0.419284
411   0.419004
412   0.418854
413   0.418676
414   0.418720
415   0.418754
416   0.418738
417   0.418908
418   0.419140
419   0.419202
420   0.419450
421   0.419608
422   0.419586
423   0.419742
424   0.419912
425   0.419988
426   0.419954
427   0.420020
428   0.420050
429   0.420132
430   0.420120
431   0.420424
432   0.420484
433   0.420630
434   0.420894
435   0.421262
436   0.421526
437   0.421580
438   0.421688
439   0.421782
440   0.421476
441   0.421284
442   0.421220
443   0.421228
444   0.421082
445   0.420962
446   0.420874
447   0.420494
448   0.419954
449   0.419354
450   0.418498
451   0.417948
452   0.417324
453   0.416742
454   0.416240
455   0.415878
456   0.415558
457   0.415298
458   0.414994
459   0.414820
460   0.414590
461   0.414530
462   0.414468
463   0.414680
464   0.414778
465   0.414830
466   0.414976
467   0.414974
468   0.415006
469   0.414916
470   0.414728
471   0.414572
472   0.414330
473   0.414470
474   0.414680
475   0.414794
476   0.415006
477   0.415214
478   0.415454
479   0.415612
480   0.415568
481   0.415728
482   0.415948
483   0.416090
484   0.416282
485   0.416296
486   0.416394
487   0.416392
488   0.416362
489   0.416342
490   0.416802
491   0.416880
492   0.417024
493   0.416990
494   0.416856
495   0.416750
496   0.416716
497   0.416648
498   0.416258
499   0.415874
500   0.415706
-499   0.415646
-498   0.415460
-497   0.415260
-496   0.414974
-495   0.414732
-494   0.414282
-493   0.413870
-492   0.413184
-491   0.412458
-490   0.411654
-489   0.410730
-488   0.409636
-487   0.408484
-486   0.407054
-485   0.405626
-484   0.404164
-483   0.403022
-482   0.401892
-481   0.400788
-480   0.399780
-479   0.399034
-478   0.398222
-477   0.397398
-476   0.396718
-475   0.396132
-474   0.395340
-473   0.394604
-472   0.393572
-471   0.392526
-470   0.391464
-469   0.390372
-468   0.389248
-467   0.388040
-466   0.386814
-465   0.385466
-464   0.383998
-463   0.382538
-462   0.381198
-461   0.380002
-460   0.378866
-459   0.377518
-458   0.376022
-457   0.374418
-456   0.373066
-455   0.371630
-454   0.370264
-453   0.368742
-452   0.367308
-451   0.366096
-450   0.364942
-449   0.363900
-448   0.362952
-447   0.362068
-446   0.361098
-445   0.360398
-444   0.359576
-443   0.358602
-442   0.357672
-441   0.356766
-440   0.355808
-439   0.354948
-438   0.354124
-437   0.353356
-436   0.352532
-435   0.351714
-434   0.351006
-433   0.350322
-432   0.349698
-431   0.349048
-430   0.348444
-429   0.347900
-428   0.347472
-427   0.346966
-426   0.346634
-425   0.346196
-424   0.345776
-423   0.345450
-422   0.344926
-421   0.344348
-420   0.343906
-419   0.343478
-418   0.343092
-417   0.342660
-416   0.342158
-415   0.341594
-414   0.341056
-413   0.340404
-412   0.339914
-411   0.339504
-410   0.339284
-409   0.339016
-408   0.338722
-407   0.338366
-406   0.338172
-405   0.337908
-404   0.337686
-403   0.337510
-402   0.337292
-401   0.337096
-400   0.336940
-399   0.336868
-398   0.336844
-397   0.336728
-396   0.336632
-395   0.336520
-394   0.336392
-393   0.336266
-392   0.336128
-391   0.335966
-390   0.335850
-389   0.335720
-388   0.335430
-387   0.335274
-386   0.335104
-385   0.334918
-384   0.334684
-383   0.334522
-382   0.334442
-381   0.334248
-380   0.334006
-379   0.333742
-378   0.333484
-377   0.333240
-376   0.332980
-375   0.332626
-374   0.332248
-373   0.331934
-372   0.331694
-371   0.331414
-370   0.331186
-369   0.330960
-368   0.330770
-367   0.330674
-366   0.330582
-365   0.330580
-364   0.330524
-363   0.330430
-362   0.330396
-361   0.330306
-360   0.330216
-359   0.330170
-358   0.330190
-357   0.330106
-356   0.329960
-355   0.329716
-354   0.329470
-353   0.329222
-352   0.328888
-351   0.328578
-350   0.328344
-349   0.328144
-348   0.327882
-347   0.327652
-346   0.327368
-345   0.327002
-344   0.326654
-343   0.326302
-342   0.326020
-341   0.325976
-340   0.325932
-339   0.325970
-338   0.325984
-337   0.326012
-336   0.326202
-335   0.326278
-334   0.326202
-333   0.326174
-332   0.326132
-331   0.326092
-330   0.326040
-329   0.325964
-328   0.325940
-327   0.325822
-326   0.325708
-325   0.325542
-324   0.325158
-323   0.324840
-322   0.324624
-321   0.324420
-320   0.324214
-319   0.323878
-318   0.323634
-317   0.323482
-316   0.323138
-315   0.322886
-314   0.322640
-313   0.322534
-312   0.322470
-311   0.322396
-310   0.322372
-309   0.322536
-308   0.322708
-307   0.322896
-306   0.322946
-305   0.323044
-304   0.323152
-303   0.323274
-302   0.323428
-301   0.323518
-300   0.323588
-299   0.323702
-298   0.323796
-297   0.323780
-296   0.323844
-295   0.323976
-294   0.324212
-293   0.324454
-292   0.324684
-291   0.324908
-290   0.325148
-289   0.325330
-288   0.325528
-287   0.325768
-286   0.325952
-285   0.326120
-284   0.326394
-283   0.326596
-282   0.326824
-281   0.327180
-280   0.327644
-279   0.328204
-278   0.328650
-277   0.329086
-276   0.329620
-275   0.330056
-274   0.330452
-273   0.330890
-272   0.331312
-271   0.331766
-270   0.332224
-269   0.332682
-268   0.333152
-267   0.333630
-266   0.334134
-265   0.334724
-264   0.335474
-263   0.336148
-262   0.336946
-261   0.337648
-260   0.338322
-259   0.339062
-258   0.339724
-257   0.340446
-256   0.341160
-255   0.341870
-254   0.342566
-253   0.343218
-252   0.343702
-251   0.344290
-250   0.344868
-249   0.345322
-248   0.345676
-247   0.346000
-246   0.346424
-245   0.346978
-244   0.347510
-243   0.348086
-242   0.348628
-241   0.349092
-240   0.349584
-239   0.350052
-238   0.350528
-237   0.351006
-236   0.351488
-235   0.352010
-234   0.352638
-233   0.353136
-232   0.353612
-231   0.354204
-230   0.354802
-229   0.355460
-228   0.356078
-227   0.356870
-226   0.357666
-225   0.358610
-224   0.359686
-223   0.360770
-222   0.361840
-221   0.362804
-220   0.363690
-219   0.364588
-218   0.365420
-217   0.366366
-216   0.367286
-215   0.368162
-214   0.369082
-213   0.369962
-212   0.370998
-211   0.371954
-210   0.372810
-209   0.373594
-208   0.374234
-207   0.374862
-206   0.375570
-205   0.376370
-204   0.377074
-203   0.377868
-202   0.378786
-201   0.379608
-200   0.380444
-199   0.381330
-198   0.382158
-197   0.382990
-196   0.383846
-195   0.384674
-194   0.385578
-193   0.386498
-192   0.387522
-191   0.388578
-190   0.389736
-189   0.390892
-188   0.392080
-187   0.393160
-186   0.394286
-185   0.395222
-184   0.396128
-183   0.397046
-182   0.398056
-181   0.398914
-180   0.399870
-179   0.400978
-178   0.402246
-177   0.403248
-176   0.404168
-175   0.405098
-174   0.405856
-173   0.406620
-172   0.407396
-171   0.408080
-170   0.408866
-169   0.409606
-168   0.410360
-167   0.411134
-166   0.412076
-165   0.413150
-164   0.414200
-163   0.415262
-162   0.416430
-161   0.417654
-160   0.418920
-159   0.420238
-158   0.421516
-157   0.422808
-156   0.424156
-155   0.425416
-154   0.426666
-153   0.428006
-152   0.429264
-151   0.430632
-150   0.432130
-149   0.433660
-148   0.435126
-147   0.436650
-146   0.438128
-145   0.439426
-144   0.440748
-143   0.442088
-142   0.443462
-141   0.444800
-140   0.446126
-139   0.447566
-138   0.449096
-137   0.450510
-136   0.451976
-135   0.453392
-134   0.454958
-133   0.456462
-132   0.457864
-131   0.459276
-130   0.460602
-129   0.462104
-128   0.463574
-127   0.465006
-126   0.466444
-125   0.467932
-124   0.469434
-123   0.471018
-122   0.472752
-121   0.474386
-120   0.475990
-119   0.477554
-118   0.479128
-117   0.480754
-116   0.482472
-115   0.484156
-114   0.485900
-113   0.487746
-112   0.489622
-111   0.491440
-110   0.493380
-109   0.495268
-108   0.497010
-107   0.498812
-106   0.500580
-105   0.502414
-104   0.504362
-103   0.506190
-102   0.508056
-101   0.509882
-100   0.511616
-99   0.513256
-98   0.514868
-97   0.516582
-96   0.518162
-95   0.519682
-94   0.521002
-93   0.522212
-92   0.523580
-91   0.524884
-90   0.526214
-89   0.527564
-88   0.529006
-87   0.530540
-86   0.532126
-85   0.533718
-84   0.535326
-83   0.536742
-82   0.538086
-81   0.539344
-80   0.540590
-79   0.541946
-78   0.543258
-77   0.544716
-76   0.546186
-75   0.547774
-74   0.549366
-73   0.551008
-72   0.552572
-71   0.554116
-70   0.555700
-69   0.557434
-68   0.559150
-67   0.560860
-66   0.562434
-65   0.563946
-64   0.565396
-63   0.566844
-62   0.568282
-61   0.569792
-60   0.571214
-59   0.572770
-58   0.574262
-57   0.575800
-56   0.577226
-55   0.578794
-54   0.580388
-53   0.581918
-52   0.583728
-51   0.585664
-50   0.587472
-49   0.589450
-48   0.591570
-47   0.593594
-46   0.595606
-45   0.597616
-44   0.599530
-43   0.601494
-42   0.603418
-41   0.605406
-40   0.607524
-39   0.609810
-38   0.611916
-37   0.613994
-36   0.616068
-35   0.618204
-34   0.620222
-33   0.622436
-32   0.624684
-31   0.627028
-30   0.629434
-29   0.631980
-28   0.634380
-27   0.636766
-26   0.639086
-25   0.641362
-24   0.643680
-23   0.646038
-22   0.648416
-21   0.650898
-20   0.653396
-19   0.655852
-18   0.658326
-17   0.660874
-16   0.663400
-15   0.665970
-14   0.668514
-13   0.671010
-12   0.673540
-11   0.675990
-10   0.678410
-9   0.680686
-8   0.682908
-7   0.685146
-6   0.687434
-5   0.689648
-4   0.691914
-3   0.694240
-2   0.696446
-1   0.698678
