r MCS_10 MCS_20 MCS_40 MCS_80 MCS_160 MCS_320 MCS_640 MCS_1280 MCS_2560 MCS_5120 MCS_10240 MCS_20480 MCS_40960 
0   1.000000   1.000000   1.000000   1.000000   1.000000   1.000000   1.000000   1.000000   1.000000   1.000000   1.000000   1.000000   1.000000 
1   0.997200   0.997200   0.997200   0.997200   0.997200   0.997200   0.997200   0.997200   0.997200   0.997200   0.997600   0.997600   0.999400 
2   0.994400   0.994400   0.994400   0.994400   0.994400   0.994400   0.994400   0.994400   0.994400   0.994400   0.995200   0.995200   0.998800 
3   0.991600   0.991600   0.991600   0.991600   0.991600   0.991600   0.991600   0.991600   0.991600   0.991600   0.992800   0.992800   0.998200 
4   0.988800   0.988800   0.988800   0.988800   0.988800   0.988800   0.988800   0.988800   0.988800   0.988800   0.990400   0.990400   0.997600 
5   0.986000   0.986000   0.986000   0.986000   0.986000   0.986000   0.986000   0.986000   0.986000   0.986000   0.988000   0.988000   0.997000 
6   0.983200   0.983200   0.983200   0.983200   0.983200   0.983200   0.983200   0.983200   0.983200   0.983200   0.985600   0.985600   0.996400 
7   0.980400   0.980400   0.980400   0.980400   0.980400   0.980400   0.980400   0.980400   0.980400   0.980400   0.983200   0.983200   0.995800 
8   0.977600   0.977600   0.977600   0.977600   0.977600   0.977600   0.977600   0.977600   0.977600   0.977600   0.980800   0.980800   0.995200 
9   0.974800   0.974800   0.974800   0.974800   0.974800   0.974800   0.974800   0.974800   0.974800   0.974800   0.978400   0.978400   0.994600 
10   0.972000   0.972000   0.972000   0.972000   0.972000   0.972000   0.972000   0.972000   0.972000   0.972000   0.976000   0.976000   0.994000 
11   0.969200   0.969200   0.969200   0.969200   0.969200   0.969200   0.969200   0.969200   0.969200   0.969200   0.973600   0.973600   0.993400 
12   0.966400   0.966400   0.966400   0.966400   0.966400   0.966400   0.966400   0.966400   0.966400   0.966400   0.971200   0.971200   0.992800 
13   0.963600   0.963600   0.963600   0.963600   0.963600   0.963600   0.963600   0.963600   0.963600   0.963600   0.968800   0.968800   0.992200 
14   0.960800   0.960800   0.960800   0.960800   0.960800   0.960800   0.960800   0.960800   0.960800   0.960800   0.966400   0.966400   0.991600 
15   0.958000   0.958000   0.958000   0.958000   0.958000   0.958000   0.958000   0.958000   0.958000   0.958000   0.964000   0.964000   0.991000 
16   0.955200   0.955200   0.955200   0.955200   0.955200   0.955200   0.955200   0.955200   0.955200   0.955200   0.961600   0.961600   0.990400 
17   0.952400   0.952400   0.952400   0.952400   0.952400   0.952400   0.952400   0.952400   0.952400   0.952400   0.959200   0.959200   0.989800 
18   0.949600   0.949600   0.949600   0.949600   0.949600   0.949600   0.949600   0.949600   0.949600   0.949600   0.956800   0.956800   0.989200 
19   0.946800   0.946800   0.946800   0.946800   0.946800   0.946800   0.946800   0.946800   0.946800   0.946800   0.954400   0.954400   0.988600 
20   0.944000   0.944000   0.944000   0.944000   0.944000   0.944000   0.944000   0.944000   0.944000   0.944000   0.952000   0.952000   0.988000 
21   0.941200   0.941200   0.941200   0.941200   0.941200   0.941200   0.941200   0.941200   0.941200   0.941200   0.949600   0.949600   0.987400 
22   0.938400   0.938400   0.938400   0.938400   0.938400   0.938400   0.938400   0.938400   0.938400   0.938400   0.947200   0.947200   0.986800 
23   0.935600   0.935600   0.935600   0.935600   0.935600   0.935600   0.935600   0.935600   0.935600   0.935600   0.944800   0.944800   0.986200 
24   0.932800   0.932800   0.932800   0.932800   0.932800   0.932800   0.932800   0.932800   0.932800   0.932800   0.942400   0.942400   0.985600 
25   0.930000   0.930000   0.930000   0.930000   0.930000   0.930000   0.930000   0.930000   0.930000   0.930000   0.940000   0.940000   0.985000 
26   0.927200   0.927200   0.927200   0.927200   0.927200   0.927200   0.927200   0.927200   0.927200   0.927200   0.937600   0.937600   0.984400 
27   0.924400   0.924400   0.924400   0.924400   0.924400   0.924400   0.924400   0.924400   0.924400   0.924400   0.935200   0.935200   0.983800 
28   0.921600   0.921600   0.921600   0.921600   0.921600   0.921600   0.921600   0.921600   0.921600   0.921600   0.932800   0.932800   0.983200 
29   0.918800   0.918800   0.918800   0.918800   0.918800   0.918800   0.918800   0.918800   0.918800   0.918800   0.930400   0.930400   0.982600 
30   0.916000   0.916000   0.916000   0.916000   0.916000   0.916000   0.916000   0.916000   0.916000   0.916000   0.928000   0.928000   0.982000 
31   0.913200   0.913200   0.913200   0.913200   0.913200   0.913200   0.913200   0.913200   0.913200   0.913200   0.925600   0.925600   0.981400 
32   0.910400   0.910400   0.910400   0.910400   0.910400   0.910400   0.910400   0.910400   0.910400   0.910400   0.923200   0.923200   0.980800 
33   0.907600   0.907600   0.907600   0.907600   0.907600   0.907600   0.907600   0.907600   0.907600   0.907600   0.920800   0.920800   0.980200 
34   0.904800   0.904800   0.904800   0.904800   0.904800   0.904800   0.904800   0.904800   0.904800   0.904800   0.918400   0.918400   0.979600 
35   0.902000   0.902000   0.902000   0.902000   0.902000   0.902000   0.902000   0.902000   0.902000   0.902000   0.916000   0.916000   0.979000 
36   0.899200   0.899200   0.899200   0.899200   0.899200   0.899200   0.899200   0.899200   0.899200   0.899200   0.913600   0.913600   0.978400 
37   0.896400   0.896400   0.896400   0.896400   0.896400   0.896400   0.896400   0.896400   0.896400   0.896400   0.911200   0.911200   0.977800 
38   0.893600   0.893600   0.893600   0.893600   0.893600   0.893600   0.893600   0.893600   0.893600   0.893600   0.908800   0.908800   0.977200 
39   0.890800   0.890800   0.890800   0.890800   0.890800   0.890800   0.890800   0.890800   0.890800   0.890800   0.906400   0.906400   0.976600 
40   0.888000   0.888000   0.888000   0.888000   0.888000   0.888000   0.888000   0.888000   0.888000   0.888000   0.904000   0.904000   0.976000 
41   0.885200   0.885200   0.885200   0.885200   0.885200   0.885200   0.885200   0.885200   0.885200   0.885200   0.901600   0.901600   0.975400 
42   0.882400   0.882400   0.882400   0.882400   0.882400   0.882400   0.882400   0.882400   0.882400   0.882400   0.899200   0.899200   0.974800 
43   0.879600   0.879600   0.879600   0.879600   0.879600   0.879600   0.879600   0.879600   0.879600   0.879600   0.896800   0.896800   0.974200 
44   0.876800   0.876800   0.876800   0.876800   0.876800   0.876800   0.876800   0.876800   0.876800   0.876800   0.894400   0.894400   0.973600 
45   0.874000   0.874000   0.874000   0.874000   0.874000   0.874000   0.874000   0.874000   0.874000   0.874000   0.892000   0.892000   0.973000 
46   0.871200   0.871200   0.871200   0.871200   0.871200   0.871200   0.871200   0.871200   0.871200   0.871200   0.889600   0.889600   0.972400 
47   0.868400   0.868400   0.868400   0.868400   0.868400   0.868400   0.868400   0.868400   0.868400   0.868400   0.887200   0.887200   0.971800 
48   0.865600   0.865600   0.865600   0.865600   0.865600   0.865600   0.865600   0.865600   0.865600   0.865600   0.884800   0.884800   0.971200 
49   0.862800   0.862800   0.862800   0.862800   0.862800   0.862800   0.862800   0.862800   0.862800   0.862800   0.882400   0.882400   0.970600 
50   0.860000   0.860000   0.860000   0.860000   0.860000   0.860000   0.860000   0.860000   0.860000   0.860000   0.880000   0.880000   0.970000 
51   0.857200   0.857200   0.857200   0.857200   0.857200   0.857200   0.857200   0.857200   0.857200   0.857200   0.877600   0.877600   0.969400 
52   0.854400   0.854400   0.854400   0.854400   0.854400   0.854400   0.854400   0.854400   0.854400   0.854400   0.875200   0.875200   0.968800 
53   0.851600   0.851600   0.851600   0.851600   0.851600   0.851600   0.851600   0.851600   0.851600   0.851600   0.872800   0.872800   0.968200 
54   0.848800   0.848800   0.848800   0.848800   0.848800   0.848800   0.848800   0.848800   0.848800   0.848800   0.870400   0.870400   0.967600 
55   0.846000   0.846000   0.846000   0.846000   0.846000   0.846000   0.846000   0.846000   0.846000   0.846000   0.868000   0.868000   0.967000 
56   0.843200   0.843200   0.843200   0.843200   0.843200   0.843200   0.843200   0.843200   0.843200   0.843200   0.865600   0.865600   0.966400 
57   0.840400   0.840400   0.840400   0.840400   0.840400   0.840400   0.840400   0.840400   0.840400   0.840400   0.863200   0.863200   0.965800 
58   0.837600   0.837600   0.837600   0.837600   0.837600   0.837600   0.837600   0.837600   0.837600   0.837600   0.860800   0.860800   0.965200 
59   0.834800   0.834800   0.834800   0.834800   0.834800   0.834800   0.834800   0.834800   0.834800   0.834800   0.858400   0.858400   0.964600 
60   0.832000   0.832000   0.832000   0.832000   0.832000   0.832000   0.832000   0.832000   0.832000   0.832000   0.856000   0.856000   0.964000 
61   0.829200   0.829200   0.829200   0.829200   0.829200   0.829200   0.829200   0.829200   0.829200   0.829200   0.853600   0.853600   0.963400 
62   0.826400   0.826400   0.826400   0.826400   0.826400   0.826400   0.826400   0.826400   0.826400   0.826400   0.851200   0.851200   0.962800 
63   0.823600   0.823600   0.823600   0.823600   0.823600   0.823600   0.823600   0.823600   0.823600   0.823600   0.848800   0.848800   0.962200 
64   0.820800   0.820800   0.820800   0.820800   0.820800   0.820800   0.820800   0.820800   0.820800   0.820800   0.846400   0.846400   0.961600 
65   0.818000   0.818000   0.818000   0.818000   0.818000   0.818000   0.818000   0.818000   0.818000   0.818000   0.844000   0.844000   0.961000 
66   0.815200   0.815200   0.815200   0.815200   0.815200   0.815200   0.815200   0.815200   0.815200   0.815200   0.841600   0.841600   0.960400 
67   0.812400   0.812400   0.812400   0.812400   0.812400   0.812400   0.812400   0.812400   0.812400   0.812400   0.839200   0.839200   0.959800 
68   0.809600   0.809600   0.809600   0.809600   0.809600   0.809600   0.809600   0.809600   0.809600   0.809600   0.836800   0.836800   0.959200 
69   0.806800   0.806800   0.806800   0.806800   0.806800   0.806800   0.806800   0.806800   0.806800   0.806800   0.834400   0.834400   0.958600 
70   0.804000   0.804000   0.804000   0.804000   0.804000   0.804000   0.804000   0.804000   0.804000   0.804000   0.832000   0.832000   0.958000 
71   0.801200   0.801200   0.801200   0.801200   0.801200   0.801200   0.801200   0.801200   0.801200   0.801200   0.829600   0.829600   0.957400 
72   0.798400   0.798400   0.798400   0.798400   0.798400   0.798400   0.798400   0.798400   0.798400   0.798400   0.827200   0.827200   0.956800 
73   0.795600   0.795600   0.795600   0.795600   0.795600   0.795600   0.795600   0.795600   0.795600   0.795600   0.824800   0.824800   0.956200 
74   0.792800   0.792800   0.792800   0.792800   0.792800   0.792800   0.792800   0.792800   0.792800   0.792800   0.822400   0.822400   0.955600 
75   0.790000   0.790000   0.790000   0.790000   0.790000   0.790000   0.790000   0.790000   0.790000   0.790000   0.820000   0.820000   0.955000 
76   0.787200   0.787200   0.787200   0.787200   0.787200   0.787200   0.787200   0.787200   0.787200   0.787200   0.817600   0.817600   0.954400 
77   0.784400   0.784400   0.784400   0.784400   0.784400   0.784400   0.784400   0.784400   0.784400   0.784400   0.815200   0.815200   0.953800 
78   0.781600   0.781600   0.781600   0.781600   0.781600   0.781600   0.781600   0.781600   0.781600   0.781600   0.812800   0.812800   0.953200 
79   0.778800   0.778800   0.778800   0.778800   0.778800   0.778800   0.778800   0.778800   0.778800   0.778800   0.810400   0.810400   0.952600 
80   0.776000   0.776000   0.776000   0.776000   0.776000   0.776000   0.776000   0.776000   0.776000   0.776000   0.808000   0.808000   0.952000 
81   0.773200   0.773200   0.773200   0.773200   0.773200   0.773200   0.773200   0.773200   0.773200   0.773200   0.805600   0.805600   0.951400 
82   0.770400   0.770400   0.770400   0.770400   0.770400   0.770400   0.770400   0.770400   0.770400   0.770400   0.803200   0.803200   0.950800 
83   0.767600   0.767600   0.767600   0.767600   0.767600   0.767600   0.767600   0.767600   0.767600   0.767600   0.800800   0.800800   0.950200 
84   0.764800   0.764800   0.764800   0.764800   0.764800   0.764800   0.764800   0.764800   0.764800   0.764800   0.798400   0.798400   0.949600 
85   0.762000   0.762000   0.762000   0.762000   0.762000   0.762000   0.762000   0.762000   0.762000   0.762000   0.796000   0.796000   0.949000 
86   0.759200   0.759200   0.759200   0.759200   0.759200   0.759200   0.759200   0.759200   0.759200   0.759200   0.793600   0.793600   0.948400 
87   0.756400   0.756400   0.756400   0.756400   0.756400   0.756400   0.756400   0.756400   0.756400   0.756400   0.791200   0.791200   0.947800 
88   0.753600   0.753600   0.753600   0.753600   0.753600   0.753600   0.753600   0.753600   0.753600   0.753600   0.788800   0.788800   0.947200 
89   0.750800   0.750800   0.750800   0.750800   0.750800   0.750800   0.750800   0.750800   0.750800   0.750800   0.786400   0.786400   0.946600 
90   0.748000   0.748000   0.748000   0.748000   0.748000   0.748000   0.748000   0.748000   0.748000   0.748000   0.784000   0.784000   0.946000 
91   0.745200   0.745200   0.745200   0.745200   0.745200   0.745200   0.745200   0.745200   0.745200   0.745200   0.781600   0.781600   0.945400 
92   0.742400   0.742400   0.742400   0.742400   0.742400   0.742400   0.742400   0.742400   0.742400   0.742400   0.779200   0.779200   0.944800 
93   0.739600   0.739600   0.739600   0.739600   0.739600   0.739600   0.739600   0.739600   0.739600   0.739600   0.776800   0.776800   0.944200 
94   0.736800   0.736800   0.736800   0.736800   0.736800   0.736800   0.736800   0.736800   0.736800   0.736800   0.774400   0.774400   0.943600 
95   0.734000   0.734000   0.734000   0.734000   0.734000   0.734000   0.734000   0.734000   0.734000   0.734000   0.772000   0.772000   0.943000 
96   0.731200   0.731200   0.731200   0.731200   0.731200   0.731200   0.731200   0.731200   0.731200   0.731200   0.769600   0.769600   0.942400 
97   0.728400   0.728400   0.728400   0.728400   0.728400   0.728400   0.728400   0.728400   0.728400   0.728400   0.767200   0.767200   0.941800 
98   0.725600   0.725600   0.725600   0.725600   0.725600   0.725600   0.725600   0.725600   0.725600   0.725600   0.764800   0.764800   0.941200 
99   0.722800   0.722800   0.722800   0.722800   0.722800   0.722800   0.722800   0.722800   0.722800   0.722800   0.762400   0.762400   0.940600 
100   0.720000   0.720000   0.720000   0.720000   0.720000   0.720000   0.720000   0.720000   0.720000   0.720000   0.760000   0.760000   0.940000 
101   0.717200   0.717200   0.717200   0.717200   0.717200   0.717200   0.717200   0.717200   0.717200   0.717200   0.757600   0.757600   0.939400 
102   0.714400   0.714400   0.714400   0.714400   0.714400   0.714400   0.714400   0.714400   0.714400   0.714400   0.755200   0.755200   0.938800 
103   0.711600   0.711600   0.711600   0.711600   0.711600   0.711600   0.711600   0.711600   0.711600   0.711600   0.752800   0.752800   0.938200 
104   0.708800   0.708800   0.708800   0.708800   0.708800   0.708800   0.708800   0.708800   0.708800   0.708800   0.750400   0.750400   0.937600 
105   0.706000   0.706000   0.706000   0.706000   0.706000   0.706000   0.706000   0.706000   0.706000   0.706000   0.748000   0.748000   0.937000 
106   0.703200   0.703200   0.703200   0.703200   0.703200   0.703200   0.703200   0.703200   0.703200   0.703200   0.745600   0.745600   0.936400 
107   0.700400   0.700400   0.700400   0.700400   0.700400   0.700400   0.700400   0.700400   0.700400   0.700400   0.743200   0.743200   0.935800 
108   0.697600   0.697600   0.697600   0.697600   0.697600   0.697600   0.697600   0.697600   0.697600   0.697600   0.740800   0.740800   0.935200 
109   0.694800   0.694800   0.694800   0.694800   0.694800   0.694800   0.694800   0.694800   0.694800   0.694800   0.738400   0.738400   0.934600 
110   0.692000   0.692000   0.692000   0.692000   0.692000   0.692000   0.692000   0.692000   0.692000   0.692000   0.736000   0.736000   0.934000 
111   0.689200   0.689200   0.689200   0.689200   0.689200   0.689200   0.689200   0.689200   0.689200   0.689200   0.733600   0.733600   0.933400 
112   0.686400   0.686400   0.686400   0.686400   0.686400   0.686400   0.686400   0.686400   0.686400   0.686400   0.731200   0.731200   0.932800 
113   0.683600   0.683600   0.683600   0.683600   0.683600   0.683600   0.683600   0.683600   0.683600   0.683600   0.728800   0.728800   0.932200 
114   0.680800   0.680800   0.680800   0.680800   0.680800   0.680800   0.680800   0.680800   0.680800   0.680800   0.726400   0.726400   0.931600 
115   0.678000   0.678000   0.678000   0.678000   0.678000   0.678000   0.678000   0.678000   0.678000   0.678000   0.724000   0.724000   0.931000 
116   0.675200   0.675200   0.675200   0.675200   0.675200   0.675200   0.675200   0.675200   0.675200   0.675200   0.721600   0.721600   0.930400 
117   0.672400   0.672400   0.672400   0.672400   0.672400   0.672400   0.672400   0.672400   0.672400   0.672400   0.719200   0.719200   0.929800 
118   0.669600   0.669600   0.669600   0.669600   0.669600   0.669600   0.669600   0.669600   0.669600   0.669600   0.716800   0.716800   0.929200 
119   0.666800   0.666800   0.666800   0.666800   0.666800   0.666800   0.666800   0.666800   0.666800   0.666800   0.714400   0.714400   0.928600 
120   0.664000   0.664000   0.664000   0.664000   0.664000   0.664000   0.664000   0.664000   0.664000   0.664000   0.712000   0.712000   0.928000 
121   0.661200   0.661200   0.661200   0.661200   0.661200   0.661200   0.661200   0.661200   0.661200   0.661200   0.709600   0.709600   0.927400 
122   0.658400   0.658400   0.658400   0.658400   0.658400   0.658400   0.658400   0.658400   0.658400   0.658400   0.707200   0.707200   0.926800 
123   0.655600   0.655600   0.655600   0.655600   0.655600   0.655600   0.655600   0.655600   0.655600   0.655600   0.704800   0.704800   0.926200 
124   0.652800   0.652800   0.652800   0.652800   0.652800   0.652800   0.652800   0.652800   0.652800   0.652800   0.702400   0.702400   0.925600 
125   0.650000   0.650000   0.650000   0.650000   0.650000   0.650000   0.650000   0.650000   0.650000   0.650000   0.700000   0.700000   0.925000 
126   0.647200   0.647200   0.647200   0.647200   0.647200   0.647200   0.647200   0.647200   0.647200   0.647200   0.697600   0.697600   0.924400 
127   0.644400   0.644400   0.644400   0.644400   0.644400   0.644400   0.644400   0.644400   0.644400   0.644400   0.695200   0.695200   0.923800 
128   0.641600   0.641600   0.641600   0.641600   0.641600   0.641600   0.641600   0.641600   0.641600   0.641600   0.692800   0.692800   0.923200 
129   0.638800   0.638800   0.638800   0.638800   0.638800   0.638800   0.638800   0.638800   0.638800   0.638800   0.690400   0.690400   0.922600 
130   0.636000   0.636000   0.636000   0.636000   0.636000   0.636000   0.636000   0.636000   0.636000   0.636000   0.688000   0.688000   0.922000 
131   0.633200   0.633200   0.633200   0.633200   0.633200   0.633200   0.633200   0.633200   0.633200   0.633200   0.685600   0.685600   0.921400 
132   0.630400   0.630400   0.630400   0.630400   0.630400   0.630400   0.630400   0.630400   0.630400   0.630400   0.683200   0.683200   0.920800 
133   0.627600   0.627600   0.627600   0.627600   0.627600   0.627600   0.627600   0.627600   0.627600   0.627800   0.680800   0.680800   0.920200 
134   0.624800   0.624800   0.624800   0.624800   0.624800   0.624800   0.624800   0.624800   0.624800   0.625200   0.678400   0.678400   0.919600 
135   0.622000   0.622000   0.622000   0.622000   0.622000   0.622000   0.622000   0.622000   0.622000   0.622600   0.676000   0.676000   0.919000 
136   0.619200   0.619200   0.619200   0.619200   0.619200   0.619200   0.619200   0.619200   0.619200   0.620000   0.673600   0.673600   0.918400 
137   0.616400   0.616400   0.616400   0.616400   0.616400   0.616400   0.616400   0.616400   0.616400   0.617400   0.671200   0.671200   0.917800 
138   0.613600   0.613600   0.613600   0.613600   0.613600   0.613600   0.613600   0.613600   0.613600   0.614800   0.668800   0.669000   0.917200 
139   0.610800   0.610800   0.610800   0.610800   0.610800   0.610800   0.610800   0.610800   0.610800   0.612200   0.666400   0.666800   0.916600 
140   0.608000   0.608000   0.608000   0.608000   0.608000   0.608000   0.608000   0.608000   0.608000   0.609600   0.664000   0.664600   0.916000 
141   0.605200   0.605200   0.605200   0.605200   0.605200   0.605200   0.605200   0.605200   0.605200   0.607000   0.661600   0.662400   0.915400 
142   0.602400   0.602400   0.602400   0.602400   0.602400   0.602400   0.602400   0.602400   0.602400   0.604400   0.659200   0.660200   0.914800 
143   0.599600   0.599600   0.599600   0.599600   0.599600   0.599600   0.599600   0.599600   0.599600   0.601800   0.656800   0.658000   0.914200 
144   0.596800   0.596800   0.596800   0.596800   0.596800   0.596800   0.596800   0.596800   0.596800   0.599200   0.654400   0.655800   0.913600 
145   0.594000   0.594000   0.594000   0.594000   0.594000   0.594000   0.594000   0.594000   0.594000   0.596600   0.652000   0.653600   0.913000 
146   0.591200   0.591200   0.591200   0.591200   0.591200   0.591200   0.591200   0.591200   0.591200   0.594000   0.649600   0.651400   0.912400 
147   0.588400   0.588400   0.588400   0.588400   0.588400   0.588400   0.588400   0.588400   0.588400   0.591400   0.647200   0.649200   0.911800 
148   0.585600   0.585600   0.585600   0.585600   0.585600   0.585600   0.585600   0.585600   0.585600   0.588800   0.644800   0.647000   0.911200 
149   0.582800   0.582800   0.582800   0.582800   0.582800   0.582800   0.582800   0.582800   0.582800   0.586200   0.642400   0.644800   0.910600 
150   0.580000   0.580000   0.580000   0.580000   0.580000   0.580000   0.580000   0.580000   0.580000   0.583600   0.640000   0.642600   0.910000 
151   0.577200   0.577200   0.577200   0.577200   0.577200   0.577200   0.577200   0.577200   0.577200   0.581000   0.637600   0.640400   0.909400 
152   0.574400   0.574400   0.574400   0.574400   0.574400   0.574400   0.574400   0.574400   0.574400   0.578400   0.635200   0.638200   0.908800 
153   0.571600   0.571600   0.571600   0.571600   0.571600   0.571600   0.571600   0.571600   0.571600   0.575800   0.632800   0.636000   0.908200 
154   0.568800   0.568800   0.568800   0.568800   0.568800   0.568800   0.568800   0.568800   0.568800   0.573200   0.630400   0.633800   0.907600 
155   0.566000   0.566000   0.566000   0.566000   0.566000   0.566000   0.566000   0.566000   0.566000   0.570600   0.628000   0.631600   0.907000 
156   0.563200   0.563200   0.563200   0.563200   0.563200   0.563200   0.563200   0.563200   0.563200   0.568000   0.625600   0.629400   0.906400 
157   0.560400   0.560400   0.560400   0.560400   0.560400   0.560400   0.560400   0.560400   0.560400   0.565400   0.623200   0.627200   0.905800 
158   0.557600   0.557600   0.557600   0.557600   0.557600   0.557600   0.557600   0.557600   0.557600   0.563000   0.620800   0.625000   0.905200 
159   0.554800   0.554800   0.554800   0.554800   0.554800   0.554800   0.554800   0.554800   0.554800   0.560600   0.618400   0.622800   0.904600 
160   0.552000   0.552000   0.552000   0.552000   0.552000   0.552000   0.552000   0.552000   0.552000   0.558200   0.616000   0.620600   0.904000 
161   0.549200   0.549200   0.549200   0.549200   0.549200   0.549200   0.549200   0.549200   0.549200   0.555800   0.613600   0.618400   0.903400 
162   0.546400   0.546400   0.546400   0.546400   0.546400   0.546400   0.546400   0.546400   0.546400   0.553400   0.611200   0.616200   0.902800 
163   0.543600   0.543600   0.543600   0.543600   0.543600   0.543600   0.543600   0.543600   0.543600   0.551000   0.608800   0.614000   0.902200 
164   0.540800   0.540800   0.540800   0.540800   0.540800   0.540800   0.540800   0.540800   0.540800   0.548600   0.606400   0.612000   0.901600 
165   0.538000   0.538000   0.538000   0.538000   0.538000   0.538000   0.538000   0.538000   0.538200   0.546200   0.604000   0.610000   0.901000 
166   0.535200   0.535200   0.535200   0.535200   0.535200   0.535200   0.535200   0.535200   0.535600   0.543800   0.601600   0.608000   0.900400 
167   0.532400   0.532400   0.532400   0.532400   0.532400   0.532400   0.532400   0.532400   0.533000   0.541400   0.599200   0.606000   0.899800 
168   0.529600   0.529600   0.529600   0.529600   0.529600   0.529600   0.529600   0.529600   0.530400   0.539000   0.596800   0.604000   0.899200 
169   0.526800   0.526800   0.526800   0.526800   0.526800   0.526800   0.526800   0.526800   0.527800   0.536600   0.594400   0.602000   0.898600 
170   0.524000   0.524000   0.524000   0.524000   0.524000   0.524000   0.524000   0.524000   0.525200   0.534200   0.592200   0.600000   0.898000 
171   0.521200   0.521200   0.521200   0.521200   0.521200   0.521200   0.521200   0.521200   0.522600   0.531800   0.590000   0.598000   0.897400 
172   0.518400   0.518400   0.518400   0.518400   0.518400   0.518400   0.518400   0.518400   0.520000   0.529400   0.587800   0.596000   0.896800 
173   0.515600   0.515600   0.515600   0.515600   0.515600   0.515600   0.515600   0.515600   0.517400   0.527000   0.585600   0.594000   0.896200 
174   0.512800   0.512800   0.512800   0.512800   0.512800   0.512800   0.512800   0.512800   0.514800   0.524600   0.583400   0.592200   0.895600 
175   0.510000   0.510000   0.510000   0.510000   0.510000   0.510000   0.510000   0.510000   0.512200   0.522200   0.581200   0.590400   0.895000 
176   0.507200   0.507200   0.507200   0.507200   0.507200   0.507200   0.507200   0.507200   0.509600   0.519800   0.579000   0.588600   0.894400 
177   0.504400   0.504400   0.504400   0.504400   0.504400   0.504400   0.504400   0.504400   0.507000   0.517400   0.576800   0.586800   0.893800 
178   0.501600   0.501600   0.501600   0.501600   0.501600   0.501600   0.501600   0.501600   0.504400   0.515000   0.574600   0.585000   0.893200 
179   0.498800   0.498800   0.498800   0.498800   0.498800   0.498800   0.498800   0.498800   0.501800   0.512600   0.572400   0.583200   0.892600 
180   0.496000   0.496000   0.496000   0.496000   0.496000   0.496000   0.496000   0.496000   0.499200   0.510200   0.570200   0.581400   0.892000 
181   0.493200   0.493200   0.493200   0.493200   0.493200   0.493200   0.493200   0.493200   0.496600   0.507800   0.568000   0.579600   0.891400 
182   0.490400   0.490400   0.490400   0.490400   0.490400   0.490400   0.490400   0.490400   0.494000   0.505400   0.565800   0.577800   0.890800 
183   0.487800   0.487800   0.487600   0.487600   0.487600   0.487800   0.487600   0.487600   0.491400   0.503000   0.563600   0.576000   0.890200 
184   0.485200   0.485200   0.484800   0.484800   0.484800   0.485200   0.484800   0.484800   0.488800   0.500600   0.561400   0.574200   0.889600 
185   0.482600   0.482600   0.482000   0.482000   0.482000   0.482600   0.482000   0.482000   0.486200   0.498200   0.559200   0.572400   0.889000 
186   0.480000   0.480000   0.479200   0.479200   0.479200   0.480000   0.479200   0.479200   0.483600   0.495800   0.557000   0.570600   0.888400 
187   0.477400   0.477400   0.476400   0.476400   0.476400   0.477400   0.476600   0.476400   0.481000   0.493400   0.554800   0.568800   0.887800 
188   0.474800   0.474800   0.473600   0.473600   0.473600   0.474800   0.474000   0.473600   0.478400   0.491000   0.552600   0.567000   0.887200 
189   0.472200   0.472200   0.470800   0.470800   0.470800   0.472200   0.471400   0.470800   0.475800   0.488600   0.550400   0.565200   0.886600 
190   0.469600   0.469600   0.468000   0.468000   0.468000   0.469600   0.468800   0.468000   0.473200   0.486200   0.548200   0.563600   0.886000 
191   0.467000   0.467200   0.465200   0.465400   0.465200   0.467000   0.466200   0.465200   0.470600   0.483800   0.546000   0.562000   0.885400 
192   0.464400   0.464800   0.462400   0.462800   0.462400   0.464400   0.463600   0.462400   0.468000   0.481400   0.543800   0.560400   0.884800 
193   0.461800   0.462400   0.459600   0.460200   0.459600   0.461800   0.461000   0.459600   0.465400   0.479000   0.541600   0.558800   0.884200 
194   0.459200   0.460000   0.456800   0.457600   0.456800   0.459200   0.458400   0.456800   0.462800   0.476600   0.539400   0.557200   0.883600 
195   0.456600   0.457600   0.454000   0.455000   0.454000   0.456600   0.455800   0.454000   0.460200   0.474200   0.537200   0.555600   0.883000 
196   0.454000   0.455200   0.451200   0.452400   0.451200   0.454000   0.453200   0.451200   0.457600   0.471800   0.535000   0.554000   0.882400 
197   0.451400   0.452800   0.448400   0.449800   0.448400   0.451400   0.450600   0.448400   0.455000   0.469400   0.532800   0.552400   0.881800 
198   0.448800   0.450400   0.445600   0.447200   0.445600   0.448800   0.448000   0.445600   0.452400   0.467000   0.530600   0.550800   0.881200 
199   0.446200   0.448000   0.443000   0.444600   0.442800   0.446200   0.445400   0.442800   0.449800   0.464600   0.528400   0.549200   0.880600 
200   0.443800   0.445600   0.440600   0.442000   0.440000   0.443600   0.442800   0.440000   0.447200   0.462400   0.526200   0.547600   0.880000 
201   0.441400   0.443200   0.438200   0.439400   0.437200   0.441000   0.440200   0.437200   0.444600   0.460200   0.524000   0.546000   0.879400 
202   0.439000   0.440800   0.435800   0.437000   0.434400   0.438400   0.437600   0.434400   0.442200   0.458000   0.521800   0.544400   0.878800 
203   0.436600   0.438400   0.433400   0.434600   0.431600   0.435800   0.435000   0.431600   0.439800   0.455800   0.519600   0.542800   0.878200 
204   0.434200   0.436000   0.431000   0.432200   0.428800   0.433200   0.432400   0.428800   0.437400   0.453600   0.517400   0.541200   0.877600 
205   0.431800   0.433600   0.428600   0.429800   0.426000   0.430600   0.430000   0.426000   0.435000   0.451400   0.515200   0.539600   0.877000 
206   0.429400   0.431200   0.426200   0.427400   0.423200   0.428000   0.427600   0.423200   0.432600   0.449200   0.513000   0.538000   0.876400 
207   0.427000   0.428800   0.423800   0.425000   0.420400   0.425400   0.425200   0.420400   0.430200   0.447000   0.510800   0.536400   0.875800 
208   0.424600   0.426400   0.421400   0.422600   0.417600   0.422800   0.422800   0.417600   0.427800   0.444800   0.508600   0.534800   0.875200 
209   0.422200   0.424000   0.419000   0.420200   0.414800   0.420200   0.420400   0.414800   0.425400   0.442800   0.506400   0.533200   0.874600 
210   0.419800   0.421600   0.416600   0.417800   0.412200   0.417600   0.418000   0.412000   0.423000   0.440800   0.504200   0.531600   0.874000 
211   0.417400   0.419200   0.414200   0.415400   0.409600   0.415000   0.415600   0.409200   0.420600   0.438800   0.502000   0.530000   0.873400 
212   0.415000   0.416800   0.411800   0.413000   0.407000   0.412400   0.413200   0.406400   0.418200   0.436800   0.499800   0.528400   0.872800 
213   0.412600   0.414400   0.409400   0.410600   0.404400   0.409800   0.410800   0.403600   0.415800   0.434800   0.497600   0.526800   0.872200 
214   0.410200   0.412000   0.407000   0.408200   0.401800   0.407200   0.408400   0.400800   0.413600   0.432800   0.495400   0.525200   0.871600 
215   0.407800   0.409600   0.404600   0.405800   0.399200   0.404600   0.406000   0.398000   0.411400   0.430800   0.493200   0.523600   0.871000 
216   0.405400   0.407200   0.402200   0.403400   0.396800   0.402000   0.403600   0.395200   0.409200   0.428800   0.491000   0.522000   0.870400 
217   0.403000   0.404800   0.399800   0.401000   0.394400   0.399400   0.401200   0.392400   0.407000   0.426800   0.488800   0.520400   0.869800 
218   0.400600   0.402400   0.397400   0.398600   0.392000   0.397000   0.398800   0.389600   0.404800   0.424800   0.486600   0.518800   0.869200 
219   0.398200   0.400000   0.395000   0.396200   0.389600   0.394600   0.396400   0.386800   0.402600   0.422800   0.484400   0.517200   0.868600 
220   0.395800   0.397600   0.392600   0.393800   0.387200   0.392200   0.394000   0.384200   0.400400   0.420800   0.482200   0.515600   0.868000 
221   0.393400   0.395200   0.390200   0.391400   0.384800   0.389800   0.391600   0.381600   0.398200   0.418800   0.480000   0.514000   0.867400 
222   0.391000   0.392800   0.387800   0.389000   0.382400   0.387400   0.389200   0.379000   0.396000   0.416800   0.477800   0.512400   0.866800 
223   0.388600   0.390400   0.385400   0.386600   0.380000   0.385000   0.386800   0.376400   0.393800   0.414800   0.475600   0.510800   0.866200 
224   0.386200   0.388000   0.383000   0.384200   0.377600   0.382600   0.384400   0.373800   0.391600   0.412800   0.473400   0.509200   0.865600 
225   0.383800   0.385600   0.380600   0.381800   0.375200   0.380200   0.382000   0.371200   0.389400   0.410800   0.471200   0.507600   0.865000 
226   0.381400   0.383200   0.378200   0.379400   0.372800   0.377800   0.379600   0.368600   0.387200   0.409000   0.469000   0.506000   0.864400 
227   0.379000   0.380800   0.375800   0.377000   0.370400   0.375400   0.377200   0.366000   0.385000   0.407200   0.466800   0.504400   0.863800 
228   0.376600   0.378400   0.373400   0.374600   0.368000   0.373000   0.374800   0.363400   0.382800   0.405400   0.464600   0.502800   0.863200 
229   0.374200   0.376000   0.371000   0.372200   0.365600   0.370600   0.372400   0.360800   0.380600   0.403600   0.462400   0.501200   0.862600 
230   0.371800   0.373600   0.368600   0.369800   0.363200   0.368200   0.370000   0.358200   0.378400   0.401800   0.460200   0.499600   0.862000 
231   0.369400   0.371200   0.366200   0.367400   0.360800   0.365800   0.367600   0.355600   0.376200   0.400000   0.458000   0.498000   0.861400 
232   0.367000   0.368800   0.363800   0.365000   0.358400   0.363400   0.365200   0.353000   0.374000   0.398200   0.455800   0.496400   0.860800 
233   0.364600   0.366400   0.361400   0.362600   0.356000   0.361000   0.362800   0.350400   0.371800   0.396400   0.453600   0.494800   0.860200 
234   0.362200   0.364000   0.359000   0.360200   0.353600   0.358600   0.360400   0.347800   0.369600   0.394800   0.451400   0.493200   0.859600 
235   0.359800   0.361600   0.356600   0.357800   0.351200   0.356200   0.358000   0.345400   0.367400   0.393200   0.449200   0.491600   0.859000 
236   0.357400   0.359200   0.354200   0.355400   0.348800   0.353800   0.355600   0.343200   0.365200   0.391600   0.447000   0.490000   0.858400 
237   0.355000   0.356800   0.351800   0.353000   0.346400   0.351400   0.353200   0.341000   0.363000   0.390000   0.444800   0.488400   0.857800 
238   0.352600   0.354400   0.349400   0.350600   0.344000   0.349000   0.350800   0.338800   0.360800   0.388400   0.442600   0.486800   0.857200 
239   0.350200   0.352000   0.347000   0.348200   0.341600   0.346600   0.348400   0.336600   0.358600   0.386800   0.440400   0.485200   0.856600 
240   0.347800   0.349600   0.344600   0.345800   0.339200   0.344200   0.346000   0.334400   0.356400   0.385200   0.438200   0.483600   0.856000 
241   0.345400   0.347200   0.342200   0.343400   0.336800   0.341800   0.343600   0.332200   0.354400   0.383600   0.436000   0.482000   0.855400 
242   0.343000   0.344800   0.339800   0.341000   0.334400   0.339400   0.341200   0.330000   0.352400   0.382000   0.433800   0.480400   0.854800 
243   0.340600   0.342400   0.337400   0.338600   0.332000   0.337000   0.338800   0.327800   0.350400   0.380400   0.431600   0.478800   0.854200 
244   0.338200   0.340000   0.335000   0.336200   0.329600   0.334600   0.336400   0.325600   0.348400   0.378800   0.429400   0.477200   0.853600 
245   0.335800   0.337600   0.332600   0.333800   0.327200   0.332200   0.334000   0.323400   0.346400   0.377200   0.427200   0.475600   0.853000 
246   0.333400   0.335200   0.330200   0.331400   0.324800   0.329800   0.331600   0.321200   0.344400   0.375600   0.425000   0.474000   0.852400 
247   0.331000   0.332800   0.327800   0.329000   0.322400   0.327400   0.329200   0.319000   0.342600   0.374000   0.422800   0.472400   0.851800 
248   0.328600   0.330400   0.325400   0.326600   0.320000   0.325000   0.326800   0.316800   0.340800   0.372400   0.420600   0.470800   0.851200 
249   0.326200   0.328000   0.323000   0.324200   0.317600   0.322600   0.324400   0.314600   0.339000   0.370800   0.418400   0.469200   0.850600 
250   0.323800   0.325600   0.320600   0.321800   0.315200   0.320200   0.322000   0.312400   0.337200   0.369200   0.416200   0.467600   0.850000 
251   0.321400   0.323200   0.318200   0.319400   0.312800   0.317800   0.319600   0.310200   0.335400   0.367600   0.414000   0.466000   0.849400 
252   0.319000   0.320800   0.315800   0.317000   0.310400   0.315400   0.317200   0.308000   0.333600   0.366000   0.411800   0.464400   0.848800 
253   0.316600   0.318400   0.313400   0.314600   0.308000   0.313000   0.314800   0.306000   0.332000   0.364400   0.409600   0.462800   0.848200 
254   0.314200   0.316000   0.311000   0.312200   0.305600   0.310600   0.312400   0.304000   0.330400   0.362800   0.407400   0.461200   0.847600 
255   0.311800   0.313600   0.308600   0.309800   0.303200   0.308200   0.310000   0.302000   0.328800   0.361200   0.405200   0.459600   0.847000 
256   0.309400   0.311200   0.306200   0.307400   0.300800   0.305800   0.307600   0.300000   0.327200   0.359600   0.403000   0.458000   0.846400 
257   0.307000   0.308800   0.303800   0.305000   0.298400   0.303400   0.305200   0.298000   0.325600   0.358000   0.400800   0.456400   0.845800 
258   0.304600   0.306400   0.301400   0.302600   0.296000   0.301000   0.302800   0.296000   0.324000   0.356400   0.398600   0.454800   0.845400 
259   0.302400   0.304200   0.299000   0.300200   0.293600   0.298600   0.300400   0.294000   0.322400   0.354800   0.396400   0.453200   0.845000 
260   0.300200   0.302000   0.296600   0.297800   0.291200   0.296200   0.298000   0.292000   0.320800   0.353200   0.394200   0.451600   0.844600 
261   0.298000   0.299800   0.294200   0.295400   0.288800   0.293800   0.295600   0.290200   0.319200   0.351600   0.392000   0.450000   0.844200 
262   0.295800   0.297600   0.291800   0.293000   0.286400   0.291400   0.293200   0.288400   0.317600   0.350000   0.389800   0.448400   0.843800 
263   0.293600   0.295400   0.289400   0.290600   0.284000   0.289000   0.290800   0.286600   0.316000   0.348400   0.387600   0.446800   0.843400 
264   0.291400   0.293200   0.287000   0.288200   0.281600   0.286600   0.288400   0.284800   0.314400   0.346800   0.385400   0.445200   0.843000 
265   0.289200   0.291000   0.284600   0.285800   0.279200   0.284200   0.286000   0.283000   0.312800   0.345200   0.383200   0.443800   0.842600 
266   0.287000   0.288800   0.282200   0.283400   0.276800   0.281800   0.283600   0.281200   0.311200   0.343600   0.381000   0.442400   0.842200 
267   0.284800   0.286600   0.279800   0.281000   0.274400   0.279400   0.281200   0.279400   0.309600   0.342000   0.378800   0.441000   0.841800 
268   0.282600   0.284400   0.277400   0.278600   0.272000   0.277000   0.278800   0.277600   0.308000   0.340400   0.376600   0.439600   0.841400 
269   0.280400   0.282200   0.275000   0.276200   0.269600   0.274600   0.276400   0.275800   0.306400   0.338800   0.374400   0.438200   0.841000 
270   0.278200   0.280000   0.272600   0.273800   0.267200   0.272200   0.274000   0.274000   0.304800   0.337200   0.372200   0.436800   0.840600 
271   0.276000   0.277800   0.270200   0.271400   0.264800   0.269800   0.271600   0.272200   0.303200   0.335600   0.370000   0.435400   0.840200 
272   0.273800   0.275600   0.267800   0.269000   0.262400   0.267400   0.269200   0.270400   0.301600   0.334000   0.367800   0.434000   0.839800 
273   0.271600   0.273400   0.265400   0.266600   0.260000   0.265000   0.266800   0.268600   0.300000   0.332400   0.365600   0.432600   0.839400 
274   0.269400   0.271200   0.263200   0.264200   0.257600   0.262600   0.264400   0.266800   0.298400   0.330800   0.363400   0.431400   0.839000 
275   0.267200   0.269000   0.261000   0.261800   0.255200   0.260200   0.262000   0.265000   0.296800   0.329200   0.361200   0.430200   0.838600 
276   0.265000   0.266800   0.258800   0.259400   0.252800   0.257800   0.259600   0.263200   0.295200   0.327600   0.359000   0.429000   0.838200 
277   0.262800   0.264600   0.256600   0.257000   0.250400   0.255600   0.257200   0.261400   0.293600   0.326000   0.356800   0.427800   0.837800 
278   0.260600   0.262400   0.254400   0.254600   0.248000   0.253400   0.254800   0.259600   0.292000   0.324400   0.354600   0.426600   0.837400 
279   0.258400   0.260200   0.252200   0.252200   0.245600   0.251200   0.252400   0.257800   0.290400   0.322800   0.352400   0.425400   0.837000 
280   0.256200   0.258000   0.250000   0.249800   0.243200   0.249000   0.250000   0.256000   0.288800   0.321200   0.350200   0.424200   0.836600 
281   0.254000   0.255800   0.247800   0.247400   0.240800   0.246800   0.247600   0.254200   0.287400   0.319600   0.348000   0.423000   0.836200 
282   0.251800   0.253600   0.245600   0.245000   0.238400   0.244600   0.245200   0.252400   0.286000   0.318000   0.345800   0.421800   0.835800 
283   0.249600   0.251400   0.243600   0.242600   0.236000   0.242400   0.242800   0.250600   0.284600   0.316400   0.343600   0.420600   0.835400 
284   0.247400   0.249200   0.241600   0.240200   0.233600   0.240200   0.240400   0.248800   0.283200   0.314800   0.341400   0.419400   0.835000 
285   0.245200   0.247000   0.239600   0.237800   0.231400   0.238000   0.238000   0.247000   0.281800   0.313200   0.339200   0.418200   0.834800 
286   0.243000   0.244800   0.237600   0.235400   0.229400   0.235800   0.235600   0.245200   0.280400   0.311800   0.337000   0.417000   0.834600 
287   0.240800   0.242600   0.235600   0.233000   0.227600   0.233600   0.233200   0.243400   0.279000   0.310400   0.334800   0.415800   0.834400 
288   0.238600   0.240400   0.233600   0.230600   0.225800   0.231400   0.230800   0.241800   0.277600   0.309000   0.332600   0.414600   0.834200 
289   0.236400   0.238200   0.231600   0.228200   0.224000   0.229200   0.228600   0.240200   0.276200   0.307800   0.330400   0.413400   0.834000 
290   0.234200   0.236000   0.229600   0.225800   0.222200   0.227000   0.226400   0.238600   0.274800   0.306600   0.328200   0.412200   0.833800 
291   0.232000   0.233800   0.227600   0.223600   0.220400   0.224800   0.224200   0.237000   0.273400   0.305400   0.326000   0.411000   0.833600 
292   0.230000   0.231600   0.225600   0.221400   0.218600   0.222600   0.222000   0.235400   0.272000   0.304200   0.323800   0.409800   0.833400 
293   0.228000   0.229600   0.223600   0.219200   0.216800   0.220400   0.219800   0.233800   0.270600   0.303000   0.321600   0.408600   0.833200 
294   0.226000   0.227600   0.221600   0.217000   0.215000   0.218400   0.217600   0.232200   0.269200   0.301800   0.319600   0.407400   0.833000 
295   0.224000   0.225600   0.219600   0.214800   0.213200   0.216400   0.215400   0.230600   0.267800   0.300600   0.317800   0.406200   0.832800 
296   0.222000   0.223600   0.217600   0.212600   0.211400   0.214400   0.213400   0.229000   0.266600   0.299400   0.316000   0.405000   0.832600 
297   0.220000   0.221600   0.215800   0.210400   0.209600   0.212400   0.211400   0.227400   0.265400   0.298200   0.314200   0.403800   0.832400 
298   0.218000   0.219600   0.214000   0.208200   0.207800   0.210400   0.209400   0.225800   0.264200   0.297000   0.312600   0.402600   0.832200 
299   0.216000   0.217600   0.212200   0.206000   0.206000   0.208400   0.207400   0.224200   0.263000   0.295800   0.311000   0.401400   0.832000 
300   0.214000   0.215600   0.210400   0.203800   0.204200   0.206400   0.205400   0.222600   0.261800   0.294800   0.309400   0.400200   0.831800 
301   0.212000   0.213600   0.208600   0.201600   0.202400   0.204400   0.203400   0.221000   0.260600   0.293800   0.307800   0.399000   0.831600 
302   0.210000   0.211600   0.206800   0.199400   0.200600   0.202400   0.201400   0.219400   0.259400   0.293000   0.306200   0.397800   0.831400 
303   0.208200   0.209600   0.205200   0.197400   0.198800   0.200400   0.199400   0.217800   0.258200   0.292200   0.304600   0.396600   0.831200 
304   0.206400   0.207800   0.203600   0.195400   0.197000   0.198600   0.197400   0.216200   0.257000   0.291400   0.303000   0.395400   0.831000 
305   0.204600   0.206000   0.202000   0.193400   0.195200   0.196800   0.195400   0.214600   0.255800   0.290600   0.301400   0.394200   0.830800 
306   0.202800   0.204200   0.200400   0.191400   0.193400   0.195000   0.193400   0.213000   0.254600   0.289800   0.299800   0.393000   0.830600 
307   0.201000   0.202400   0.198800   0.189400   0.191600   0.193200   0.191400   0.211400   0.253400   0.289000   0.298200   0.391800   0.830400 
308   0.199200   0.200600   0.197200   0.187400   0.189800   0.191400   0.189400   0.209800   0.252400   0.288200   0.296600   0.390600   0.830200 
309   0.197400   0.198800   0.195600   0.185400   0.188000   0.189600   0.187400   0.208400   0.251400   0.287400   0.295000   0.389400   0.830000 
310   0.195600   0.197200   0.194000   0.183400   0.186200   0.187800   0.185400   0.207000   0.250400   0.286600   0.293400   0.388200   0.829800 
311   0.193800   0.195600   0.192400   0.181400   0.184400   0.186000   0.183400   0.205600   0.249400   0.285800   0.291800   0.387000   0.829600 
312   0.192200   0.194000   0.190800   0.179400   0.182600   0.184200   0.181400   0.204200   0.248400   0.285000   0.290200   0.385800   0.829400 
313   0.190600   0.192400   0.189200   0.177400   0.180800   0.182400   0.179400   0.202800   0.247400   0.284200   0.288600   0.384600   0.829200 
314   0.189000   0.190800   0.187600   0.175400   0.179200   0.180600   0.177400   0.201400   0.246400   0.283400   0.287000   0.383400   0.829000 
315   0.187400   0.189200   0.186000   0.173400   0.177600   0.179000   0.175400   0.200200   0.245400   0.282600   0.285400   0.382200   0.828800 
316   0.185800   0.187600   0.184400   0.171400   0.176000   0.177400   0.173400   0.199000   0.244400   0.281800   0.283800   0.381000   0.828600 
317   0.184200   0.186000   0.182800   0.169400   0.174400   0.175800   0.171400   0.197800   0.243400   0.281000   0.282200   0.380000   0.828400 
318   0.182600   0.184400   0.181200   0.167400   0.172800   0.174200   0.169400   0.196600   0.242400   0.280200   0.280600   0.379000   0.828200 
319   0.181000   0.182800   0.179600   0.165400   0.171200   0.172600   0.167400   0.195400   0.241400   0.279400   0.279000   0.378000   0.828000 
320   0.179400   0.181200   0.178000   0.163400   0.169600   0.171000   0.165400   0.194200   0.240400   0.278600   0.277400   0.377000   0.827800 
321   0.177800   0.179600   0.176400   0.161400   0.168000   0.169400   0.163400   0.193000   0.239400   0.277800   0.276000   0.376000   0.827600 
322   0.176200   0.178000   0.174800   0.159600   0.166400   0.167800   0.161400   0.191800   0.238400   0.277000   0.274600   0.375000   0.827400 
323   0.174600   0.176400   0.173200   0.157800   0.164800   0.166200   0.159600   0.190600   0.237400   0.276200   0.273200   0.374000   0.827200 
324   0.173000   0.174800   0.171600   0.156200   0.163200   0.164600   0.157800   0.189400   0.236400   0.275400   0.271800   0.373000   0.827000 
325   0.171400   0.173200   0.170000   0.154600   0.161600   0.163000   0.156000   0.188200   0.235400   0.274600   0.270400   0.372000   0.826800 
326   0.169800   0.171600   0.168400   0.153000   0.160000   0.161400   0.154600   0.187000   0.234400   0.273800   0.269000   0.371000   0.826600 
327   0.168200   0.170000   0.166800   0.151400   0.158400   0.159800   0.153200   0.185800   0.233400   0.273000   0.267600   0.370000   0.826400 
328   0.166600   0.168400   0.165200   0.149800   0.156800   0.158200   0.152000   0.184600   0.232400   0.272200   0.266200   0.369000   0.826200 
329   0.165000   0.166800   0.163600   0.148200   0.155200   0.156600   0.150800   0.183400   0.231400   0.271400   0.264800   0.368000   0.826000 
330   0.163400   0.165200   0.162000   0.146600   0.153600   0.155200   0.149600   0.182200   0.230400   0.270600   0.263400   0.367000   0.825800 
331   0.161800   0.163600   0.160400   0.145000   0.152000   0.153800   0.148400   0.181000   0.229400   0.269800   0.262000   0.366000   0.825600 
332   0.160200   0.162000   0.158800   0.143400   0.150400   0.152400   0.147200   0.179800   0.228400   0.269000   0.260600   0.365000   0.825400 
333   0.158600   0.160400   0.157200   0.141800   0.148800   0.151000   0.146000   0.178600   0.227400   0.268200   0.259200   0.364000   0.825400 
334   0.157000   0.158800   0.155600   0.140200   0.147200   0.149600   0.144800   0.177400   0.226400   0.267400   0.257800   0.363000   0.825400 
335   0.155400   0.157200   0.154000   0.138600   0.145600   0.148200   0.143600   0.176200   0.225400   0.266600   0.256400   0.362000   0.825400 
336   0.153800   0.155600   0.152400   0.137000   0.144000   0.146800   0.142400   0.175000   0.224400   0.265800   0.255000   0.361000   0.825400 
337   0.152200   0.154000   0.150800   0.135400   0.142400   0.145400   0.141200   0.173800   0.223400   0.265000   0.253600   0.360000   0.825400 
338   0.150600   0.152400   0.149200   0.133800   0.140800   0.144000   0.140000   0.172600   0.222400   0.264200   0.252200   0.359000   0.825400 
339   0.149000   0.150800   0.147600   0.132200   0.139200   0.142600   0.138800   0.171400   0.221400   0.263400   0.250800   0.358000   0.825400 
340   0.147400   0.149200   0.146000   0.130600   0.137600   0.141200   0.137600   0.170200   0.220400   0.262600   0.249600   0.357000   0.825400 
341   0.145800   0.147600   0.144400   0.129000   0.136000   0.139800   0.136400   0.169000   0.219400   0.261800   0.248400   0.356000   0.825400 
342   0.144200   0.146000   0.142800   0.127400   0.134400   0.138400   0.135200   0.167800   0.218400   0.261000   0.247200   0.355000   0.825400 
343   0.142600   0.144400   0.141200   0.125800   0.132800   0.137000   0.134000   0.166600   0.217400   0.260200   0.246000   0.354000   0.825400 
344   0.141000   0.142800   0.139600   0.124200   0.131200   0.135600   0.132800   0.165400   0.216400   0.259400   0.244800   0.353000   0.825400 
345   0.139400   0.141200   0.138000   0.122600   0.129600   0.134200   0.131600   0.164200   0.215400   0.258600   0.243600   0.352000   0.825400 
346   0.137800   0.139600   0.136400   0.121000   0.128000   0.132800   0.130400   0.163000   0.214400   0.258000   0.242400   0.351000   0.825400 
347   0.136200   0.138000   0.134800   0.119400   0.126400   0.131400   0.129200   0.161800   0.213400   0.257400   0.241200   0.350000   0.825400 
348   0.134600   0.136400   0.133200   0.117800   0.124800   0.130200   0.128000   0.160600   0.212400   0.256800   0.240000   0.349000   0.825400 
349   0.133000   0.134800   0.131600   0.116200   0.123200   0.129000   0.126800   0.159400   0.211400   0.256200   0.238800   0.348000   0.825400 
350   0.131400   0.133200   0.130000   0.114600   0.121600   0.127800   0.125600   0.158200   0.210400   0.255600   0.237800   0.347000   0.825400 
351   0.129800   0.131600   0.128400   0.113000   0.120000   0.126600   0.124400   0.157000   0.209400   0.255000   0.236800   0.346000   0.825400 
352   0.128200   0.130000   0.126800   0.111400   0.118600   0.125400   0.123200   0.155800   0.208400   0.254400   0.235800   0.345000   0.825400 
353   0.126600   0.128400   0.125200   0.109800   0.117200   0.124200   0.122000   0.154600   0.207600   0.253800   0.234800   0.344000   0.825400 
354   0.125000   0.126800   0.123600   0.108200   0.115800   0.123000   0.120800   0.153400   0.206800   0.253200   0.233800   0.343000   0.825400 
355   0.123400   0.125200   0.122000   0.106600   0.114400   0.121800   0.119600   0.152200   0.206000   0.252600   0.232800   0.342000   0.825400 
356   0.121800   0.123600   0.120400   0.105000   0.113000   0.120600   0.118400   0.151000   0.205200   0.252000   0.231800   0.341000   0.825400 
357   0.120200   0.122000   0.118800   0.103400   0.111600   0.119400   0.117200   0.149800   0.204400   0.251400   0.230800   0.340000   0.825400 
358   0.118600   0.120400   0.117200   0.101800   0.110200   0.118200   0.116000   0.148600   0.203600   0.250800   0.229800   0.339000   0.825400 
359   0.117000   0.118800   0.115600   0.100200   0.108800   0.117000   0.114800   0.147400   0.202800   0.250200   0.228800   0.338000   0.825400 
360   0.115400   0.117200   0.114000   0.098600   0.107400   0.115800   0.113600   0.146200   0.202000   0.249600   0.227800   0.337000   0.825400 
361   0.113800   0.115600   0.112400   0.097000   0.106000   0.114600   0.112400   0.145000   0.201200   0.249000   0.226800   0.336000   0.825400 
362   0.112200   0.114000   0.110800   0.095400   0.104600   0.113400   0.111200   0.143800   0.200400   0.248400   0.225800   0.335000   0.825400 
363   0.110600   0.112400   0.109200   0.093800   0.103200   0.112200   0.110000   0.142600   0.199600   0.247800   0.224800   0.334000   0.825400 
364   0.109000   0.110800   0.107600   0.092200   0.101800   0.111000   0.108800   0.141400   0.199000   0.247200   0.223800   0.333000   0.825400 
365   0.107400   0.109200   0.106000   0.090600   0.100400   0.109800   0.107600   0.140200   0.198400   0.246600   0.222800   0.332000   0.825400 
366   0.105800   0.107600   0.104400   0.089200   0.099000   0.108600   0.106400   0.139000   0.197800   0.246000   0.221800   0.331000   0.825400 
367   0.104200   0.106000   0.102800   0.087800   0.097600   0.107400   0.105200   0.137800   0.197200   0.245400   0.221000   0.330000   0.825400 
368   0.102600   0.104400   0.101200   0.086400   0.096200   0.106200   0.104000   0.136600   0.196600   0.244800   0.220200   0.329000   0.825400 
369   0.101000   0.102800   0.099600   0.085200   0.094800   0.105000   0.103000   0.135400   0.196000   0.244200   0.219400   0.328000   0.825400 
370   0.099600   0.101200   0.098000   0.084000   0.093400   0.103800   0.102000   0.134400   0.195400   0.243600   0.218600   0.327000   0.825400 
371   0.098200   0.099600   0.096400   0.082800   0.092200   0.102600   0.101000   0.133400   0.194800   0.243000   0.217800   0.326000   0.825400 
372   0.096800   0.098000   0.094800   0.081600   0.091000   0.101400   0.100000   0.132400   0.194200   0.242400   0.217000   0.325000   0.825400 
373   0.095400   0.096400   0.093200   0.080400   0.089800   0.100200   0.099000   0.131400   0.193600   0.241800   0.216200   0.324200   0.825400 
374   0.094000   0.094800   0.091600   0.079200   0.088600   0.099000   0.098000   0.130400   0.193000   0.241200   0.215400   0.323600   0.825400 
375   0.092600   0.093400   0.090200   0.078000   0.087400   0.097800   0.097000   0.129400   0.192400   0.240600   0.214600   0.323000   0.825400 
376   0.091200   0.092000   0.088800   0.076800   0.086200   0.096600   0.096000   0.128400   0.191800   0.240000   0.213800   0.322400   0.825400 
377   0.089800   0.090600   0.087400   0.075600   0.085000   0.095400   0.095000   0.127400   0.191200   0.239400   0.213000   0.321800   0.825400 
378   0.088400   0.089200   0.086000   0.074400   0.083800   0.094200   0.094000   0.126400   0.190600   0.238800   0.212200   0.321200   0.825400 
379   0.087000   0.087800   0.084600   0.073200   0.082600   0.093000   0.093000   0.125400   0.190000   0.238200   0.211400   0.320600   0.825400 
380   0.085600   0.086400   0.083200   0.072000   0.081400   0.091800   0.092000   0.124400   0.189400   0.237600   0.210600   0.320000   0.825400 
381   0.084200   0.085000   0.081800   0.070800   0.080200   0.090600   0.091000   0.123400   0.188800   0.237000   0.209800   0.319400   0.825400 
382   0.082800   0.083600   0.080400   0.069600   0.079000   0.089600   0.090000   0.122400   0.188200   0.236400   0.209000   0.318800   0.825400 
383   0.081400   0.082200   0.079000   0.068400   0.077800   0.088600   0.089000   0.121600   0.187600   0.235800   0.208200   0.318400   0.825400 
384   0.080000   0.080800   0.077600   0.067200   0.076600   0.087600   0.088000   0.120800   0.187000   0.235200   0.207400   0.318000   0.825400 
385   0.078600   0.079600   0.076200   0.066000   0.075400   0.086600   0.087000   0.120000   0.186400   0.234600   0.206600   0.317600   0.825400 
386   0.077200   0.078400   0.074800   0.064800   0.074200   0.085600   0.086000   0.119200   0.185800   0.234000   0.205800   0.317200   0.825400 
387   0.076000   0.077200   0.073600   0.063600   0.073000   0.084600   0.085000   0.118400   0.185200   0.233400   0.205000   0.316800   0.825400 
388   0.074800   0.076000   0.072400   0.062400   0.071800   0.083600   0.084000   0.117600   0.184600   0.232800   0.204200   0.316400   0.825400 
389   0.073600   0.074800   0.071200   0.061200   0.070600   0.082600   0.083000   0.116800   0.184000   0.232200   0.203400   0.316000   0.825400 
390   0.072400   0.073600   0.070000   0.060000   0.069400   0.081600   0.082000   0.116000   0.183400   0.231600   0.202600   0.315600   0.825400 
391   0.071200   0.072400   0.068800   0.058800   0.068200   0.080600   0.081000   0.115200   0.182800   0.231000   0.201800   0.315200   0.825400 
392   0.070000   0.071200   0.067600   0.057600   0.067000   0.079600   0.080000   0.114400   0.182200   0.230400   0.201000   0.314800   0.825400 
393   0.068800   0.070000   0.066600   0.056400   0.065800   0.078600   0.079000   0.113600   0.181600   0.229800   0.200200   0.314400   0.825400 
394   0.067600   0.068800   0.065600   0.055200   0.064600   0.077800   0.078000   0.112800   0.181000   0.229200   0.199400   0.314000   0.825400 
395   0.066400   0.067600   0.064600   0.054000   0.063400   0.077000   0.077000   0.112000   0.180400   0.228600   0.198600   0.313600   0.825400 
396   0.065200   0.066400   0.063600   0.052800   0.062200   0.076200   0.076000   0.111200   0.179800   0.228000   0.197800   0.313200   0.825400 
397   0.064000   0.065200   0.062600   0.051600   0.061000   0.075400   0.075000   0.110400   0.179200   0.227400   0.197000   0.312800   0.825400 
398   0.062800   0.064200   0.061600   0.050400   0.059800   0.074600   0.074000   0.109600   0.178600   0.226800   0.196200   0.312400   0.825400 
399   0.061600   0.063200   0.060600   0.049200   0.058600   0.074000   0.073000   0.108800   0.178000   0.226200   0.195400   0.312000   0.825400 
400   0.060400   0.062200   0.059600   0.048000   0.057400   0.073400   0.072000   0.108000   0.177400   0.225600   0.194600   0.311600   0.825400 
401   0.059200   0.061200   0.058600   0.046800   0.056200   0.072800   0.071200   0.107200   0.176800   0.225000   0.193800   0.311200   0.825400 
402   0.058000   0.060200   0.057800   0.045600   0.055000   0.072200   0.070400   0.106400   0.176200   0.224400   0.193000   0.310800   0.825400 
403   0.056800   0.059200   0.057000   0.044400   0.054000   0.071600   0.069600   0.105600   0.175600   0.223800   0.192200   0.310400   0.825400 
404   0.055600   0.058400   0.056200   0.043200   0.053000   0.071000   0.068800   0.104800   0.175000   0.223200   0.191400   0.310000   0.825400 
405   0.054400   0.057600   0.055400   0.042000   0.052000   0.070400   0.068000   0.104000   0.174400   0.222600   0.190600   0.309600   0.825400 
406   0.053400   0.056800   0.054600   0.041200   0.051000   0.069800   0.067200   0.103200   0.173800   0.222000   0.189800   0.309200   0.825400 
407   0.052400   0.056000   0.053800   0.040400   0.050000   0.069200   0.066400   0.102400   0.173200   0.221400   0.189000   0.308800   0.825400 
408   0.051600   0.055200   0.053000   0.039600   0.049000   0.068600   0.065600   0.101600   0.172600   0.220800   0.188200   0.308400   0.825400 
409   0.050800   0.054400   0.052200   0.038800   0.048200   0.068000   0.064800   0.100800   0.172000   0.220200   0.187400   0.308000   0.825400 
410   0.050000   0.053600   0.051400   0.038000   0.047600   0.067400   0.064000   0.100200   0.171400   0.219600   0.186600   0.307600   0.825400 
411   0.049200   0.052800   0.050600   0.037200   0.047000   0.066800   0.063400   0.099600   0.170800   0.219000   0.185800   0.307200   0.825400 
412   0.048400   0.052000   0.049800   0.036400   0.046400   0.066200   0.062800   0.099000   0.170200   0.218400   0.185000   0.306800   0.825400 
413   0.047600   0.051200   0.049000   0.035600   0.045800   0.065600   0.062200   0.098400   0.169600   0.217800   0.184200   0.306400   0.825400 
414   0.047000   0.050400   0.048200   0.034800   0.045200   0.065000   0.061600   0.097800   0.169000   0.217200   0.183400   0.306000   0.825400 
415   0.046400   0.049600   0.047400   0.034000   0.044600   0.064400   0.061000   0.097200   0.168400   0.216600   0.182600   0.305600   0.825400 
416   0.045800   0.048800   0.046600   0.033200   0.044000   0.063800   0.060400   0.096600   0.167800   0.216000   0.181800   0.305200   0.825400 
417   0.045200   0.048000   0.045800   0.032600   0.043400   0.063200   0.059800   0.096000   0.167200   0.215400   0.181200   0.304800   0.825400 
418   0.044600   0.047200   0.045200   0.032000   0.042800   0.062600   0.059200   0.095400   0.166600   0.214800   0.180600   0.304400   0.825400 
419   0.044000   0.046600   0.044600   0.031400   0.042200   0.062000   0.058600   0.094800   0.166000   0.214200   0.180000   0.304000   0.825400 
420   0.043400   0.046000   0.044000   0.030800   0.041600   0.061400   0.058000   0.094200   0.165400   0.213600   0.179400   0.303600   0.825400 
421   0.042800   0.045400   0.043400   0.030200   0.041000   0.060800   0.057400   0.093600   0.164800   0.213000   0.178800   0.303200   0.825400 
422   0.042200   0.044800   0.042800   0.029600   0.040400   0.060200   0.056800   0.093000   0.164200   0.212400   0.178400   0.302800   0.825400 
423   0.041600   0.044200   0.042200   0.029000   0.039800   0.059600   0.056200   0.092400   0.163600   0.211800   0.178000   0.302400   0.825400 
424   0.041000   0.043600   0.041600   0.028400   0.039200   0.059000   0.055600   0.091800   0.163000   0.211200   0.177600   0.302000   0.825400 
425   0.040400   0.043000   0.041000   0.028000   0.038600   0.058400   0.055000   0.091200   0.162400   0.210600   0.177200   0.301600   0.825400 
426   0.039800   0.042400   0.040400   0.027600   0.038000   0.057800   0.054400   0.090600   0.161800   0.210000   0.176800   0.301200   0.825400 
427   0.039200   0.041800   0.039800   0.027200   0.037400   0.057200   0.053800   0.090000   0.161200   0.209400   0.176400   0.300800   0.825400 
428   0.038600   0.041200   0.039200   0.026800   0.036800   0.056600   0.053200   0.089400   0.160600   0.208800   0.176000   0.300400   0.825400 
429   0.038000   0.040600   0.038600   0.026400   0.036200   0.056000   0.052600   0.088800   0.160000   0.208200   0.175600   0.300000   0.825400 
430   0.037400   0.040000   0.038000   0.026000   0.035600   0.055400   0.052000   0.088200   0.159600   0.207600   0.175200   0.299600   0.825400 
431   0.036800   0.039400   0.037400   0.025600   0.035000   0.054800   0.051400   0.087600   0.159200   0.207000   0.174800   0.299200   0.825400 
432   0.036200   0.038800   0.036800   0.025200   0.034400   0.054200   0.050800   0.087000   0.158800   0.206400   0.174400   0.298800   0.825400 
433   0.035600   0.038200   0.036200   0.024800   0.033800   0.053600   0.050200   0.086600   0.158400   0.205800   0.174000   0.298400   0.825400 
434   0.035000   0.037600   0.035600   0.024400   0.033200   0.053000   0.049600   0.086200   0.158000   0.205200   0.173600   0.298000   0.825400 
435   0.034400   0.037000   0.035000   0.024000   0.032600   0.052600   0.049000   0.085800   0.157600   0.204600   0.173200   0.297600   0.825400 
436   0.033800   0.036400   0.034400   0.023600   0.032000   0.052200   0.048400   0.085400   0.157200   0.204000   0.172800   0.297200   0.825400 
437   0.033400   0.035800   0.033800   0.023200   0.031400   0.051800   0.047800   0.085000   0.156800   0.203400   0.172400   0.296800   0.825400 
438   0.033000   0.035200   0.033200   0.022800   0.030800   0.051400   0.047200   0.084600   0.156400   0.202800   0.172000   0.296400   0.825400 
439   0.032600   0.034600   0.032800   0.022400   0.030200   0.051000   0.046600   0.084200   0.156000   0.202200   0.171600   0.296000   0.825400 
440   0.032200   0.034000   0.032400   0.022000   0.029600   0.050600   0.046000   0.083800   0.155600   0.201600   0.171200   0.295600   0.825400 
441   0.031800   0.033600   0.032000   0.021600   0.029000   0.050200   0.045400   0.083400   0.155200   0.201000   0.170800   0.295200   0.825400 
442   0.031400   0.033200   0.031600   0.021200   0.028400   0.049800   0.044800   0.083000   0.154800   0.200400   0.170400   0.294800   0.825400 
443   0.031000   0.032800   0.031200   0.020800   0.027800   0.049400   0.044200   0.082600   0.154400   0.199800   0.170000   0.294400   0.825400 
444   0.030600   0.032400   0.030800   0.020400   0.027200   0.049000   0.043600   0.082200   0.154000   0.199200   0.169600   0.294200   0.825400 
445   0.030200   0.032000   0.030400   0.020000   0.026600   0.048600   0.043000   0.082000   0.153600   0.198600   0.169200   0.294000   0.825400 
446   0.029800   0.031600   0.030000   0.019600   0.026000   0.048200   0.042400   0.081800   0.153200   0.198000   0.168800   0.293800   0.825400 
447   0.029400   0.031200   0.029600   0.019200   0.025400   0.047800   0.041800   0.081600   0.152800   0.197400   0.168400   0.293600   0.825400 
448   0.029000   0.030800   0.029200   0.018800   0.024800   0.047400   0.041200   0.081400   0.152400   0.196800   0.168000   0.293400   0.825400 
449   0.028600   0.030400   0.028800   0.018400   0.024200   0.047000   0.040800   0.081200   0.152000   0.196200   0.167600   0.293200   0.825400 
450   0.028200   0.030000   0.028400   0.018000   0.023600   0.046600   0.040400   0.081000   0.151600   0.195800   0.167200   0.293000   0.825400 
451   0.027800   0.029600   0.028000   0.017600   0.023000   0.046200   0.040000   0.080800   0.151200   0.195400   0.166800   0.292800   0.825400 
452   0.027400   0.029200   0.027600   0.017200   0.022400   0.045800   0.039600   0.080600   0.150800   0.195000   0.166400   0.292600   0.825400 
453   0.027000   0.028800   0.027200   0.016800   0.021800   0.045400   0.039200   0.080400   0.150400   0.194600   0.166000   0.292400   0.825400 
454   0.026600   0.028400   0.026800   0.016400   0.021400   0.045000   0.038800   0.080200   0.150000   0.194200   0.165600   0.292200   0.825400 
455   0.026200   0.028000   0.026400   0.016000   0.021000   0.044600   0.038400   0.080000   0.149600   0.193800   0.165200   0.292000   0.825400 
456   0.025800   0.027600   0.026000   0.015600   0.020600   0.044200   0.038000   0.079800   0.149200   0.193400   0.164800   0.291800   0.825400 
457   0.025400   0.027200   0.025600   0.015200   0.020200   0.043800   0.037600   0.079600   0.148800   0.193000   0.164400   0.291600   0.825400 
458   0.025000   0.026800   0.025200   0.014800   0.019800   0.043400   0.037200   0.079400   0.148400   0.192600   0.164000   0.291400   0.825400 
459   0.024600   0.026400   0.024800   0.014400   0.019400   0.043000   0.036800   0.079200   0.148000   0.192200   0.163600   0.291200   0.825400 
460   0.024200   0.026000   0.024400   0.014000   0.019000   0.042600   0.036400   0.079200   0.147600   0.192000   0.163200   0.291000   0.825400 
461   0.023800   0.025600   0.024200   0.013600   0.018600   0.042200   0.036000   0.079200   0.147200   0.191800   0.162800   0.290800   0.825400 
462   0.023400   0.025200   0.024000   0.013200   0.018200   0.041800   0.035600   0.079200   0.146800   0.191600   0.162400   0.290600   0.825400 
463   0.023200   0.024800   0.023800   0.012800   0.017800   0.041400   0.035200   0.079200   0.146400   0.191400   0.162000   0.290400   0.825400 
464   0.023000   0.024400   0.023600   0.012600   0.017400   0.041000   0.034800   0.079200   0.146000   0.191200   0.161600   0.290200   0.825400 
465   0.022800   0.024000   0.023400   0.012400   0.017000   0.040600   0.034400   0.079200   0.145600   0.191200   0.161400   0.290000   0.825400 
466   0.022600   0.023600   0.023200   0.012200   0.016600   0.040200   0.034000   0.079200   0.145200   0.191200   0.161200   0.289800   0.825400 
467   0.022400   0.023200   0.023000   0.012000   0.016200   0.039800   0.033600   0.079200   0.144800   0.191200   0.161000   0.289600   0.825400 
468   0.022200   0.022800   0.022800   0.011800   0.015800   0.039400   0.033200   0.079200   0.144400   0.191200   0.160800   0.289400   0.825400 
469   0.022000   0.022400   0.022600   0.011600   0.015400   0.039000   0.032800   0.079200   0.144200   0.191200   0.160600   0.289200   0.825400 
470   0.021800   0.022200   0.022400   0.011400   0.015000   0.038600   0.032400   0.079200   0.144000   0.191200   0.160400   0.289000   0.825400 
471   0.021600   0.022000   0.022200   0.011200   0.014600   0.038200   0.032000   0.079200   0.143800   0.191200   0.160200   0.288800   0.825400 
472   0.021400   0.021800   0.022000   0.011000   0.014200   0.037800   0.031600   0.079200   0.143600   0.191200   0.160000   0.288600   0.825400 
473   0.021200   0.021600   0.021800   0.010800   0.013800   0.037400   0.031200   0.079200   0.143400   0.191200   0.159800   0.288400   0.825400 
474   0.021000   0.021400   0.021600   0.010600   0.013400   0.037000   0.030800   0.079200   0.143400   0.191200   0.159600   0.288200   0.825400 
475   0.020800   0.021200   0.021400   0.010400   0.013200   0.036600   0.030600   0.079200   0.143400   0.191200   0.159400   0.288000   0.825400 
476   0.020600   0.021000   0.021200   0.010200   0.013000   0.036200   0.030400   0.079200   0.143400   0.191200   0.159200   0.287800   0.825400 
477   0.020400   0.020800   0.021000   0.010000   0.012800   0.035800   0.030200   0.079200   0.143400   0.191200   0.159200   0.287600   0.825400 
478   0.020200   0.020600   0.020800   0.009800   0.012600   0.035400   0.030000   0.079200   0.143400   0.191200   0.159200   0.287400   0.825400 
479   0.020000   0.020400   0.020600   0.009600   0.012400   0.035000   0.029800   0.079200   0.143400   0.191200   0.159200   0.287200   0.825400 
480   0.019800   0.020400   0.020400   0.009400   0.012400   0.034600   0.029600   0.079200   0.143400   0.191200   0.159200   0.287000   0.825400 
481   0.019600   0.020400   0.020400   0.009200   0.012400   0.034200   0.029400   0.079200   0.143400   0.191200   0.159200   0.286800   0.825400 
482   0.019400   0.020400   0.020400   0.009000   0.012400   0.033800   0.029200   0.079200   0.143400   0.191200   0.159200   0.286600   0.825400 
483   0.019200   0.020400   0.020400   0.008800   0.012400   0.033400   0.029000   0.079200   0.143400   0.191200   0.159200   0.286400   0.825400 
484   0.019000   0.020400   0.020400   0.008600   0.012400   0.033000   0.028800   0.079200   0.143400   0.191200   0.159200   0.286200   0.825400 
485   0.018800   0.020400   0.020400   0.008400   0.012400   0.032600   0.028600   0.079200   0.143400   0.191200   0.159200   0.286000   0.825400 
486   0.018600   0.020400   0.020400   0.008200   0.012400   0.032200   0.028400   0.079200   0.143400   0.191200   0.159200   0.285800   0.825400 
487   0.018600   0.020400   0.020400   0.008000   0.012400   0.031800   0.028200   0.079200   0.143400   0.191200   0.159200   0.285600   0.825400 
488   0.018600   0.020400   0.020400   0.007800   0.012400   0.031600   0.028000   0.079200   0.143400   0.191200   0.159200   0.285400   0.825400 
489   0.018600   0.020400   0.020400   0.007600   0.012400   0.031400   0.027800   0.079200   0.143400   0.191200   0.159200   0.285200   0.825400 
490   0.018600   0.020400   0.020400   0.007400   0.012400   0.031200   0.027600   0.079200   0.143400   0.191200   0.159200   0.285000   0.825400 
491   0.018600   0.020400   0.020400   0.007200   0.012400   0.031000   0.027400   0.079200   0.143400   0.191200   0.159200   0.284800   0.825400 
492   0.018600   0.020400   0.020400   0.007000   0.012400   0.030800   0.027200   0.079200   0.143400   0.191200   0.159200   0.284600   0.825400 
493   0.018600   0.020400   0.020400   0.006800   0.012400   0.030800   0.027000   0.079200   0.143400   0.191200   0.159200   0.284400   0.825400 
494   0.018600   0.020400   0.020400   0.006800   0.012400   0.030800   0.026800   0.079200   0.143400   0.191200   0.159200   0.284200   0.825400 
495   0.018600   0.020400   0.020400   0.006800   0.012400   0.030800   0.026600   0.079200   0.143400   0.191200   0.159200   0.284000   0.825400 
496   0.018600   0.020400   0.020400   0.006800   0.012400   0.030800   0.026400   0.079200   0.143400   0.191200   0.159200   0.283800   0.825400 
497   0.018600   0.020400   0.020400   0.006800   0.012400   0.030800   0.026200   0.079200   0.143400   0.191200   0.159200   0.283800   0.825400 
498   0.018600   0.020400   0.020400   0.006800   0.012400   0.030800   0.026000   0.079200   0.143400   0.191200   0.159200   0.283800   0.825400 
499   0.018600   0.020400   0.020400   0.006800   0.012400   0.030800   0.025800   0.079200   0.143400   0.191200   0.159200   0.283800   0.825400 
