0   0.650424
1   0.566972
2   0.565686
3   0.564176
4   0.562366
5   0.560482
6   0.559948
7   0.558568
8   0.557146
9   0.555144
10   0.553838
11   0.552510
12   0.551656
13   0.548974
14   0.547582
15   0.546440
16   0.544852
17   0.544448
18   0.542674
19   0.541620
20   0.540294
21   0.538426
22   0.537380
23   0.536506
24   0.534840
25   0.533634
26   0.531884
27   0.531324
28   0.529744
29   0.528746
30   0.526522
31   0.525522
32   0.524306
33   0.522294
34   0.520290
35   0.518754
36   0.518646
37   0.516222
38   0.513602
39   0.512352
40   0.510746
41   0.508470
42   0.507638
43   0.505912
44   0.503120
45   0.501568
46   0.500976
47   0.498680
48   0.496602
49   0.495100
50   0.493746
51   0.491678
52   0.490328
53   0.489090
54   0.487108
55   0.484856
56   0.483154
57   0.481830
58   0.480288
59   0.478118
60   0.476726
61   0.475632
62   0.474408
63   0.472174
64   0.470382
65   0.468460
66   0.467684
67   0.467042
68   0.463768
69   0.462598
70   0.461626
71   0.459516
72   0.457264
73   0.455650
74   0.454300
75   0.452880
76   0.451292
77   0.449366
78   0.447628
79   0.445958
80   0.444134
81   0.442382
82   0.441184
83   0.439598
84   0.438074
85   0.436120
86   0.434760
87   0.433742
88   0.430676
89   0.430658
90   0.428678
91   0.426838
92   0.425186
93   0.423474
94   0.421998
95   0.419382
96   0.418010
97   0.417162
98   0.415218
99   0.414038
100   0.412032
101   0.410306
102   0.408698
103   0.406326
104   0.405444
105   0.403690
106   0.402050
107   0.399250
108   0.398552
109   0.395826
110   0.395300
111   0.392882
112   0.391048
113   0.390644
114   0.388348
115   0.386500
116   0.385408
117   0.384406
118   0.382602
119   0.381118
120   0.379654
121   0.378144
122   0.376268
123   0.375076
124   0.372902
125   0.371476
126   0.370488
127   0.368820
128   0.367692
129   0.365586
130   0.364468
131   0.362448
132   0.360058
133   0.360528
134   0.358960
135   0.357068
136   0.355080
137   0.353126
138   0.351928
139   0.350722
140   0.349370
141   0.346418
142   0.345764
143   0.343512
144   0.342648
145   0.340834
146   0.340530
147   0.338828
148   0.337528
149   0.336402
150   0.335366
151   0.332390
152   0.332122
153   0.331028
154   0.329696
155   0.328244
156   0.327618
157   0.325784
158   0.325016
159   0.323268
160   0.322264
161   0.321280
162   0.321550
163   0.320228
164   0.319056
165   0.316968
166   0.315590
167   0.314646
168   0.314012
169   0.313034
170   0.311134
171   0.310088
172   0.308216
173   0.307044
174   0.305446
175   0.304016
176   0.302736
177   0.301724
178   0.300440
179   0.299270
180   0.298434
181   0.296332
182   0.295264
183   0.295284
184   0.293478
185   0.291334
186   0.290940
187   0.289360
188   0.287246
189   0.286714
190   0.284178
191   0.283390
192   0.282110
193   0.281968
194   0.279732
195   0.277726
196   0.277204
197   0.275110
198   0.273592
199   0.272456
200   0.272156
201   0.271198
202   0.269674
203   0.269510
204   0.267000
205   0.267014
206   0.266534
207   0.264542
208   0.263500
209   0.262752
210   0.261792
211   0.260600
212   0.258164
213   0.256074
214   0.256232
215   0.254256
216   0.253464
217   0.253138
218   0.250988
219   0.250866
220   0.250118
221   0.249350
222   0.248090
223   0.248454
224   0.246162
225   0.246168
226   0.245672
227   0.245458
228   0.244202
229   0.242812
230   0.242060
231   0.241654
232   0.240340
233   0.239260
234   0.239188
235   0.238578
236   0.237670
237   0.237264
238   0.236044
239   0.235554
240   0.233802
241   0.233290
242   0.231998
243   0.230998
244   0.230734
245   0.230032
246   0.228964
247   0.228076
248   0.227414
249   0.225624
250   0.224930
251   0.224630
252   0.222770
253   0.222612
254   0.221404
255   0.221106
256   0.220232
257   0.219566
258   0.218466
259   0.217086
260   0.217132
261   0.216374
262   0.214372
263   0.214320
264   0.212432
265   0.211090
266   0.210280
267   0.208386
268   0.208036
269   0.208018
270   0.206472
271   0.203656
272   0.203522
273   0.201668
274   0.200196
275   0.199734
276   0.200310
277   0.198332
278   0.197704
279   0.196676
280   0.195622
281   0.194820
282   0.194892
283   0.193486
284   0.192212
285   0.190944
286   0.190138
287   0.190802
288   0.189342
289   0.187524
290   0.186718
291   0.186932
292   0.185612
293   0.184602
294   0.183300
295   0.182554
296   0.182962
297   0.181514
298   0.180936
299   0.180694
300   0.179150
301   0.178708
302   0.177480
303   0.176256
304   0.176460
305   0.175734
306   0.175206
307   0.174756
308   0.174686
309   0.174178
310   0.172422
311   0.172908
312   0.172046
313   0.170628
314   0.170590
315   0.169548
316   0.168856
317   0.168004
318   0.167282
319   0.167640
320   0.165570
321   0.165996
322   0.164288
323   0.164628
324   0.164026
325   0.162212
326   0.161654
327   0.160028
328   0.160156
329   0.160046
330   0.158132
331   0.158092
332   0.157700
333   0.157506
334   0.155828
335   0.156016
336   0.155658
337   0.155032
338   0.155126
339   0.154182
340   0.153314
341   0.153582
342   0.151340
343   0.150794
344   0.149472
345   0.150014
346   0.149058
347   0.148468
348   0.147658
349   0.146390
350   0.146078
351   0.145872
352   0.144770
353   0.143780
354   0.143070
355   0.143112
356   0.142664
357   0.141530
358   0.140404
359   0.140934
360   0.138898
361   0.138192
362   0.136664
363   0.136404
364   0.135886
365   0.135654
366   0.134412
367   0.133958
368   0.133472
369   0.132466
370   0.133324
371   0.131428
372   0.131060
373   0.131322
374   0.130466
375   0.130424
376   0.129870
377   0.129252
378   0.129508
379   0.129010
380   0.128338
381   0.127804
382   0.126864
383   0.126742
384   0.125812
385   0.125960
386   0.125598
387   0.125060
388   0.125548
389   0.124400
390   0.124562
391   0.124076
392   0.122908
393   0.123366
394   0.123240
395   0.122604
396   0.121846
397   0.122048
398   0.122340
399   0.121696
400   0.120664
401   0.121416
402   0.119470
403   0.120140
404   0.119986
405   0.119866
406   0.119980
407   0.118862
408   0.117652
409   0.118146
410   0.117226
411   0.116452
412   0.115702
413   0.115080
414   0.114854
415   0.114506
416   0.113150
417   0.112650
418   0.113596
419   0.112776
420   0.111346
421   0.111732
422   0.111706
423   0.110062
424   0.110416
425   0.109466
426   0.110304
427   0.108840
428   0.108742
429   0.108300
430   0.107744
431   0.107100
432   0.107760
433   0.106406
434   0.107032
435   0.106198
436   0.105758
437   0.105198
438   0.104810
439   0.104872
440   0.106236
441   0.105216
442   0.104836
443   0.104614
444   0.103990
445   0.103770
446   0.103212
447   0.103070
448   0.103544
449   0.102478
450   0.102432
451   0.101610
452   0.101174
453   0.101712
454   0.100406
455   0.100738
456   0.099584
457   0.100100
458   0.098986
459   0.099234
460   0.099310
461   0.097660
462   0.099054
463   0.098638
464   0.097894
465   0.097592
466   0.099084
467   0.098242
468   0.097882
469   0.098296
470   0.097692
471   0.097812
472   0.098976
473   0.097934
474   0.096836
475   0.097156
476   0.097430
477   0.098806
478   0.096786
479   0.097456
480   0.097476
481   0.096938
482   0.096574
483   0.097848
484   0.097356
485   0.097538
486   0.098050
487   0.097312
488   0.098510
489   0.098154
490   0.097934
491   0.098284
492   0.098344
493   0.099400
494   0.099154
495   0.099734
496   0.100548
497   0.100018
498   0.100196
499   0.099854
500   0.099938
-499   0.100650
-498   0.100606
-497   0.100458
-496   0.100068
-495   0.100176
-494   0.100950
-493   0.100852
-492   0.100510
-491   0.099962
-490   0.100372
-489   0.099100
-488   0.099654
-487   0.099644
-486   0.099426
-485   0.100700
-484   0.100146
-483   0.099916
-482   0.100112
-481   0.099736
-480   0.099356
-479   0.099590
-478   0.099396
-477   0.099444
-476   0.099094
-475   0.099916
-474   0.099876
-473   0.099970
-472   0.099918
-471   0.099284
-470   0.099302
-469   0.099308
-468   0.098538
-467   0.098128
-466   0.098188
-465   0.097324
-464   0.096526
-463   0.096422
-462   0.096838
-461   0.094864
-460   0.094784
-459   0.095172
-458   0.094668
-457   0.094064
-456   0.093740
-455   0.093730
-454   0.093008
-453   0.093260
-452   0.092830
-451   0.093234
-450   0.092580
-449   0.091108
-448   0.091018
-447   0.091372
-446   0.090792
-445   0.091574
-444   0.090832
-443   0.090890
-442   0.090514
-441   0.090090
-440   0.089956
-439   0.089956
-438   0.089824
-437   0.089918
-436   0.090230
-435   0.089276
-434   0.090328
-433   0.088416
-432   0.090290
-431   0.089620
-430   0.090006
-429   0.089924
-428   0.090142
-427   0.091240
-426   0.090498
-425   0.090110
-424   0.090856
-423   0.090376
-422   0.090668
-421   0.089732
-420   0.091822
-419   0.090856
-418   0.090974
-417   0.091592
-416   0.090950
-415   0.091076
-414   0.091188
-413   0.092340
-412   0.092076
-411   0.092628
-410   0.092602
-409   0.093410
-408   0.095154
-407   0.093774
-406   0.095148
-405   0.094982
-404   0.095268
-403   0.096128
-402   0.096482
-401   0.096680
-400   0.097496
-399   0.097106
-398   0.098020
-397   0.098344
-396   0.099346
-395   0.100744
-394   0.099750
-393   0.100536
-392   0.100268
-391   0.101704
-390   0.102496
-389   0.101876
-388   0.102754
-387   0.102888
-386   0.103222
-385   0.103732
-384   0.103726
-383   0.104590
-382   0.103832
-381   0.105236
-380   0.105068
-379   0.104724
-378   0.105968
-377   0.106502
-376   0.106538
-375   0.107444
-374   0.107464
-373   0.108266
-372   0.108244
-371   0.109334
-370   0.108824
-369   0.109962
-368   0.110210
-367   0.110242
-366   0.111086
-365   0.112100
-364   0.112498
-363   0.112298
-362   0.112420
-361   0.112286
-360   0.112314
-359   0.112346
-358   0.113146
-357   0.114174
-356   0.114152
-355   0.114850
-354   0.116120
-353   0.115404
-352   0.116798
-351   0.117580
-350   0.117140
-349   0.118306
-348   0.118128
-347   0.117504
-346   0.118368
-345   0.117832
-344   0.118572
-343   0.118614
-342   0.119912
-341   0.119438
-340   0.119164
-339   0.119388
-338   0.118966
-337   0.119586
-336   0.119316
-335   0.119536
-334   0.119690
-333   0.119924
-332   0.120246
-331   0.119424
-330   0.120800
-329   0.119074
-328   0.119880
-327   0.120516
-326   0.120434
-325   0.119494
-324   0.120912
-323   0.119692
-322   0.120964
-321   0.120868
-320   0.121220
-319   0.121052
-318   0.121620
-317   0.121168
-316   0.121300
-315   0.122108
-314   0.122122
-313   0.122782
-312   0.123132
-311   0.123576
-310   0.124302
-309   0.124744
-308   0.124720
-307   0.125850
-306   0.125894
-305   0.127056
-304   0.126378
-303   0.127658
-302   0.127644
-301   0.128228
-300   0.128828
-299   0.130354
-298   0.130994
-297   0.131664
-296   0.132690
-295   0.132500
-294   0.133988
-293   0.134228
-292   0.134772
-291   0.135668
-290   0.136546
-289   0.136966
-288   0.138118
-287   0.139670
-286   0.139800
-285   0.141188
-284   0.140798
-283   0.141706
-282   0.143530
-281   0.144102
-280   0.144810
-279   0.145296
-278   0.146186
-277   0.148152
-276   0.148500
-275   0.149068
-274   0.148958
-273   0.149802
-272   0.151004
-271   0.151902
-270   0.153188
-269   0.153528
-268   0.153370
-267   0.155338
-266   0.156166
-265   0.156540
-264   0.157600
-263   0.157594
-262   0.159428
-261   0.159978
-260   0.160776
-259   0.161444
-258   0.163482
-257   0.163034
-256   0.163818
-255   0.165104
-254   0.166384
-253   0.167300
-252   0.166724
-251   0.168110
-250   0.167834
-249   0.169106
-248   0.169202
-247   0.170206
-246   0.169048
-245   0.169836
-244   0.170986
-243   0.171122
-242   0.171294
-241   0.171856
-240   0.172808
-239   0.173786
-238   0.173710
-237   0.174394
-236   0.175684
-235   0.174920
-234   0.175694
-233   0.175566
-232   0.177532
-231   0.177650
-230   0.179192
-229   0.179172
-228   0.179604
-227   0.180534
-226   0.181798
-225   0.182400
-224   0.182292
-223   0.184052
-222   0.182546
-221   0.184098
-220   0.185008
-219   0.184390
-218   0.185194
-217   0.184574
-216   0.186044
-215   0.186396
-214   0.187052
-213   0.187400
-212   0.187080
-211   0.187686
-210   0.188244
-209   0.189150
-208   0.188960
-207   0.189274
-206   0.190822
-205   0.191064
-204   0.190704
-203   0.191822
-202   0.191826
-201   0.191764
-200   0.192384
-199   0.193248
-198   0.193104
-197   0.193980
-196   0.194800
-195   0.195916
-194   0.196110
-193   0.196062
-192   0.197822
-191   0.197860
-190   0.198566
-189   0.199146
-188   0.198672
-187   0.199202
-186   0.199446
-185   0.200094
-184   0.200844
-183   0.201978
-182   0.201542
-181   0.202134
-180   0.202484
-179   0.202788
-178   0.203308
-177   0.203358
-176   0.204928
-175   0.205314
-174   0.205790
-173   0.205974
-172   0.208718
-171   0.208186
-170   0.209302
-169   0.209608
-168   0.209378
-167   0.210084
-166   0.210346
-165   0.211952
-164   0.213278
-163   0.212788
-162   0.213848
-161   0.214228
-160   0.215202
-159   0.216678
-158   0.217576
-157   0.217274
-156   0.217574
-155   0.219584
-154   0.220712
-153   0.220826
-152   0.222468
-151   0.223662
-150   0.225010
-149   0.225816
-148   0.226188
-147   0.226906
-146   0.228686
-145   0.228376
-144   0.230570
-143   0.231400
-142   0.231594
-141   0.232976
-140   0.234648
-139   0.234690
-138   0.236730
-137   0.237910
-136   0.239058
-135   0.240534
-134   0.240970
-133   0.242608
-132   0.243994
-131   0.245144
-130   0.246002
-129   0.247944
-128   0.248914
-127   0.251058
-126   0.252400
-125   0.253412
-124   0.254526
-123   0.257326
-122   0.257842
-121   0.260226
-120   0.262240
-119   0.263746
-118   0.266976
-117   0.268226
-116   0.269762
-115   0.271356
-114   0.272548
-113   0.275096
-112   0.276484
-111   0.278352
-110   0.279844
-109   0.282062
-108   0.283126
-107   0.284912
-106   0.287844
-105   0.290120
-104   0.291004
-103   0.294054
-102   0.295544
-101   0.297624
-100   0.299208
-99   0.301376
-98   0.303674
-97   0.305264
-96   0.307082
-95   0.310216
-94   0.311630
-93   0.313632
-92   0.316248
-91   0.317988
-90   0.319862
-89   0.322932
-88   0.325724
-87   0.328014
-86   0.329498
-85   0.330942
-84   0.333550
-83   0.336646
-82   0.338310
-81   0.341184
-80   0.344208
-79   0.346800
-78   0.349682
-77   0.352046
-76   0.353788
-75   0.356696
-74   0.359164
-73   0.361982
-72   0.364426
-71   0.366316
-70   0.369720
-69   0.372270
-68   0.376140
-67   0.377910
-66   0.380274
-65   0.383738
-64   0.385544
-63   0.388952
-62   0.391270
-61   0.394830
-60   0.397086
-59   0.400280
-58   0.402338
-57   0.405748
-56   0.409388
-55   0.410928
-54   0.414326
-53   0.416850
-52   0.420648
-51   0.422820
-50   0.426174
-49   0.428746
-48   0.431758
-47   0.433422
-46   0.436836
-45   0.440330
-44   0.443162
-43   0.446438
-42   0.448652
-41   0.450862
-40   0.454042
-39   0.456844
-38   0.459050
-37   0.461958
-36   0.465372
-35   0.467694
-34   0.470486
-33   0.474156
-32   0.475834
-31   0.479674
-30   0.482344
-29   0.485006
-28   0.487060
-27   0.489744
-26   0.491936
-25   0.494662
-24   0.497258
-23   0.499810
-22   0.502146
-21   0.504746
-20   0.507566
-19   0.510792
-18   0.513286
-17   0.516298
-16   0.519656
-15   0.521986
-14   0.524886
-13   0.527576
-12   0.530648
-11   0.533022
-10   0.535332
-9   0.539822
-8   0.542800
-7   0.544862
-6   0.548510
-5   0.552210
-4   0.554842
-3   0.557948
-2   0.560792
-1   0.565008
