r MCS_10 MCS_20 MCS_40 MCS_80 MCS_160 MCS_320 MCS_640 MCS_1280 MCS_2560 MCS_5120 MCS_10240 MCS_20480 MCS_40960 
0   1.000000   1.000000   1.000000   1.000000   1.000000   1.000000   1.000000   1.000000   1.000000   1.000000   1.000000   1.000000   1.000000 
1   0.897600   0.893800   0.899800   0.892800   0.893600   0.890800   0.898800   0.904400   0.890600   0.898800   0.893200   0.897000   0.887800 
2   0.883000   0.880000   0.887600   0.880600   0.879000   0.874400   0.884000   0.892200   0.877400   0.885800   0.879200   0.884800   0.875000 
3   0.866800   0.866800   0.876600   0.866600   0.864200   0.859000   0.872600   0.880000   0.862000   0.874400   0.866800   0.871400   0.863400 
4   0.854200   0.854000   0.861000   0.854400   0.849400   0.842600   0.858000   0.869000   0.846600   0.862800   0.856000   0.858200   0.850400 
5   0.840600   0.840600   0.847200   0.841000   0.837200   0.828400   0.847800   0.856800   0.832000   0.849400   0.842800   0.845600   0.837600 
6   0.828800   0.825600   0.832800   0.829400   0.822800   0.815200   0.836800   0.843600   0.819400   0.838400   0.827400   0.831600   0.825800 
7   0.815200   0.814600   0.818800   0.816400   0.809000   0.801800   0.823800   0.830000   0.805400   0.825600   0.816200   0.817600   0.812800 
8   0.803200   0.800800   0.807600   0.803400   0.794000   0.787000   0.811800   0.819000   0.792400   0.813000   0.802800   0.803600   0.803600 
9   0.789400   0.787800   0.795000   0.792000   0.782800   0.773200   0.801000   0.806800   0.779600   0.802800   0.791000   0.790000   0.794200 
10   0.778200   0.776200   0.782000   0.778200   0.768400   0.761200   0.791400   0.794000   0.766800   0.791600   0.777800   0.778600   0.784000 
11   0.766600   0.763600   0.767600   0.766400   0.756000   0.748600   0.778200   0.783600   0.753400   0.781800   0.766400   0.766800   0.774600 
12   0.753400   0.750200   0.756600   0.754000   0.744200   0.735800   0.766800   0.772400   0.740600   0.769200   0.754400   0.753200   0.766200 
13   0.742800   0.737800   0.744400   0.741800   0.730000   0.723400   0.755800   0.762000   0.728800   0.759600   0.744400   0.740200   0.755000 
14   0.730000   0.725400   0.731800   0.729600   0.719200   0.714800   0.745400   0.750000   0.714600   0.748400   0.733200   0.729200   0.746200 
15   0.719000   0.714800   0.719800   0.717600   0.706200   0.702400   0.734600   0.741200   0.704800   0.737000   0.720200   0.717800   0.736400 
16   0.707400   0.701400   0.709600   0.706400   0.692400   0.690400   0.724000   0.729000   0.690200   0.727400   0.708000   0.705400   0.728000 
17   0.697200   0.687800   0.697600   0.693000   0.681200   0.681000   0.716000   0.718600   0.677000   0.715400   0.699000   0.694200   0.718800 
18   0.683800   0.677600   0.686600   0.682600   0.669600   0.666800   0.707200   0.706600   0.666400   0.705000   0.687000   0.683400   0.709600 
19   0.673000   0.666600   0.674600   0.671000   0.656400   0.655200   0.699200   0.696800   0.656200   0.694200   0.676600   0.671000   0.703200 
20   0.662400   0.654600   0.663400   0.659600   0.647600   0.643800   0.689200   0.686600   0.645400   0.684000   0.667600   0.658200   0.691400 
21   0.650800   0.644000   0.653200   0.649000   0.635600   0.633400   0.681800   0.677200   0.633800   0.673200   0.656800   0.649000   0.683200 
22   0.639600   0.633200   0.642000   0.636400   0.626000   0.623200   0.673000   0.665800   0.623400   0.664600   0.645000   0.638400   0.676200 
23   0.629400   0.623200   0.632200   0.625600   0.616400   0.612400   0.663400   0.655400   0.611800   0.654800   0.635800   0.628000   0.667200 
24   0.619400   0.611400   0.620400   0.614800   0.607400   0.599400   0.657600   0.645400   0.600400   0.643000   0.625800   0.617000   0.660800 
25   0.609600   0.602000   0.608200   0.604200   0.596200   0.589400   0.648200   0.635800   0.591800   0.633800   0.614600   0.608000   0.653600 
26   0.599800   0.591000   0.596800   0.592600   0.588000   0.579000   0.640600   0.626000   0.581400   0.624800   0.605000   0.596000   0.644600 
27   0.590800   0.581000   0.586600   0.582000   0.577000   0.569600   0.630600   0.617600   0.573400   0.616200   0.595000   0.587400   0.636200 
28   0.580400   0.573400   0.575000   0.571800   0.567600   0.560400   0.621400   0.608400   0.565200   0.605600   0.585200   0.577400   0.629000 
29   0.569400   0.563800   0.566000   0.560800   0.559600   0.551200   0.613200   0.598600   0.554600   0.596200   0.576200   0.568400   0.622000 
30   0.560200   0.553800   0.554400   0.550800   0.549800   0.541000   0.604200   0.591000   0.545400   0.587400   0.567000   0.560200   0.613800 
31   0.548800   0.543200   0.542600   0.541000   0.539600   0.531600   0.596600   0.584400   0.537000   0.577800   0.557800   0.555000   0.607400 
32   0.539600   0.534000   0.533400   0.528800   0.530800   0.523200   0.589800   0.574200   0.525600   0.567800   0.551000   0.545200   0.599000 
33   0.531400   0.523600   0.523600   0.520000   0.521400   0.514000   0.581800   0.567000   0.517000   0.558200   0.541200   0.537600   0.593800 
34   0.523000   0.513800   0.514600   0.509600   0.511600   0.507000   0.574400   0.558000   0.506200   0.550200   0.532800   0.530400   0.586800 
35   0.512400   0.502200   0.506000   0.499800   0.501800   0.497000   0.568000   0.552400   0.497800   0.541800   0.526600   0.522800   0.580800 
36   0.503800   0.493800   0.496800   0.491400   0.492000   0.489800   0.562200   0.543200   0.489600   0.533200   0.518800   0.514200   0.572800 
37   0.494600   0.485400   0.488400   0.482000   0.483800   0.481200   0.554400   0.536000   0.481800   0.524600   0.512600   0.507000   0.568000 
38   0.484800   0.475200   0.479200   0.471200   0.476000   0.475200   0.546200   0.527400   0.473000   0.517600   0.504000   0.498800   0.560800 
39   0.477000   0.466400   0.471400   0.462800   0.469000   0.466200   0.539200   0.520200   0.465600   0.509800   0.497800   0.492800   0.556400 
40   0.468400   0.458000   0.459000   0.452000   0.458600   0.459200   0.531800   0.512000   0.458800   0.500800   0.490200   0.486200   0.550400 
41   0.462000   0.449400   0.452000   0.444600   0.451600   0.450400   0.524600   0.505200   0.450600   0.495000   0.483400   0.481000   0.545000 
42   0.454600   0.440800   0.444400   0.437200   0.443000   0.444200   0.518400   0.499800   0.442800   0.488800   0.474800   0.476000   0.539600 
43   0.445800   0.432200   0.434800   0.430200   0.435800   0.435600   0.513000   0.493600   0.436000   0.481200   0.468800   0.469800   0.534200 
44   0.436600   0.423800   0.427600   0.421200   0.426800   0.430000   0.504400   0.485800   0.426800   0.475600   0.461800   0.463400   0.526000 
45   0.430800   0.416600   0.421200   0.413000   0.419400   0.422800   0.498000   0.479800   0.421600   0.466800   0.454000   0.458800   0.521000 
46   0.422400   0.408600   0.413800   0.404600   0.411600   0.417000   0.491600   0.473400   0.413800   0.462600   0.448400   0.453200   0.515800 
47   0.417000   0.401600   0.405400   0.394800   0.404400   0.408200   0.484200   0.468000   0.408600   0.454600   0.441000   0.448600   0.507600 
48   0.409600   0.393400   0.399400   0.388200   0.399000   0.403200   0.478600   0.462600   0.402800   0.450200   0.437000   0.443600   0.501000 
49   0.402800   0.387600   0.392000   0.380800   0.393600   0.396600   0.472200   0.457000   0.396600   0.442000   0.429200   0.438200   0.493800 
50   0.396000   0.379200   0.383800   0.373800   0.386200   0.390000   0.465400   0.449600   0.390400   0.434200   0.423000   0.433000   0.490400 
51   0.389400   0.373400   0.375400   0.365000   0.379600   0.385600   0.460400   0.443400   0.385200   0.428400   0.416200   0.430200   0.484200 
52   0.382400   0.366000   0.367800   0.358000   0.373200   0.379400   0.452200   0.437800   0.378800   0.422200   0.412200   0.426600   0.477800 
53   0.375400   0.357600   0.361400   0.351400   0.365800   0.374200   0.446800   0.431000   0.372800   0.415000   0.404600   0.421800   0.472400 
54   0.369000   0.351200   0.354800   0.344000   0.358600   0.369200   0.439000   0.426400   0.368400   0.410000   0.398000   0.417600   0.464200 
55   0.363600   0.345000   0.347800   0.336600   0.352400   0.363400   0.432800   0.419600   0.361200   0.402800   0.394000   0.412800   0.457200 
56   0.356800   0.337200   0.340600   0.329800   0.344400   0.358800   0.427600   0.414800   0.355800   0.397200   0.388000   0.407600   0.452000 
57   0.351600   0.329600   0.334400   0.324400   0.338600   0.352400   0.421600   0.410000   0.349400   0.393000   0.382800   0.401200   0.445000 
58   0.344400   0.323800   0.328800   0.318600   0.331600   0.348800   0.416000   0.401600   0.343800   0.387200   0.376800   0.397000   0.439600 
59   0.340600   0.318600   0.321200   0.312800   0.324800   0.343000   0.408200   0.397600   0.337800   0.381800   0.370400   0.390800   0.435600 
60   0.336200   0.312600   0.314400   0.304600   0.318000   0.337600   0.402800   0.394200   0.332400   0.374800   0.366800   0.385800   0.428400 
61   0.329400   0.306800   0.308800   0.300000   0.312000   0.332200   0.398000   0.387800   0.325200   0.371400   0.362800   0.380400   0.424000 
62   0.324000   0.302600   0.302000   0.293400   0.306600   0.326800   0.392200   0.384000   0.320200   0.365000   0.357600   0.374600   0.420000 
63   0.316800   0.295600   0.294800   0.287400   0.302800   0.321600   0.386400   0.378800   0.315600   0.362000   0.352200   0.370400   0.414400 
64   0.311400   0.291400   0.290600   0.281800   0.296400   0.315800   0.381400   0.372800   0.308800   0.356000   0.346000   0.367800   0.409800 
65   0.305400   0.287400   0.283200   0.274800   0.291400   0.311200   0.376600   0.369400   0.304000   0.352400   0.341200   0.361600   0.405000 
66   0.300800   0.285400   0.278400   0.269800   0.284200   0.306600   0.370600   0.364000   0.298000   0.345400   0.336200   0.357000   0.399400 
67   0.296400   0.280600   0.272800   0.264400   0.279400   0.302000   0.365200   0.358400   0.292800   0.341000   0.332000   0.354200   0.394000 
68   0.290200   0.276400   0.268000   0.259800   0.273400   0.298800   0.359200   0.354000   0.286400   0.335400   0.327200   0.350800   0.389200 
69   0.286400   0.272400   0.264200   0.253600   0.268200   0.295400   0.355400   0.349000   0.279800   0.331000   0.320800   0.347800   0.384600 
70   0.282200   0.267400   0.258400   0.247400   0.264400   0.291600   0.352000   0.343400   0.276000   0.324800   0.318000   0.344400   0.380400 
71   0.277400   0.264000   0.252200   0.240400   0.260600   0.288600   0.345000   0.339600   0.269600   0.320600   0.311000   0.339800   0.373600 
72   0.272800   0.260000   0.247600   0.237800   0.255400   0.284800   0.339800   0.335200   0.265600   0.312000   0.306400   0.335400   0.365800 
73   0.269600   0.256200   0.243200   0.233000   0.250800   0.279400   0.336600   0.330400   0.262200   0.309200   0.301800   0.331600   0.362000 
74   0.264600   0.250800   0.237200   0.229200   0.246000   0.275600   0.333600   0.325400   0.256000   0.304800   0.295800   0.328600   0.360000 
75   0.261200   0.249200   0.234000   0.222400   0.241600   0.272800   0.329400   0.320000   0.254000   0.299400   0.290400   0.325600   0.353600 
76   0.256800   0.244400   0.227800   0.218600   0.235200   0.267400   0.325600   0.316800   0.249600   0.294400   0.288000   0.319200   0.347000 
77   0.253000   0.239800   0.223800   0.214200   0.231000   0.265800   0.321600   0.312400   0.247000   0.288600   0.282600   0.316800   0.343000 
78   0.249400   0.236400   0.220400   0.208800   0.226000   0.260600   0.316400   0.308800   0.244600   0.283000   0.278000   0.311000   0.338200 
79   0.246400   0.233000   0.217000   0.204800   0.221200   0.258600   0.313000   0.303000   0.240000   0.278600   0.273200   0.308200   0.333200 
80   0.242800   0.228200   0.213600   0.200200   0.217800   0.255400   0.310800   0.298800   0.237200   0.273600   0.270400   0.303600   0.330200 
81   0.240600   0.225800   0.212400   0.196400   0.213800   0.251400   0.307200   0.293800   0.234400   0.268200   0.265600   0.299600   0.325400 
82   0.237000   0.223800   0.209200   0.192400   0.209600   0.248200   0.305200   0.290400   0.231400   0.264200   0.262400   0.296200   0.320800 
83   0.232800   0.220800   0.205000   0.187600   0.207600   0.244800   0.300600   0.287400   0.229000   0.260800   0.259000   0.292200   0.315400 
84   0.231600   0.218000   0.201400   0.183400   0.203400   0.243400   0.298400   0.283200   0.225400   0.254800   0.255000   0.289000   0.311400 
85   0.228000   0.215400   0.196000   0.181200   0.200400   0.239200   0.296600   0.278000   0.223600   0.251400   0.253200   0.286400   0.306200 
86   0.223800   0.211800   0.194000   0.176600   0.196600   0.237800   0.292400   0.274600   0.219000   0.247200   0.250600   0.280400   0.301200 
87   0.222800   0.209600   0.189400   0.172600   0.193000   0.233400   0.287600   0.269600   0.216400   0.243000   0.247000   0.278400   0.296800 
88   0.218000   0.208000   0.185600   0.169600   0.188600   0.231400   0.284000   0.267600   0.212200   0.238800   0.242600   0.274000   0.291600 
89   0.213600   0.206200   0.182800   0.164200   0.182200   0.230400   0.281000   0.261200   0.208400   0.235600   0.239600   0.271000   0.287600 
90   0.210400   0.204600   0.179600   0.160400   0.179600   0.227600   0.278800   0.257600   0.206600   0.230400   0.235200   0.268400   0.284600 
91   0.208000   0.202800   0.176200   0.157600   0.177600   0.222000   0.277200   0.253600   0.205200   0.228000   0.231600   0.265600   0.279800 
92   0.206000   0.200600   0.172800   0.152600   0.172200   0.221000   0.273800   0.249400   0.200200   0.222400   0.229600   0.263200   0.275200 
93   0.203200   0.199400   0.169600   0.148600   0.168600   0.218200   0.270000   0.244600   0.199600   0.220000   0.227200   0.260200   0.270600 
94   0.200200   0.198400   0.166600   0.145200   0.166000   0.216000   0.268400   0.239600   0.198000   0.216000   0.224000   0.257000   0.266800 
95   0.198000   0.194800   0.163800   0.141200   0.163400   0.211800   0.264600   0.234800   0.196400   0.212800   0.222800   0.254000   0.260600 
96   0.195600   0.193400   0.162800   0.136600   0.159800   0.210800   0.261400   0.232400   0.194000   0.209800   0.220000   0.249000   0.256400 
97   0.192800   0.190200   0.159200   0.135600   0.157600   0.207000   0.258600   0.228200   0.192400   0.205600   0.218200   0.245200   0.253400 
98   0.192200   0.188400   0.156200   0.132000   0.156600   0.205600   0.254200   0.225400   0.191400   0.201800   0.214200   0.242400   0.247800 
99   0.187200   0.186000   0.152600   0.129600   0.154600   0.203600   0.251800   0.222600   0.188800   0.198000   0.212400   0.239400   0.241800 
100   0.183800   0.182600   0.149400   0.124400   0.153400   0.203000   0.249000   0.218800   0.187400   0.194200   0.208800   0.235200   0.239200 
101   0.183000   0.179000   0.145200   0.122000   0.148400   0.199400   0.246600   0.215400   0.186400   0.192400   0.206800   0.231000   0.233200 
102   0.179600   0.175600   0.143800   0.118200   0.146800   0.197000   0.242400   0.213800   0.184200   0.189200   0.202200   0.227200   0.230600 
103   0.177600   0.172200   0.139400   0.115200   0.144000   0.195400   0.241800   0.211400   0.184000   0.185200   0.200000   0.221800   0.224600 
104   0.174600   0.168000   0.137200   0.109400   0.141200   0.192200   0.239600   0.206600   0.182000   0.181400   0.196600   0.217400   0.220800 
105   0.172400   0.166800   0.135600   0.110200   0.139200   0.191200   0.238200   0.204600   0.183000   0.179600   0.195600   0.214600   0.214600 
106   0.170000   0.163400   0.134400   0.105000   0.135800   0.189000   0.234800   0.202600   0.181000   0.175600   0.193200   0.209600   0.210800 
107   0.167800   0.159000   0.133000   0.102800   0.134800   0.187800   0.233400   0.199600   0.178400   0.171800   0.191200   0.205200   0.207000 
108   0.164200   0.156000   0.130400   0.100200   0.133600   0.185400   0.231200   0.198000   0.176600   0.167600   0.188600   0.202000   0.204800 
109   0.163200   0.153400   0.127800   0.095800   0.131600   0.181800   0.229200   0.196200   0.176400   0.166200   0.184600   0.196800   0.201200 
110   0.159400   0.151400   0.127600   0.093400   0.129200   0.179400   0.228400   0.193800   0.175400   0.161600   0.182000   0.191400   0.196200 
111   0.158800   0.147200   0.125800   0.091800   0.127600   0.176200   0.224600   0.191400   0.175400   0.158400   0.176800   0.188000   0.192000 
112   0.156200   0.144800   0.124600   0.088200   0.126400   0.173000   0.223200   0.192200   0.175400   0.158000   0.175200   0.184600   0.188400 
113   0.153200   0.142400   0.123400   0.086400   0.123600   0.169000   0.221400   0.190400   0.173800   0.155400   0.173600   0.180000   0.185200 
114   0.150200   0.141200   0.122200   0.082200   0.124000   0.167800   0.218600   0.189400   0.173000   0.152400   0.170600   0.176000   0.181000 
115   0.147800   0.139400   0.120000   0.082000   0.122200   0.164400   0.216800   0.189000   0.170200   0.149800   0.170000   0.171000   0.176600 
116   0.144800   0.135400   0.119200   0.079400   0.121400   0.162600   0.214400   0.186000   0.171000   0.148200   0.166400   0.168000   0.173800 
117   0.142000   0.135800   0.117000   0.078600   0.120200   0.159000   0.210600   0.184400   0.169000   0.145800   0.165600   0.163000   0.168800 
118   0.139000   0.132400   0.117000   0.076000   0.117600   0.156600   0.208600   0.182800   0.168600   0.142800   0.162000   0.158800   0.166800 
119   0.137000   0.131000   0.114800   0.074600   0.115200   0.154200   0.207600   0.181200   0.166600   0.141000   0.159400   0.154200   0.163400 
120   0.134200   0.129000   0.111800   0.074200   0.114000   0.151200   0.204000   0.178400   0.165200   0.138400   0.156600   0.149200   0.162000 
121   0.131800   0.127000   0.110400   0.073600   0.113800   0.149800   0.201800   0.177000   0.163600   0.134800   0.154000   0.146000   0.159400 
122   0.128400   0.127000   0.107800   0.073400   0.110800   0.147400   0.199000   0.173600   0.160800   0.134400   0.152400   0.143000   0.155600 
123   0.125600   0.124400   0.105800   0.072400   0.110000   0.145000   0.195800   0.173800   0.160600   0.130800   0.149200   0.138800   0.150600 
124   0.122400   0.123000   0.104000   0.071200   0.107600   0.142400   0.194800   0.170800   0.160600   0.130400   0.147200   0.134600   0.150600 
125   0.121200   0.122400   0.101000   0.068400   0.103800   0.141600   0.191200   0.169200   0.159600   0.127800   0.146000   0.133200   0.149000 
126   0.118600   0.119600   0.099800   0.065200   0.103800   0.140600   0.187200   0.168600   0.157200   0.125600   0.143800   0.129200   0.145400 
127   0.115200   0.117800   0.097400   0.064800   0.100800   0.139600   0.184000   0.165400   0.157000   0.121800   0.141400   0.126400   0.143200 
128   0.114200   0.115600   0.095000   0.063600   0.098400   0.137800   0.182200   0.163600   0.155400   0.119800   0.140000   0.124800   0.139600 
129   0.111000   0.112400   0.094600   0.063000   0.097600   0.135600   0.180000   0.163000   0.154600   0.118000   0.137400   0.122800   0.136600 
130   0.109000   0.110200   0.093000   0.060600   0.095400   0.136800   0.179200   0.161000   0.152200   0.114400   0.135200   0.120400   0.136200 
131   0.106400   0.108800   0.091400   0.061000   0.094200   0.136000   0.177000   0.159000   0.154200   0.113200   0.133200   0.117800   0.134600 
132   0.103800   0.105000   0.090200   0.059800   0.092600   0.137200   0.175000   0.156400   0.151200   0.110400   0.130800   0.116400   0.131200 
133   0.101800   0.103800   0.089400   0.057800   0.091800   0.135800   0.172000   0.154400   0.150800   0.109000   0.129400   0.111200   0.129000 
134   0.098800   0.100800   0.088400   0.058400   0.089800   0.136200   0.171200   0.151800   0.147800   0.106800   0.128000   0.108000   0.124800 
135   0.097000   0.100000   0.085800   0.056400   0.088600   0.135000   0.166800   0.150600   0.147000   0.106000   0.126800   0.106400   0.122600 
136   0.094200   0.093800   0.084400   0.055400   0.087400   0.136000   0.165800   0.148200   0.145000   0.104600   0.125000   0.104200   0.120400 
137   0.091600   0.090600   0.083600   0.054800   0.085000   0.135000   0.164200   0.145400   0.143200   0.104800   0.123800   0.101800   0.118400 
138   0.090400   0.087800   0.081600   0.055600   0.084200   0.133800   0.163200   0.143400   0.141800   0.101800   0.122400   0.100800   0.116000 
139   0.089800   0.084200   0.079800   0.054200   0.082400   0.135600   0.162400   0.140200   0.139600   0.099800   0.119600   0.099200   0.114800 
140   0.087600   0.081000   0.078200   0.051400   0.080000   0.131000   0.158600   0.138400   0.136200   0.097400   0.119600   0.097200   0.111400 
141   0.085600   0.077200   0.076200   0.052000   0.079200   0.133400   0.157000   0.135400   0.136200   0.096000   0.119200   0.095000   0.110000 
142   0.083200   0.076800   0.075000   0.052000   0.079000   0.133600   0.156800   0.132800   0.133800   0.095000   0.118400   0.095000   0.106000 
143   0.079800   0.073000   0.072400   0.051200   0.077800   0.134600   0.156200   0.129000   0.131000   0.091400   0.119000   0.091200   0.104400 
144   0.079000   0.071400   0.070800   0.049800   0.075000   0.133200   0.154800   0.126600   0.129000   0.089400   0.117000   0.090600   0.104400 
145   0.077000   0.066400   0.068800   0.047400   0.072800   0.137000   0.153400   0.125800   0.127200   0.087200   0.117200   0.088200   0.100800 
146   0.076800   0.062600   0.066800   0.048200   0.071600   0.137800   0.152800   0.121200   0.123600   0.085800   0.115200   0.087000   0.098200 
147   0.074400   0.061800   0.066600   0.046400   0.070400   0.135600   0.152600   0.119000   0.120600   0.083400   0.114800   0.085800   0.095000 
148   0.072200   0.059000   0.064600   0.045600   0.067400   0.137200   0.152600   0.116200   0.117000   0.081800   0.114000   0.084000   0.092400 
149   0.070200   0.055200   0.064800   0.043800   0.065600   0.136000   0.152400   0.113800   0.114400   0.079400   0.113200   0.084400   0.092000 
150   0.068400   0.053200   0.063600   0.043800   0.064000   0.135400   0.149600   0.112400   0.111000   0.076200   0.111800   0.082000   0.089600 
151   0.066400   0.049800   0.062600   0.041600   0.061800   0.135800   0.149400   0.108600   0.108000   0.075400   0.111000   0.079600   0.087200 
152   0.064800   0.047400   0.061800   0.043800   0.061800   0.134800   0.148400   0.106600   0.105600   0.074800   0.109000   0.078200   0.085600 
153   0.064000   0.045600   0.060800   0.043600   0.061200   0.135200   0.147000   0.103000   0.103200   0.074000   0.108600   0.076200   0.083400 
154   0.063000   0.047200   0.061000   0.042600   0.059600   0.133600   0.145000   0.099400   0.098800   0.072200   0.108200   0.074800   0.079400 
155   0.060400   0.043600   0.061600   0.040000   0.058000   0.135200   0.144200   0.097600   0.096800   0.071000   0.105800   0.072200   0.078800 
156   0.059200   0.041400   0.059600   0.042000   0.056800   0.134800   0.141400   0.095400   0.095800   0.069000   0.104000   0.071000   0.077000 
157   0.057800   0.039800   0.059600   0.042800   0.056800   0.133600   0.141600   0.092800   0.093600   0.066600   0.102800   0.069400   0.075000 
158   0.055600   0.039400   0.059600   0.041200   0.057400   0.133200   0.140400   0.091000   0.090000   0.065800   0.102400   0.065600   0.072800 
159   0.055200   0.039200   0.057600   0.040600   0.052800   0.132800   0.139800   0.088200   0.089800   0.065600   0.100400   0.064000   0.070600 
160   0.053200   0.038400   0.058600   0.040400   0.051600   0.132200   0.139200   0.084600   0.088200   0.063200   0.097800   0.062000   0.070000 
161   0.051400   0.037800   0.057000   0.040800   0.049800   0.131000   0.136000   0.083400   0.086600   0.061200   0.097600   0.060400   0.068200 
162   0.050800   0.039200   0.057600   0.040600   0.050000   0.130400   0.135600   0.080800   0.085000   0.059800   0.096600   0.056400   0.066000 
163   0.049200   0.039600   0.054800   0.041400   0.048200   0.131000   0.133800   0.079600   0.086400   0.058200   0.096200   0.054000   0.065800 
164   0.047000   0.037800   0.055400   0.039200   0.048400   0.129600   0.133000   0.077800   0.082400   0.055400   0.095600   0.053800   0.063000 
165   0.046000   0.037000   0.054200   0.039600   0.047200   0.129800   0.132800   0.077000   0.079200   0.053800   0.095000   0.047000   0.062000 
166   0.045000   0.035000   0.053600   0.041400   0.046600   0.128000   0.132400   0.074200   0.077800   0.052200   0.095800   0.047600   0.061200 
167   0.043600   0.034000   0.054000   0.041400   0.045200   0.125200   0.130800   0.073200   0.073400   0.051000   0.094800   0.044600   0.059400 
168   0.041600   0.034600   0.053000   0.040800   0.044400   0.124800   0.131200   0.069000   0.072400   0.051200   0.093200   0.042600   0.057600 
169   0.040600   0.033800   0.051800   0.043800   0.043600   0.122400   0.129600   0.067400   0.070200   0.048400   0.091800   0.039400   0.055800 
170   0.041200   0.031600   0.053800   0.043800   0.043000   0.120800   0.127400   0.067400   0.067200   0.046000   0.092200   0.037200   0.053600 
171   0.038200   0.032000   0.051400   0.043400   0.043000   0.117800   0.127400   0.065000   0.065000   0.045400   0.093400   0.035200   0.054000 
172   0.036400   0.032400   0.051800   0.042600   0.039800   0.116800   0.126000   0.064800   0.063800   0.043200   0.091800   0.033400   0.051600 
173   0.035800   0.030600   0.052000   0.044400   0.039800   0.117400   0.126200   0.062800   0.061800   0.041600   0.092400   0.030600   0.049600 
174   0.035000   0.028000   0.053200   0.043400   0.039000   0.116400   0.126000   0.062400   0.060000   0.040600   0.092600   0.028200   0.050000 
175   0.034000   0.027800   0.049800   0.044200   0.039000   0.114000   0.124600   0.060200   0.057800   0.038600   0.091600   0.027800   0.049000 
176   0.033400   0.026800   0.049600   0.041800   0.038000   0.113800   0.124400   0.059800   0.056200   0.037600   0.089600   0.024000   0.048600 
177   0.032000   0.026000   0.049600   0.042000   0.038800   0.112000   0.122600   0.058200   0.053400   0.036600   0.090600   0.024000   0.048000 
178   0.030000   0.027000   0.048000   0.041200   0.037600   0.110200   0.121800   0.058000   0.051200   0.036000   0.088000   0.022400   0.046000 
179   0.028200   0.025400   0.048000   0.040800   0.036800   0.109200   0.122400   0.056200   0.049600   0.034600   0.088000   0.019800   0.047600 
180   0.026200   0.025200   0.046600   0.041400   0.038000   0.107800   0.122600   0.055600   0.047800   0.033600   0.088400   0.019400   0.046800 
181   0.027000   0.022800   0.046600   0.042000   0.036800   0.105800   0.120400   0.054600   0.044600   0.033600   0.088200   0.018600   0.045800 
182   0.026000   0.023000   0.045400   0.042200   0.036000   0.105000   0.121600   0.053800   0.044000   0.032400   0.088000   0.018600   0.045800 
183   0.024800   0.023400   0.044400   0.042000   0.037600   0.102000   0.120400   0.053200   0.038800   0.032800   0.086400   0.015200   0.045800 
184   0.022800   0.023200   0.043600   0.042800   0.037200   0.099400   0.121200   0.052400   0.036200   0.033600   0.086200   0.011800   0.043800 
185   0.021400   0.022400   0.042800   0.043800   0.038400   0.099800   0.120400   0.050800   0.035400   0.032200   0.086600   0.010800   0.042600 
186   0.021600   0.021600   0.041200   0.043600   0.038000   0.097400   0.121400   0.050600   0.032600   0.031800   0.087400   0.006800   0.043000 
187   0.020200   0.021200   0.039800   0.044000   0.038600   0.095800   0.119400   0.051400   0.030000   0.034000   0.088400   0.005800   0.041600 
188   0.020400   0.022400   0.038400   0.043800   0.039400   0.094600   0.120400   0.051200   0.029200   0.032800   0.087800   0.005000   0.040800 
189   0.020000   0.021200   0.038200   0.043800   0.038200   0.091400   0.118400   0.050800   0.023800   0.034000   0.086800   0.001600   0.040000 
190   0.020800   0.022400   0.036000   0.043600   0.037600   0.091400   0.119400   0.048800   0.022800   0.033600   0.088400   0.000600   0.039000 
191   0.019200   0.020600   0.035400   0.043200   0.036800   0.090400   0.117400   0.049400   0.020400   0.035600   0.087400  -0.002600   0.041200 
192   0.019800   0.022200   0.036000   0.044000   0.037600   0.086200   0.118800   0.050000   0.020000   0.034200   0.087200  -0.004400   0.041000 
193   0.019400   0.020200   0.035400   0.041800   0.035200   0.085600   0.116800   0.051000   0.018800   0.035200   0.087600  -0.004000   0.040600 
194   0.019800   0.019200   0.032400   0.042000   0.036200   0.085600   0.115800   0.051200   0.015400   0.036000   0.089200  -0.007200   0.041000 
195   0.018800   0.018600   0.032400   0.040400   0.037000   0.084200   0.117400   0.049600   0.014000   0.035800   0.089800  -0.008000   0.040400 
196   0.018200   0.017000   0.032600   0.041200   0.035400   0.084200   0.117000   0.049400   0.014000   0.034800   0.088400  -0.009600   0.039400 
197   0.015800   0.017600   0.031800   0.041000   0.035400   0.084800   0.116800   0.049800   0.012200   0.036400   0.088800  -0.010600   0.040000 
198   0.017000   0.015600   0.032800   0.041200   0.037000   0.084200   0.117200   0.052000   0.013000   0.035600   0.088400  -0.012200   0.041000 
199   0.015800   0.014400   0.032200   0.041800   0.036600   0.084400   0.116800   0.050600   0.011000   0.036400   0.086200  -0.013800   0.038200 
200   0.014400   0.013200   0.031800   0.040800   0.037200   0.083200   0.117600   0.052600   0.012000   0.036600   0.085800  -0.012800   0.039200 
201   0.015200   0.013200   0.031200   0.041600   0.036200   0.083800   0.117600   0.051000   0.008600   0.037200   0.086000  -0.016200   0.039600 
202   0.015200   0.012400   0.031200   0.042000   0.037400   0.084000   0.117000   0.050600   0.007200   0.035800   0.085000  -0.017000   0.038200 
203   0.014000   0.010800   0.030200   0.041200   0.036000   0.083800   0.116200   0.049000   0.006400   0.036200   0.083600  -0.021000   0.039600 
204   0.013800   0.009600   0.029000   0.042600   0.038400   0.082800   0.116800   0.049000   0.008000   0.036000   0.083600  -0.021800   0.038000 
205   0.013600   0.007400   0.028600   0.043200   0.038200   0.082200   0.115800   0.048600   0.005200   0.036600   0.083200  -0.022400   0.037600 
206   0.013000   0.005800   0.028600   0.043800   0.036600   0.081800   0.114600   0.049000   0.005000   0.034600   0.082200  -0.026400   0.038200 
207   0.013000   0.005400   0.026800   0.043200   0.037000   0.080600   0.114200   0.046400   0.003000   0.034400   0.081000  -0.027600   0.037200 
208   0.011800   0.005600   0.027400   0.044800   0.035000   0.080600   0.112200   0.047000   0.002400   0.033800   0.080800  -0.028600   0.035800 
209   0.012600   0.004600   0.026000   0.043800   0.035200   0.081600   0.113400   0.046200   0.000600   0.034600   0.078000  -0.030600   0.035800 
210   0.013000   0.004800   0.024600   0.044200   0.034400   0.081600   0.111800   0.044800  -0.000800   0.033200   0.076800  -0.030200   0.035600 
211   0.012200   0.004400   0.023600   0.043400   0.033600   0.082800   0.109800   0.042200  -0.002400   0.031200   0.078000  -0.030200   0.034600 
212   0.011600   0.003400   0.022600   0.043600   0.034400   0.083400   0.108800   0.042200  -0.002800   0.029200   0.076600  -0.031800   0.034200 
213   0.012200   0.002800   0.021800   0.043400   0.033400   0.083800   0.107200   0.041000  -0.003000   0.029800   0.077000  -0.032400   0.030800 
214   0.013200   0.003400   0.022400   0.042800   0.034400   0.084200   0.106600   0.040200  -0.004000   0.027800   0.078200  -0.033800   0.031600 
215   0.012400   0.001800   0.022000   0.043200   0.033600   0.081400   0.105200   0.038600  -0.006200   0.026600   0.076400  -0.033600   0.031800 
216   0.012600   0.002600   0.020400   0.043000   0.032600   0.081200   0.103200   0.037600  -0.007000   0.026600   0.073200  -0.034000   0.029600 
217   0.012000   0.000400   0.019800   0.041600   0.034800   0.082200   0.102800   0.037800  -0.006000   0.025400   0.072800  -0.035800   0.029000 
218   0.011800   0.001600   0.018000   0.041000   0.032600   0.082800   0.100200   0.037200  -0.007200   0.021600   0.070800  -0.036000   0.026600 
219   0.011400   0.000200   0.019600   0.039600   0.033400   0.082600   0.100600   0.035600  -0.004600   0.021200   0.069200  -0.035400   0.028200 
220   0.010800   0.001200   0.019000   0.040800   0.032000   0.080200   0.100400   0.033000  -0.005400   0.019000   0.068400  -0.036200   0.027600 
221   0.011400  -0.000000   0.017000   0.039200   0.031800   0.080400   0.098000   0.032800  -0.006000   0.018400   0.067400  -0.036000   0.024600 
222   0.010400  -0.000000   0.018000   0.038000   0.031200   0.080800   0.097400   0.032000  -0.005000   0.016000   0.067200  -0.036200   0.024800 
223   0.009200   0.000800   0.017200   0.035600   0.031400   0.080000   0.097400   0.030800  -0.006800   0.013000   0.066800  -0.033200   0.023400 
224   0.009200   0.000800   0.016800   0.033400   0.032200   0.079200   0.099000   0.029400  -0.006600   0.012200   0.064400  -0.034000   0.023800 
225   0.010000   0.000400   0.014800   0.032600   0.029200   0.078000   0.098200   0.028200  -0.006600   0.009000   0.065600  -0.033800   0.021600 
226   0.009800  -0.000400   0.014000   0.032600   0.028800   0.078800   0.096400   0.028000  -0.005600   0.008000   0.063200  -0.031200   0.020800 
227   0.009000   0.001200   0.015400   0.027400   0.029400   0.078000   0.095200   0.028000  -0.006600   0.004400   0.061600  -0.032800   0.019000 
228   0.008600   0.001200   0.014000   0.027400   0.028600   0.076200   0.096600   0.026400  -0.007400   0.004200   0.059200  -0.030600   0.019600 
229   0.006400   0.002800   0.014000   0.028600   0.031200   0.077400   0.096200   0.025200  -0.006600   0.001400   0.060400  -0.029600   0.020000 
230   0.007000   0.002000   0.012400   0.023600   0.029600   0.075800   0.097600   0.025800  -0.007600   0.003600   0.056600  -0.029600   0.018400 
231   0.006600   0.003200   0.014000   0.021800   0.027200   0.076000   0.095400   0.024800  -0.009800   0.001000   0.055000  -0.028600   0.017600 
232   0.005400   0.002800   0.012400   0.019000   0.026400   0.073200   0.094200   0.024000  -0.010000   0.000200   0.054400  -0.026600   0.018000 
233   0.004600   0.004000   0.012400   0.018000   0.025000   0.072200   0.093800   0.023200  -0.012000   0.000000   0.053400  -0.025000   0.016800 
234   0.004800   0.004600   0.012000   0.015000   0.026200   0.072400   0.094800   0.023600  -0.012400  -0.000800   0.053200  -0.025000   0.015600 
235   0.003600   0.004600   0.009600   0.012800   0.024000   0.073000   0.095000   0.022800  -0.013400  -0.002200   0.049200  -0.023400   0.013600 
236   0.002200   0.004000   0.008800   0.010800   0.023400   0.071000   0.094400   0.023600  -0.013200  -0.001800   0.048000  -0.023600   0.013000 
237   0.003400   0.003800   0.007400   0.009600   0.021400   0.071200   0.093200   0.022600  -0.014200  -0.003600   0.047800  -0.022200   0.011400 
238   0.002200   0.004800   0.007600   0.006400   0.023600   0.070400   0.093000   0.022400  -0.013800  -0.004600   0.049200  -0.019600   0.011200 
239   0.003000   0.004000   0.003800   0.005200   0.021800   0.070000   0.091600   0.022000  -0.013600  -0.005400   0.047600  -0.020600   0.010600 
240   0.002600   0.002600   0.004400   0.002200   0.019400   0.068800   0.092400   0.019200  -0.014200  -0.006200   0.046400  -0.021200   0.010400 
241   0.004200   0.002400   0.004000   0.001000   0.019000   0.069000   0.091600   0.018000  -0.014000  -0.006600   0.044200  -0.020600   0.010800 
242   0.001200   0.003600   0.002600   0.000600   0.018200   0.068800   0.090200   0.017000  -0.014000  -0.007800   0.043600  -0.020600   0.008400 
243   0.001200   0.002000   0.000400  -0.002200   0.017600   0.067200   0.089200   0.017600  -0.014000  -0.008600   0.042000  -0.021400   0.010400 
244   0.001000   0.002200   0.000000  -0.002800   0.014800   0.070000   0.088400   0.014400  -0.015000  -0.008800   0.040800  -0.021000   0.007800 
245   0.001600   0.003600   0.000000  -0.004000   0.014600   0.070200   0.087200   0.011000  -0.013800  -0.008800   0.040400  -0.022200   0.009400 
246   0.000400   0.002000  -0.003000  -0.007600   0.014000   0.070200   0.085000   0.008800  -0.013000  -0.009800   0.040600  -0.022000   0.010200 
247   0.000400   0.003600  -0.001200  -0.008200   0.013200   0.070400   0.083600   0.005600  -0.013600  -0.009200   0.039200  -0.023000   0.008400 
248   0.000600   0.003000  -0.004000  -0.010400   0.012400   0.070800   0.081200   0.003400  -0.013000  -0.011800   0.037800  -0.023200   0.009400 
249   0.000800   0.004200  -0.003400  -0.012400   0.011800   0.072000   0.079400   0.003200  -0.012800  -0.010000   0.036000  -0.022600   0.010600 
250   0.001200   0.004600  -0.003400  -0.013200   0.009000   0.070800   0.078800  -0.000400  -0.013400  -0.010400   0.035400  -0.023400   0.010400 
251   0.002000   0.003000  -0.005600  -0.013800   0.007000   0.069600   0.075800  -0.003400  -0.015400  -0.011000   0.034600  -0.023200   0.009400 
252   0.001800   0.004000  -0.006200  -0.015800   0.008200   0.071800   0.074800  -0.003400  -0.015000  -0.011600   0.035000  -0.024200   0.009600 
253   0.003600   0.004400  -0.005000  -0.017400   0.007000   0.072000   0.074600  -0.006200  -0.013800  -0.011600   0.034200  -0.025000   0.012200 
254   0.004000   0.003600  -0.008400  -0.018400   0.007200   0.072000   0.069800  -0.008000  -0.012600  -0.010000   0.033800  -0.023800   0.010800 
255   0.005200   0.004200  -0.008400  -0.020400   0.006000   0.071200   0.069800  -0.009800  -0.013200  -0.011200   0.034600  -0.022800   0.010400 
256   0.003000   0.003800  -0.008000  -0.021200   0.004400   0.072000   0.069000  -0.010400  -0.012600  -0.012800   0.032800  -0.023200   0.012200 
257   0.004200   0.004200  -0.010200  -0.022800   0.002000   0.073200   0.070000  -0.012400  -0.013200  -0.009800   0.033600  -0.022200   0.011000 
258   0.005200   0.002800  -0.009400  -0.023200   0.002000   0.072600   0.067600  -0.012800  -0.011200  -0.010000   0.034000  -0.021200   0.010200 
259   0.006800   0.003600  -0.009200  -0.023000   0.000600   0.072400   0.067400  -0.014400  -0.013400  -0.011000   0.033000  -0.020400   0.011400 
260   0.006600   0.004000  -0.009000  -0.022600  -0.000400   0.071200   0.065200  -0.017200  -0.011800  -0.010400   0.034600  -0.022000   0.011400 
261   0.008200   0.005800  -0.011000  -0.024000   0.000000   0.070200   0.065000  -0.017800  -0.010000  -0.011000   0.034400  -0.021800   0.012800 
262   0.008200   0.005800  -0.010600  -0.023000  -0.000600   0.068800   0.065200  -0.018600  -0.010800  -0.011200   0.036000  -0.022200   0.013600 
263   0.008200   0.004800  -0.010600  -0.024600  -0.001600   0.067800   0.062600  -0.018800  -0.009600  -0.012400   0.035800  -0.019800   0.014200 
264   0.005800   0.003200  -0.011600  -0.023800  -0.003600   0.069800   0.062400  -0.018600  -0.009600  -0.012400   0.035200  -0.019200   0.012800 
265   0.007400   0.003600  -0.011400  -0.022800  -0.003400   0.065600   0.061400  -0.019600  -0.009400  -0.013000   0.034200  -0.020000   0.013800 
266   0.006400   0.001000  -0.012800  -0.021400  -0.002800   0.065200   0.059800  -0.020000  -0.006800  -0.011600   0.033000  -0.018200   0.013800 
267   0.007400   0.003000  -0.013000  -0.021200  -0.002800   0.064800   0.060800  -0.021400  -0.007000  -0.012000   0.033800  -0.017800   0.014600 
268   0.008400   0.000600  -0.013800  -0.021400  -0.003000   0.061600   0.059200  -0.022600  -0.006200  -0.011200   0.033200  -0.018200   0.013000 
269   0.006200   0.000000  -0.013200  -0.018800  -0.003400   0.062600   0.058000  -0.022400  -0.007200  -0.013200   0.033400  -0.017400   0.014400 
270   0.003800  -0.001800  -0.015200  -0.019200  -0.004000   0.058800   0.056600  -0.024600  -0.007600  -0.013200   0.035400  -0.017000   0.013600 
271   0.006000  -0.002400  -0.014400  -0.019000  -0.003400   0.058400   0.055800  -0.025000  -0.006200  -0.012600   0.035400  -0.017000   0.014200 
272   0.008000  -0.004000  -0.013400  -0.017200  -0.003600   0.055800   0.053400  -0.026400  -0.006400  -0.015000   0.034400  -0.015600   0.013800 
273   0.008000  -0.004000  -0.014200  -0.017400  -0.004600   0.055200   0.052000  -0.027800  -0.004800  -0.014400   0.034200  -0.017000   0.013400 
274   0.009200  -0.003800  -0.014200  -0.017200  -0.004200   0.054800   0.050200  -0.027600  -0.005000  -0.012600   0.034200  -0.016800   0.015000 
275   0.008400  -0.003600  -0.014400  -0.016600  -0.003600   0.053000   0.047000  -0.030600  -0.003000  -0.015200   0.034400  -0.017600   0.014000 
276   0.008600  -0.004400  -0.013600  -0.017400  -0.002400   0.052000   0.047400  -0.030600  -0.003000  -0.015400   0.035000  -0.017600   0.014800 
277   0.008800  -0.004600  -0.012600  -0.015000  -0.001400   0.051600   0.047000  -0.031800  -0.002200  -0.015400   0.034000  -0.018600   0.016200 
278   0.009600  -0.004200  -0.012200  -0.014400  -0.002400   0.049800   0.045200  -0.033000  -0.002000  -0.014800   0.033600  -0.020000   0.017000 
279   0.009200  -0.005000  -0.013000  -0.014400  -0.001000   0.048200   0.044000  -0.034400  -0.000600  -0.016400   0.033000  -0.019800   0.016600 
280   0.008800  -0.006400  -0.013200  -0.013200  -0.000800   0.046600   0.043800  -0.035000  -0.001400  -0.017600   0.032400  -0.020200   0.017600 
281   0.008400  -0.004800  -0.012800  -0.011200   0.000800   0.045400   0.041800  -0.036600   0.000400  -0.017800   0.032600  -0.022000   0.017800 
282   0.008800  -0.002600  -0.011600  -0.011600  -0.000400   0.045600   0.042200  -0.038600   0.000400  -0.019000   0.031000  -0.021800   0.017800 
283   0.007600  -0.002400  -0.012800  -0.011600   0.000600   0.043000   0.041800  -0.039800  -0.002200  -0.018000   0.031000  -0.024600   0.019000 
284   0.008600  -0.003400  -0.013200  -0.010800   0.003600   0.042800   0.040800  -0.042000  -0.003200  -0.019600   0.029400  -0.022400   0.018400 
285   0.008400  -0.003200  -0.012800  -0.007800   0.003600   0.040200   0.039000  -0.039800  -0.002400  -0.018400   0.028600  -0.024200   0.018800 
286   0.008200  -0.002400  -0.011600  -0.008000   0.004600   0.040000   0.038200  -0.040400  -0.002400  -0.019800   0.028200  -0.025600   0.019800 
287   0.007600  -0.002000  -0.011600  -0.006800   0.008000   0.037800   0.037600  -0.040000  -0.002800  -0.021200   0.028800  -0.025800   0.022400 
288   0.007200  -0.002600  -0.012600  -0.008000   0.007600   0.036400   0.037400  -0.040400  -0.001400  -0.021600   0.026000  -0.026600   0.022600 
289   0.007000  -0.002200  -0.012400  -0.006600   0.009400   0.033600   0.035000  -0.041200  -0.003200  -0.024400   0.024000  -0.027000   0.023600 
290   0.006200  -0.003200  -0.013000  -0.005400   0.009400   0.033000   0.034000  -0.041400  -0.003000  -0.025400   0.025000  -0.025800   0.020800 
291   0.007200  -0.003200  -0.013800  -0.004800   0.009800   0.031200   0.035400  -0.041200  -0.003800  -0.026200   0.023400  -0.026800   0.023000 
292   0.005800  -0.004000  -0.012800  -0.004600   0.010000   0.030800   0.034200  -0.042600  -0.003400  -0.025400   0.025200  -0.028600   0.023600 
293   0.005800  -0.004000  -0.013400  -0.004400   0.010800   0.029600   0.033600  -0.043200  -0.002200  -0.028000   0.024000  -0.028200   0.025800 
294   0.005600  -0.002800  -0.012400  -0.004200   0.010200   0.027800   0.032600  -0.043200  -0.001800  -0.028000   0.023800  -0.029600   0.026800 
295   0.004800  -0.002800  -0.010400  -0.004200   0.011200   0.028200   0.032200  -0.044000  -0.002600  -0.028600   0.024200  -0.029400   0.027600 
296   0.003400  -0.003800  -0.011000  -0.002000   0.010800   0.026800   0.031800  -0.043600  -0.002000  -0.029400   0.023800  -0.031200   0.029400 
297   0.003200  -0.004200  -0.010800  -0.001600   0.013400   0.026600   0.031800  -0.043000  -0.001800  -0.029200   0.023800  -0.033200   0.028200 
298   0.001200  -0.003800  -0.010200  -0.001400   0.011800   0.026000   0.029600  -0.044000  -0.000200  -0.029600   0.022800  -0.031600   0.028200 
299  -0.000400  -0.003600  -0.010200  -0.000200   0.012000   0.024200   0.031400  -0.044000   0.000600  -0.029800   0.022400  -0.033400   0.030000 
300   0.000200  -0.004000  -0.012200  -0.000200   0.011000   0.022200   0.031400  -0.045200   0.001000  -0.027800   0.022600  -0.032800   0.029800 
301   0.000200  -0.002000  -0.013600  -0.000400   0.011400   0.021600   0.030200  -0.046000   0.001200  -0.028200   0.023000  -0.033800   0.030600 
302   0.000800  -0.005400  -0.012400  -0.000400   0.011000   0.023000   0.031400  -0.045800   0.003200  -0.028400   0.023800  -0.033800   0.030600 
303   0.000000  -0.006400  -0.014000   0.000000   0.010000   0.022800   0.030600  -0.045200   0.002400  -0.027200   0.022800  -0.035400   0.031000 
304  -0.000400  -0.007200  -0.013000  -0.000600   0.012200   0.021200   0.031000  -0.045800   0.002400  -0.027400   0.022400  -0.036800   0.030800 
305  -0.000600  -0.009400  -0.014800   0.001400   0.009800   0.020800   0.030400  -0.045800   0.002200  -0.026200   0.020200  -0.037200   0.030400 
306  -0.001600  -0.008000  -0.014200   0.002400   0.009200   0.022000   0.030400  -0.046400   0.003400  -0.025600   0.020400  -0.039000   0.030200 
307  -0.003200  -0.009600  -0.015000   0.001000   0.008400   0.021800   0.030600  -0.045400   0.002800  -0.024400   0.020000  -0.038400   0.030600 
308  -0.003600  -0.011600  -0.015400   0.002200   0.008600   0.020600   0.029800  -0.046400   0.002600  -0.024200   0.018600  -0.040600   0.031000 
309  -0.004200  -0.013600  -0.015800   0.002600   0.007400   0.019000   0.030000  -0.046200   0.004400  -0.024600   0.019200  -0.040400   0.030200 
310  -0.004600  -0.013600  -0.015000   0.004400   0.007000   0.018600   0.030000  -0.046600   0.002400  -0.022600   0.018800  -0.041400   0.030400 
311  -0.004400  -0.014200  -0.016800   0.005200   0.008000   0.019000   0.029600  -0.045600   0.004000  -0.022200   0.019600  -0.043600   0.030800 
312  -0.005000  -0.014400  -0.019600   0.004400   0.009200   0.019400   0.029800  -0.046400   0.004000  -0.021200   0.018600  -0.044000   0.030800 
313  -0.005600  -0.016000  -0.020000   0.006400   0.009400   0.020600   0.030800  -0.045800   0.004400  -0.021400   0.019800  -0.043800   0.029400 
314  -0.006400  -0.016600  -0.019800   0.004600   0.009800   0.019400   0.030800  -0.047400   0.002800  -0.020200   0.022000  -0.044600   0.027800 
315  -0.007200  -0.018200  -0.019800   0.005400   0.010600   0.019000   0.029000  -0.047000   0.003200  -0.019800   0.022200  -0.044800   0.029400 
316  -0.007200  -0.018400  -0.023000   0.005800   0.011000   0.019000   0.028400  -0.046800   0.005200  -0.018200   0.022600  -0.044000   0.029000 
317  -0.008400  -0.018400  -0.023200   0.004200   0.012000   0.018600   0.029200  -0.045800   0.005600  -0.020000   0.025800  -0.044200   0.027400 
318  -0.010600  -0.020200  -0.024400   0.003800   0.014200   0.018800   0.029000  -0.044400   0.006000  -0.018800   0.025800  -0.044600   0.029400 
319  -0.012600  -0.020000  -0.026000   0.004200   0.014000   0.018600   0.029000  -0.046200   0.004800  -0.017600   0.026000  -0.045800   0.029600 
320  -0.013600  -0.021600  -0.026000   0.001200   0.014400   0.018400   0.030400  -0.044600   0.003600  -0.019600   0.027800  -0.046200   0.027800 
321  -0.014800  -0.022800  -0.028000   0.000800   0.014600   0.019400   0.029600  -0.045800   0.005800  -0.018800   0.029400  -0.046400   0.029200 
322  -0.016000  -0.023200  -0.027400   0.000200   0.015400   0.016600   0.029200  -0.045400   0.005600  -0.019000   0.029800  -0.047000   0.028000 
323  -0.016000  -0.023400  -0.029400  -0.001600   0.014600   0.017600   0.029200  -0.044600   0.005800  -0.019400   0.031400  -0.047400   0.029000 
324  -0.016200  -0.025200  -0.030000  -0.002200   0.013600   0.017800   0.030600  -0.045000   0.003800  -0.018400   0.032600  -0.047200   0.028200 
325  -0.018600  -0.025800  -0.030600  -0.002600   0.014200   0.018600   0.029600  -0.045400   0.003800  -0.018400   0.035200  -0.048800   0.029800 
326  -0.019800  -0.027400  -0.031600  -0.002600   0.014000   0.015000   0.029400  -0.043400   0.002800  -0.017600   0.036800  -0.051800   0.029200 
327  -0.022400  -0.026600  -0.031400  -0.002200   0.014000   0.015400   0.028800  -0.044000   0.001200  -0.016800   0.035600  -0.051400   0.029600 
328  -0.023600  -0.027400  -0.031800  -0.003000   0.013200   0.014200   0.029600  -0.043600   0.001000  -0.017200   0.036200  -0.053200   0.030600 
329  -0.026400  -0.030000  -0.034000  -0.003800   0.014400   0.012600   0.030600  -0.042400   0.001200  -0.015200   0.036400  -0.055000   0.032000 
330  -0.027800  -0.030600  -0.032800  -0.004400   0.015600   0.012200   0.030200  -0.043000   0.001200  -0.014000   0.035400  -0.056600   0.032400 
331  -0.028800  -0.032800  -0.033000  -0.005200   0.015000   0.011400   0.030600  -0.042200   0.000600  -0.013000   0.036600  -0.058000   0.032400 
332  -0.029800  -0.032000  -0.034800  -0.005800   0.016200   0.009200   0.028000  -0.041800  -0.000600  -0.012600   0.035200  -0.057000   0.032600 
333  -0.032200  -0.034600  -0.036000  -0.007400   0.016800   0.009600   0.027200  -0.042200  -0.000200  -0.011000   0.036400  -0.059000   0.031800 
334  -0.034200  -0.035200  -0.035800  -0.008400   0.018400   0.009000   0.027200  -0.040200   0.000600  -0.010800   0.038600  -0.060800   0.033400 
335  -0.033400  -0.039200  -0.036200  -0.008400   0.017600   0.008600   0.027000  -0.040800  -0.000800  -0.012000   0.037600  -0.061400   0.036000 
336  -0.036200  -0.041800  -0.038800  -0.010600   0.018000   0.006800   0.026000  -0.040400  -0.000800  -0.011000   0.038200  -0.062200   0.034200 
337  -0.038400  -0.040800  -0.038000  -0.011600   0.017600   0.006400   0.025600  -0.038800  -0.001800  -0.012400   0.038600  -0.062600   0.035800 
338  -0.040800  -0.042800  -0.038400  -0.010400   0.017800   0.004400   0.025200  -0.039200  -0.001000  -0.009600   0.041200  -0.063600   0.034200 
339  -0.041800  -0.047800  -0.039600  -0.013800   0.016400   0.004400   0.025000  -0.038000  -0.001200  -0.009000   0.040600  -0.063800   0.031200 
340  -0.042400  -0.048400  -0.039200  -0.014600   0.015800   0.003200   0.023200  -0.036600  -0.000800  -0.008000   0.043400  -0.065200   0.033400 
341  -0.043000  -0.049000  -0.040400  -0.014400   0.016000   0.002000   0.022400  -0.036000  -0.001800  -0.005800   0.043600  -0.064200   0.031600 
342  -0.044400  -0.050200  -0.041200  -0.014600   0.016000   0.002200   0.023000  -0.035000  -0.002200  -0.005600   0.043400  -0.066200   0.031400 
343  -0.045600  -0.052400  -0.042000  -0.015800   0.016000   0.002400   0.019800  -0.035000  -0.000800  -0.004400   0.045400  -0.066600   0.032200 
344  -0.048400  -0.053400  -0.043600  -0.015200   0.016200  -0.000200   0.019800  -0.035600  -0.003200  -0.004400   0.045600  -0.066600   0.033200 
345  -0.049000  -0.053800  -0.045600  -0.018800   0.016000  -0.001400   0.019000  -0.034200  -0.002800  -0.003400   0.045600  -0.066800   0.033800 
346  -0.049000  -0.057600  -0.047600  -0.018400   0.015600  -0.004800   0.018800  -0.036200  -0.004200  -0.002600   0.046200  -0.066600   0.034800 
347  -0.052400  -0.057400  -0.050400  -0.019200   0.015600  -0.007600   0.017800  -0.035800  -0.005200  -0.002400   0.046800  -0.067000   0.033400 
348  -0.053200  -0.057200  -0.050600  -0.021200   0.013800  -0.006600   0.016800  -0.034600  -0.005400  -0.002400   0.047600  -0.067200   0.033400 
349  -0.054000  -0.057200  -0.053200  -0.022400   0.012800  -0.009000   0.015000  -0.034200  -0.004600  -0.002400   0.048600  -0.065000   0.034200 
350  -0.054800  -0.058200  -0.055200  -0.024000   0.013600  -0.009200   0.015800  -0.035800  -0.005400  -0.003200   0.047400  -0.066600   0.034600 
351  -0.055000  -0.058800  -0.056000  -0.024800   0.012200  -0.011000   0.014800  -0.035600  -0.005800  -0.002800   0.047200  -0.066200   0.035600 
352  -0.054200  -0.060200  -0.056600  -0.023600   0.012600  -0.011000   0.013600  -0.035400  -0.005200  -0.002200   0.047800  -0.065800   0.035800 
353  -0.054600  -0.060800  -0.057000  -0.025400   0.012600  -0.013200   0.014000  -0.036400  -0.006600  -0.000600   0.047000  -0.064800   0.035800 
354  -0.054400  -0.060200  -0.060400  -0.026000   0.009400  -0.014200   0.012200  -0.038600  -0.007200   0.000000   0.048000  -0.066000   0.035400 
355  -0.054600  -0.060400  -0.060000  -0.026600   0.010400  -0.015600   0.012600  -0.038600  -0.007400  -0.001600   0.047800  -0.066400   0.035200 
356  -0.053800  -0.059200  -0.061200  -0.028200   0.009400  -0.016000   0.010800  -0.038200  -0.005800  -0.001600   0.048600  -0.065400   0.034000 
357  -0.053000  -0.061200  -0.062800  -0.028400   0.009200  -0.015600   0.010400  -0.039600  -0.005800  -0.002200   0.050600  -0.066000   0.036200 
358  -0.054000  -0.061000  -0.063200  -0.031400   0.008000  -0.015400   0.010800  -0.039400  -0.007000  -0.003800   0.050000  -0.065200   0.035200 
359  -0.053000  -0.061800  -0.065200  -0.032200   0.004800  -0.016600   0.008600  -0.039800  -0.007800  -0.003600   0.050400  -0.064200   0.033800 
360  -0.053800  -0.062800  -0.066000  -0.033000   0.003000  -0.017800   0.007800  -0.041000  -0.010200  -0.005000   0.049600  -0.063400   0.035200 
361  -0.053600  -0.062800  -0.067200  -0.033800   0.003200  -0.019400   0.007800  -0.041600  -0.011400  -0.004400   0.052600  -0.065200   0.035800 
362  -0.055000  -0.062800  -0.067000  -0.033800   0.001800  -0.020400   0.008000  -0.041000  -0.010800  -0.004400   0.051800  -0.063600   0.034200 
363  -0.056200  -0.063600  -0.068200  -0.035000  -0.001200  -0.022400   0.006800  -0.042800  -0.011000  -0.004800   0.053200  -0.063000   0.034200 
364  -0.056000  -0.063600  -0.068400  -0.035200  -0.001800  -0.025200   0.004000  -0.042200  -0.011600  -0.006000   0.051000  -0.062800   0.034600 
365  -0.056000  -0.063600  -0.069000  -0.035800  -0.003400  -0.025200   0.005000  -0.042800  -0.011600  -0.005800   0.052600  -0.062000   0.035200 
366  -0.057200  -0.064800  -0.069200  -0.036400  -0.006400  -0.027800   0.005200  -0.043200  -0.012200  -0.007000   0.054600  -0.063200   0.034000 
367  -0.057800  -0.064800  -0.070200  -0.035400  -0.007400  -0.029600   0.002600  -0.042600  -0.014400  -0.007600   0.053400  -0.063600   0.035200 
368  -0.058800  -0.064000  -0.069200  -0.036400  -0.010600  -0.031600   0.002600  -0.043200  -0.016400  -0.008400   0.053000  -0.062600   0.034200 
369  -0.058200  -0.065000  -0.070400  -0.037800  -0.015600  -0.033600   0.001800  -0.042600  -0.016600  -0.008800   0.054000  -0.062000   0.036000 
370  -0.059000  -0.063200  -0.070400  -0.039000  -0.015200  -0.036600  -0.000000  -0.042000  -0.016000  -0.009800   0.052000  -0.060600   0.035000 
371  -0.060000  -0.064000  -0.071000  -0.039200  -0.019200  -0.036400  -0.001400  -0.044200  -0.017400  -0.010200   0.051600  -0.061400   0.035000 
372  -0.060400  -0.063000  -0.071600  -0.037400  -0.022600  -0.037600  -0.001400  -0.042000  -0.017400  -0.010800   0.050800  -0.061200   0.035200 
373  -0.060600  -0.063600  -0.071400  -0.039000  -0.024000  -0.040600  -0.003200  -0.042200  -0.016800  -0.012200   0.050200  -0.061200   0.036400 
374  -0.060800  -0.063600  -0.072200  -0.040400  -0.028400  -0.040600  -0.004800  -0.041400  -0.017800  -0.013000   0.051200  -0.060400   0.036000 
375  -0.063200  -0.064800  -0.073200  -0.041000  -0.030400  -0.044000  -0.005600  -0.041200  -0.016000  -0.013400   0.050000  -0.061000   0.035600 
376  -0.064000  -0.065000  -0.072600  -0.039800  -0.032400  -0.045400  -0.006800  -0.040000  -0.017000  -0.014000   0.049400  -0.060600   0.033800 
377  -0.065400  -0.065000  -0.074200  -0.039200  -0.035200  -0.046000  -0.007600  -0.038600  -0.015800  -0.013400   0.047400  -0.061000   0.035800 
378  -0.067600  -0.067000  -0.074600  -0.040600  -0.038000  -0.047800  -0.009000  -0.038000  -0.013400  -0.012200   0.047600  -0.060800   0.033000 
379  -0.065600  -0.067200  -0.074800  -0.040000  -0.039400  -0.047000  -0.009200  -0.036800  -0.012800  -0.013200   0.048200  -0.059400   0.035200 
380  -0.067800  -0.069000  -0.075200  -0.039400  -0.041600  -0.050200  -0.010200  -0.036000  -0.012400  -0.014000   0.047800  -0.059800   0.035200 
381  -0.068400  -0.070800  -0.075800  -0.041200  -0.044000  -0.048400  -0.010200  -0.035800  -0.013400  -0.014600   0.044000  -0.059800   0.034800 
382  -0.069400  -0.070600  -0.076400  -0.040400  -0.046000  -0.050800  -0.009400  -0.035000  -0.012600  -0.017200   0.044600  -0.058600   0.034000 
383  -0.071000  -0.072200  -0.076200  -0.039200  -0.048400  -0.050400  -0.012600  -0.034600  -0.014000  -0.017600   0.043800  -0.056400   0.035800 
384  -0.073000  -0.072600  -0.077200  -0.040600  -0.051400  -0.052000  -0.012600  -0.034600  -0.012600  -0.017800   0.043600  -0.056600   0.035400 
385  -0.073400  -0.074400  -0.077800  -0.040000  -0.052400  -0.051600  -0.011800  -0.033600  -0.011600  -0.018600   0.041800  -0.056000   0.036200 
386  -0.073400  -0.074000  -0.078200  -0.039800  -0.056400  -0.054200  -0.012800  -0.034000  -0.012800  -0.019200   0.042200  -0.054200   0.035400 
387  -0.074800  -0.075600  -0.077600  -0.040600  -0.057400  -0.055000  -0.012000  -0.032800  -0.012400  -0.021000   0.043200  -0.056000   0.035600 
388  -0.076600  -0.075600  -0.078800  -0.041400  -0.058800  -0.056800  -0.010800  -0.031600  -0.010200  -0.022400   0.043400  -0.054800   0.034800 
389  -0.079400  -0.077400  -0.078000  -0.042200  -0.061800  -0.057600  -0.012800  -0.030600  -0.011000  -0.022200   0.041200  -0.054800   0.034800 
390  -0.079800  -0.079600  -0.077400  -0.044000  -0.062600  -0.058200  -0.013400  -0.033400  -0.011000  -0.023000   0.040000  -0.053800   0.033800 
391  -0.080600  -0.082400  -0.077200  -0.042800  -0.063600  -0.059200  -0.013400  -0.033000  -0.012000  -0.023200   0.041200  -0.053800   0.034000 
392  -0.082000  -0.081600  -0.080000  -0.043600  -0.064600  -0.058800  -0.015000  -0.033400  -0.012800  -0.025000   0.039400  -0.054400   0.032200 
393  -0.084000  -0.083000  -0.078400  -0.044400  -0.064800  -0.062000  -0.016400  -0.033600  -0.011400  -0.025600   0.037800  -0.054600   0.032000 
394  -0.085800  -0.083800  -0.079200  -0.044200  -0.066600  -0.063800  -0.016200  -0.034000  -0.010400  -0.028800   0.036000  -0.053800   0.032000 
395  -0.086600  -0.086600  -0.079800  -0.045800  -0.068400  -0.064600  -0.017000  -0.034000  -0.010000  -0.029600   0.036800  -0.054800   0.030000 
396  -0.086200  -0.088400  -0.081200  -0.046400  -0.068600  -0.064800  -0.017800  -0.035200  -0.010600  -0.030200   0.035800  -0.055000   0.028800 
397  -0.086800  -0.088200  -0.079600  -0.047600  -0.069600  -0.065600  -0.018800  -0.033400  -0.009400  -0.032200   0.035200  -0.056000   0.029400 
398  -0.087600  -0.089400  -0.082000  -0.049800  -0.071600  -0.066200  -0.020400  -0.033600  -0.008000  -0.033600   0.034400  -0.055600   0.028200 
399  -0.089200  -0.091800  -0.081800  -0.050000  -0.070800  -0.069000  -0.022200  -0.034000  -0.005400  -0.034400   0.033600  -0.056000   0.028200 
400  -0.088400  -0.092400  -0.084000  -0.050600  -0.073200  -0.068800  -0.024200  -0.035400  -0.004000  -0.036000   0.031800  -0.056800   0.026600 
401  -0.089600  -0.092800  -0.086600  -0.053600  -0.072400  -0.071400  -0.026400  -0.034200  -0.003800  -0.038600   0.033200  -0.057400   0.024600 
402  -0.088600  -0.095800  -0.085400  -0.053400  -0.074600  -0.070600  -0.026800  -0.036000  -0.003400  -0.039200   0.031000  -0.058800   0.025400 
403  -0.089800  -0.096600  -0.088400  -0.055400  -0.073800  -0.071600  -0.027600  -0.035400  -0.003200  -0.038400   0.029000  -0.059800   0.024000 
404  -0.091800  -0.096200  -0.088400  -0.057000  -0.075600  -0.073400  -0.029000  -0.036000  -0.001400  -0.039200   0.030000  -0.058400   0.025400 
405  -0.092200  -0.097200  -0.090000  -0.058200  -0.076400  -0.072400  -0.030600  -0.037200  -0.000200  -0.041000   0.029200  -0.060000   0.024000 
406  -0.093600  -0.099000  -0.091000  -0.059400  -0.079200  -0.073200  -0.031400  -0.036600  -0.000800  -0.044000   0.028200  -0.061000   0.023800 
407  -0.094000  -0.098800  -0.092200  -0.061000  -0.079000  -0.073200  -0.032800  -0.038400   0.000600  -0.042600   0.027400  -0.062000   0.022000 
408  -0.095000  -0.098600  -0.092600  -0.062400  -0.080000  -0.074800  -0.035000  -0.038400  -0.000000  -0.043600   0.026200  -0.060400   0.023000 
409  -0.095000  -0.098800  -0.093600  -0.064000  -0.080000  -0.074600  -0.035800  -0.039000   0.000200  -0.045800   0.028200  -0.059000   0.024600 
410  -0.096600  -0.099200  -0.094200  -0.066000  -0.081200  -0.071800  -0.036400  -0.040200   0.000400  -0.047200   0.026800  -0.060000   0.025600 
411  -0.094800  -0.099800  -0.095000  -0.066000  -0.083200  -0.072800  -0.037400  -0.041000  -0.000800  -0.049400   0.026200  -0.059400   0.025400 
412  -0.097600  -0.101800  -0.095800  -0.068800  -0.084200  -0.072200  -0.038000  -0.040000  -0.000800  -0.051000   0.026000  -0.060000   0.025000 
413  -0.096000  -0.102200  -0.099000  -0.068400  -0.083200  -0.071200  -0.042800  -0.042200  -0.002000  -0.051200   0.024800  -0.060400   0.022800 
414  -0.096600  -0.102800  -0.101000  -0.068400  -0.084200  -0.070800  -0.043200  -0.040400  -0.002000  -0.054600   0.025200  -0.059800   0.024400 
415  -0.097600  -0.103800  -0.102200  -0.071800  -0.084400  -0.071400  -0.045400  -0.042600  -0.003400  -0.055600   0.022400  -0.059600   0.023200 
416  -0.097400  -0.105000  -0.103800  -0.071000  -0.085200  -0.072200  -0.048600  -0.042000  -0.003800  -0.056800   0.023400  -0.059000   0.022200 
417  -0.098400  -0.105400  -0.106600  -0.074000  -0.084200  -0.071200  -0.048400  -0.043200  -0.004600  -0.056800   0.022400  -0.058400   0.022600 
418  -0.098600  -0.107000  -0.108600  -0.073800  -0.082200  -0.072400  -0.052600  -0.041400  -0.003600  -0.057200   0.023400  -0.057800   0.020600 
419  -0.100400  -0.106400  -0.109800  -0.075200  -0.081000  -0.072200  -0.053000  -0.041600  -0.006200  -0.058200   0.024800  -0.059200   0.020800 
420  -0.099200  -0.105400  -0.109800  -0.078400  -0.082200  -0.072200  -0.055400  -0.043000  -0.007200  -0.057200   0.023200  -0.058800   0.022400 
421  -0.100400  -0.106000  -0.110800  -0.079800  -0.081800  -0.073600  -0.057600  -0.043400  -0.007200  -0.058200   0.024400  -0.057000   0.020200 
422  -0.100400  -0.105000  -0.114000  -0.081200  -0.083400  -0.073400  -0.059000  -0.042200  -0.007400  -0.058000   0.023000  -0.058600   0.021400 
423  -0.100800  -0.104400  -0.115000  -0.082800  -0.081800  -0.075800  -0.061200  -0.043000  -0.006400  -0.058400   0.023400  -0.056200   0.021200 
424  -0.101400  -0.103200  -0.115200  -0.085600  -0.082800  -0.076400  -0.064000  -0.041400  -0.008400  -0.058400   0.019800  -0.058000   0.019600 
425  -0.101400  -0.104200  -0.117800  -0.087600  -0.081000  -0.075800  -0.065800  -0.042000  -0.008000  -0.057000   0.021400  -0.057600   0.019800 
426  -0.102800  -0.103000  -0.117200  -0.086600  -0.080800  -0.077800  -0.069600  -0.041200  -0.007200  -0.059000   0.020600  -0.058800   0.019800 
427  -0.102600  -0.101000  -0.119000  -0.088800  -0.079200  -0.077400  -0.071600  -0.041000  -0.005000  -0.057200   0.021600  -0.057800   0.020800 
428  -0.103600  -0.101200  -0.120400  -0.089000  -0.080000  -0.077400  -0.073200  -0.039400  -0.005600  -0.059000   0.021400  -0.056800   0.020600 
429  -0.102800  -0.100400  -0.120200  -0.091000  -0.079000  -0.078000  -0.075600  -0.039000  -0.005800  -0.058800   0.020800  -0.056200   0.019800 
430  -0.102200  -0.100400  -0.120800  -0.092000  -0.077800  -0.078000  -0.077400  -0.036200  -0.004800  -0.059400   0.021200  -0.053600   0.019600 
431  -0.102800  -0.101000  -0.121000  -0.092800  -0.077000  -0.079800  -0.079800  -0.035600  -0.006400  -0.057800   0.021400  -0.052600   0.019400 
432  -0.102600  -0.099200  -0.121600  -0.094800  -0.076200  -0.081400  -0.083200  -0.035400  -0.005400  -0.057600   0.022600  -0.052400   0.018000 
433  -0.100600  -0.099400  -0.121800  -0.094800  -0.075400  -0.082200  -0.083400  -0.034800  -0.005000  -0.057400   0.021000  -0.051000   0.017800 
434  -0.101200  -0.098800  -0.121600  -0.095200  -0.073000  -0.080600  -0.085600  -0.033000  -0.002800  -0.056200   0.022800  -0.051800   0.016200 
435  -0.101200  -0.098400  -0.122200  -0.095800  -0.073400  -0.083000  -0.087600  -0.032400  -0.002400  -0.055200   0.024000  -0.050400   0.015000 
436  -0.102400  -0.097400  -0.122400  -0.096600  -0.073400  -0.082600  -0.088000  -0.030800  -0.003000  -0.054800   0.022000  -0.048200   0.012800 
437  -0.101600  -0.096400  -0.123800  -0.097600  -0.073400  -0.084800  -0.090600  -0.029000  -0.004000  -0.056200   0.022800  -0.048400   0.013200 
438  -0.101400  -0.095200  -0.124200  -0.098000  -0.070800  -0.084200  -0.092600  -0.026800  -0.001600  -0.055400   0.021200  -0.047400   0.012000 
439  -0.101200  -0.094200  -0.123200  -0.096200  -0.069400  -0.085800  -0.094400  -0.025400  -0.002000  -0.054400   0.020600  -0.046800   0.010800 
440  -0.103400  -0.095800  -0.123800  -0.096600  -0.068200  -0.087400  -0.096600  -0.024200  -0.002200  -0.052200   0.019400  -0.046400   0.009000 
441  -0.103000  -0.094600  -0.125400  -0.098200  -0.067400  -0.088000  -0.097400  -0.021800  -0.000600  -0.050400   0.020200  -0.046200   0.009200 
442  -0.102600  -0.094000  -0.126200  -0.097800  -0.069200  -0.090600  -0.100400  -0.021000   0.000800  -0.049600   0.019000  -0.044400   0.007000 
443  -0.103400  -0.093000  -0.127000  -0.098800  -0.067600  -0.088800  -0.100400  -0.020000   0.002000  -0.048200   0.018400  -0.044000   0.005000 
444  -0.101800  -0.093400  -0.125800  -0.099200  -0.069000  -0.089800  -0.102000  -0.017800   0.003400  -0.047000   0.019400  -0.041200   0.004800 
445  -0.103800  -0.093000  -0.126000  -0.100400  -0.071000  -0.092000  -0.102200  -0.017600   0.005800  -0.045400   0.016600  -0.040200   0.005000 
446  -0.104800  -0.092200  -0.125400  -0.100800  -0.069800  -0.093000  -0.103400  -0.015800   0.005800  -0.043800   0.017400  -0.037400   0.003400 
447  -0.103600  -0.092800  -0.125800  -0.101600  -0.070800  -0.094400  -0.105600  -0.014200   0.007200  -0.041000   0.017000  -0.037400   0.003200 
448  -0.103800  -0.093200  -0.124600  -0.102400  -0.071200  -0.095800  -0.108000  -0.014600   0.007800  -0.039200   0.015600  -0.036000   0.005200 
449  -0.103600  -0.093200  -0.125800  -0.103600  -0.071400  -0.097600  -0.109200  -0.012400   0.010800  -0.037800   0.015400  -0.035400   0.003800 
450  -0.104200  -0.092600  -0.124400  -0.103800  -0.072200  -0.097600  -0.112400  -0.012600   0.012000  -0.036000   0.014600  -0.034200   0.001600 
451  -0.103200  -0.093800  -0.125600  -0.104000  -0.071600  -0.098000  -0.113400  -0.010800   0.013000  -0.033600   0.014800  -0.033600   0.001400 
452  -0.103400  -0.092800  -0.123600  -0.104000  -0.072800  -0.099800  -0.115000  -0.011600   0.012800  -0.033200   0.014800  -0.032800  -0.000600 
453  -0.103600  -0.093400  -0.125200  -0.103800  -0.072600  -0.099800  -0.117600  -0.010000   0.013000  -0.034200   0.014800  -0.032000  -0.002400 
454  -0.103400  -0.092600  -0.126000  -0.104000  -0.071400  -0.102000  -0.118800  -0.009400   0.014000  -0.031200   0.014800  -0.031000  -0.001800 
455  -0.105000  -0.093200  -0.123000  -0.102000  -0.074000  -0.103200  -0.121000  -0.008200   0.014800  -0.029800   0.016200  -0.032600  -0.001600 
456  -0.104400  -0.093600  -0.123800  -0.104000  -0.073800  -0.104400  -0.123400  -0.008200   0.016200  -0.028400   0.017400  -0.031000  -0.001600 
457  -0.104800  -0.093200  -0.124600  -0.102200  -0.075600  -0.104800  -0.125200  -0.007000   0.015800  -0.027400   0.018800  -0.031800  -0.001400 
458  -0.106000  -0.095400  -0.122000  -0.102800  -0.075200  -0.106400  -0.128200  -0.005800   0.017600  -0.025400   0.018600  -0.031800  -0.003600 
459  -0.105600  -0.095000  -0.123400  -0.103200  -0.075000  -0.106400  -0.130800  -0.006000   0.019800  -0.023000   0.020800  -0.031400  -0.001800 
460  -0.106000  -0.094800  -0.122400  -0.104000  -0.077000  -0.107200  -0.134800  -0.005000   0.021000  -0.022400   0.022200  -0.029400  -0.003400 
461  -0.105800  -0.094200  -0.122400  -0.104200  -0.074400  -0.106600  -0.137000  -0.002200   0.022000  -0.020800   0.023400  -0.027800  -0.004400 
462  -0.107200  -0.094800  -0.123400  -0.103800  -0.075600  -0.108600  -0.137200  -0.002600   0.024200  -0.019400   0.023000  -0.026600  -0.003200 
463  -0.107400  -0.094400  -0.124000  -0.103000  -0.076000  -0.108000  -0.140400   0.000200   0.024200  -0.019000   0.023800  -0.024800  -0.002800 
464  -0.107800  -0.092400  -0.122000  -0.105600  -0.075400  -0.108000  -0.144200   0.000800   0.025000  -0.018400   0.026000  -0.023800  -0.002400 
465  -0.108600  -0.091800  -0.123200  -0.103600  -0.076000  -0.108400  -0.143600   0.001400   0.026800  -0.017000   0.027200  -0.021600  -0.000600 
466  -0.107600  -0.090200  -0.122600  -0.106200  -0.076200  -0.108000  -0.144400   0.002600   0.026800  -0.017000   0.029200  -0.019200  -0.001200 
467  -0.109800  -0.092000  -0.121000  -0.108400  -0.076400  -0.106800  -0.146000   0.002600   0.029000  -0.014400   0.030800  -0.018600   0.000400 
468  -0.111000  -0.092600  -0.123800  -0.107200  -0.073000  -0.107400  -0.147800   0.004200   0.030600  -0.012000   0.033200  -0.017600  -0.000600 
469  -0.110800  -0.092600  -0.122400  -0.109200  -0.073600  -0.107800  -0.148400   0.005200   0.031000  -0.013000   0.034600  -0.018800   0.000600 
470  -0.109800  -0.091000  -0.123400  -0.109600  -0.072200  -0.105400  -0.150000   0.006800   0.029800  -0.012600   0.033400  -0.015400   0.001000 
471  -0.111400  -0.091400  -0.126000  -0.110600  -0.072000  -0.106200  -0.151400   0.006000   0.029800  -0.009600   0.036400  -0.016800   0.002800 
472  -0.113000  -0.092000  -0.124400  -0.109800  -0.071200  -0.105000  -0.151800   0.006800   0.030400  -0.009000   0.035600  -0.016200   0.001000 
473  -0.111200  -0.092400  -0.127000  -0.110000  -0.072000  -0.104800  -0.154200   0.008200   0.030400  -0.006400   0.037000  -0.015000   0.003400 
474  -0.110800  -0.092000  -0.128000  -0.109800  -0.070800  -0.105600  -0.158200   0.007600   0.028400  -0.006000   0.038400  -0.015000   0.004600 
475  -0.112200  -0.092200  -0.127600  -0.110800  -0.070800  -0.108400  -0.159600   0.009200   0.031200  -0.005200   0.038600  -0.015000   0.005200 
476  -0.113800  -0.092800  -0.129600  -0.111200  -0.070800  -0.109800  -0.157800   0.009800   0.029800  -0.005000   0.038200  -0.014400   0.005400 
477  -0.113000  -0.093000  -0.130000  -0.113400  -0.072000  -0.111800  -0.161400   0.009800   0.029200  -0.004400   0.038200  -0.013000   0.006000 
478  -0.113200  -0.094200  -0.131000  -0.114000  -0.071400  -0.112400  -0.160000   0.010000   0.029400  -0.002600   0.037800  -0.011800   0.005200 
479  -0.114000  -0.094800  -0.133400  -0.116000  -0.069400  -0.114600  -0.160200   0.011800   0.029800  -0.001800   0.038800  -0.011600   0.006800 
480  -0.115200  -0.096800  -0.132000  -0.118000  -0.069000  -0.114600  -0.160400   0.012400   0.029600  -0.002200   0.037600  -0.013400   0.005800 
481  -0.114800  -0.097800  -0.132000  -0.118400  -0.069200  -0.117800  -0.162000   0.011800   0.028600  -0.000600   0.037200  -0.011200   0.006800 
482  -0.116000  -0.099000  -0.132600  -0.118400  -0.067800  -0.115000  -0.161600   0.012400   0.027600  -0.000600   0.038000  -0.010800   0.007200 
483  -0.117200  -0.100200  -0.133400  -0.119000  -0.069000  -0.116400  -0.163200   0.013000   0.027800  -0.000200   0.038000  -0.010400   0.006200 
484  -0.118400  -0.101200  -0.134200  -0.120400  -0.067600  -0.116800  -0.165000   0.013600   0.027200   0.000400   0.036200  -0.008600   0.005200 
485  -0.120800  -0.102400  -0.134600  -0.120200  -0.069200  -0.117400  -0.164800   0.014800   0.029400   0.001600   0.037400  -0.010000   0.005200 
486  -0.121000  -0.102200  -0.135400  -0.122800  -0.070000  -0.117400  -0.166400   0.014000   0.027800  -0.000200   0.037200  -0.009800   0.004800 
487  -0.121600  -0.103800  -0.135200  -0.125400  -0.069400  -0.116400  -0.165200   0.013800   0.027600  -0.000400   0.036200  -0.008400   0.004800 
488  -0.124600  -0.105000  -0.137000  -0.124800  -0.069800  -0.118000  -0.166800   0.015800   0.026800  -0.002000   0.035600  -0.008000   0.006000 
489  -0.125800  -0.106200  -0.138200  -0.124800  -0.070400  -0.117000  -0.168600   0.014600   0.027000  -0.002800   0.035000  -0.007400   0.005400 
490  -0.127000  -0.105400  -0.138000  -0.124200  -0.069600  -0.116600  -0.168000   0.015200   0.029600  -0.001800   0.034800  -0.007000   0.007600 
491  -0.128600  -0.106200  -0.138400  -0.123600  -0.068600  -0.116400  -0.168400   0.014400   0.029200  -0.002200   0.034000  -0.006000   0.008400 
492  -0.130200  -0.106400  -0.140400  -0.124000  -0.067800  -0.116800  -0.169000   0.012800   0.029400  -0.003800   0.033200  -0.005800   0.008200 
493  -0.130800  -0.107600  -0.140400  -0.123200  -0.067000  -0.115600  -0.169600   0.013000   0.027800  -0.005400   0.033800  -0.003800   0.009600 
494  -0.132000  -0.108200  -0.142800  -0.122400  -0.067200  -0.117000  -0.170000   0.013400   0.028600  -0.005400   0.033200  -0.003600   0.008800 
495  -0.134800  -0.109400  -0.142400  -0.123600  -0.067400  -0.116600  -0.171400   0.014600   0.028000  -0.004400   0.032400  -0.002800   0.007400 
496  -0.135400  -0.109400  -0.142800  -0.122600  -0.065600  -0.118200  -0.172400   0.014000   0.028200  -0.005400   0.032400  -0.002800   0.009600 
497  -0.134400  -0.110600  -0.143800  -0.121800  -0.065000  -0.117800  -0.170800   0.017200   0.029200  -0.006600   0.031600  -0.002800   0.008200 
498  -0.133800  -0.110200  -0.143600  -0.121400  -0.065200  -0.119000  -0.171600   0.016000   0.030800  -0.005400   0.033400  -0.001400   0.009400 
499  -0.134000  -0.110600  -0.143800  -0.121200  -0.065800  -0.116800  -0.171600   0.015800   0.031200  -0.006800   0.032400  -0.003000   0.009600 
