0   0.993078
1   0.934730
2   0.922902
3   0.912276
4   0.901002
5   0.890384
6   0.879318
7   0.869266
8   0.858344
9   0.848252
10   0.839112
11   0.828588
12   0.818502
13   0.808262
14   0.798410
15   0.789310
16   0.779486
17   0.769670
18   0.760240
19   0.750734
20   0.740954
21   0.731124
22   0.722138
23   0.712688
24   0.703336
25   0.694590
26   0.684946
27   0.676408
28   0.667472
29   0.659004
30   0.650856
31   0.643366
32   0.634340
33   0.625754
34   0.617696
35   0.609648
36   0.601484
37   0.592866
38   0.586054
39   0.578058
40   0.570842
41   0.563856
42   0.555638
43   0.548204
44   0.541820
45   0.533866
46   0.526784
47   0.520050
48   0.513844
49   0.506794
50   0.499950
51   0.493046
52   0.487040
53   0.480384
54   0.474430
55   0.468004
56   0.461910
57   0.456556
58   0.450624
59   0.444872
60   0.439864
61   0.434840
62   0.429538
63   0.424368
64   0.420024
65   0.414478
66   0.409626
67   0.405212
68   0.401042
69   0.396884
70   0.392242
71   0.387954
72   0.383118
73   0.379138
74   0.374504
75   0.370586
76   0.367136
77   0.362776
78   0.358712
79   0.355334
80   0.351544
81   0.347890
82   0.344464
83   0.340728
84   0.337150
85   0.333998
86   0.331166
87   0.327714
88   0.324358
89   0.321850
90   0.319454
91   0.315840
92   0.313188
93   0.310634
94   0.308346
95   0.305910
96   0.302966
97   0.300678
98   0.296738
99   0.294476
100   0.292194
101   0.289920
102   0.287896
103   0.285910
104   0.283320
105   0.281446
106   0.278940
107   0.276982
108   0.274218
109   0.272146
110   0.269312
111   0.266724
112   0.263744
113   0.261154
114   0.257690
115   0.255570
116   0.253172
117   0.250376
118   0.247688
119   0.245922
120   0.243348
121   0.241022
122   0.238964
123   0.237366
124   0.235934
125   0.233736
126   0.231984
127   0.230200
128   0.228622
129   0.227082
130   0.225776
131   0.224594
132   0.222878
133   0.222852
134   0.221112
135   0.219562
136   0.218410
137   0.217812
138   0.216496
139   0.216098
140   0.214774
141   0.214234
142   0.213534
143   0.212800
144   0.212346
145   0.211272
146   0.211360
147   0.210008
148   0.209592
149   0.209308
150   0.208264
151   0.207336
152   0.206562
153   0.205576
154   0.204102
155   0.203408
156   0.202368
157   0.202744
158   0.201276
159   0.200836
160   0.201212
161   0.200412
162   0.200150
163   0.199174
164   0.198144
165   0.197298
166   0.196448
167   0.195712
168   0.194654
169   0.193808
170   0.192140
171   0.190724
172   0.189000
173   0.187740
174   0.185778
175   0.184220
176   0.182862
177   0.181820
178   0.180742
179   0.180024
180   0.178436
181   0.177638
182   0.177012
183   0.175932
184   0.174556
185   0.173284
186   0.172288
187   0.171702
188   0.170720
189   0.170390
190   0.170354
191   0.170082
192   0.169844
193   0.169966
194   0.169346
195   0.169240
196   0.169342
197   0.168150
198   0.168116
199   0.167548
200   0.166368
201   0.166398
202   0.165642
203   0.164866
204   0.163804
205   0.163482
206   0.162526
207   0.162546
208   0.162314
209   0.162048
210   0.161140
211   0.160320
212   0.159702
213   0.159006
214   0.158082
215   0.157154
216   0.155984
217   0.155146
218   0.154980
219   0.154206
220   0.153328
221   0.152472
222   0.151398
223   0.150702
224   0.149930
225   0.149422
226   0.148752
227   0.147764
228   0.146916
229   0.146024
230   0.145184
231   0.143830
232   0.142114
233   0.140680
234   0.140158
235   0.139022
236   0.138016
237   0.136958
238   0.136064
239   0.134298
240   0.133634
241   0.132778
242   0.131692
243   0.130802
244   0.129746
245   0.128990
246   0.128390
247   0.126858
248   0.126208
249   0.125536
250   0.124168
251   0.122976
252   0.121082
253   0.119906
254   0.118378
255   0.116876
256   0.116152
257   0.114642
258   0.113616
259   0.112362
260   0.110818
261   0.110282
262   0.108588
263   0.107246
264   0.106678
265   0.106078
266   0.105458
267   0.103866
268   0.103138
269   0.101936
270   0.100462
271   0.100212
272   0.098924
273   0.098440
274   0.097254
275   0.096890
276   0.095556
277   0.094414
278   0.093626
279   0.092496
280   0.092104
281   0.091460
282   0.090836
283   0.090986
284   0.090020
285   0.089784
286   0.089342
287   0.088342
288   0.087650
289   0.086868
290   0.085686
291   0.085366
292   0.084366
293   0.084034
294   0.083018
295   0.082274
296   0.082042
297   0.081298
298   0.081286
299   0.081080
300   0.080664
301   0.080196
302   0.080248
303   0.079948
304   0.079670
305   0.079394
306   0.079472
307   0.079454
308   0.079570
309   0.079722
310   0.080318
311   0.080460
312   0.081282
313   0.080890
314   0.081444
315   0.080842
316   0.081128
317   0.081224
318   0.081382
319   0.081096
320   0.081014
321   0.080778
322   0.079920
323   0.080308
324   0.078862
325   0.078138
326   0.077026
327   0.076770
328   0.076242
329   0.075802
330   0.074536
331   0.074772
332   0.074730
333   0.074424
334   0.074652
335   0.074258
336   0.074258
337   0.073394
338   0.073900
339   0.074298
340   0.074214
341   0.073844
342   0.074644
343   0.074884
344   0.074308
345   0.074728
346   0.074558
347   0.075356
348   0.075430
349   0.075966
350   0.076544
351   0.075782
352   0.075956
353   0.074856
354   0.075676
355   0.074376
356   0.074366
357   0.074024
358   0.073378
359   0.072510
360   0.072120
361   0.071850
362   0.071054
363   0.070272
364   0.070790
365   0.071176
366   0.069762
367   0.070258
368   0.070140
369   0.070312
370   0.070784
371   0.070456
372   0.070756
373   0.072112
374   0.072622
375   0.073058
376   0.073510
377   0.074338
378   0.074370
379   0.074798
380   0.074622
381   0.075040
382   0.075018
383   0.075200
384   0.074606
385   0.075100
386   0.075300
387   0.074442
388   0.075072
389   0.075162
390   0.075090
391   0.075224
392   0.076192
393   0.076888
394   0.077294
395   0.077406
396   0.078816
397   0.079162
398   0.080102
399   0.080202
400   0.080232
401   0.080394
402   0.080972
403   0.081396
404   0.081008
405   0.080482
406   0.080338
407   0.080990
408   0.081018
409   0.081398
410   0.081622
411   0.081834
412   0.082832
413   0.082906
414   0.082714
415   0.082534
416   0.083352
417   0.082810
418   0.082948
419   0.082952
420   0.083238
421   0.082918
422   0.082978
423   0.083310
424   0.083292
425   0.082782
426   0.082706
427   0.082798
428   0.082278
429   0.082152
430   0.082124
431   0.081924
432   0.081780
433   0.082272
434   0.080946
435   0.081600
436   0.081526
437   0.081348
438   0.081844
439   0.081732
440   0.081708
441   0.082370
442   0.082392
443   0.083542
444   0.083910
445   0.084582
446   0.085066
447   0.085506
448   0.086530
449   0.086590
450   0.087362
451   0.087558
452   0.087484
453   0.087632
454   0.087922
455   0.087580
456   0.087652
457   0.086898
458   0.086460
459   0.086794
460   0.086624
461   0.086326
462   0.086656
463   0.086554
464   0.086638
465   0.086488
466   0.086736
467   0.087130
468   0.086872
469   0.087628
470   0.087524
471   0.087382
472   0.087412
473   0.087632
474   0.087480
475   0.087480
476   0.087212
477   0.086948
478   0.085920
479   0.085442
480   0.084922
481   0.084652
482   0.083880
483   0.083698
484   0.082056
485   0.081192
486   0.079870
487   0.079204
488   0.077558
489   0.075936
490   0.074830
491   0.073462
492   0.072878
493   0.071178
494   0.070150
495   0.069750
496   0.068938
497   0.067880
498   0.066270
499   0.064696
500   0.063550
-499   0.062016
-498   0.060702
-497   0.059616
-496   0.058598
-495   0.056814
-494   0.055080
-493   0.054120
-492   0.051926
-491   0.050314
-490   0.049442
-489   0.048144
-488   0.047168
-487   0.046228
-486   0.045254
-485   0.044678
-484   0.043048
-483   0.041902
-482   0.040522
-481   0.039648
-480   0.038174
-479   0.038424
-478   0.037556
-477   0.036376
-476   0.036142
-475   0.034942
-474   0.035130
-473   0.034504
-472   0.033506
-471   0.033686
-470   0.032384
-469   0.031334
-468   0.031298
-467   0.030848
-466   0.030804
-465   0.030480
-464   0.030406
-463   0.030568
-462   0.030680
-461   0.031804
-460   0.031596
-459   0.031804
-458   0.032182
-457   0.033460
-456   0.034562
-455   0.034460
-454   0.036298
-453   0.036366
-452   0.037828
-451   0.037334
-450   0.038042
-449   0.037886
-448   0.038854
-447   0.039048
-446   0.039546
-445   0.039670
-444   0.040394
-443   0.041080
-442   0.041976
-441   0.042594
-440   0.043126
-439   0.043662
-438   0.044018
-437   0.044388
-436   0.043674
-435   0.044790
-434   0.044498
-433   0.045272
-432   0.046158
-431   0.046408
-430   0.046410
-429   0.046684
-428   0.047692
-427   0.048250
-426   0.049154
-425   0.048654
-424   0.048992
-423   0.050000
-422   0.050812
-421   0.051482
-420   0.051998
-419   0.053068
-418   0.053700
-417   0.055168
-416   0.055880
-415   0.056894
-414   0.058336
-413   0.057786
-412   0.058690
-411   0.059888
-410   0.059868
-409   0.061210
-408   0.062076
-407   0.062850
-406   0.063170
-405   0.063910
-404   0.064300
-403   0.065332
-402   0.065174
-401   0.065994
-400   0.066040
-399   0.066272
-398   0.066426
-397   0.065944
-396   0.065966
-395   0.066460
-394   0.065946
-393   0.066412
-392   0.066620
-391   0.065978
-390   0.065812
-389   0.064570
-388   0.064948
-387   0.064932
-386   0.064476
-385   0.063530
-384   0.063088
-383   0.062426
-382   0.061362
-381   0.060574
-380   0.060130
-379   0.058958
-378   0.058706
-377   0.058766
-376   0.057606
-375   0.057026
-374   0.056574
-373   0.055568
-372   0.055004
-371   0.054302
-370   0.053956
-369   0.053116
-368   0.052826
-367   0.052538
-366   0.051864
-365   0.051988
-364   0.051852
-363   0.052146
-362   0.052450
-361   0.052056
-360   0.051968
-359   0.052492
-358   0.052436
-357   0.052244
-356   0.051272
-355   0.051920
-354   0.051090
-353   0.051890
-352   0.051166
-351   0.051582
-350   0.051268
-349   0.051100
-348   0.050176
-347   0.049582
-346   0.049778
-345   0.049286
-344   0.048334
-343   0.048624
-342   0.048420
-341   0.048192
-340   0.048286
-339   0.047478
-338   0.047596
-337   0.047624
-336   0.047114
-335   0.046692
-334   0.046888
-333   0.045772
-332   0.045398
-331   0.044318
-330   0.043524
-329   0.042872
-328   0.041992
-327   0.040630
-326   0.041032
-325   0.039636
-324   0.039682
-323   0.038744
-322   0.038218
-321   0.037736
-320   0.037136
-319   0.036174
-318   0.035530
-317   0.034818
-316   0.034368
-315   0.033866
-314   0.033480
-313   0.032892
-312   0.033192
-311   0.032842
-310   0.032722
-309   0.032644
-308   0.031670
-307   0.031838
-306   0.030866
-305   0.031324
-304   0.031182
-303   0.031706
-302   0.031306
-301   0.031350
-300   0.031294
-299   0.031862
-298   0.032184
-297   0.032678
-296   0.033034
-295   0.033858
-294   0.034208
-293   0.035096
-292   0.036214
-291   0.036860
-290   0.038090
-289   0.039272
-288   0.040976
-287   0.040712
-286   0.041246
-285   0.042110
-284   0.042770
-283   0.043848
-282   0.044274
-281   0.044798
-280   0.046440
-279   0.047410
-278   0.048658
-277   0.049756
-276   0.050784
-275   0.052058
-274   0.052630
-273   0.054274
-272   0.055764
-271   0.056906
-270   0.058196
-269   0.059546
-268   0.061564
-267   0.063004
-266   0.065224
-265   0.066866
-264   0.068270
-263   0.069614
-262   0.071224
-261   0.073740
-260   0.074830
-259   0.076998
-258   0.078986
-257   0.080446
-256   0.082956
-255   0.084362
-254   0.086250
-253   0.087558
-252   0.089666
-251   0.091018
-250   0.091470
-249   0.093154
-248   0.094420
-247   0.095294
-246   0.096796
-245   0.097854
-244   0.098506
-243   0.100212
-242   0.100964
-241   0.101500
-240   0.102816
-239   0.104386
-238   0.106428
-237   0.107624
-236   0.109330
-235   0.110942
-234   0.112490
-233   0.114646
-232   0.116162
-231   0.117476
-230   0.119668
-229   0.120406
-228   0.121796
-227   0.122618
-226   0.124632
-225   0.126348
-224   0.128288
-223   0.129834
-222   0.131028
-221   0.131882
-220   0.133764
-219   0.135240
-218   0.136464
-217   0.137750
-216   0.138762
-215   0.140538
-214   0.141744
-213   0.142640
-212   0.144314
-211   0.144866
-210   0.146652
-209   0.148374
-208   0.149078
-207   0.150670
-206   0.151888
-205   0.153926
-204   0.154960
-203   0.155872
-202   0.156772
-201   0.157548
-200   0.158802
-199   0.159778
-198   0.159662
-197   0.160570
-196   0.160442
-195   0.161416
-194   0.160586
-193   0.160724
-192   0.161242
-191   0.161672
-190   0.161516
-189   0.161304
-188   0.161236
-187   0.161734
-186   0.161780
-185   0.162206
-184   0.162948
-183   0.163098
-182   0.163838
-181   0.163794
-180   0.163898
-179   0.164752
-178   0.165502
-177   0.165814
-176   0.166434
-175   0.167284
-174   0.167938
-173   0.168182
-172   0.169658
-171   0.169952
-170   0.170562
-169   0.171456
-168   0.172586
-167   0.173440
-166   0.174188
-165   0.175354
-164   0.175470
-163   0.176406
-162   0.177304
-161   0.177774
-160   0.179138
-159   0.179788
-158   0.181116
-157   0.181914
-156   0.183274
-155   0.184408
-154   0.186342
-153   0.187356
-152   0.188864
-151   0.190920
-150   0.192744
-149   0.194178
-148   0.196456
-147   0.198776
-146   0.199768
-145   0.201778
-144   0.202968
-143   0.204190
-142   0.205380
-141   0.207650
-140   0.208294
-139   0.209354
-138   0.211570
-137   0.211788
-136   0.213376
-135   0.214108
-134   0.215206
-133   0.216202
-132   0.216626
-131   0.216740
-130   0.218230
-129   0.218772
-128   0.219312
-127   0.220028
-126   0.220162
-125   0.221202
-124   0.221646
-123   0.221776
-122   0.222348
-121   0.223718
-120   0.223272
-119   0.224342
-118   0.224548
-117   0.225910
-116   0.227050
-115   0.228072
-114   0.229388
-113   0.230670
-112   0.232648
-111   0.234392
-110   0.236248
-109   0.238204
-108   0.240898
-107   0.242572
-106   0.245082
-105   0.247326
-104   0.249818
-103   0.251794
-102   0.255710
-101   0.258210
-100   0.260686
-99   0.264098
-98   0.266662
-97   0.269546
-96   0.273150
-95   0.275528
-94   0.278758
-93   0.281566
-92   0.284800
-91   0.288284
-90   0.292614
-89   0.295370
-88   0.299570
-87   0.303788
-86   0.307962
-85   0.312624
-84   0.316618
-83   0.321308
-82   0.326540
-81   0.330606
-80   0.335288
-79   0.339468
-78   0.344608
-77   0.349636
-76   0.354870
-75   0.359882
-74   0.364678
-73   0.369416
-72   0.374854
-71   0.380358
-70   0.385236
-69   0.390944
-68   0.395592
-67   0.401530
-66   0.406952
-65   0.412322
-64   0.417322
-63   0.422748
-62   0.428458
-61   0.433986
-60   0.439356
-59   0.445476
-58   0.451766
-57   0.457290
-56   0.462806
-55   0.469034
-54   0.474848
-53   0.481200
-52   0.487450
-51   0.494106
-50   0.500680
-49   0.507028
-48   0.513346
-47   0.519976
-46   0.526880
-45   0.534304
-44   0.540388
-43   0.546774
-42   0.554500
-41   0.561946
-40   0.570074
-39   0.577998
-38   0.586250
-37   0.594606
-36   0.603062
-35   0.611910
-34   0.620578
-33   0.628206
-32   0.636928
-31   0.645032
-30   0.653336
-29   0.662166
-28   0.670598
-27   0.679388
-26   0.687792
-25   0.697068
-24   0.706410
-23   0.715472
-22   0.725682
-21   0.734606
-20   0.744372
-19   0.754150
-18   0.763116
-17   0.773108
-16   0.781986
-15   0.792012
-14   0.801476
-13   0.811298
-12   0.821122
-11   0.830354
-10   0.839578
-9   0.849610
-8   0.859474
-7   0.869552
-6   0.879574
-5   0.890404
-4   0.901804
-3   0.912568
-2   0.923830
-1   0.935324
