0   1.000000
1   0.995818
2   0.993052
3   0.990170
4   0.987134
5   0.983824
6   0.980646
7   0.977468
8   0.974084
9   0.970612
10   0.967118
11   0.963728
12   0.960060
13   0.956288
14   0.952482
15   0.948698
16   0.945084
17   0.941468
18   0.937862
19   0.934400
20   0.930766
21   0.927308
22   0.923996
23   0.920754
24   0.917582
25   0.914560
26   0.911484
27   0.908352
28   0.905198
29   0.902220
30   0.899218
31   0.896176
32   0.893176
33   0.890110
34   0.887032
35   0.884098
36   0.881200
37   0.878374
38   0.875476
39   0.872560
40   0.869608
41   0.866536
42   0.863462
43   0.860406
44   0.857228
45   0.854024
46   0.850594
47   0.847206
48   0.844176
49   0.840882
50   0.837748
51   0.834570
52   0.831216
53   0.827812
54   0.824318
55   0.820808
56   0.817362
57   0.813820
58   0.810524
59   0.807128
60   0.803632
61   0.800200
62   0.796750
63   0.793388
64   0.790020
65   0.786786
66   0.783468
67   0.779970
68   0.776436
69   0.772862
70   0.769294
71   0.765778
72   0.762342
73   0.759130
74   0.755634
75   0.752140
76   0.748704
77   0.745118
78   0.741662
79   0.738294
80   0.734864
81   0.731394
82   0.727886
83   0.724502
84   0.720904
85   0.717564
86   0.714062
87   0.710854
88   0.707422
89   0.704080
90   0.700912
91   0.697664
92   0.694574
93   0.691564
94   0.688562
95   0.685410
96   0.682258
97   0.678998
98   0.675724
99   0.672562
100   0.669400
101   0.666036
102   0.662758
103   0.659568
104   0.656212
105   0.652996
106   0.649688
107   0.646252
108   0.643142
109   0.639994
110   0.636834
111   0.633622
112   0.630482
113   0.627536
114   0.624664
115   0.621834
116   0.618946
117   0.615964
118   0.613088
119   0.609980
120   0.607066
121   0.603938
122   0.600902
123   0.597986
124   0.594942
125   0.591744
126   0.588482
127   0.585250
128   0.582054
129   0.578784
130   0.575608
131   0.572568
132   0.569606
133   0.566530
134   0.563506
135   0.560190
136   0.557040
137   0.553766
138   0.550696
139   0.547768
140   0.544620
141   0.541512
142   0.538276
143   0.535028
144   0.531710
145   0.528432
146   0.525172
147   0.521918
148   0.518712
149   0.515558
150   0.512546
151   0.509200
152   0.505936
153   0.502884
154   0.500074
155   0.497258
156   0.494408
157   0.491616
158   0.488444
159   0.485168
160   0.481876
161   0.478608
162   0.475394
163   0.472242
164   0.468980
165   0.465890
166   0.462706
167   0.459318
168   0.456180
169   0.452906
170   0.449438
171   0.445982
172   0.442410
173   0.438982
174   0.435584
175   0.432172
176   0.428832
177   0.425308
178   0.421748
179   0.418306
180   0.414874
181   0.411708
182   0.408476
183   0.405126
184   0.401834
185   0.398380
186   0.394944
187   0.391442
188   0.387952
189   0.384516
190   0.381180
191   0.378144
192   0.375100
193   0.372052
194   0.368734
195   0.365386
196   0.362202
197   0.359142
198   0.356044
199   0.352984
200   0.349874
201   0.346754
202   0.343780
203   0.341134
204   0.338572
205   0.336276
206   0.333846
207   0.331340
208   0.328998
209   0.326756
210   0.324194
211   0.321666
212   0.319458
213   0.317268
214   0.315060
215   0.312860
216   0.310540
217   0.308148
218   0.305696
219   0.303232
220   0.300726
221   0.298244
222   0.295810
223   0.293256
224   0.290762
225   0.288284
226   0.285814
227   0.283202
228   0.280656
229   0.278084
230   0.275438
231   0.272794
232   0.270338
233   0.267736
234   0.265098
235   0.262542
236   0.259988
237   0.257508
238   0.255044
239   0.252758
240   0.250520
241   0.248232
242   0.246048
243   0.243790
244   0.241328
245   0.238874
246   0.236430
247   0.234012
248   0.231674
249   0.229412
250   0.227318
251   0.225224
252   0.223046
253   0.220944
254   0.218986
255   0.217058
256   0.215314
257   0.213324
258   0.211306
259   0.209346
260   0.207520
261   0.205684
262   0.203776
263   0.201844
264   0.199806
265   0.197498
266   0.195208
267   0.192970
268   0.190814
269   0.188742
270   0.186760
271   0.184536
272   0.182330
273   0.180196
274   0.178036
275   0.175926
276   0.173816
277   0.171892
278   0.170016
279   0.168224
280   0.166292
281   0.164328
282   0.162324
283   0.160346
284   0.158482
285   0.156638
286   0.154862
287   0.153170
288   0.151470
289   0.149980
290   0.148332
291   0.146774
292   0.145232
293   0.143618
294   0.142142
295   0.140654
296   0.139278
297   0.137990
298   0.136724
299   0.135590
300   0.134546
301   0.133372
302   0.132236
303   0.131140
304   0.129962
305   0.128902
306   0.127670
307   0.126352
308   0.125132
309   0.123948
310   0.122686
311   0.121442
312   0.120122
313   0.119028
314   0.117858
315   0.116782
316   0.115746
317   0.114618
318   0.113532
319   0.112524
320   0.111762
321   0.110848
322   0.109870
323   0.108758
324   0.107618
325   0.106576
326   0.105588
327   0.104656
328   0.103628
329   0.102708
330   0.101952
331   0.101040
332   0.100308
333   0.099786
334   0.099282
335   0.098904
336   0.098582
337   0.098384
338   0.098090
339   0.097800
340   0.097412
341   0.097038
342   0.096640
343   0.096132
344   0.095654
345   0.095248
346   0.094932
347   0.094532
348   0.093986
349   0.093602
350   0.093138
351   0.092594
352   0.092260
353   0.091800
354   0.091538
355   0.091408
356   0.091400
357   0.091294
358   0.091250
359   0.091152
360   0.090922
361   0.090614
362   0.090336
363   0.090172
364   0.090004
365   0.089794
366   0.089450
367   0.089202
368   0.088944
369   0.088602
370   0.088346
371   0.087990
372   0.087468
373   0.086852
374   0.086416
375   0.085898
376   0.085334
377   0.084680
378   0.084112
379   0.083320
380   0.082354
381   0.081330
382   0.080004
383   0.078862
384   0.077912
385   0.077040
386   0.076098
387   0.075142
388   0.074300
389   0.073522
390   0.072566
391   0.071592
392   0.070550
393   0.069684
394   0.068500
395   0.067548
396   0.066484
397   0.065424
398   0.064442
399   0.063744
400   0.062988
401   0.062424
402   0.061928
403   0.061418
404   0.061012
405   0.060520
406   0.060160
407   0.059856
408   0.059564
409   0.059278
410   0.058966
411   0.058656
412   0.058378
413   0.058226
414   0.057968
415   0.057818
416   0.057616
417   0.057464
418   0.057250
419   0.057080
420   0.056962
421   0.056920
422   0.056918
423   0.056890
424   0.056966
425   0.057104
426   0.057224
427   0.057284
428   0.057406
429   0.057542
430   0.057742
431   0.058056
432   0.058444
433   0.058852
434   0.059262
435   0.059676
436   0.060044
437   0.060384
438   0.060658
439   0.060794
440   0.061248
441   0.061606
442   0.062158
443   0.062596
444   0.063120
445   0.063710
446   0.064328
447   0.064856
448   0.065436
449   0.066296
450   0.067098
451   0.067924
452   0.068910
453   0.069714
454   0.070614
455   0.071470
456   0.072362
457   0.073130
458   0.073784
459   0.074588
460   0.075484
461   0.076364
462   0.077342
463   0.078246
464   0.079280
465   0.080522
466   0.081672
467   0.082782
468   0.083922
469   0.085074
470   0.086038
471   0.087176
472   0.088264
473   0.089254
474   0.090376
475   0.091474
476   0.092402
477   0.093268
478   0.094076
479   0.095030
480   0.095928
481   0.096636
482   0.097558
483   0.098422
484   0.099200
485   0.100038
486   0.100826
487   0.101578
488   0.102300
489   0.103030
490   0.103856
491   0.104428
492   0.104994
493   0.105694
494   0.106516
495   0.107226
496   0.107922
497   0.108630
498   0.109296
499   0.110080
500   0.110776
-499   0.111456
-498   0.112088
-497   0.112886
-496   0.113552
-495   0.114176
-494   0.114876
-493   0.115576
-492   0.116172
-491   0.116704
-490   0.117184
-489   0.117864
-488   0.118584
-487   0.119288
-486   0.120196
-485   0.121074
-484   0.121956
-483   0.122972
-482   0.123966
-481   0.125064
-480   0.126096
-479   0.127300
-478   0.128656
-477   0.130132
-476   0.131616
-475   0.133052
-474   0.134350
-473   0.135628
-472   0.136962
-471   0.138378
-470   0.139604
-469   0.141006
-468   0.142218
-467   0.143392
-466   0.144374
-465   0.145586
-464   0.146684
-463   0.147542
-462   0.148492
-461   0.149534
-460   0.150590
-459   0.151630
-458   0.152682
-457   0.153838
-456   0.154904
-455   0.156194
-454   0.157400
-453   0.158426
-452   0.159420
-451   0.160426
-450   0.161544
-449   0.162618
-448   0.163722
-447   0.164830
-446   0.166038
-445   0.167046
-444   0.168148
-443   0.169206
-442   0.170204
-441   0.171296
-440   0.172108
-439   0.172978
-438   0.173824
-437   0.174670
-436   0.175632
-435   0.176500
-434   0.177314
-433   0.178144
-432   0.178900
-431   0.179588
-430   0.180210
-429   0.180878
-428   0.181440
-427   0.182214
-426   0.182958
-425   0.183704
-424   0.184482
-423   0.185182
-422   0.186058
-421   0.186940
-420   0.187976
-419   0.189134
-418   0.190258
-417   0.191416
-416   0.192696
-415   0.193974
-414   0.195180
-413   0.196416
-412   0.197476
-411   0.198508
-410   0.199604
-409   0.200666
-408   0.201650
-407   0.202816
-406   0.203734
-405   0.204502
-404   0.205560
-403   0.206420
-402   0.207424
-401   0.208482
-400   0.209508
-399   0.210372
-398   0.211320
-397   0.212294
-396   0.213072
-395   0.213864
-394   0.214406
-393   0.215120
-392   0.215986
-391   0.216926
-390   0.217962
-389   0.219066
-388   0.220058
-387   0.221182
-386   0.222472
-385   0.223822
-384   0.225138
-383   0.226428
-382   0.227888
-381   0.229396
-380   0.230726
-379   0.232076
-378   0.233328
-377   0.234744
-376   0.236102
-375   0.237462
-374   0.238926
-373   0.240312
-372   0.241702
-371   0.243230
-370   0.244710
-369   0.246340
-368   0.248066
-367   0.249670
-366   0.251406
-365   0.253036
-364   0.254612
-363   0.256446
-362   0.258170
-361   0.259830
-360   0.261346
-359   0.262678
-358   0.264142
-357   0.265282
-356   0.266472
-355   0.267552
-354   0.268564
-353   0.269424
-352   0.270446
-351   0.271498
-350   0.272638
-349   0.273712
-348   0.274832
-347   0.275872
-346   0.276902
-345   0.277924
-344   0.278882
-343   0.279850
-342   0.280892
-341   0.281828
-340   0.282598
-339   0.283370
-338   0.284100
-337   0.284804
-336   0.285506
-335   0.286360
-334   0.287252
-333   0.288254
-332   0.289166
-331   0.289924
-330   0.290876
-329   0.291912
-328   0.292778
-327   0.293598
-326   0.294384
-325   0.295070
-324   0.296042
-323   0.296724
-322   0.297460
-321   0.298222
-320   0.298984
-319   0.299788
-318   0.300602
-317   0.301388
-316   0.302326
-315   0.303286
-314   0.304216
-313   0.305108
-312   0.306070
-311   0.306822
-310   0.307426
-309   0.308136
-308   0.308798
-307   0.309288
-306   0.309956
-305   0.310646
-304   0.311334
-303   0.312054
-302   0.312720
-301   0.313624
-300   0.314408
-299   0.315192
-298   0.316040
-297   0.316976
-296   0.317894
-295   0.319154
-294   0.320452
-293   0.321676
-292   0.322758
-291   0.323774
-290   0.324742
-289   0.325824
-288   0.326898
-287   0.328194
-286   0.329432
-285   0.330634
-284   0.331726
-283   0.332866
-282   0.333968
-281   0.334996
-280   0.336024
-279   0.337032
-278   0.337996
-277   0.339132
-276   0.340232
-275   0.341338
-274   0.342484
-273   0.343660
-272   0.344882
-271   0.346250
-270   0.347592
-269   0.348830
-268   0.349960
-267   0.351228
-266   0.352406
-265   0.353474
-264   0.354514
-263   0.355434
-262   0.356380
-261   0.357246
-260   0.358154
-259   0.358964
-258   0.359742
-257   0.360630
-256   0.361542
-255   0.362480
-254   0.363564
-253   0.364738
-252   0.365896
-251   0.367064
-250   0.368230
-249   0.369356
-248   0.370360
-247   0.371428
-246   0.372520
-245   0.373810
-244   0.374936
-243   0.376168
-242   0.377386
-241   0.378612
-240   0.379978
-239   0.381268
-238   0.382542
-237   0.383854
-236   0.385122
-235   0.386368
-234   0.387420
-233   0.388714
-232   0.389844
-231   0.390922
-230   0.392146
-229   0.393494
-228   0.394974
-227   0.396566
-226   0.398170
-225   0.399604
-224   0.401204
-223   0.402894
-222   0.404550
-221   0.406278
-220   0.407730
-219   0.409398
-218   0.411108
-217   0.412880
-216   0.414792
-215   0.416744
-214   0.418734
-213   0.420962
-212   0.423180
-211   0.425142
-210   0.427138
-209   0.429148
-208   0.431054
-207   0.433026
-206   0.434678
-205   0.436332
-204   0.438064
-203   0.439876
-202   0.441628
-201   0.443552
-200   0.445602
-199   0.447874
-198   0.450088
-197   0.452260
-196   0.454538
-195   0.456700
-194   0.458806
-193   0.460938
-192   0.463086
-191   0.465248
-190   0.467446
-189   0.469734
-188   0.471858
-187   0.473970
-186   0.476100
-185   0.478324
-184   0.480376
-183   0.482406
-182   0.484586
-181   0.486746
-180   0.488936
-179   0.491216
-178   0.493496
-177   0.495658
-176   0.497946
-175   0.500104
-174   0.502278
-173   0.504308
-172   0.506458
-171   0.508442
-170   0.510488
-169   0.512482
-168   0.514570
-167   0.516712
-166   0.518784
-165   0.520964
-164   0.523146
-163   0.525092
-162   0.527016
-161   0.529120
-160   0.531304
-159   0.533440
-158   0.535458
-157   0.537544
-156   0.539550
-155   0.541674
-154   0.543700
-153   0.545770
-152   0.547938
-151   0.550004
-150   0.552110
-149   0.554204
-148   0.556250
-147   0.558324
-146   0.560364
-145   0.562494
-144   0.564776
-143   0.567222
-142   0.569526
-141   0.571982
-140   0.574294
-139   0.576412
-138   0.578664
-137   0.581002
-136   0.583266
-135   0.585482
-134   0.587972
-133   0.590360
-132   0.592740
-131   0.595150
-130   0.597702
-129   0.600110
-128   0.602596
-127   0.605132
-126   0.608002
-125   0.610786
-124   0.613728
-123   0.616702
-122   0.619904
-121   0.623284
-120   0.626672
-119   0.629734
-118   0.633150
-117   0.636778
-116   0.640312
-115   0.643826
-114   0.647340
-113   0.650908
-112   0.654522
-111   0.658210
-110   0.661994
-109   0.665872
-108   0.669674
-107   0.673468
-106   0.677260
-105   0.680968
-104   0.684658
-103   0.688330
-102   0.691864
-101   0.695362
-100   0.698810
-99   0.702238
-98   0.705742
-97   0.709420
-96   0.713170
-95   0.716986
-94   0.720952
-93   0.724942
-92   0.728966
-91   0.732782
-90   0.736524
-89   0.740024
-88   0.743468
-87   0.746934
-86   0.750372
-85   0.753998
-84   0.757506
-83   0.760712
-82   0.763848
-81   0.766912
-80   0.769894
-79   0.772838
-78   0.775818
-77   0.778752
-76   0.781606
-75   0.784536
-74   0.787268
-73   0.790050
-72   0.793014
-71   0.796070
-70   0.799040
-69   0.802194
-68   0.805434
-67   0.808632
-66   0.812048
-65   0.815386
-64   0.818674
-63   0.822060
-62   0.825392
-61   0.828616
-60   0.831728
-59   0.834628
-58   0.837482
-57   0.840292
-56   0.843206
-55   0.846186
-54   0.849174
-53   0.852206
-52   0.855240
-51   0.858238
-50   0.861154
-49   0.864022
-48   0.867032
-47   0.869922
-46   0.872922
-45   0.875964
-44   0.879046
-43   0.881946
-42   0.884952
-41   0.887842
-40   0.890968
-39   0.894036
-38   0.897030
-37   0.900188
-36   0.903240
-35   0.906350
-34   0.909396
-33   0.912544
-32   0.915374
-31   0.918250
-30   0.921044
-29   0.923806
-28   0.926342
-27   0.928996
-26   0.931422
-25   0.933630
-24   0.936138
-23   0.938790
-22   0.941340
-21   0.944016
-20   0.946558
-19   0.949338
-18   0.952110
-17   0.954644
-16   0.957158
-15   0.959736
-14   0.962388
-13   0.964996
-12   0.967656
-11   0.970512
-10   0.973312
-9   0.975918
-8   0.978574
-7   0.981178
-6   0.983740
-5   0.986466
-4   0.988926
-3   0.991328
-2   0.993558
-1   0.996044
