0   0.605654
1   0.594562
2   0.592946
3   0.591190
4   0.589350
5   0.587750
6   0.586172
7   0.584256
8   0.582526
9   0.580896
10   0.579086
11   0.577776
12   0.576036
13   0.574662
14   0.572668
15   0.570666
16   0.568628
17   0.566588
18   0.564508
19   0.562646
20   0.560732
21   0.558676
22   0.556810
23   0.554234
24   0.551832
25   0.549196
26   0.546862
27   0.544524
28   0.541976
29   0.539500
30   0.537034
31   0.534998
32   0.532366
33   0.530246
34   0.527736
35   0.525446
36   0.522964
37   0.520870
38   0.518474
39   0.516458
40   0.513636
41   0.510776
42   0.508006
43   0.505582
44   0.503508
45   0.500864
46   0.498362
47   0.495792
48   0.493624
49   0.491134
50   0.488906
51   0.486888
52   0.484674
53   0.482312
54   0.480220
55   0.478258
56   0.476414
57   0.474342
58   0.472682
59   0.470508
60   0.468120
61   0.465924
62   0.464098
63   0.461764
64   0.459776
65   0.457466
66   0.455448
67   0.453780
68   0.451538
69   0.449500
70   0.447746
71   0.445786
72   0.444024
73   0.442398
74   0.440720
75   0.438802
76   0.436800
77   0.435102
78   0.433478
79   0.431718
80   0.430250
81   0.428918
82   0.427306
83   0.426062
84   0.424522
85   0.422834
86   0.421292
87   0.420078
88   0.418348
89   0.416796
90   0.415310
91   0.413758
92   0.412002
93   0.410124
94   0.408686
95   0.406894
96   0.405452
97   0.403522
98   0.401782
99   0.400252
100   0.398560
101   0.396666
102   0.394850
103   0.393238
104   0.391706
105   0.390622
106   0.389294
107   0.388038
108   0.386738
109   0.385844
110   0.384754
111   0.383428
112   0.382024
113   0.381030
114   0.379652
115   0.378316
116   0.376948
117   0.375614
118   0.374592
119   0.373208
120   0.372034
121   0.370666
122   0.369848
123   0.368554
124   0.367668
125   0.366730
126   0.365132
127   0.364048
128   0.362978
129   0.361464
130   0.360422
131   0.359310
132   0.357834
133   0.356442
134   0.355734
135   0.354902
136   0.353868
137   0.352788
138   0.351372
139   0.350646
140   0.349984
141   0.348148
142   0.347548
143   0.346640
144   0.345542
145   0.344390
146   0.343368
147   0.342382
148   0.341636
149   0.340660
150   0.339936
151   0.339038
152   0.338332
153   0.337772
154   0.337612
155   0.336886
156   0.336176
157   0.336078
158   0.335550
159   0.335064
160   0.334574
161   0.333958
162   0.333486
163   0.333202
164   0.332510
165   0.332572
166   0.332066
167   0.331378
168   0.331378
169   0.330968
170   0.330616
171   0.330004
172   0.329942
173   0.329352
174   0.329292
175   0.329108
176   0.329328
177   0.329474
178   0.329676
179   0.329644
180   0.330002
181   0.330624
182   0.331136
183   0.331366
184   0.331904
185   0.332250
186   0.332498
187   0.332892
188   0.333278
189   0.333454
190   0.333818
191   0.333988
192   0.334532
193   0.335160
194   0.335676
195   0.336256
196   0.337220
197   0.337934
198   0.338706
199   0.339756
200   0.340624
201   0.341190
202   0.341996
203   0.342590
204   0.343516
205   0.344254
206   0.344952
207   0.345782
208   0.346556
209   0.347216
210   0.347742
211   0.348386
212   0.349218
213   0.349726
214   0.349900
215   0.350550
216   0.350588
217   0.351542
218   0.351962
219   0.352306
220   0.352384
221   0.352324
222   0.352408
223   0.352176
224   0.352056
225   0.352182
226   0.352440
227   0.352200
228   0.352360
229   0.352146
230   0.352418
231   0.352670
232   0.352542
233   0.353100
234   0.353136
235   0.353088
236   0.352766
237   0.352942
238   0.352920
239   0.353016
240   0.353254
241   0.353662
242   0.354104
243   0.354248
244   0.354634
245   0.354902
246   0.355056
247   0.355480
248   0.355656
249   0.355800
250   0.355806
251   0.356026
252   0.355924
253   0.356110
254   0.356014
255   0.356088
256   0.356314
257   0.356228
258   0.357032
259   0.357440
260   0.357464
261   0.358032
262   0.358338
263   0.359054
264   0.359966
265   0.360448
266   0.360944
267   0.361598
268   0.362010
269   0.362624
270   0.363098
271   0.363292
272   0.364250
273   0.364728
274   0.365452
275   0.366170
276   0.366850
277   0.367760
278   0.368364
279   0.368944
280   0.369274
281   0.369718
282   0.370374
283   0.370778
284   0.370944
285   0.371606
286   0.371914
287   0.372410
288   0.373098
289   0.373540
290   0.374024
291   0.374200
292   0.374776
293   0.374858
294   0.375446
295   0.375788
296   0.376058
297   0.376482
298   0.376862
299   0.376800
300   0.377266
301   0.377536
302   0.377362
303   0.377242
304   0.377362
305   0.377374
306   0.377312
307   0.377280
308   0.376780
309   0.376668
310   0.376512
311   0.375992
312   0.375834
313   0.375562
314   0.374906
315   0.374442
316   0.373994
317   0.374214
318   0.373716
319   0.373684
320   0.373904
321   0.373470
322   0.374046
323   0.374052
324   0.374072
325   0.373670
326   0.373758
327   0.373844
328   0.373734
329   0.373774
330   0.373502
331   0.372904
332   0.372606
333   0.372298
334   0.372068
335   0.371650
336   0.371434
337   0.370958
338   0.370212
339   0.369760
340   0.369542
341   0.368936
342   0.368554
343   0.367924
344   0.367688
345   0.367046
346   0.366358
347   0.365676
348   0.365174
349   0.364230
350   0.363352
351   0.362654
352   0.362022
353   0.360616
354   0.359584
355   0.358448
356   0.357382
357   0.356472
358   0.355132
359   0.354210
360   0.352874
361   0.351984
362   0.351064
363   0.350062
364   0.349124
365   0.348340
366   0.347520
367   0.346524
368   0.345568
369   0.344994
370   0.343950
371   0.343046
372   0.342292
373   0.342058
374   0.341292
375   0.340906
376   0.340278
377   0.339864
378   0.338962
379   0.338422
380   0.337620
381   0.336818
382   0.336052
383   0.335388
384   0.334690
385   0.333618
386   0.333010
387   0.332404
388   0.331864
389   0.331372
390   0.330786
391   0.329984
392   0.329178
393   0.328680
394   0.327606
395   0.326940
396   0.326540
397   0.325896
398   0.325010
399   0.324516
400   0.323440
401   0.322948
402   0.322236
403   0.321638
404   0.320634
405   0.320098
406   0.319480
407   0.318840
408   0.317648
409   0.316648
410   0.316048
411   0.315262
412   0.314348
413   0.313368
414   0.312922
415   0.312052
416   0.310918
417   0.310064
418   0.309252
419   0.308326
420   0.307716
421   0.306770
422   0.305736
423   0.305042
424   0.303916
425   0.303232
426   0.302188
427   0.301336
428   0.300696
429   0.299762
430   0.298898
431   0.297824
432   0.296946
433   0.295840
434   0.295122
435   0.293814
436   0.292740
437   0.291284
438   0.290036
439   0.288948
440   0.287922
441   0.286724
442   0.285400
443   0.284266
444   0.282954
445   0.281858
446   0.280734
447   0.279502
448   0.278080
449   0.276974
450   0.275918
451   0.275078
452   0.273826
453   0.273040
454   0.271550
455   0.270786
456   0.270100
457   0.268958
458   0.268410
459   0.267440
460   0.266824
461   0.265988
462   0.264888
463   0.264120
464   0.262916
465   0.261696
466   0.260910
467   0.259990
468   0.258990
469   0.258104
470   0.257038
471   0.255794
472   0.254716
473   0.253670
474   0.252222
475   0.251260
476   0.249918
477   0.248630
478   0.247598
479   0.246528
480   0.245358
481   0.244426
482   0.243580
483   0.242324
484   0.240636
485   0.239826
486   0.238368
487   0.236548
488   0.235290
489   0.233436
490   0.231894
491   0.230206
492   0.228568
493   0.226760
494   0.225242
495   0.223182
496   0.221640
497   0.219826
498   0.218212
499   0.216300
500   0.214502
-499   0.212918
-498   0.210992
-497   0.209338
-496   0.207296
-495   0.206024
-494   0.203956
-493   0.202294
-492   0.200540
-491   0.198602
-490   0.196684
-489   0.195166
-488   0.193342
-487   0.191564
-486   0.190016
-485   0.188320
-484   0.186486
-483   0.184592
-482   0.183280
-481   0.181606
-480   0.179844
-479   0.178744
-478   0.177834
-477   0.176662
-476   0.175414
-475   0.174088
-474   0.172962
-473   0.172122
-472   0.170928
-471   0.169608
-470   0.168730
-469   0.167622
-468   0.166900
-467   0.166220
-466   0.165370
-465   0.164826
-464   0.163968
-463   0.163392
-462   0.162988
-461   0.162736
-460   0.162376
-459   0.162488
-458   0.162150
-457   0.162542
-456   0.162534
-455   0.162562
-454   0.162736
-453   0.162880
-452   0.162962
-451   0.162978
-450   0.162980
-449   0.163334
-448   0.163320
-447   0.163364
-446   0.163656
-445   0.163792
-444   0.164278
-443   0.163972
-442   0.164158
-441   0.163802
-440   0.163724
-439   0.163840
-438   0.163696
-437   0.163412
-436   0.163148
-435   0.162798
-434   0.162790
-433   0.162648
-432   0.162776
-431   0.162622
-430   0.162804
-429   0.163192
-428   0.163170
-427   0.163102
-426   0.163106
-425   0.163092
-424   0.163168
-423   0.163210
-422   0.163276
-421   0.163374
-420   0.163896
-419   0.164082
-418   0.164302
-417   0.164870
-416   0.165188
-415   0.165442
-414   0.165934
-413   0.166300
-412   0.166752
-411   0.167446
-410   0.167274
-409   0.168118
-408   0.168258
-407   0.168368
-406   0.169140
-405   0.169574
-404   0.170186
-403   0.170602
-402   0.170688
-401   0.170786
-400   0.171420
-399   0.171376
-398   0.171536
-397   0.171518
-396   0.171482
-395   0.171398
-394   0.171264
-393   0.171482
-392   0.171150
-391   0.171110
-390   0.171208
-389   0.171138
-388   0.170932
-387   0.170966
-386   0.171092
-385   0.171126
-384   0.171486
-383   0.172356
-382   0.172780
-381   0.172790
-380   0.173164
-379   0.173724
-378   0.174070
-377   0.174394
-376   0.174658
-375   0.175208
-374   0.175948
-373   0.176338
-372   0.176796
-371   0.177064
-370   0.177042
-369   0.177058
-368   0.177420
-367   0.177770
-366   0.177900
-365   0.178280
-364   0.178320
-363   0.178680
-362   0.178828
-361   0.179340
-360   0.179730
-359   0.180242
-358   0.180622
-357   0.181286
-356   0.182274
-355   0.182210
-354   0.182680
-353   0.182836
-352   0.183238
-351   0.183694
-350   0.184160
-349   0.184622
-348   0.184930
-347   0.185260
-346   0.185456
-345   0.185568
-344   0.185704
-343   0.185842
-342   0.186022
-341   0.185814
-340   0.185914
-339   0.186468
-338   0.186436
-337   0.186490
-336   0.186658
-335   0.187148
-334   0.187206
-333   0.187960
-332   0.188092
-331   0.188694
-330   0.189074
-329   0.189522
-328   0.189884
-327   0.190526
-326   0.190312
-325   0.190664
-324   0.190870
-323   0.191466
-322   0.191532
-321   0.191986
-320   0.192184
-319   0.192512
-318   0.192686
-317   0.192914
-316   0.193180
-315   0.193524
-314   0.193624
-313   0.193588
-312   0.194210
-311   0.194286
-310   0.194788
-309   0.194720
-308   0.195004
-307   0.195096
-306   0.195460
-305   0.195436
-304   0.195526
-303   0.195668
-302   0.195790
-301   0.195624
-300   0.195644
-299   0.195878
-298   0.196048
-297   0.195986
-296   0.196126
-295   0.196264
-294   0.196634
-293   0.196990
-292   0.197250
-291   0.197280
-290   0.197774
-289   0.197544
-288   0.197430
-287   0.197478
-286   0.197370
-285   0.197270
-284   0.197818
-283   0.197520
-282   0.197420
-281   0.197550
-280   0.197626
-279   0.197718
-278   0.197690
-277   0.197852
-276   0.198130
-275   0.198260
-274   0.198496
-273   0.199166
-272   0.199424
-271   0.199986
-270   0.200128
-269   0.200706
-268   0.200812
-267   0.201528
-266   0.202176
-265   0.202846
-264   0.203072
-263   0.203240
-262   0.203576
-261   0.204018
-260   0.204484
-259   0.204726
-258   0.205148
-257   0.205614
-256   0.205786
-255   0.206168
-254   0.206568
-253   0.207622
-252   0.208196
-251   0.208716
-250   0.209268
-249   0.210090
-248   0.210486
-247   0.211440
-246   0.212266
-245   0.212834
-244   0.213606
-243   0.214362
-242   0.215320
-241   0.215884
-240   0.216814
-239   0.217372
-238   0.218100
-237   0.218742
-236   0.219430
-235   0.220090
-234   0.220440
-233   0.220946
-232   0.221972
-231   0.222650
-230   0.223798
-229   0.224416
-228   0.225586
-227   0.226806
-226   0.227858
-225   0.229158
-224   0.229948
-223   0.231236
-222   0.232086
-221   0.233092
-220   0.233962
-219   0.234842
-218   0.235852
-217   0.236616
-216   0.237738
-215   0.238634
-214   0.238932
-213   0.239874
-212   0.241098
-211   0.241636
-210   0.242438
-209   0.242940
-208   0.243494
-207   0.244242
-206   0.244894
-205   0.245852
-204   0.246146
-203   0.246722
-202   0.247148
-201   0.247560
-200   0.248022
-199   0.248152
-198   0.248798
-197   0.248720
-196   0.249004
-195   0.249844
-194   0.249598
-193   0.250104
-192   0.250754
-191   0.251118
-190   0.251122
-189   0.251890
-188   0.252372
-187   0.252924
-186   0.253402
-185   0.254170
-184   0.254728
-183   0.255182
-182   0.255614
-181   0.256478
-180   0.257112
-179   0.257810
-178   0.258312
-177   0.259120
-176   0.259572
-175   0.260008
-174   0.260588
-173   0.261408
-172   0.261980
-171   0.262370
-170   0.263378
-169   0.264144
-168   0.264968
-167   0.265688
-166   0.266552
-165   0.267208
-164   0.267812
-163   0.268830
-162   0.269612
-161   0.270376
-160   0.271042
-159   0.271936
-158   0.272492
-157   0.273142
-156   0.273800
-155   0.274588
-154   0.275180
-153   0.276204
-152   0.277140
-151   0.277848
-150   0.279146
-149   0.280274
-148   0.281468
-147   0.282846
-146   0.284208
-145   0.285402
-144   0.286920
-143   0.287866
-142   0.289130
-141   0.290954
-140   0.292146
-139   0.293684
-138   0.294836
-137   0.296620
-136   0.297836
-135   0.299508
-134   0.301136
-133   0.302364
-132   0.303698
-131   0.305008
-130   0.306500
-129   0.307794
-128   0.309136
-127   0.310014
-126   0.311634
-125   0.313194
-124   0.314272
-123   0.315660
-122   0.316746
-121   0.318038
-120   0.319378
-119   0.320402
-118   0.321212
-117   0.322716
-116   0.323570
-115   0.324662
-114   0.325790
-113   0.326920
-112   0.328310
-111   0.329852
-110   0.331096
-109   0.332628
-108   0.334262
-107   0.335404
-106   0.336824
-105   0.338332
-104   0.339850
-103   0.340966
-102   0.342752
-101   0.344380
-100   0.345682
-99   0.347266
-98   0.348900
-97   0.350782
-96   0.352576
-95   0.354572
-94   0.356486
-93   0.358426
-92   0.359862
-91   0.361840
-90   0.363798
-89   0.365300
-88   0.367010
-87   0.368948
-86   0.370816
-85   0.372324
-84   0.374044
-83   0.376046
-82   0.377368
-81   0.379194
-80   0.380446
-79   0.381978
-78   0.383854
-77   0.385380
-76   0.387470
-75   0.389076
-74   0.390926
-73   0.392740
-72   0.394284
-71   0.396006
-70   0.397964
-69   0.400220
-68   0.402262
-67   0.404284
-66   0.406396
-65   0.408256
-64   0.410560
-63   0.412932
-62   0.415382
-61   0.417574
-60   0.420126
-59   0.422510
-58   0.424928
-57   0.427604
-56   0.430062
-55   0.432348
-54   0.434848
-53   0.437516
-52   0.439800
-51   0.442816
-50   0.445476
-49   0.448348
-48   0.451168
-47   0.454070
-46   0.457166
-45   0.459956
-44   0.463090
-43   0.466240
-42   0.469340
-41   0.472516
-40   0.475224
-39   0.478434
-38   0.481730
-37   0.485236
-36   0.488026
-35   0.490886
-34   0.493758
-33   0.496800
-32   0.499872
-31   0.503098
-30   0.506170
-29   0.509298
-28   0.511956
-27   0.515252
-26   0.518540
-25   0.521378
-24   0.524652
-23   0.527618
-22   0.530548
-21   0.533710
-20   0.536850
-19   0.540052
-18   0.543006
-17   0.546208
-16   0.549212
-15   0.551910
-14   0.554814
-13   0.557910
-12   0.560796
-11   0.563672
-10   0.566428
-9   0.569578
-8   0.572188
-7   0.575456
-6   0.578600
-5   0.581344
-4   0.584640
-3   0.587568
-2   0.590700
-1   0.593234
