0   0.454304
1   0.239772
2   0.223502
3   0.209524
4   0.195226
5   0.181182
6   0.168974
7   0.157110
8   0.147576
9   0.137232
10   0.129078
11   0.119214
12   0.112394
13   0.104250
14   0.098234
15   0.092704
16   0.086810
17   0.081882
18   0.076958
19   0.071298
20   0.068186
21   0.062996
22   0.059616
23   0.055808
24   0.052910
25   0.050554
26   0.046902
27   0.043830
28   0.041932
29   0.036568
30   0.034890
31   0.032642
32   0.030634
33   0.026946
34   0.026018
35   0.023804
36   0.022902
37   0.021530
38   0.020564
39   0.017820
40   0.016274
41   0.016836
42   0.014216
43   0.015630
44   0.012698
45   0.014088
46   0.012038
47   0.011728
48   0.010944
49   0.009218
50   0.008970
51   0.009774
52   0.010328
53   0.008594
54   0.009494
55   0.008380
56   0.007220
57   0.007024
58   0.006492
59   0.006138
60   0.003366
61   0.004128
62   0.000246
63   0.000102
64   0.001978
65   0.000684
66  -0.000020
67   0.000010
68   0.000936
69  -0.002010
70  -0.001118
71  -0.002756
72  -0.003256
73  -0.004042
74  -0.004202
75  -0.004632
76  -0.005040
77  -0.002330
78  -0.004398
79  -0.006342
80  -0.006508
81  -0.006990
82  -0.007068
83  -0.007172
84  -0.006820
85  -0.008932
86  -0.007628
87  -0.007578
88  -0.007510
89  -0.008378
90  -0.008112
91  -0.007078
92  -0.004722
93  -0.004560
94  -0.004338
95  -0.002862
96  -0.004804
97  -0.003852
98  -0.001192
99  -0.003764
100  -0.002324
101  -0.002854
102  -0.002044
103  -0.004080
104  -0.001892
105  -0.002730
106  -0.002152
107  -0.002018
108  -0.002236
109  -0.001744
110  -0.002080
111  -0.002030
112  -0.001948
113  -0.001330
114  -0.002656
115  -0.002518
116  -0.001142
117  -0.001238
118  -0.000642
119  -0.001924
120  -0.001762
121  -0.003438
122  -0.005396
123  -0.005096
124  -0.005888
125  -0.004914
126  -0.002244
127  -0.005106
128  -0.003394
129  -0.005464
130  -0.005546
131  -0.004586
132  -0.004422
133  -0.002564
134  -0.004262
135  -0.005806
136  -0.006142
137  -0.006048
138  -0.004936
139  -0.003788
140  -0.006092
141  -0.004776
142  -0.004590
143  -0.005078
144  -0.002220
145  -0.003776
146  -0.003952
147  -0.003682
148  -0.004458
149  -0.004202
150  -0.001610
151  -0.003602
152  -0.003306
153  -0.002146
154  -0.002474
155  -0.002464
156  -0.002796
157  -0.002650
158  -0.003538
159  -0.002518
160  -0.003762
161  -0.004720
162  -0.003308
163  -0.003670
164  -0.004402
165  -0.006322
166  -0.005962
167  -0.005688
168  -0.006118
169  -0.005040
170  -0.005256
171  -0.004832
172  -0.006524
173  -0.005694
174  -0.005072
175  -0.004832
176  -0.003708
177  -0.003326
178  -0.002782
179  -0.002346
180  -0.003780
181  -0.002568
182  -0.002864
183  -0.003716
184  -0.002910
185  -0.004942
186  -0.004350
187  -0.005270
188  -0.003926
189  -0.003208
190  -0.003588
191  -0.002624
192  -0.002332
193  -0.002314
194  -0.003706
195  -0.000686
196  -0.002234
197  -0.001506
198  -0.000140
199  -0.001868
200   0.000422
201   0.001150
202   0.001244
203   0.000984
204   0.001366
205   0.001080
206  -0.000662
207   0.000388
208   0.001358
209   0.001226
210   0.000938
211   0.000910
212   0.000660
213   0.003482
214   0.003634
215   0.002048
216   0.001136
217   0.000302
218   0.000342
219   0.000402
220  -0.000024
221   0.000510
222   0.000838
223  -0.000450
224  -0.000768
225   0.001890
226  -0.000172
227   0.000270
228  -0.000076
229  -0.000844
230  -0.000056
231   0.000156
232   0.000186
233   0.001138
234   0.001234
235  -0.000724
236   0.001008
237  -0.000088
238   0.002570
239  -0.000274
240  -0.000892
241  -0.001548
242  -0.000396
243   0.001076
244  -0.001570
245  -0.000700
246  -0.001014
247   0.000046
248  -0.001882
249  -0.002222
250  -0.001088
251  -0.001044
252   0.000014
253  -0.002132
254  -0.001342
255  -0.002054
256  -0.001252
257  -0.001088
258   0.000638
259  -0.000438
260   0.000794
261   0.000066
262   0.002354
263   0.001686
264   0.000820
265   0.001834
266  -0.000120
267   0.000420
268  -0.000054
269  -0.001814
270  -0.000744
271  -0.001354
272  -0.000712
273  -0.002080
274  -0.000718
275   0.000238
276  -0.001606
277  -0.002158
278  -0.001700
279  -0.001034
280  -0.000622
281  -0.000508
282  -0.001934
283  -0.001972
284  -0.001648
285  -0.001316
286  -0.003866
287  -0.002848
288  -0.005002
289  -0.004178
290  -0.003518
291  -0.003266
292  -0.004148
293  -0.003316
294  -0.003150
295  -0.001934
296  -0.003420
297  -0.002836
298  -0.002858
299  -0.004346
300  -0.003116
301  -0.004594
302  -0.004658
303  -0.003224
304  -0.003656
305  -0.002494
306  -0.004292
307  -0.002388
308  -0.003606
309  -0.004048
310  -0.002968
311  -0.003490
312  -0.003920
313  -0.004476
314  -0.003348
315  -0.002562
316  -0.004906
317  -0.005340
318  -0.005120
319  -0.002966
320  -0.003054
321  -0.001978
322  -0.002826
323  -0.002354
324  -0.001028
325   0.000096
326  -0.000566
327  -0.001582
328  -0.001686
329  -0.001046
330   0.000442
331   0.001816
332  -0.000506
333  -0.002072
334  -0.000704
335  -0.000666
336  -0.000310
337   0.001296
338  -0.001198
339   0.000038
340  -0.001206
341   0.001404
342   0.001086
343  -0.002330
344  -0.000874
345  -0.001288
346   0.000212
347  -0.000482
348   0.000366
349  -0.000602
350  -0.000482
351  -0.000044
352  -0.001620
353  -0.000890
354  -0.000264
355   0.000332
356   0.001786
357  -0.000480
358  -0.000014
359   0.000942
360   0.000860
361   0.000054
362  -0.000990
363   0.000974
364  -0.000750
365  -0.001656
366  -0.001458
367  -0.002484
368  -0.002062
369  -0.000286
370  -0.002920
371   0.000648
372  -0.002248
373  -0.000332
374  -0.002618
375   0.001124
376  -0.000204
377  -0.000074
378   0.000150
379  -0.001270
380  -0.000914
381  -0.000162
382   0.001590
383   0.001148
384   0.000520
385  -0.000768
386  -0.002362
387  -0.002262
388  -0.002476
389  -0.002708
390  -0.002632
391  -0.004148
392  -0.004026
393  -0.002692
394  -0.003754
395  -0.002950
396  -0.005206
397  -0.002806
398  -0.003852
399  -0.002804
400  -0.004086
401  -0.003654
402  -0.003898
403  -0.004598
404  -0.004900
405  -0.005860
406  -0.006574
407  -0.007554
408  -0.007572
409  -0.006462
410  -0.005494
411  -0.006364
412  -0.006492
413  -0.006900
414  -0.005150
415  -0.007150
416  -0.007936
417  -0.005346
418  -0.006572
419  -0.004504
420  -0.005328
421  -0.004924
422  -0.004900
423  -0.004680
424  -0.004540
425  -0.006374
426  -0.007150
427  -0.005228
428  -0.005504
429  -0.004276
430  -0.004258
431  -0.005982
432  -0.005388
433  -0.004470
434  -0.005684
435  -0.005258
436  -0.005930
437  -0.005142
438  -0.005712
439  -0.004940
440  -0.005910
441  -0.004404
442  -0.003626
443  -0.006050
444  -0.005260
445  -0.006468
446  -0.003502
447  -0.003492
448  -0.003372
449  -0.004360
450  -0.003778
451  -0.003816
452  -0.004366
453  -0.002282
454  -0.001848
455  -0.004468
456  -0.002894
457  -0.003690
458  -0.002622
459  -0.003146
460  -0.003198
461  -0.003436
462  -0.001642
463  -0.003366
464  -0.003328
465  -0.001630
466  -0.002356
467  -0.002186
468  -0.001166
469   0.000870
470  -0.001234
471  -0.000442
472  -0.000294
473  -0.000038
474  -0.000362
475  -0.000566
476   0.000160
477   0.000328
478   0.000168
479   0.000386
480   0.000816
481   0.001980
482   0.002096
483   0.002630
484   0.002768
485   0.005148
486   0.004416
487   0.002532
488   0.004582
489   0.005456
490   0.004732
491   0.005220
492   0.004318
493   0.004362
494   0.003426
495   0.002742
496   0.003176
497   0.003328
498   0.003856
499   0.002982
500   0.005192
-499   0.006386
-498   0.004194
-497   0.004396
-496   0.005594
-495   0.003984
-494   0.005860
-493   0.004492
-492   0.005752
-491   0.003860
-490   0.005590
-489   0.005656
-488   0.006608
-487   0.004988
-486   0.006348
-485   0.004952
-484   0.003392
-483   0.003444
-482   0.002340
-481   0.002464
-480   0.003062
-479   0.002510
-478   0.002068
-477   0.001906
-476   0.001922
-475   0.000736
-474   0.001026
-473  -0.000756
-472  -0.003046
-471  -0.001490
-470  -0.001052
-469  -0.002570
-468  -0.002242
-467  -0.000272
-466  -0.001532
-465  -0.000896
-464  -0.002092
-463  -0.002698
-462  -0.003596
-461  -0.005542
-460  -0.006908
-459  -0.004892
-458  -0.003998
-457  -0.004668
-456  -0.005210
-455  -0.004910
-454  -0.004636
-453  -0.005692
-452  -0.005860
-451  -0.006004
-450  -0.006358
-449  -0.004148
-448  -0.005230
-447  -0.003592
-446  -0.004078
-445  -0.003770
-444  -0.004714
-443  -0.004248
-442  -0.003562
-441  -0.002190
-440  -0.002634
-439  -0.001882
-438  -0.002674
-437  -0.004332
-436  -0.003114
-435  -0.002690
-434  -0.002524
-433  -0.002046
-432  -0.001768
-431  -0.001726
-430  -0.002420
-429  -0.003554
-428  -0.002288
-427  -0.002454
-426  -0.002498
-425  -0.002728
-424  -0.001410
-423  -0.001366
-422  -0.002610
-421  -0.000346
-420  -0.003406
-419  -0.000944
-418  -0.004138
-417  -0.002286
-416  -0.000858
-415  -0.002908
-414  -0.003156
-413  -0.004448
-412  -0.003500
-411  -0.005524
-410  -0.005636
-409  -0.004836
-408  -0.004612
-407  -0.005308
-406  -0.005230
-405  -0.004388
-404  -0.004144
-403  -0.002434
-402  -0.003090
-401  -0.002766
-400  -0.003352
-399  -0.003136
-398  -0.003558
-397  -0.001522
-396  -0.001688
-395  -0.002972
-394  -0.003614
-393  -0.004356
-392  -0.003208
-391  -0.003398
-390  -0.004120
-389  -0.001318
-388  -0.002278
-387  -0.001788
-386  -0.004074
-385  -0.002066
-384  -0.002826
-383  -0.002846
-382  -0.004178
-381  -0.003882
-380  -0.002952
-379  -0.001910
-378  -0.002356
-377  -0.003176
-376  -0.003778
-375  -0.003066
-374  -0.000936
-373  -0.003672
-372  -0.005246
-371  -0.003926
-370  -0.003100
-369  -0.004094
-368  -0.003350
-367  -0.004156
-366  -0.001796
-365  -0.002366
-364  -0.000774
-363   0.000948
-362  -0.000754
-361   0.000214
-360  -0.002278
-359  -0.000130
-358  -0.001168
-357  -0.000182
-356  -0.000588
-355   0.000614
-354   0.001116
-353   0.000244
-352  -0.000064
-351   0.000036
-350   0.000276
-349   0.001258
-348   0.000982
-347   0.002226
-346   0.000522
-345   0.000264
-344   0.000970
-343   0.001812
-342   0.000662
-341   0.001728
-340   0.001050
-339   0.002300
-338   0.000288
-337   0.001722
-336   0.001618
-335   0.001420
-334   0.000286
-333  -0.000312
-332  -0.000012
-331  -0.000554
-330   0.000050
-329  -0.001282
-328   0.001422
-327  -0.000482
-326   0.000482
-325  -0.001766
-324  -0.001184
-323  -0.001326
-322  -0.001212
-321  -0.001734
-320  -0.003366
-319  -0.000790
-318  -0.001938
-317  -0.003084
-316  -0.005238
-315  -0.005614
-314  -0.004114
-313  -0.004706
-312  -0.005490
-311  -0.004368
-310  -0.007634
-309  -0.007138
-308  -0.007530
-307  -0.007754
-306  -0.008124
-305  -0.007560
-304  -0.008784
-303  -0.008054
-302  -0.006682
-301  -0.005514
-300  -0.007304
-299  -0.005504
-298  -0.006030
-297  -0.005126
-296  -0.005022
-295  -0.005312
-294  -0.003876
-293  -0.004756
-292  -0.004856
-291  -0.004718
-290  -0.004624
-289  -0.005306
-288  -0.004882
-287  -0.005590
-286  -0.005812
-285  -0.005734
-284  -0.003706
-283  -0.004710
-282  -0.004356
-281  -0.004802
-280  -0.003798
-279  -0.003804
-278  -0.004172
-277  -0.003902
-276  -0.003756
-275  -0.004900
-274  -0.003160
-273  -0.002008
-272  -0.002400
-271  -0.001428
-270  -0.001980
-269  -0.002984
-268  -0.001890
-267  -0.003402
-266  -0.002498
-265  -0.002424
-264  -0.004524
-263  -0.003714
-262  -0.002456
-261  -0.003308
-260  -0.003076
-259  -0.003954
-258  -0.005024
-257  -0.003920
-256  -0.003042
-255  -0.001868
-254  -0.001750
-253  -0.001050
-252  -0.002690
-251  -0.003696
-250  -0.003662
-249  -0.003474
-248  -0.002320
-247  -0.002064
-246  -0.003752
-245  -0.003602
-244  -0.004982
-243  -0.004362
-242  -0.001972
-241  -0.005012
-240  -0.005780
-239  -0.005372
-238  -0.005322
-237  -0.005600
-236  -0.005612
-235  -0.005982
-234  -0.006076
-233  -0.006388
-232  -0.003230
-231  -0.004768
-230  -0.003720
-229  -0.003232
-228  -0.004102
-227  -0.002392
-226  -0.003380
-225   0.000260
-224  -0.001946
-223  -0.002188
-222  -0.001768
-221  -0.002498
-220  -0.001590
-219  -0.003536
-218  -0.000966
-217  -0.002044
-216   0.000208
-215  -0.000202
-214  -0.001350
-213  -0.000796
-212  -0.002236
-211  -0.000012
-210  -0.001308
-209  -0.002272
-208  -0.001890
-207  -0.002556
-206  -0.004152
-205  -0.002840
-204  -0.004112
-203  -0.005342
-202  -0.007020
-201  -0.004138
-200  -0.004750
-199  -0.005884
-198  -0.006822
-197  -0.006968
-196  -0.005492
-195  -0.005850
-194  -0.006382
-193  -0.006328
-192  -0.004060
-191  -0.004686
-190  -0.006256
-189  -0.003814
-188  -0.005120
-187  -0.005084
-186  -0.004566
-185  -0.005288
-184  -0.004582
-183  -0.004872
-182  -0.002628
-181  -0.004228
-180  -0.003532
-179  -0.003188
-178  -0.003116
-177  -0.003284
-176  -0.002280
-175  -0.000654
-174  -0.002708
-173  -0.001742
-172  -0.001762
-171  -0.002538
-170   0.001138
-169   0.000358
-168   0.000166
-167   0.001686
-166   0.000336
-165   0.000988
-164   0.001836
-163   0.001118
-162   0.000782
-161   0.001762
-160   0.001664
-159   0.003066
-158   0.003564
-157   0.002228
-156  -0.000222
-155   0.001506
-154   0.000054
-153   0.001800
-152   0.000758
-151   0.000220
-150  -0.002974
-149  -0.000584
-148  -0.000512
-147  -0.002146
-146  -0.000124
-145  -0.000422
-144  -0.001224
-143   0.000694
-142   0.000984
-141  -0.000996
-140   0.000478
-139   0.001868
-138   0.000616
-137   0.000966
-136   0.002228
-135   0.003608
-134   0.001986
-133   0.003928
-132   0.002936
-131   0.003788
-130   0.004062
-129   0.003096
-128   0.004438
-127   0.004670
-126   0.002564
-125   0.004698
-124   0.003646
-123   0.001840
-122   0.003350
-121   0.002576
-120   0.002406
-119   0.003050
-118   0.004088
-117   0.005026
-116   0.004180
-115   0.004134
-114   0.003174
-113   0.004008
-112   0.002818
-111   0.003142
-110   0.002566
-109   0.004138
-108   0.002658
-107   0.001838
-106   0.002608
-105   0.002046
-104   0.001958
-103   0.002768
-102   0.001802
-101   0.003150
-100   0.005018
-99   0.004482
-98   0.004750
-97   0.004992
-96   0.004082
-95   0.004050
-94   0.004338
-93   0.004532
-92   0.004658
-91   0.004074
-90   0.004172
-89   0.003800
-88   0.005576
-87   0.004094
-86   0.002128
-85   0.001462
-84   0.003470
-83   0.001878
-82   0.001368
-81   0.002850
-80   0.001910
-79   0.001000
-78   0.000506
-77   0.002018
-76   0.001990
-75   0.001436
-74   0.001950
-73   0.003710
-72   0.001470
-71   0.002782
-70   0.001192
-69   0.004088
-68   0.003830
-67   0.002882
-66   0.004366
-65   0.002820
-64   0.003248
-63   0.003774
-62   0.004590
-61   0.004742
-60   0.004800
-59   0.004882
-58   0.003418
-57   0.005440
-56   0.005074
-55   0.005450
-54   0.005226
-53   0.004638
-52   0.005994
-51   0.004582
-50   0.005550
-49   0.006672
-48   0.008348
-47   0.007406
-46   0.010984
-45   0.010842
-44   0.012586
-43   0.013748
-42   0.013148
-41   0.015346
-40   0.015508
-39   0.017208
-38   0.020622
-37   0.023002
-36   0.021478
-35   0.025722
-34   0.027240
-33   0.029972
-32   0.030540
-31   0.034456
-30   0.038494
-29   0.038706
-28   0.042294
-27   0.045022
-26   0.047850
-25   0.050288
-24   0.053984
-23   0.057704
-22   0.061394
-21   0.065474
-20   0.068710
-19   0.073264
-18   0.077556
-17   0.083438
-16   0.087456
-15   0.094550
-14   0.101218
-13   0.105666
-12   0.113486
-11   0.123316
-10   0.129846
-9   0.138504
-8   0.148264
-7   0.158932
-6   0.170184
-5   0.181672
-4   0.194836
-3   0.208488
-2   0.221834
-1   0.238904
