r MCS_10 MCS_20 MCS_40 MCS_80 MCS_160 MCS_320 MCS_640 MCS_1280 MCS_2560 MCS_5120 MCS_10240 MCS_20480 MCS_40960 
0   1.000000   1.000000   1.000000   1.000000   1.000000   1.000000   1.000000   1.000000   1.000000   1.000000   1.000000   1.000000   1.000000 
1   0.996800   0.996800   0.996800   0.996800   0.996800   0.996800   0.996800   0.996800   0.997200   0.997200   0.997400   0.997800   0.998200 
2   0.993600   0.993600   0.993600   0.993600   0.993600   0.993600   0.993600   0.993800   0.994400   0.994400   0.994800   0.995800   0.996400 
3   0.990400   0.990400   0.990400   0.990400   0.990400   0.990400   0.990400   0.990800   0.991600   0.991600   0.992200   0.993800   0.994600 
4   0.987200   0.987200   0.987200   0.987200   0.987200   0.987200   0.987200   0.987800   0.988800   0.988800   0.989600   0.991800   0.992800 
5   0.984000   0.984000   0.984000   0.984000   0.984000   0.984000   0.984000   0.984800   0.986000   0.986000   0.987000   0.989800   0.991000 
6   0.980800   0.980800   0.980800   0.980800   0.980800   0.980800   0.980800   0.981800   0.983200   0.983200   0.984400   0.987800   0.989200 
7   0.977600   0.977600   0.977600   0.977600   0.977600   0.977600   0.977600   0.978800   0.980400   0.980400   0.981800   0.985800   0.987400 
8   0.974400   0.974400   0.974400   0.974400   0.974400   0.974400   0.974400   0.975800   0.977600   0.977600   0.979200   0.983800   0.985600 
9   0.971200   0.971200   0.971200   0.971200   0.971200   0.971200   0.971200   0.972800   0.974800   0.974800   0.976600   0.981800   0.983800 
10   0.968000   0.968000   0.968000   0.968000   0.968000   0.968000   0.968000   0.969800   0.972000   0.972000   0.974000   0.979800   0.982000 
11   0.964800   0.964800   0.964800   0.964800   0.964800   0.964800   0.964800   0.966800   0.969200   0.969200   0.971400   0.977800   0.980200 
12   0.961600   0.961600   0.961600   0.961600   0.961600   0.961600   0.961600   0.963800   0.966400   0.966400   0.968800   0.975800   0.978400 
13   0.958400   0.958400   0.958400   0.958400   0.958400   0.958400   0.958400   0.960800   0.963600   0.963600   0.966200   0.973800   0.976800 
14   0.955200   0.955200   0.955200   0.955200   0.955200   0.955200   0.955200   0.957800   0.960800   0.960800   0.963600   0.971800   0.975200 
15   0.952000   0.952000   0.952000   0.952000   0.952000   0.952000   0.952000   0.954800   0.958000   0.958000   0.961000   0.969800   0.973600 
16   0.948800   0.948800   0.948800   0.948800   0.948800   0.948800   0.948800   0.951800   0.955200   0.955200   0.958400   0.967800   0.972000 
17   0.945600   0.945600   0.945600   0.945600   0.945600   0.945600   0.945600   0.948800   0.952400   0.952400   0.955800   0.965800   0.970400 
18   0.942400   0.942400   0.942400   0.942400   0.942400   0.942400   0.942400   0.945800   0.949600   0.949600   0.953200   0.963800   0.968800 
19   0.939200   0.939200   0.939200   0.939200   0.939200   0.939200   0.939200   0.942800   0.946800   0.946800   0.950600   0.961800   0.967200 
20   0.936000   0.936000   0.936000   0.936000   0.936000   0.936000   0.936000   0.939800   0.944000   0.944000   0.948000   0.959800   0.965600 
21   0.932800   0.932800   0.932800   0.932800   0.932800   0.932800   0.932800   0.936800   0.941200   0.941200   0.945400   0.957800   0.964000 
22   0.929600   0.929600   0.929600   0.929600   0.929600   0.929600   0.929600   0.933800   0.938400   0.938400   0.942800   0.955800   0.962400 
23   0.926400   0.926400   0.926400   0.926400   0.926400   0.926400   0.926400   0.930800   0.935600   0.935600   0.940200   0.953800   0.960800 
24   0.923200   0.923200   0.923200   0.923200   0.923200   0.923200   0.923400   0.927800   0.932800   0.932800   0.937600   0.951800   0.959200 
25   0.920000   0.920000   0.920000   0.920000   0.920000   0.920000   0.920400   0.924800   0.930000   0.930000   0.935000   0.949800   0.957600 
26   0.916800   0.916800   0.916800   0.916800   0.916800   0.916800   0.917400   0.921800   0.927200   0.927200   0.932400   0.947800   0.956000 
27   0.913600   0.913600   0.913600   0.913600   0.913600   0.913600   0.914400   0.918800   0.924400   0.924400   0.929800   0.945800   0.954400 
28   0.910400   0.910400   0.910400   0.910400   0.910400   0.910400   0.911400   0.915800   0.921600   0.921600   0.927200   0.943800   0.952800 
29   0.907200   0.907200   0.907200   0.907200   0.907200   0.907200   0.908400   0.912800   0.918800   0.918800   0.924600   0.941800   0.951200 
30   0.904000   0.904000   0.904000   0.904000   0.904000   0.904000   0.905400   0.909800   0.916000   0.916000   0.922000   0.939800   0.949600 
31   0.900800   0.900800   0.900800   0.900800   0.900800   0.900800   0.902400   0.906800   0.913200   0.913200   0.919400   0.937800   0.948000 
32   0.897600   0.897600   0.897600   0.897600   0.897600   0.897800   0.899400   0.903800   0.910400   0.910600   0.916800   0.935800   0.946400 
33   0.894400   0.894400   0.894400   0.894400   0.894400   0.894800   0.896400   0.900800   0.907600   0.908000   0.914200   0.933800   0.944800 
34   0.891200   0.891200   0.891200   0.891200   0.891200   0.891800   0.893400   0.897800   0.904800   0.905400   0.911600   0.931800   0.943200 
35   0.888000   0.888000   0.888000   0.888000   0.888000   0.888800   0.890400   0.894800   0.902000   0.902800   0.909000   0.929800   0.941600 
36   0.884800   0.884800   0.884800   0.884800   0.884800   0.885800   0.887400   0.891800   0.899200   0.900200   0.906400   0.927800   0.940000 
37   0.881600   0.881600   0.881600   0.881600   0.881600   0.882800   0.884400   0.888800   0.896400   0.897600   0.903800   0.925800   0.938400 
38   0.878400   0.878400   0.878400   0.878400   0.878400   0.879800   0.881400   0.885800   0.893600   0.895000   0.901200   0.923800   0.936800 
39   0.875200   0.875200   0.875200   0.875200   0.875200   0.876800   0.878400   0.882800   0.890800   0.892400   0.898600   0.921800   0.935200 
40   0.872000   0.872000   0.872000   0.872000   0.872000   0.873800   0.875400   0.879800   0.888000   0.889800   0.896000   0.919800   0.933600 
41   0.868800   0.868800   0.868800   0.868800   0.868800   0.870800   0.872400   0.876800   0.885200   0.887200   0.893400   0.917800   0.932000 
42   0.865600   0.865600   0.865600   0.865600   0.865600   0.867800   0.869400   0.873800   0.882400   0.884600   0.890800   0.915800   0.930400 
43   0.862400   0.862400   0.862400   0.862400   0.862400   0.864800   0.866400   0.870800   0.879600   0.882000   0.888200   0.913800   0.928800 
44   0.859200   0.859200   0.859200   0.859200   0.859200   0.861800   0.863400   0.867800   0.876800   0.879400   0.885600   0.911800   0.927200 
45   0.856000   0.856000   0.856000   0.856000   0.856000   0.858800   0.860400   0.864800   0.874000   0.876800   0.883000   0.909800   0.925600 
46   0.853000   0.852800   0.852800   0.852800   0.852800   0.855800   0.857400   0.861800   0.871200   0.874200   0.880400   0.907800   0.924000 
47   0.850000   0.849600   0.849600   0.849600   0.849600   0.852800   0.854400   0.858800   0.868400   0.871600   0.877800   0.905800   0.922400 
48   0.847000   0.846400   0.846400   0.846400   0.846400   0.849800   0.851400   0.855800   0.865600   0.869000   0.875200   0.903800   0.920800 
49   0.844000   0.843200   0.843200   0.843200   0.843200   0.846800   0.848400   0.852800   0.862800   0.866400   0.872600   0.901800   0.919200 
50   0.841000   0.840000   0.840000   0.840000   0.840000   0.843800   0.845400   0.849800   0.860000   0.863800   0.870000   0.899800   0.917600 
51   0.838000   0.836800   0.837000   0.836800   0.836800   0.840800   0.842400   0.846800   0.857200   0.861200   0.867400   0.897800   0.916000 
52   0.835000   0.833600   0.834000   0.833600   0.833600   0.837800   0.839400   0.844000   0.854400   0.858600   0.864800   0.895800   0.914400 
53   0.832000   0.830600   0.831000   0.830400   0.830400   0.834800   0.836400   0.841200   0.851600   0.856000   0.862200   0.893800   0.912800 
54   0.829000   0.827600   0.828000   0.827200   0.827200   0.831800   0.833400   0.838400   0.848800   0.853400   0.859600   0.891800   0.911200 
55   0.826000   0.824600   0.825000   0.824000   0.824000   0.828800   0.830400   0.835600   0.846000   0.850800   0.857000   0.889800   0.909600 
56   0.823000   0.821600   0.822000   0.821000   0.820800   0.825800   0.827400   0.832800   0.843200   0.848200   0.854400   0.887800   0.908000 
57   0.820000   0.818600   0.819000   0.818000   0.817600   0.822800   0.824400   0.830000   0.840400   0.845600   0.851800   0.885800   0.906400 
58   0.817000   0.815600   0.816000   0.815000   0.814400   0.819800   0.821400   0.827200   0.837600   0.843000   0.849200   0.883800   0.904800 
59   0.814000   0.812600   0.813000   0.812000   0.811200   0.816800   0.818400   0.824400   0.834800   0.840400   0.846600   0.881800   0.903200 
60   0.811000   0.809600   0.810000   0.809000   0.808000   0.813800   0.815400   0.821600   0.832000   0.837800   0.844000   0.879800   0.901600 
61   0.808000   0.806600   0.807000   0.806000   0.804800   0.810800   0.812400   0.818800   0.829200   0.835200   0.841400   0.877800   0.900000 
62   0.805000   0.803600   0.804000   0.803000   0.801600   0.807800   0.809400   0.816000   0.826400   0.832600   0.838800   0.875800   0.898400 
63   0.802000   0.800600   0.801000   0.800000   0.798400   0.804800   0.806400   0.813200   0.823600   0.830000   0.836200   0.873800   0.896800 
64   0.799000   0.797600   0.798000   0.797000   0.795400   0.801800   0.803400   0.810400   0.820800   0.827400   0.833600   0.871800   0.895200 
65   0.796000   0.794600   0.795000   0.794000   0.792400   0.798800   0.800400   0.807600   0.818000   0.824800   0.831000   0.869800   0.893600 
66   0.793000   0.791600   0.792000   0.791000   0.789400   0.795800   0.797400   0.804800   0.815200   0.822200   0.828400   0.867800   0.892000 
67   0.790000   0.788600   0.789000   0.788000   0.786400   0.792800   0.794400   0.802000   0.812400   0.819600   0.825800   0.865800   0.890400 
68   0.787000   0.785600   0.786000   0.785000   0.783400   0.789800   0.791400   0.799200   0.809600   0.817000   0.823200   0.863800   0.888800 
69   0.784000   0.782600   0.783000   0.782000   0.780400   0.786800   0.788400   0.796400   0.806800   0.814400   0.820600   0.861800   0.887200 
70   0.781000   0.779600   0.780000   0.779000   0.777400   0.783800   0.785400   0.793600   0.804000   0.811800   0.818000   0.859800   0.885600 
71   0.778000   0.776600   0.777000   0.776000   0.774400   0.780800   0.782400   0.790800   0.801200   0.809200   0.815400   0.857800   0.884000 
72   0.775000   0.773600   0.774000   0.773000   0.771400   0.777800   0.779400   0.788000   0.798400   0.806600   0.812800   0.855800   0.882400 
73   0.772000   0.770600   0.771000   0.770000   0.768400   0.774800   0.776400   0.785200   0.795600   0.804000   0.810200   0.853800   0.880800 
74   0.769000   0.767600   0.768000   0.767000   0.765400   0.771800   0.773400   0.782400   0.792800   0.801400   0.807600   0.851800   0.879200 
75   0.766000   0.764600   0.765000   0.764000   0.762400   0.768800   0.770400   0.779600   0.790000   0.798800   0.805000   0.849800   0.877600 
76   0.763000   0.761600   0.762000   0.761000   0.759400   0.766000   0.767400   0.776800   0.787200   0.796200   0.802400   0.847800   0.876000 
77   0.760000   0.758600   0.759000   0.758000   0.756400   0.763200   0.764400   0.774000   0.784400   0.793600   0.799800   0.845800   0.874400 
78   0.757000   0.755600   0.756000   0.755000   0.753400   0.760400   0.761400   0.771200   0.781600   0.791000   0.797200   0.843800   0.872800 
79   0.754000   0.752600   0.753000   0.752000   0.750400   0.757600   0.758400   0.768400   0.778800   0.788400   0.794600   0.841800   0.871200 
80   0.751000   0.749600   0.750000   0.749000   0.747400   0.754800   0.755400   0.765600   0.776000   0.785800   0.792000   0.839800   0.869600 
81   0.748000   0.746600   0.747000   0.746000   0.744400   0.752000   0.752400   0.762800   0.773200   0.783200   0.789400   0.837800   0.868000 
82   0.745000   0.743600   0.744000   0.743000   0.741400   0.749200   0.749400   0.760000   0.770400   0.780600   0.786800   0.835800   0.866400 
83   0.742000   0.740600   0.741000   0.740000   0.738600   0.746400   0.746400   0.757200   0.767600   0.778000   0.784200   0.833800   0.864800 
84   0.739000   0.737600   0.738000   0.737000   0.735800   0.743600   0.743400   0.754400   0.764800   0.775400   0.781600   0.831800   0.863200 
85   0.736000   0.734600   0.735000   0.734000   0.733000   0.740800   0.740400   0.751600   0.762000   0.772800   0.779000   0.829800   0.861600 
86   0.733000   0.731600   0.732000   0.731000   0.730200   0.738000   0.737400   0.748800   0.759200   0.770200   0.776400   0.827800   0.860000 
87   0.730000   0.728600   0.729000   0.728000   0.727400   0.735200   0.734600   0.746000   0.756400   0.767600   0.773800   0.825800   0.858400 
88   0.727000   0.725600   0.726000   0.725000   0.724600   0.732400   0.731800   0.743200   0.753600   0.765000   0.771200   0.823800   0.856800 
89   0.724000   0.722600   0.723000   0.722000   0.721800   0.729600   0.729000   0.740400   0.750800   0.762400   0.768600   0.821800   0.855200 
90   0.721000   0.719600   0.720000   0.719000   0.719000   0.726800   0.726200   0.737600   0.748000   0.759800   0.766000   0.819800   0.853600 
91   0.718000   0.716600   0.717000   0.716000   0.716200   0.724000   0.723400   0.734800   0.745200   0.757200   0.763400   0.817800   0.852000 
92   0.715000   0.713600   0.714000   0.713000   0.713400   0.721200   0.720600   0.732000   0.742400   0.754600   0.760800   0.815800   0.850400 
93   0.712000   0.710600   0.711000   0.710200   0.710600   0.718400   0.717800   0.729200   0.739800   0.752000   0.758200   0.813800   0.848800 
94   0.709000   0.707600   0.708000   0.707400   0.707800   0.715600   0.715000   0.726400   0.737200   0.749400   0.755600   0.811800   0.847200 
95   0.706000   0.704600   0.705000   0.704600   0.705000   0.712800   0.712200   0.723600   0.734600   0.746800   0.753200   0.809800   0.845600 
96   0.703000   0.701600   0.702000   0.701800   0.702200   0.710000   0.709400   0.720800   0.732000   0.744200   0.750800   0.807800   0.844000 
97   0.700000   0.698600   0.699000   0.699000   0.699400   0.707200   0.706600   0.718000   0.729400   0.741600   0.748400   0.805800   0.842400 
98   0.697000   0.695600   0.696200   0.696200   0.696600   0.704400   0.703800   0.715200   0.726800   0.739000   0.746000   0.803800   0.840800 
99   0.694000   0.692600   0.693400   0.693400   0.693800   0.701600   0.701000   0.712400   0.724200   0.736400   0.743600   0.801800   0.839200 
100   0.691000   0.689600   0.690600   0.690600   0.691000   0.698800   0.698200   0.709600   0.721600   0.733800   0.741200   0.799800   0.837600 
101   0.688000   0.686600   0.687800   0.687800   0.688200   0.696000   0.695400   0.706800   0.719000   0.731200   0.738800   0.797800   0.836000 
102   0.685000   0.683600   0.685000   0.685000   0.685400   0.693200   0.692600   0.704000   0.716400   0.728600   0.736400   0.795800   0.834400 
103   0.682000   0.680600   0.682200   0.682200   0.682600   0.690400   0.689800   0.701200   0.713800   0.726000   0.734000   0.793800   0.832800 
104   0.679000   0.677800   0.679400   0.679400   0.679800   0.687600   0.687000   0.698400   0.711200   0.723400   0.731600   0.791800   0.831200 
105   0.676000   0.675000   0.676600   0.676600   0.677000   0.684800   0.684200   0.695600   0.708600   0.720800   0.729200   0.789800   0.829600 
106   0.673000   0.672200   0.673800   0.673800   0.674200   0.682000   0.681400   0.692800   0.706000   0.718200   0.726800   0.787800   0.828000 
107   0.670000   0.669400   0.671000   0.671000   0.671400   0.679200   0.678600   0.690000   0.703400   0.715600   0.724600   0.785800   0.826400 
108   0.667000   0.666600   0.668200   0.668200   0.668600   0.676400   0.675800   0.687200   0.700800   0.713000   0.722400   0.783800   0.824800 
109   0.664000   0.663800   0.665400   0.665400   0.665800   0.673600   0.673000   0.684400   0.698200   0.710400   0.720200   0.781800   0.823200 
110   0.661000   0.661000   0.662600   0.662600   0.663000   0.670800   0.670200   0.681600   0.695600   0.707800   0.718000   0.779800   0.821600 
111   0.658200   0.658200   0.659800   0.659800   0.660200   0.668000   0.667400   0.678800   0.693000   0.705200   0.715800   0.777800   0.820000 
112   0.655400   0.655400   0.657000   0.657000   0.657400   0.665200   0.664600   0.676000   0.690400   0.702600   0.713600   0.775800   0.818400 
113   0.652600   0.652600   0.654200   0.654200   0.654600   0.662400   0.661800   0.673200   0.687800   0.700000   0.711400   0.773800   0.816800 
114   0.649800   0.649800   0.651400   0.651400   0.651800   0.659600   0.659000   0.670400   0.685200   0.697400   0.709200   0.771800   0.815200 
115   0.647000   0.647000   0.648600   0.648600   0.649000   0.656800   0.656200   0.667600   0.682600   0.694800   0.707000   0.769800   0.813600 
116   0.644200   0.644200   0.645800   0.645800   0.646200   0.654000   0.653400   0.664800   0.680200   0.692200   0.704800   0.767800   0.812000 
117   0.641400   0.641400   0.643000   0.643000   0.643400   0.651200   0.650600   0.662000   0.677800   0.689600   0.702600   0.765800   0.810400 
118   0.638600   0.638600   0.640200   0.640200   0.640600   0.648400   0.647800   0.659200   0.675400   0.687000   0.700400   0.763800   0.808800 
119   0.635800   0.635800   0.637400   0.637400   0.637800   0.645600   0.645000   0.656600   0.673000   0.684400   0.698200   0.761800   0.807200 
120   0.633000   0.633000   0.634600   0.634600   0.635000   0.642800   0.642200   0.654000   0.670600   0.681800   0.696000   0.759800   0.805600 
121   0.630200   0.630200   0.631800   0.631800   0.632200   0.640000   0.639400   0.651400   0.668200   0.679200   0.693800   0.757800   0.804000 
122   0.627400   0.627400   0.629000   0.629000   0.629400   0.637200   0.636600   0.648800   0.665800   0.676600   0.691600   0.755800   0.802400 
123   0.624600   0.624600   0.626200   0.626200   0.626600   0.634400   0.633800   0.646200   0.663400   0.674000   0.689400   0.753800   0.800800 
124   0.621800   0.621800   0.623400   0.623600   0.623800   0.631600   0.631000   0.643600   0.661000   0.671400   0.687200   0.751800   0.799200 
125   0.619000   0.619000   0.620600   0.621000   0.621000   0.628800   0.628200   0.641000   0.658800   0.668800   0.685000   0.749800   0.797600 
126   0.616200   0.616200   0.617800   0.618400   0.618200   0.626000   0.625400   0.638400   0.656600   0.666200   0.682800   0.747800   0.796000 
127   0.613400   0.613400   0.615200   0.615800   0.615400   0.623200   0.622600   0.635800   0.654400   0.663600   0.680600   0.745800   0.794400 
128   0.610800   0.610600   0.612600   0.613200   0.612600   0.620400   0.619800   0.633200   0.652200   0.661000   0.678400   0.743800   0.792800 
129   0.608200   0.607800   0.610000   0.610600   0.609800   0.617600   0.617200   0.630600   0.650000   0.658400   0.676200   0.741800   0.791200 
130   0.605600   0.605000   0.607400   0.608000   0.607000   0.614800   0.614600   0.628000   0.647800   0.655800   0.674000   0.739800   0.789600 
131   0.603000   0.602200   0.604800   0.605400   0.604200   0.612000   0.612200   0.625400   0.645600   0.653200   0.671800   0.737800   0.788000 
132   0.600400   0.599600   0.602200   0.602800   0.601400   0.609200   0.609800   0.622800   0.643400   0.650600   0.669600   0.735800   0.786400 
133   0.597800   0.597000   0.599600   0.600200   0.598600   0.606400   0.607400   0.620200   0.641200   0.648000   0.667400   0.733800   0.784800 
134   0.595200   0.594400   0.597000   0.597600   0.595800   0.603600   0.605000   0.617600   0.639000   0.645400   0.665200   0.731800   0.783200 
135   0.592600   0.591800   0.594400   0.595000   0.593000   0.600800   0.602600   0.615000   0.636800   0.642800   0.663000   0.729800   0.781600 
136   0.590000   0.589200   0.591800   0.592400   0.590200   0.598000   0.600200   0.612400   0.634600   0.640200   0.660800   0.727800   0.780200 
137   0.587400   0.586600   0.589200   0.589800   0.587400   0.595200   0.597800   0.609800   0.632400   0.637600   0.658600   0.725800   0.778800 
138   0.584800   0.584000   0.586600   0.587200   0.584600   0.592400   0.595400   0.607200   0.630200   0.635000   0.656400   0.723800   0.777400 
139   0.582200   0.581400   0.584000   0.584600   0.581800   0.589600   0.593000   0.604800   0.628000   0.632400   0.654200   0.721800   0.776000 
140   0.579600   0.578800   0.581400   0.582000   0.579000   0.586800   0.590800   0.602400   0.625800   0.629800   0.652000   0.719800   0.774600 
141   0.577000   0.576200   0.578800   0.579400   0.576200   0.584000   0.588800   0.600000   0.623600   0.627200   0.649800   0.717800   0.773200 
142   0.574400   0.573600   0.576200   0.576800   0.573400   0.581200   0.586800   0.597600   0.621400   0.624600   0.647600   0.715800   0.771800 
143   0.571800   0.571000   0.573600   0.574200   0.570600   0.578400   0.584800   0.595200   0.619400   0.622000   0.645400   0.713800   0.770400 
144   0.569200   0.568400   0.571000   0.571600   0.567800   0.575600   0.582800   0.592800   0.617400   0.619400   0.643200   0.711800   0.769000 
145   0.566600   0.565800   0.568400   0.569000   0.565000   0.572800   0.580800   0.590400   0.615400   0.616800   0.641000   0.709800   0.767600 
146   0.564000   0.563200   0.565800   0.566400   0.562200   0.570000   0.578800   0.588000   0.613400   0.614200   0.638800   0.707800   0.766200 
147   0.561400   0.560600   0.563200   0.563800   0.559400   0.567200   0.576800   0.585600   0.611400   0.611600   0.636600   0.705800   0.764800 
148   0.558800   0.558000   0.560600   0.561200   0.556600   0.564400   0.574800   0.583200   0.609400   0.609000   0.634400   0.703800   0.763400 
149   0.556200   0.555400   0.558000   0.558600   0.553800   0.561800   0.572800   0.580800   0.607400   0.606400   0.632200   0.701800   0.762000 
150   0.553600   0.552800   0.555400   0.556000   0.551000   0.559200   0.570800   0.578400   0.605400   0.603800   0.630000   0.699800   0.760600 
151   0.551000   0.550200   0.552800   0.553400   0.548200   0.556600   0.568800   0.576000   0.603400   0.601200   0.627800   0.697800   0.759200 
152   0.548400   0.547600   0.550200   0.550800   0.545400   0.554000   0.566800   0.573600   0.601400   0.598600   0.625600   0.695800   0.757800 
153   0.545800   0.545000   0.547600   0.548200   0.542600   0.551400   0.564800   0.571200   0.599400   0.596200   0.623400   0.693800   0.756400 
154   0.543200   0.542400   0.545000   0.545600   0.540000   0.548800   0.562800   0.568800   0.597400   0.593800   0.621200   0.691800   0.755000 
155   0.540600   0.539800   0.542400   0.543000   0.537400   0.546200   0.560800   0.566400   0.595400   0.591400   0.619000   0.689800   0.753600 
156   0.538000   0.537200   0.539800   0.540400   0.535000   0.543800   0.558800   0.564000   0.593400   0.589000   0.616800   0.687800   0.752200 
157   0.535400   0.534600   0.537200   0.537800   0.532600   0.541400   0.556800   0.561600   0.591400   0.586600   0.614600   0.685800   0.750800 
158   0.532800   0.532000   0.534800   0.535200   0.530200   0.539000   0.554800   0.559200   0.589600   0.584200   0.612400   0.683800   0.749400 
159   0.530200   0.529400   0.532400   0.532600   0.527800   0.536600   0.552800   0.557000   0.587800   0.581800   0.610200   0.681800   0.748000 
160   0.527600   0.526800   0.530000   0.530000   0.525400   0.534200   0.550800   0.554800   0.586000   0.579400   0.608000   0.679800   0.746600 
161   0.525000   0.524200   0.527800   0.527400   0.523000   0.531800   0.548800   0.552600   0.584200   0.577000   0.605800   0.677800   0.745200 
162   0.522400   0.521600   0.525600   0.524800   0.520600   0.529400   0.546800   0.550400   0.582400   0.574600   0.603600   0.675800   0.743800 
163   0.519800   0.519000   0.523400   0.522200   0.518200   0.527000   0.544800   0.548200   0.580600   0.572200   0.601400   0.673800   0.742400 
164   0.517200   0.516400   0.521200   0.519600   0.515800   0.524600   0.542800   0.546000   0.578800   0.569800   0.599200   0.671800   0.741000 
165   0.514600   0.514000   0.519000   0.517000   0.513400   0.522200   0.540800   0.543800   0.577000   0.567400   0.597000   0.669800   0.739600 
166   0.512000   0.511600   0.516800   0.514400   0.511000   0.519800   0.539000   0.541600   0.575200   0.565000   0.594800   0.667800   0.738200 
167   0.509400   0.509200   0.514800   0.511800   0.508600   0.517400   0.537200   0.539400   0.573600   0.562600   0.592600   0.665800   0.736800 
168   0.506800   0.506800   0.512800   0.509200   0.506200   0.515000   0.535400   0.537200   0.572000   0.560400   0.590400   0.663800   0.735400 
169   0.504200   0.504400   0.510800   0.506600   0.503800   0.512600   0.533600   0.535000   0.570400   0.558200   0.588200   0.661800   0.734000 
170   0.501600   0.502000   0.508800   0.504200   0.501400   0.510200   0.531800   0.532800   0.568800   0.556000   0.586000   0.659800   0.732600 
171   0.499000   0.499600   0.506800   0.501800   0.499000   0.507800   0.530200   0.530800   0.567200   0.553800   0.583800   0.657800   0.731200 
172   0.496400   0.497200   0.504800   0.499400   0.496600   0.505400   0.528600   0.528800   0.565600   0.551600   0.581600   0.655800   0.729800 
173   0.493800   0.494800   0.502800   0.497000   0.494400   0.503000   0.527000   0.526800   0.564000   0.549400   0.579400   0.653800   0.728400 
174   0.491400   0.492400   0.500800   0.494600   0.492200   0.500600   0.525400   0.524800   0.562400   0.547200   0.577200   0.651800   0.727000 
175   0.489000   0.490000   0.498800   0.492400   0.490000   0.498200   0.523800   0.522800   0.561000   0.545000   0.575000   0.649800   0.725600 
176   0.486600   0.487600   0.496800   0.490200   0.487800   0.495800   0.522200   0.520800   0.559600   0.542800   0.572800   0.647800   0.724200 
177   0.484400   0.485200   0.494800   0.488000   0.485600   0.493600   0.520600   0.518800   0.558200   0.540600   0.570600   0.645800   0.722800 
178   0.482400   0.482800   0.492800   0.486000   0.483400   0.491400   0.519000   0.516800   0.556800   0.538400   0.568400   0.643800   0.721400 
179   0.480400   0.480400   0.490800   0.484000   0.481200   0.489200   0.517400   0.514800   0.555400   0.536200   0.566200   0.641800   0.720000 
180   0.478600   0.478400   0.488800   0.482000   0.479000   0.487000   0.515800   0.513000   0.554000   0.534000   0.564000   0.639800   0.718600 
181   0.476800   0.476800   0.486800   0.480000   0.477000   0.484800   0.514200   0.511200   0.552600   0.531800   0.561800   0.637800   0.717200 
182   0.475200   0.475200   0.484800   0.478000   0.475000   0.482600   0.512600   0.509400   0.551200   0.529600   0.559600   0.635800   0.715800 
183   0.473600   0.473600   0.482800   0.476000   0.473000   0.480400   0.511000   0.507600   0.549800   0.527400   0.557400   0.633800   0.714400 
184   0.472000   0.472000   0.480800   0.474000   0.471000   0.478200   0.509400   0.505800   0.548400   0.525200   0.555200   0.631800   0.713000 
185   0.470400   0.470400   0.479000   0.472000   0.469000   0.476200   0.507800   0.504000   0.547000   0.523000   0.553000   0.629800   0.711600 
186   0.468800   0.468800   0.477200   0.470000   0.467000   0.474400   0.506200   0.502200   0.545600   0.520800   0.550800   0.627800   0.710200 
187   0.467200   0.467200   0.475400   0.468000   0.465000   0.472600   0.504600   0.500400   0.544200   0.518600   0.548600   0.625800   0.708800 
188   0.465600   0.465600   0.473600   0.466000   0.463000   0.470800   0.503000   0.498600   0.542800   0.516400   0.546400   0.623800   0.707400 
189   0.464000   0.464000   0.471800   0.464000   0.461000   0.469000   0.501400   0.496800   0.541400   0.514200   0.544200   0.621800   0.706000 
190   0.462400   0.462400   0.470000   0.462000   0.459000   0.467200   0.499800   0.495000   0.540000   0.512000   0.542000   0.619800   0.704600 
191   0.460800   0.460800   0.468200   0.460000   0.457000   0.465400   0.498200   0.493200   0.538600   0.509800   0.539800   0.617800   0.703200 
192   0.459200   0.459200   0.466600   0.458000   0.455000   0.463600   0.496600   0.491400   0.537200   0.507600   0.537600   0.615800   0.701800 
193   0.457600   0.457600   0.465000   0.456000   0.453000   0.461800   0.495000   0.489800   0.535800   0.505400   0.535400   0.613800   0.700400 
194   0.456000   0.456000   0.463400   0.454000   0.451000   0.460000   0.493400   0.488200   0.534400   0.503200   0.533200   0.611800   0.699000 
195   0.454400   0.454400   0.461800   0.452000   0.449000   0.458200   0.491800   0.486600   0.533000   0.501000   0.531000   0.609800   0.697800 
196   0.452800   0.452800   0.460200   0.450000   0.447000   0.456400   0.490200   0.485000   0.531600   0.498800   0.528800   0.607800   0.696600 
197   0.451200   0.451200   0.458600   0.448200   0.445000   0.454600   0.488600   0.483400   0.530200   0.496600   0.526600   0.605800   0.695400 
198   0.449600   0.449600   0.457000   0.446400   0.443000   0.452800   0.487000   0.481800   0.528800   0.494600   0.524400   0.603800   0.694200 
199   0.448000   0.448000   0.455400   0.444600   0.441000   0.451000   0.485400   0.480200   0.527400   0.492600   0.522200   0.601800   0.693000 
200   0.446400   0.446400   0.453800   0.442800   0.439000   0.449200   0.483800   0.478600   0.526000   0.490600   0.520000   0.599800   0.691800 
201   0.444800   0.444800   0.452200   0.441000   0.437000   0.447400   0.482200   0.477000   0.524600   0.488600   0.517800   0.597800   0.690600 
202   0.443200   0.443200   0.450600   0.439200   0.435000   0.445600   0.480600   0.475400   0.523200   0.486600   0.515600   0.595800   0.689400 
203   0.441600   0.441600   0.449000   0.437400   0.433000   0.443800   0.479000   0.473800   0.521800   0.484600   0.513400   0.593800   0.688200 
204   0.440000   0.440000   0.447400   0.435600   0.431000   0.442000   0.477400   0.472200   0.520400   0.482800   0.511200   0.591800   0.687000 
205   0.438400   0.438400   0.445800   0.433800   0.429000   0.440200   0.475800   0.470600   0.519000   0.481000   0.509000   0.589800   0.685800 
206   0.436800   0.436800   0.444200   0.432200   0.427000   0.438400   0.474200   0.469000   0.517600   0.479200   0.506800   0.587800   0.684600 
207   0.435200   0.435200   0.442600   0.430600   0.425000   0.436600   0.472600   0.467400   0.516200   0.477400   0.504600   0.585800   0.683400 
208   0.433600   0.433600   0.441000   0.429000   0.423400   0.434800   0.471000   0.465800   0.514800   0.475600   0.502400   0.583800   0.682200 
209   0.432000   0.432000   0.439400   0.427400   0.421800   0.433000   0.469400   0.464200   0.513400   0.473800   0.500200   0.581800   0.681000 
210   0.430400   0.430400   0.437800   0.425800   0.420200   0.431200   0.467800   0.462600   0.512000   0.472000   0.498000   0.579800   0.679800 
211   0.429000   0.428800   0.436200   0.424200   0.418600   0.429600   0.466200   0.461000   0.510600   0.470200   0.495800   0.577800   0.678600 
212   0.427600   0.427200   0.434600   0.422600   0.417000   0.428000   0.464600   0.459400   0.509200   0.468400   0.493600   0.575800   0.677400 
213   0.426200   0.425600   0.433000   0.421000   0.415400   0.426400   0.463000   0.457800   0.507800   0.466600   0.491400   0.573800   0.676200 
214   0.424800   0.424000   0.431400   0.419400   0.413800   0.424800   0.461400   0.456200   0.506400   0.464800   0.489200   0.571800   0.675000 
215   0.423400   0.422400   0.429800   0.417800   0.412200   0.423200   0.459800   0.454600   0.505000   0.463000   0.487000   0.570000   0.673800 
216   0.422000   0.420800   0.428400   0.416200   0.410600   0.421600   0.458200   0.453000   0.503600   0.461200   0.484800   0.568200   0.672600 
217   0.420600   0.419400   0.427000   0.414600   0.409000   0.420000   0.456600   0.451400   0.502200   0.459400   0.482600   0.566400   0.671400 
218   0.419200   0.418000   0.425600   0.413000   0.407400   0.418400   0.455000   0.449800   0.500800   0.457600   0.480400   0.564600   0.670200 
219   0.418000   0.416600   0.424200   0.411400   0.405800   0.416800   0.453400   0.448200   0.499400   0.455800   0.478200   0.562800   0.669000 
220   0.416800   0.415200   0.422800   0.410000   0.404400   0.415200   0.451800   0.446600   0.498000   0.454000   0.476000   0.561000   0.667800 
221   0.415600   0.413800   0.421400   0.408600   0.403000   0.413600   0.450200   0.445000   0.496600   0.452200   0.473800   0.559200   0.666600 
222   0.414400   0.412400   0.420000   0.407400   0.401600   0.412000   0.448600   0.443400   0.495200   0.450400   0.471600   0.557400   0.665400 
223   0.413200   0.411000   0.418600   0.406200   0.400200   0.410400   0.447000   0.442000   0.493800   0.448600   0.469400   0.555600   0.664200 
224   0.412000   0.409800   0.417200   0.405000   0.398800   0.408800   0.445400   0.440600   0.492400   0.446800   0.467400   0.553800   0.663000 
225   0.410800   0.408600   0.415800   0.403800   0.397400   0.407200   0.443800   0.439400   0.491000   0.445000   0.465400   0.552000   0.661800 
226   0.409600   0.407400   0.414600   0.402600   0.396000   0.405600   0.442200   0.438200   0.489600   0.443200   0.463400   0.550200   0.660600 
227   0.408400   0.406200   0.413400   0.401400   0.394600   0.404000   0.440600   0.437000   0.488200   0.441400   0.461400   0.548400   0.659400 
228   0.407200   0.405000   0.412200   0.400200   0.393200   0.402400   0.439000   0.435800   0.486800   0.439600   0.459400   0.546600   0.658200 
229   0.406000   0.403800   0.411000   0.399000   0.391800   0.400800   0.437400   0.434600   0.485400   0.437800   0.457400   0.544800   0.657000 
230   0.404800   0.402600   0.409800   0.397800   0.390600   0.399200   0.435800   0.433400   0.484000   0.436000   0.455400   0.543000   0.655800 
231   0.403600   0.401400   0.408600   0.396600   0.389400   0.397600   0.434200   0.432200   0.482600   0.434200   0.453400   0.541200   0.654600 
232   0.402400   0.400200   0.407400   0.395400   0.388200   0.396000   0.432600   0.431000   0.481200   0.432400   0.451600   0.539400   0.653400 
233   0.401200   0.399000   0.406200   0.394200   0.387000   0.394400   0.431000   0.429800   0.479800   0.430600   0.449800   0.537600   0.652200 
234   0.400000   0.397800   0.405000   0.393000   0.385800   0.392800   0.429400   0.428600   0.478400   0.428800   0.448000   0.535800   0.651000 
235   0.398800   0.396600   0.403800   0.391800   0.384600   0.391200   0.427800   0.427400   0.477000   0.427000   0.446200   0.534000   0.649800 
236   0.397600   0.395400   0.402600   0.390800   0.383400   0.389600   0.426200   0.426200   0.475600   0.425200   0.444400   0.532200   0.648600 
237   0.396600   0.394200   0.401400   0.389800   0.382200   0.388200   0.424600   0.425000   0.474200   0.423400   0.442600   0.530400   0.647400 
238   0.395600   0.393000   0.400200   0.388800   0.381200   0.386800   0.423000   0.423800   0.472800   0.421600   0.440800   0.528600   0.646200 
239   0.394600   0.391800   0.399200   0.387800   0.380200   0.385400   0.421400   0.422600   0.471400   0.419800   0.439000   0.526800   0.645000 
240   0.393600   0.390800   0.398200   0.387000   0.379200   0.384000   0.419800   0.421400   0.470000   0.418000   0.437200   0.525000   0.643800 
241   0.392600   0.389800   0.397200   0.386200   0.378200   0.382800   0.418200   0.420200   0.468600   0.416200   0.435400   0.523200   0.642600 
242   0.391600   0.388800   0.396200   0.385400   0.377200   0.381600   0.416600   0.419000   0.467200   0.414400   0.433600   0.521400   0.641400 
243   0.390600   0.387800   0.395200   0.384600   0.376200   0.380600   0.415000   0.417800   0.465800   0.412600   0.431800   0.519600   0.640200 
244   0.389600   0.386800   0.394200   0.383800   0.375400   0.379600   0.413400   0.416600   0.464400   0.410800   0.430000   0.517800   0.639000 
245   0.388600   0.385800   0.393200   0.383000   0.374600   0.378600   0.411800   0.415400   0.463000   0.409000   0.428200   0.516000   0.637800 
246   0.387600   0.384800   0.392200   0.382400   0.374000   0.377600   0.410200   0.414400   0.461600   0.407200   0.426400   0.514200   0.636600 
247   0.386600   0.383800   0.391200   0.381800   0.373400   0.376600   0.408600   0.413400   0.460200   0.405400   0.424600   0.512400   0.635400 
248   0.385600   0.382800   0.390200   0.381200   0.372800   0.375600   0.407000   0.412400   0.458800   0.403600   0.422800   0.510600   0.634200 
249   0.384600   0.381800   0.389200   0.380600   0.372200   0.374600   0.405400   0.411400   0.457400   0.401800   0.421000   0.508800   0.633000 
250   0.383600   0.380800   0.388200   0.380000   0.371600   0.373600   0.404000   0.410400   0.456000   0.400000   0.419200   0.507000   0.631800 
251   0.382600   0.379800   0.387200   0.379400   0.371000   0.372800   0.402600   0.409600   0.454600   0.398200   0.417400   0.505200   0.630600 
252   0.381600   0.378800   0.386200   0.378800   0.370400   0.372000   0.401200   0.408800   0.453200   0.396600   0.415600   0.503400   0.629400 
253   0.380600   0.377800   0.385200   0.378200   0.369800   0.371200   0.399800   0.408000   0.451800   0.395000   0.413800   0.501600   0.628200 
254   0.379600   0.376800   0.384400   0.377600   0.369200   0.370400   0.398400   0.407200   0.450400   0.393400   0.412000   0.499800   0.627000 
255   0.378600   0.375800   0.383600   0.377000   0.368600   0.369600   0.397000   0.406400   0.449000   0.391800   0.410200   0.498000   0.625800 
256   0.377600   0.374800   0.382800   0.376400   0.368000   0.368800   0.395600   0.405600   0.447600   0.390200   0.408400   0.496200   0.624600 
257   0.376600   0.374000   0.382000   0.376000   0.367400   0.368200   0.394200   0.404800   0.446200   0.388600   0.406600   0.494400   0.623400 
258   0.375600   0.373200   0.381200   0.375600   0.367000   0.367600   0.392800   0.404000   0.444600   0.387000   0.404800   0.492600   0.622200 
259   0.374600   0.372400   0.380400   0.375200   0.366600   0.367000   0.391600   0.403200   0.443000   0.385400   0.403000   0.490800   0.621000 
260   0.373600   0.371600   0.379600   0.374800   0.366200   0.366400   0.390400   0.402400   0.441400   0.383800   0.401200   0.489000   0.619800 
261   0.372600   0.370800   0.378800   0.374400   0.365800   0.365800   0.389200   0.401600   0.439800   0.382200   0.399400   0.487200   0.618600 
262   0.371600   0.370000   0.378000   0.374000   0.365400   0.365200   0.388000   0.400800   0.438200   0.380800   0.397600   0.485400   0.617400 
263   0.370800   0.369200   0.377200   0.373600   0.365000   0.364600   0.386800   0.400000   0.436600   0.379400   0.395800   0.483600   0.616200 
264   0.370000   0.368400   0.376400   0.373200   0.364600   0.364200   0.385600   0.399200   0.435000   0.378000   0.394000   0.481800   0.615000 
265   0.369200   0.367600   0.375800   0.372800   0.364200   0.363800   0.384400   0.398400   0.433400   0.376600   0.392200   0.480000   0.613800 
266   0.368400   0.366800   0.375200   0.372400   0.363800   0.363400   0.383400   0.397600   0.431800   0.375200   0.390400   0.478200   0.612600 
267   0.367600   0.366000   0.374600   0.372000   0.363400   0.363000   0.382400   0.397000   0.430200   0.373800   0.388600   0.476400   0.611400 
268   0.366800   0.365400   0.374000   0.371600   0.363000   0.362600   0.381400   0.396200   0.428800   0.372400   0.386800   0.474600   0.610200 
269   0.366000   0.364800   0.373400   0.371200   0.362600   0.362200   0.380400   0.395400   0.427400   0.371000   0.385000   0.472800   0.609000 
270   0.365200   0.364200   0.372800   0.370800   0.362200   0.361800   0.379400   0.394800   0.426000   0.369600   0.383200   0.471000   0.607800 
271   0.364600   0.363600   0.372200   0.370400   0.361800   0.361400   0.378400   0.394000   0.424600   0.368200   0.381400   0.469200   0.606600 
272   0.364000   0.363000   0.371600   0.370000   0.361400   0.361000   0.377400   0.393200   0.423200   0.366800   0.379600   0.467400   0.605400 
273   0.363400   0.362400   0.371000   0.369600   0.361000   0.360600   0.376400   0.392400   0.421800   0.365400   0.377800   0.465600   0.604200 
274   0.362800   0.361800   0.370400   0.369200   0.360600   0.360200   0.375400   0.391600   0.420400   0.364000   0.376000   0.463800   0.603000 
275   0.362400   0.361200   0.369800   0.368800   0.360200   0.359800   0.374400   0.390800   0.419000   0.362600   0.374200   0.462000   0.601800 
276   0.362000   0.360800   0.369200   0.368400   0.359800   0.359400   0.373400   0.390000   0.417600   0.361200   0.372400   0.460200   0.600600 
277   0.361600   0.360400   0.368600   0.368000   0.359400   0.359000   0.372400   0.389200   0.416200   0.359800   0.370600   0.458400   0.599400 
278   0.361200   0.360000   0.368000   0.367600   0.359000   0.358600   0.371400   0.388400   0.415000   0.358400   0.368800   0.456600   0.598200 
279   0.360800   0.359600   0.367400   0.367200   0.358600   0.358200   0.370600   0.387800   0.413800   0.357200   0.367000   0.454800   0.597000 
280   0.360400   0.359200   0.366800   0.366800   0.358200   0.357800   0.370000   0.387200   0.412600   0.356000   0.365200   0.453000   0.595800 
281   0.360000   0.358800   0.366200   0.366400   0.357800   0.357400   0.369400   0.386600   0.411400   0.354800   0.363400   0.451200   0.594600 
282   0.359600   0.358400   0.365800   0.366000   0.357400   0.357000   0.369000   0.386000   0.410200   0.353600   0.361600   0.449400   0.593400 
283   0.359200   0.358000   0.365400   0.365600   0.357000   0.356600   0.368600   0.385400   0.409000   0.352400   0.359800   0.447600   0.592200 
284   0.358800   0.357600   0.365000   0.365200   0.356600   0.356200   0.368200   0.384800   0.407800   0.351200   0.358200   0.445800   0.591000 
285   0.358400   0.357200   0.364600   0.364800   0.356200   0.355800   0.367800   0.384200   0.406600   0.350000   0.356600   0.444000   0.589800 
286   0.358000   0.356800   0.364200   0.364400   0.355800   0.355400   0.367400   0.383600   0.405400   0.348800   0.355000   0.442200   0.588600 
287   0.357600   0.356400   0.363800   0.364000   0.355400   0.355000   0.367000   0.383000   0.404200   0.347800   0.353400   0.440600   0.587400 
288   0.357200   0.356000   0.363400   0.363600   0.355000   0.354600   0.366600   0.382600   0.403000   0.346800   0.351800   0.439000   0.586200 
289   0.356800   0.355600   0.363000   0.363200   0.354600   0.354200   0.366200   0.382200   0.401800   0.345800   0.350200   0.437400   0.585000 
290   0.356400   0.355200   0.362600   0.362800   0.354200   0.353800   0.365800   0.381800   0.400600   0.344800   0.348600   0.436000   0.583800 
291   0.356000   0.354800   0.362200   0.362400   0.353800   0.353400   0.365400   0.381400   0.399400   0.343800   0.347000   0.434600   0.582600 
292   0.355600   0.354400   0.361800   0.362000   0.353400   0.353000   0.365000   0.381000   0.398200   0.342800   0.345400   0.433200   0.581400 
293   0.355200   0.354000   0.361400   0.361600   0.353000   0.352600   0.364600   0.380600   0.397000   0.341800   0.344000   0.431800   0.580200 
294   0.354800   0.353600   0.361000   0.361200   0.352600   0.352200   0.364200   0.380200   0.395800   0.340800   0.342600   0.430400   0.579000 
295   0.354400   0.353200   0.360600   0.360800   0.352200   0.351800   0.363800   0.379800   0.394600   0.339800   0.341200   0.429000   0.577800 
296   0.354000   0.352800   0.360200   0.360400   0.351800   0.351400   0.363400   0.379400   0.393400   0.338800   0.339800   0.427600   0.576800 
297   0.353600   0.352400   0.359800   0.360000   0.351400   0.351000   0.363000   0.379000   0.392200   0.337800   0.338400   0.426200   0.575800 
298   0.353200   0.352000   0.359400   0.359600   0.351000   0.350600   0.362600   0.378600   0.391200   0.336800   0.337000   0.424800   0.574800 
299   0.352800   0.351600   0.359000   0.359200   0.350600   0.350200   0.362200   0.378200   0.390200   0.335800   0.335600   0.423400   0.573800 
300   0.352400   0.351200   0.358600   0.358800   0.350200   0.349800   0.361800   0.377800   0.389200   0.334800   0.334200   0.422000   0.572800 
301   0.352000   0.350800   0.358200   0.358400   0.349800   0.349400   0.361600   0.377400   0.388200   0.333800   0.332800   0.420600   0.571800 
302   0.351600   0.350400   0.357800   0.358000   0.349400   0.349000   0.361400   0.377000   0.387200   0.332800   0.331400   0.419200   0.570800 
303   0.351200   0.350000   0.357400   0.357600   0.349000   0.348600   0.361200   0.376600   0.386200   0.331800   0.330000   0.417800   0.569800 
304   0.350800   0.349600   0.357000   0.357200   0.348600   0.348200   0.361000   0.376200   0.385200   0.330800   0.328600   0.416400   0.568800 
305   0.350400   0.349200   0.356600   0.356800   0.348200   0.347800   0.360800   0.375800   0.384200   0.329800   0.327400   0.415000   0.567800 
306   0.350000   0.348800   0.356200   0.356400   0.347800   0.347400   0.360600   0.375400   0.383200   0.328800   0.326200   0.413600   0.566800 
307   0.349600   0.348400   0.355800   0.356000   0.347400   0.347000   0.360400   0.375000   0.382200   0.327800   0.325000   0.412200   0.565800 
308   0.349200   0.348000   0.355400   0.355600   0.347000   0.346600   0.360200   0.374600   0.381200   0.326800   0.323800   0.410800   0.564800 
309   0.348800   0.347600   0.355000   0.355200   0.346600   0.346200   0.360000   0.374200   0.380200   0.325800   0.322600   0.409400   0.563800 
310   0.348400   0.347200   0.354600   0.354800   0.346200   0.345800   0.359800   0.373800   0.379400   0.325000   0.321400   0.408000   0.562800 
311   0.348000   0.346800   0.354200   0.354400   0.345800   0.345400   0.359600   0.373400   0.378600   0.324200   0.320200   0.406600   0.561800 
312   0.347600   0.346400   0.353800   0.354000   0.345400   0.345000   0.359400   0.373000   0.377800   0.323400   0.319000   0.405200   0.560800 
313   0.347200   0.346000   0.353400   0.353600   0.345000   0.344600   0.359200   0.372600   0.377000   0.322600   0.317800   0.403800   0.559800 
314   0.346800   0.345600   0.353000   0.353200   0.344600   0.344200   0.359000   0.372200   0.376200   0.321800   0.316600   0.402400   0.558800 
315   0.346600   0.345400   0.352600   0.352800   0.344200   0.343800   0.358800   0.371800   0.375400   0.321000   0.315400   0.401000   0.557800 
316   0.346400   0.345200   0.352200   0.352400   0.343800   0.343400   0.358600   0.371400   0.374600   0.320200   0.314200   0.399600   0.556800 
317   0.346200   0.345000   0.351800   0.352000   0.343400   0.343000   0.358400   0.371000   0.373800   0.319400   0.313000   0.398200   0.555800 
318   0.346000   0.344800   0.351400   0.351600   0.343000   0.342600   0.358200   0.370600   0.373000   0.318600   0.311600   0.396800   0.554800 
319   0.345800   0.344600   0.351000   0.351200   0.342600   0.342200   0.358000   0.370200   0.372200   0.317800   0.310200   0.395400   0.553800 
320   0.345600   0.344400   0.350600   0.350800   0.342200   0.341800   0.357800   0.369800   0.371400   0.317000   0.308800   0.394000   0.552800 
321   0.345400   0.344200   0.350200   0.350400   0.341800   0.341400   0.357600   0.369400   0.370600   0.316200   0.307400   0.392600   0.551800 
322   0.345200   0.344000   0.349800   0.350000   0.341400   0.341000   0.357400   0.369000   0.369800   0.315400   0.306200   0.391200   0.550800 
323   0.345000   0.343800   0.349400   0.349600   0.341000   0.340600   0.357200   0.368600   0.369000   0.314600   0.305000   0.389800   0.549800 
324   0.344800   0.343600   0.349000   0.349200   0.340600   0.340200   0.357000   0.368200   0.368200   0.313800   0.303800   0.388400   0.548800 
325   0.344600   0.343400   0.348800   0.348800   0.340200   0.339800   0.356800   0.367800   0.367400   0.313000   0.302600   0.387000   0.547800 
326   0.344400   0.343200   0.348600   0.348400   0.339800   0.339400   0.356600   0.367400   0.366600   0.312200   0.301400   0.385800   0.546800 
327   0.344200   0.343000   0.348400   0.348200   0.339400   0.339000   0.356400   0.367000   0.365800   0.311400   0.300200   0.384600   0.545800 
328   0.344000   0.342800   0.348200   0.348000   0.339000   0.338600   0.356200   0.366600   0.365000   0.310600   0.299000   0.383400   0.544800 
329   0.343800   0.342600   0.348000   0.347800   0.338600   0.338200   0.356000   0.366200   0.364200   0.309800   0.297800   0.382200   0.543800 
330   0.343600   0.342600   0.347800   0.347600   0.338200   0.337800   0.355800   0.365800   0.363400   0.309000   0.296600   0.381000   0.542800 
331   0.343400   0.342600   0.347600   0.347400   0.337800   0.337400   0.355600   0.365200   0.362600   0.308200   0.295400   0.379800   0.541800 
332   0.343200   0.342600   0.347400   0.347200   0.337400   0.337000   0.355400   0.364600   0.361600   0.307400   0.294200   0.378600   0.540800 
333   0.343000   0.342600   0.347200   0.347000   0.337000   0.336600   0.355200   0.364000   0.360600   0.306600   0.293000   0.377400   0.539800 
334   0.343000   0.342600   0.347000   0.346800   0.336600   0.336200   0.355000   0.363400   0.359600   0.305800   0.291800   0.376400   0.538800 
335   0.343000   0.342600   0.346800   0.346600   0.336400   0.336000   0.354800   0.362800   0.358600   0.305000   0.290800   0.375400   0.537800 
336   0.343000   0.342600   0.346600   0.346600   0.336200   0.335800   0.354600   0.362200   0.357600   0.304200   0.289800   0.374400   0.536800 
337   0.343000   0.342600   0.346400   0.346600   0.336000   0.335600   0.354400   0.361600   0.356600   0.303400   0.288800   0.373400   0.535800 
338   0.343000   0.342600   0.346200   0.346600   0.335800   0.335400   0.354200   0.361000   0.355600   0.302600   0.287800   0.372400   0.534800 
339   0.343000   0.342600   0.346200   0.346600   0.335600   0.335200   0.354000   0.360200   0.354600   0.301800   0.287000   0.371400   0.533800 
340   0.343000   0.342600   0.346200   0.346600   0.335400   0.335000   0.353800   0.359400   0.353600   0.301000   0.286200   0.370400   0.532800 
341   0.343000   0.342600   0.346200   0.346600   0.335200   0.334800   0.353600   0.358600   0.352600   0.300200   0.285400   0.369400   0.531800 
342   0.343000   0.342600   0.346200   0.346600   0.335000   0.334600   0.353400   0.357800   0.351600   0.299400   0.284600   0.368400   0.530800 
343   0.343000   0.342600   0.346200   0.346600   0.334800   0.334400   0.353200   0.357000   0.350600   0.298600   0.283800   0.367400   0.529800 
344   0.343000   0.342600   0.346200   0.346600   0.334800   0.334200   0.353000   0.356200   0.349600   0.297800   0.283000   0.366400   0.528800 
345   0.343000   0.342600   0.346200   0.346600   0.334800   0.334000   0.352800   0.355400   0.348600   0.297000   0.282200   0.365400   0.527800 
346   0.343000   0.342600   0.346200   0.346600   0.334800   0.333800   0.352600   0.354600   0.347600   0.296200   0.281400   0.364400   0.526800 
347   0.343000   0.342600   0.346200   0.346600   0.334800   0.333800   0.352400   0.353800   0.346600   0.295400   0.280600   0.363400   0.525800 
348   0.343000   0.342600   0.346200   0.346600   0.334800   0.333800   0.352200   0.353000   0.345600   0.294600   0.279800   0.362400   0.524800 
349   0.343000   0.342600   0.346200   0.346600   0.335000   0.333800   0.352000   0.352200   0.344600   0.293800   0.279000   0.361400   0.523800 
350   0.343000   0.342600   0.346200   0.346600   0.335200   0.334000   0.351800   0.351400   0.343600   0.293000   0.278400   0.360400   0.522800 
351   0.343000   0.342600   0.346200   0.346600   0.335400   0.334200   0.351600   0.350600   0.342600   0.292200   0.277800   0.359400   0.521800 
352   0.343000   0.342600   0.346000   0.346600   0.335600   0.334400   0.351400   0.349800   0.341600   0.291400   0.277200   0.358400   0.520800 
353   0.343000   0.342600   0.345800   0.346600   0.335800   0.334600   0.351200   0.349000   0.340800   0.290800   0.276600   0.357400   0.519800 
354   0.342800   0.342600   0.345800   0.346600   0.336000   0.334800   0.351000   0.348200   0.340000   0.290200   0.276000   0.356400   0.518800 
355   0.342600   0.342600   0.345800   0.346600   0.336200   0.335000   0.350800   0.347400   0.339200   0.289600   0.275400   0.355400   0.517800 
356   0.342400   0.342600   0.345800   0.346600   0.336400   0.335200   0.350600   0.346600   0.338400   0.289200   0.274800   0.354400   0.516800 
357   0.342200   0.342600   0.345800   0.346600   0.336600   0.335400   0.350400   0.345800   0.337600   0.288800   0.274200   0.353400   0.515800 
358   0.342000   0.342600   0.345800   0.346600   0.336800   0.335600   0.350200   0.345000   0.336800   0.288400   0.273600   0.352400   0.514800 
359   0.341800   0.342600   0.345800   0.346600   0.337000   0.335800   0.350000   0.344200   0.336000   0.288000   0.273000   0.351400   0.513800 
360   0.341600   0.342600   0.345800   0.346600   0.337200   0.336000   0.349800   0.343400   0.335200   0.287600   0.272400   0.350400   0.513000 
361   0.341400   0.342600   0.345800   0.346600   0.337400   0.336200   0.349600   0.342600   0.334400   0.287200   0.271800   0.349400   0.512200 
362   0.341200   0.342600   0.345800   0.346600   0.337600   0.336400   0.349400   0.341800   0.333600   0.286800   0.271200   0.348400   0.511400 
363   0.341000   0.342600   0.345800   0.346600   0.337800   0.336600   0.349200   0.341000   0.332800   0.286400   0.270600   0.347400   0.510600 
364   0.340800   0.342600   0.345800   0.346600   0.338000   0.336800   0.349200   0.340400   0.332000   0.286000   0.270000   0.346400   0.509800 
365   0.340600   0.342600   0.345800   0.346800   0.338200   0.337000   0.349200   0.339800   0.331200   0.285600   0.269400   0.345400   0.509000 
366   0.340400   0.342600   0.345800   0.347000   0.338400   0.337200   0.349200   0.339200   0.330400   0.285200   0.268800   0.344400   0.508200 
367   0.340200   0.342600   0.345800   0.347200   0.338600   0.337400   0.349200   0.338600   0.329600   0.285000   0.268200   0.343400   0.507400 
368   0.340000   0.342600   0.345800   0.347400   0.338800   0.337600   0.349200   0.338000   0.328800   0.284800   0.267600   0.342400   0.506600 
369   0.339800   0.342600   0.345800   0.347600   0.339000   0.337800   0.349200   0.337400   0.328000   0.284600   0.267000   0.341400   0.505800 
370   0.339600   0.342600   0.345800   0.347800   0.339200   0.338000   0.349200   0.336800   0.327200   0.284400   0.266400   0.340400   0.505000 
371   0.339400   0.342600   0.345800   0.348000   0.339400   0.338400   0.349200   0.336200   0.326400   0.284200   0.265800   0.339400   0.504200 
372   0.339200   0.342600   0.345800   0.348200   0.339600   0.338800   0.349200   0.335600   0.325600   0.284000   0.265200   0.338400   0.503400 
373   0.339000   0.342600   0.345800   0.348400   0.340000   0.339200   0.349200   0.335200   0.325000   0.283800   0.264600   0.337400   0.502600 
374   0.339000   0.342600   0.345800   0.348600   0.340400   0.339600   0.349200   0.334800   0.324400   0.283600   0.264000   0.336400   0.501800 
375   0.339000   0.342600   0.345800   0.348800   0.340800   0.340000   0.349200   0.334400   0.323800   0.283600   0.263400   0.335400   0.501000 
376   0.339000   0.342600   0.345800   0.349000   0.341200   0.340400   0.349200   0.334000   0.323200   0.283600   0.262800   0.334400   0.500200 
377   0.339000   0.342600   0.345800   0.349200   0.341600   0.340800   0.349200   0.333600   0.322600   0.283600   0.262200   0.333400   0.499400 
378   0.339000   0.342600   0.345800   0.349400   0.342000   0.341200   0.349200   0.333200   0.322000   0.283600   0.261600   0.332400   0.498600 
379   0.339000   0.342600   0.345800   0.349600   0.342400   0.341600   0.349200   0.332800   0.321400   0.283600   0.261000   0.331400   0.497800 
380   0.339000   0.342600   0.345800   0.350000   0.342800   0.342000   0.349000   0.332400   0.320800   0.283600   0.260600   0.330400   0.497000 
381   0.339000   0.342600   0.345800   0.350400   0.343200   0.342400   0.348800   0.332000   0.320200   0.283600   0.260200   0.329400   0.496200 
382   0.339000   0.342600   0.345800   0.350800   0.343600   0.342800   0.348600   0.331600   0.319600   0.283600   0.259800   0.328400   0.495400 
383   0.339000   0.342600   0.345800   0.351000   0.344000   0.343200   0.348400   0.331200   0.319000   0.283600   0.259400   0.327400   0.494600 
384   0.339000   0.342600   0.345800   0.351200   0.344400   0.343600   0.348200   0.330800   0.318400   0.283400   0.259000   0.326400   0.493800 
385   0.339000   0.342600   0.345800   0.351400   0.344800   0.344000   0.348000   0.330600   0.317800   0.283200   0.258600   0.325400   0.493000 
386   0.339200   0.342600   0.345800   0.351600   0.345200   0.344400   0.347800   0.330400   0.317200   0.283000   0.258200   0.324400   0.492200 
387   0.339400   0.342800   0.345800   0.351800   0.345600   0.344800   0.347600   0.330200   0.316600   0.282800   0.257800   0.323400   0.491400 
388   0.339600   0.343000   0.345800   0.352000   0.346000   0.345200   0.347600   0.330000   0.316000   0.282600   0.257400   0.322400   0.490600 
389   0.339800   0.343200   0.345800   0.352200   0.346400   0.345600   0.347400   0.329600   0.315400   0.282400   0.257000   0.321400   0.489800 
390   0.340000   0.343400   0.345800   0.352400   0.346800   0.346000   0.347200   0.329200   0.314800   0.282200   0.256600   0.320400   0.489000 
391   0.340200   0.343600   0.345800   0.352600   0.347200   0.346400   0.347000   0.328800   0.314200   0.282000   0.256200   0.319400   0.488200 
392   0.340200   0.343800   0.345800   0.352800   0.347600   0.346600   0.346800   0.328400   0.313600   0.281800   0.255800   0.318400   0.487400 
393   0.340200   0.344000   0.345800   0.353000   0.348000   0.346800   0.346600   0.327800   0.313000   0.281600   0.255400   0.317400   0.486600 
394   0.340200   0.344200   0.345800   0.353200   0.348400   0.347000   0.346400   0.327200   0.312400   0.281400   0.255000   0.316400   0.485800 
395   0.340200   0.344400   0.345800   0.353400   0.348800   0.347200   0.346200   0.326600   0.311800   0.281200   0.254600   0.315400   0.485000 
396   0.340200   0.344600   0.345800   0.353600   0.349200   0.347400   0.346000   0.326000   0.311200   0.281000   0.254200   0.314400   0.484200 
397   0.340200   0.344800   0.346000   0.353800   0.349600   0.347600   0.345800   0.325400   0.310600   0.280800   0.253800   0.313400   0.483400 
398   0.340200   0.345000   0.346200   0.354000   0.350000   0.347800   0.345600   0.324800   0.310000   0.280400   0.253400   0.312400   0.482600 
399   0.340200   0.345200   0.346400   0.354200   0.350400   0.348000   0.345400   0.324200   0.309400   0.280000   0.253000   0.311400   0.481800 
400   0.340200   0.345600   0.346600   0.354400   0.350600   0.348200   0.345200   0.323600   0.308800   0.279600   0.252600   0.310400   0.481000 
401   0.340200   0.346000   0.346800   0.354600   0.350800   0.348400   0.345000   0.323000   0.308200   0.279200   0.252200   0.309400   0.480200 
402   0.340200   0.346400   0.347000   0.354800   0.351000   0.348600   0.344800   0.322400   0.307600   0.278800   0.251800   0.308400   0.479400 
403   0.340200   0.346800   0.347200   0.355000   0.351200   0.348800   0.344600   0.321800   0.307000   0.278400   0.251400   0.307400   0.478600 
404   0.340200   0.347000   0.347400   0.355200   0.351400   0.349000   0.344400   0.321200   0.306400   0.278000   0.251000   0.306400   0.477800 
405   0.340200   0.347200   0.347600   0.355400   0.351600   0.349200   0.344200   0.320600   0.305800   0.277600   0.250600   0.305400   0.477000 
406   0.340200   0.347400   0.347800   0.355800   0.351800   0.349400   0.344000   0.320000   0.305200   0.277200   0.250200   0.304400   0.476200 
407   0.340200   0.347600   0.348000   0.356200   0.352000   0.349600   0.343800   0.319400   0.304600   0.276800   0.249800   0.303400   0.475600 
408   0.340400   0.347800   0.348200   0.356600   0.352200   0.349800   0.343600   0.318800   0.304000   0.276400   0.249400   0.302400   0.475000 
409   0.340600   0.348000   0.348400   0.357000   0.352400   0.350000   0.343400   0.318200   0.303400   0.276000   0.249000   0.301400   0.474400 
410   0.340800   0.348200   0.348400   0.357400   0.352200   0.350200   0.343200   0.317600   0.302800   0.275600   0.248600   0.300400   0.473800 
411   0.341000   0.348400   0.348400   0.357800   0.352000   0.350400   0.343200   0.317000   0.302200   0.275200   0.248200   0.299400   0.473200 
412   0.341200   0.348600   0.348400   0.358200   0.351800   0.350600   0.343200   0.316400   0.301600   0.274800   0.247800   0.298400   0.472600 
413   0.341400   0.348800   0.348400   0.358600   0.351600   0.350800   0.343200   0.315800   0.301000   0.274400   0.247400   0.297400   0.472000 
414   0.341600   0.349000   0.348400   0.359000   0.351400   0.351200   0.343200   0.315200   0.300400   0.273800   0.247000   0.296400   0.471400 
415   0.341800   0.349200   0.348400   0.359400   0.351000   0.351600   0.343200   0.314600   0.299800   0.273200   0.246600   0.295400   0.470800 
416   0.342000   0.349400   0.348400   0.359600   0.350600   0.352000   0.343200   0.314000   0.299200   0.272600   0.246200   0.294400   0.470200 
417   0.342200   0.349600   0.348400   0.359800   0.350400   0.352400   0.343200   0.313400   0.298600   0.272000   0.245800   0.293400   0.469600 
418   0.342200   0.349800   0.348600   0.359800   0.350200   0.352800   0.343200   0.312800   0.298000   0.271400   0.245400   0.292400   0.469000 
419   0.342200   0.350000   0.348800   0.359800   0.350200   0.353000   0.343200   0.312200   0.297400   0.270800   0.245000   0.291400   0.468400 
420   0.342200   0.350000   0.349000   0.359800   0.350200   0.353200   0.343000   0.311600   0.296600   0.270200   0.244600   0.290400   0.467800 
421   0.342200   0.350000   0.349200   0.359800   0.350200   0.353400   0.342800   0.311200   0.295800   0.269600   0.244200   0.289400   0.467200 
422   0.342200   0.350000   0.349400   0.359800   0.350200   0.353600   0.342400   0.310800   0.295000   0.269000   0.243800   0.288400   0.466600 
423   0.342200   0.350000   0.349400   0.359800   0.350200   0.353800   0.342000   0.310400   0.294200   0.268600   0.243400   0.287400   0.466000 
424   0.342200   0.350000   0.349400   0.359800   0.350200   0.354000   0.341800   0.310000   0.293400   0.268200   0.243000   0.286400   0.465400 
425   0.342200   0.350000   0.349400   0.359800   0.350200   0.354000   0.341600   0.309600   0.292600   0.267800   0.242600   0.285400   0.464800 
426   0.342200   0.350000   0.349400   0.359800   0.350200   0.354000   0.341400   0.309200   0.291800   0.267400   0.242200   0.284400   0.464200 
427   0.342200   0.350000   0.349400   0.359800   0.350200   0.353800   0.341200   0.308800   0.291200   0.267000   0.241800   0.283400   0.463600 
428   0.342200   0.350000   0.349400   0.359800   0.350200   0.353600   0.341000   0.308400   0.290600   0.266600   0.241400   0.282400   0.463200 
429   0.342200   0.350000   0.349400   0.359800   0.350200   0.353400   0.340800   0.308000   0.290000   0.266200   0.241000   0.281400   0.462800 
430   0.342200   0.350000   0.349400   0.359800   0.350200   0.353200   0.340600   0.307600   0.289400   0.265800   0.240600   0.280400   0.462400 
431   0.342200   0.350000   0.349400   0.359600   0.350200   0.353000   0.340400   0.307200   0.288800   0.265200   0.240200   0.279400   0.462000 
432   0.342200   0.350000   0.349400   0.359400   0.350200   0.352800   0.340200   0.306800   0.288200   0.264600   0.239800   0.278400   0.461600 
433   0.342200   0.350000   0.349400   0.359200   0.350200   0.352600   0.340000   0.306400   0.287600   0.264200   0.239400   0.277400   0.461200 
434   0.342200   0.350000   0.349400   0.359000   0.350200   0.352400   0.339800   0.306000   0.287000   0.263800   0.239000   0.276400   0.460800 
435   0.342200   0.350000   0.349400   0.358800   0.350200   0.352200   0.339600   0.305600   0.286400   0.263400   0.238600   0.275400   0.460400 
436   0.342200   0.349800   0.349400   0.358600   0.350200   0.352000   0.339400   0.305000   0.285800   0.263000   0.238200   0.274400   0.460000 
437   0.342200   0.349600   0.349400   0.358400   0.350200   0.351800   0.339200   0.304400   0.285200   0.262600   0.237800   0.273400   0.459600 
438   0.342200   0.349400   0.349400   0.358200   0.350200   0.351600   0.339000   0.303800   0.284600   0.262200   0.237400   0.272400   0.459200 
439   0.342200   0.349200   0.349400   0.358000   0.350200   0.351400   0.338800   0.303200   0.284000   0.261800   0.237000   0.271400   0.458800 
440   0.342000   0.349000   0.349400   0.357800   0.350200   0.351200   0.338600   0.302600   0.283400   0.261400   0.236600   0.270400   0.458400 
441   0.341800   0.348800   0.349400   0.357600   0.350200   0.351000   0.338400   0.302000   0.282800   0.261000   0.236200   0.269400   0.458000 
442   0.341600   0.348600   0.349400   0.357400   0.350200   0.350600   0.338200   0.301400   0.282200   0.260600   0.235800   0.268400   0.457600 
443   0.341400   0.348400   0.349400   0.357200   0.350200   0.350200   0.338000   0.300800   0.281600   0.260200   0.235400   0.267400   0.457200 
444   0.341200   0.348200   0.349400   0.357200   0.350200   0.349800   0.337600   0.300200   0.281000   0.259800   0.234800   0.266400   0.456800 
445   0.341200   0.348200   0.349200   0.357000   0.350200   0.349600   0.337200   0.299600   0.280400   0.259400   0.234200   0.265400   0.456400 
446   0.341200   0.348200   0.349000   0.356800   0.350200   0.349400   0.337000   0.299000   0.279800   0.259000   0.233600   0.264600   0.456000 
447   0.341200   0.348200   0.348800   0.356600   0.350200   0.349200   0.336800   0.298400   0.279200   0.258600   0.233000   0.263800   0.455600 
448   0.341200   0.348200   0.348400   0.356400   0.350200   0.349000   0.336600   0.297800   0.278600   0.258200   0.232400   0.263000   0.455200 
449   0.341200   0.348200   0.348000   0.356200   0.350200   0.348800   0.336200   0.297200   0.278000   0.258000   0.231800   0.262200   0.454800 
450   0.341000   0.348200   0.347600   0.356000   0.350200   0.348600   0.335800   0.296600   0.277400   0.257800   0.231200   0.261400   0.454400 
451   0.340800   0.348200   0.347400   0.355800   0.350000   0.348400   0.335400   0.296000   0.276800   0.257600   0.230600   0.260600   0.454000 
452   0.340600   0.348200   0.347200   0.355600   0.349800   0.348400   0.335000   0.295400   0.276200   0.257400   0.230000   0.259800   0.453600 
453   0.340400   0.348200   0.347000   0.355400   0.349600   0.348400   0.334600   0.294800   0.275600   0.257200   0.229400   0.259000   0.453200 
454   0.340200   0.348200   0.346800   0.355200   0.349400   0.348400   0.334200   0.294200   0.275000   0.257000   0.228800   0.258200   0.452800 
455   0.340000   0.348200   0.346600   0.355000   0.349200   0.348400   0.333800   0.293600   0.274200   0.256800   0.228200   0.257400   0.452400 
456   0.339800   0.348000   0.346400   0.354800   0.349000   0.348400   0.333400   0.293000   0.273400   0.256600   0.227600   0.256600   0.452000 
457   0.339600   0.347800   0.346200   0.354600   0.348800   0.348400   0.333200   0.292400   0.272600   0.256400   0.227000   0.255800   0.451600 
458   0.339400   0.347600   0.346000   0.354400   0.348600   0.348400   0.333000   0.291800   0.271800   0.256200   0.226400   0.255000   0.451200 
459   0.339200   0.347400   0.345800   0.354200   0.348400   0.348400   0.332800   0.291200   0.271000   0.256000   0.225800   0.254200   0.450800 
460   0.339000   0.347200   0.345600   0.354000   0.348200   0.348400   0.332600   0.290600   0.270200   0.255800   0.225400   0.253400   0.450600 
461   0.338800   0.347000   0.345400   0.353800   0.348000   0.348400   0.332400   0.290000   0.269400   0.255600   0.225000   0.252600   0.450400 
462   0.338600   0.346800   0.345200   0.353600   0.347800   0.348400   0.332200   0.289400   0.268600   0.255400   0.224600   0.251800   0.450200 
463   0.338400   0.346600   0.345000   0.353400   0.347600   0.348400   0.332000   0.288800   0.267800   0.255200   0.224200   0.251000   0.450000 
464   0.338200   0.346400   0.344800   0.353200   0.347400   0.348400   0.331800   0.288200   0.267000   0.255000   0.223800   0.250200   0.449800 
465   0.338000   0.346200   0.344600   0.353000   0.347200   0.348400   0.331600   0.287800   0.266200   0.254800   0.223400   0.249400   0.449600 
466   0.337800   0.346000   0.344400   0.352800   0.347000   0.348400   0.331400   0.287400   0.265400   0.254600   0.223000   0.248600   0.449400 
467   0.337600   0.345800   0.344200   0.352600   0.346800   0.348200   0.331200   0.287000   0.264800   0.254400   0.222600   0.247800   0.449200 
468   0.337400   0.345600   0.344000   0.352400   0.346600   0.348000   0.331000   0.286600   0.264200   0.254200   0.222200   0.247000   0.449000 
469   0.337200   0.345400   0.343800   0.352200   0.346400   0.347800   0.330800   0.286200   0.263600   0.254000   0.221800   0.246200   0.448800 
470   0.337000   0.345200   0.343600   0.352000   0.346200   0.347800   0.330600   0.285800   0.263000   0.253800   0.221400   0.245600   0.448600 
471   0.336800   0.345000   0.343400   0.351800   0.346000   0.347800   0.330400   0.285400   0.262400   0.253600   0.221000   0.245000   0.448400 
472   0.336600   0.344800   0.343200   0.351600   0.345800   0.347800   0.330200   0.285200   0.261800   0.253400   0.220600   0.244400   0.448200 
473   0.336400   0.344600   0.343000   0.351400   0.345600   0.347800   0.330000   0.285000   0.261200   0.253200   0.220200   0.243800   0.448000 
474   0.336200   0.344600   0.342800   0.351200   0.345400   0.347800   0.329800   0.284800   0.260600   0.253000   0.219800   0.243200   0.447800 
475   0.336000   0.344600   0.342600   0.351000   0.345200   0.347800   0.329600   0.284600   0.260000   0.252800   0.219400   0.242600   0.447600 
476   0.335800   0.344600   0.342400   0.350800   0.345000   0.347800   0.329400   0.284400   0.259400   0.252600   0.219000   0.242000   0.447400 
477   0.335600   0.344600   0.342200   0.350600   0.344800   0.347800   0.329200   0.284200   0.258800   0.252400   0.218600   0.241600   0.447200 
478   0.335400   0.344600   0.342000   0.350400   0.344600   0.347800   0.329000   0.284000   0.258200   0.252200   0.218200   0.241200   0.447000 
479   0.335200   0.344600   0.341800   0.350400   0.344400   0.347800   0.328800   0.283800   0.257600   0.252000   0.217800   0.240800   0.446800 
480   0.335200   0.344600   0.341600   0.350400   0.344200   0.347800   0.328600   0.283600   0.257200   0.251800   0.217600   0.240400   0.446600 
481   0.335200   0.344600   0.341400   0.350400   0.344000   0.347800   0.328400   0.283400   0.256800   0.251600   0.217400   0.240000   0.446400 
482   0.335200   0.344600   0.341200   0.350400   0.343800   0.347800   0.328200   0.283200   0.256400   0.251400   0.217200   0.239600   0.446200 
483   0.335200   0.344600   0.341000   0.350400   0.343600   0.347800   0.328000   0.283000   0.256000   0.251200   0.217000   0.239200   0.446000 
484   0.335200   0.344600   0.340800   0.350400   0.343400   0.347800   0.327800   0.282800   0.255600   0.251000   0.216800   0.238800   0.445800 
485   0.335200   0.344600   0.341000   0.350400   0.343200   0.347800   0.327600   0.282600   0.255200   0.250800   0.216600   0.238400   0.445600 
486   0.335200   0.344600   0.341200   0.350400   0.343000   0.347800   0.327400   0.282400   0.254800   0.250600   0.216400   0.238000   0.445600 
487   0.335200   0.344600   0.341400   0.350400   0.342800   0.347800   0.327200   0.282200   0.254800   0.250400   0.216200   0.237800   0.445600 
488   0.335200   0.344600   0.341600   0.350400   0.342800   0.347800   0.327000   0.282000   0.254800   0.250200   0.216000   0.237600   0.445600 
489   0.335000   0.344600   0.341800   0.350400   0.342800   0.347800   0.327000   0.281800   0.254800   0.250200   0.215800   0.237400   0.445600 
490   0.334800   0.344600   0.342000   0.350400   0.342800   0.347800   0.327000   0.281800   0.254800   0.250200   0.215800   0.237200   0.445600 
491   0.334600   0.344800   0.342200   0.350400   0.342800   0.347800   0.327000   0.281800   0.254800   0.250200   0.215800   0.237000   0.445600 
492   0.334600   0.344800   0.342400   0.350200   0.342800   0.347800   0.327000   0.281800   0.254800   0.250200   0.215800   0.236800   0.445600 
493   0.334600   0.344800   0.342600   0.350000   0.342800   0.347800   0.327000   0.281800   0.254800   0.250200   0.215800   0.236600   0.445600 
494   0.334600   0.344800   0.342800   0.350000   0.342800   0.347800   0.327000   0.281800   0.254800   0.250200   0.215800   0.236400   0.445600 
495   0.334600   0.344800   0.343000   0.350000   0.342600   0.347800   0.327000   0.281800   0.254800   0.250200   0.215800   0.236200   0.445600 
496   0.334600   0.344800   0.343200   0.350000   0.342400   0.347800   0.327000   0.281800   0.254800   0.250200   0.215800   0.236000   0.445600 
497   0.334600   0.344800   0.343200   0.350000   0.342200   0.347800   0.327000   0.281800   0.254800   0.250200   0.215800   0.235800   0.445600 
498   0.334600   0.344800   0.343200   0.350000   0.342200   0.347800   0.327000   0.281800   0.254800   0.250200   0.215800   0.235800   0.445600 
499   0.334600   0.344800   0.343200   0.350000   0.342200   0.347800   0.327000   0.281800   0.254800   0.250200   0.215800   0.235800   0.445600 
