0   0.264100
1   0.240942
2   0.238028
3   0.237488
4   0.236160
5   0.234184
6   0.232662
7   0.231456
8   0.228946
9   0.227138
10   0.225838
11   0.224498
12   0.222274
13   0.220274
14   0.219296
15   0.217688
16   0.216512
17   0.214280
18   0.212920
19   0.211802
20   0.210036
21   0.207508
22   0.206430
23   0.205356
24   0.204424
25   0.202292
26   0.201702
27   0.199916
28   0.199146
29   0.197238
30   0.196230
31   0.195504
32   0.192792
33   0.191340
34   0.190512
35   0.189028
36   0.187836
37   0.186334
38   0.184698
39   0.183314
40   0.180828
41   0.180728
42   0.177698
43   0.178234
44   0.177094
45   0.174934
46   0.174636
47   0.173366
48   0.171094
49   0.171154
50   0.170412
51   0.169292
52   0.167618
53   0.166384
54   0.164936
55   0.164616
56   0.163964
57   0.162468
58   0.162456
59   0.162440
60   0.161708
61   0.160946
62   0.161326
63   0.161262
64   0.160598
65   0.159428
66   0.159786
67   0.159034
68   0.158612
69   0.157630
70   0.157554
71   0.157492
72   0.158128
73   0.157636
74   0.157798
75   0.157698
76   0.157454
77   0.157464
78   0.158470
79   0.159028
80   0.159422
81   0.158804
82   0.159444
83   0.158992
84   0.159966
85   0.159668
86   0.159472
87   0.159736
88   0.160026
89   0.160142
90   0.159106
91   0.160126
92   0.160542
93   0.161146
94   0.160554
95   0.159762
96   0.159222
97   0.159662
98   0.159190
99   0.158330
100   0.157986
101   0.155948
102   0.156230
103   0.155710
104   0.155024
105   0.154446
106   0.153280
107   0.153842
108   0.151626
109   0.150606
110   0.151180
111   0.148652
112   0.148900
113   0.147586
114   0.146924
115   0.145690
116   0.144910
117   0.144076
118   0.142646
119   0.140638
120   0.140484
121   0.140180
122   0.137638
123   0.137446
124   0.135372
125   0.134382
126   0.132334
127   0.130650
128   0.128654
129   0.127210
130   0.126218
131   0.124410
132   0.123662
133   0.121502
134   0.120592
135   0.118832
136   0.117262
137   0.116552
138   0.114914
139   0.113258
140   0.112356
141   0.110322
142   0.108614
143   0.108710
144   0.106278
145   0.106354
146   0.105900
147   0.105310
148   0.103506
149   0.103220
150   0.102280
151   0.101888
152   0.100362
153   0.098804
154   0.097686
155   0.096396
156   0.095276
157   0.094222
158   0.093722
159   0.093352
160   0.092788
161   0.091806
162   0.091920
163   0.090682
164   0.089614
165   0.088882
166   0.088072
167   0.088282
168   0.087404
169   0.086538
170   0.086194
171   0.085792
172   0.085518
173   0.084506
174   0.083018
175   0.082864
176   0.083220
177   0.082258
178   0.082494
179   0.081154
180   0.081028
181   0.080756
182   0.080258
183   0.079084
184   0.079224
185   0.078976
186   0.077932
187   0.075528
188   0.076688
189   0.076036
190   0.076098
191   0.076226
192   0.076712
193   0.075640
194   0.076576
195   0.075524
196   0.074632
197   0.074062
198   0.074272
199   0.073446
200   0.073402
201   0.071850
202   0.071302
203   0.071414
204   0.071216
205   0.069890
206   0.070164
207   0.069100
208   0.068864
209   0.067450
210   0.066890
211   0.066416
212   0.066742
213   0.066976
214   0.066684
215   0.065222
216   0.065420
217   0.064982
218   0.064532
219   0.063500
220   0.061990
221   0.062548
222   0.062400
223   0.061910
224   0.062582
225   0.060714
226   0.061252
227   0.061228
228   0.059976
229   0.060646
230   0.059788
231   0.060018
232   0.059206
233   0.058730
234   0.057460
235   0.057452
236   0.057330
237   0.057012
238   0.057240
239   0.057118
240   0.055912
241   0.055624
242   0.055032
243   0.055716
244   0.054880
245   0.054160
246   0.053550
247   0.051880
248   0.052892
249   0.051554
250   0.051190
251   0.051258
252   0.051206
253   0.051000
254   0.050024
255   0.050814
256   0.050540
257   0.050430
258   0.049574
259   0.050118
260   0.050038
261   0.048644
262   0.048782
263   0.048946
264   0.049016
265   0.047778
266   0.047562
267   0.048538
268   0.048196
269   0.048686
270   0.047480
271   0.048302
272   0.048974
273   0.048548
274   0.049038
275   0.048912
276   0.048286
277   0.048748
278   0.048588
279   0.049012
280   0.049510
281   0.049386
282   0.049456
283   0.050564
284   0.051144
285   0.051474
286   0.051842
287   0.051474
288   0.052140
289   0.051844
290   0.053274
291   0.053914
292   0.053922
293   0.054860
294   0.054888
295   0.054928
296   0.055356
297   0.055278
298   0.056658
299   0.056980
300   0.057044
301   0.058432
302   0.057816
303   0.058722
304   0.058730
305   0.058752
306   0.058050
307   0.059034
308   0.059456
309   0.059784
310   0.059732
311   0.060614
312   0.060722
313   0.059940
314   0.060318
315   0.061178
316   0.061290
317   0.062620
318   0.063224
319   0.064266
320   0.064604
321   0.065178
322   0.066396
323   0.067936
324   0.069134
325   0.069828
326   0.070106
327   0.071456
328   0.072486
329   0.073356
330   0.074662
331   0.074892
332   0.076986
333   0.077452
334   0.078394
335   0.079472
336   0.080290
337   0.081894
338   0.081758
339   0.082338
340   0.082580
341   0.082674
342   0.083630
343   0.083760
344   0.083978
345   0.085454
346   0.085608
347   0.084882
348   0.085628
349   0.085392
350   0.085624
351   0.085958
352   0.086954
353   0.086136
354   0.085638
355   0.086408
356   0.087028
357   0.086294
358   0.088710
359   0.088332
360   0.088274
361   0.088520
362   0.088312
363   0.090212
364   0.089590
365   0.090300
366   0.090886
367   0.092054
368   0.092256
369   0.092870
370   0.092768
371   0.093486
372   0.093834
373   0.094048
374   0.095404
375   0.096352
376   0.097580
377   0.098626
378   0.099340
379   0.100398
380   0.102422
381   0.103420
382   0.104272
383   0.104562
384   0.105832
385   0.106798
386   0.108144
387   0.108476
388   0.108814
389   0.110042
390   0.109418
391   0.110434
392   0.111086
393   0.111688
394   0.112392
395   0.112878
396   0.112816
397   0.113160
398   0.113488
399   0.113708
400   0.113700
401   0.113962
402   0.114196
403   0.115550
404   0.115964
405   0.115126
406   0.115618
407   0.115750
408   0.115922
409   0.115902
410   0.115508
411   0.116718
412   0.116046
413   0.116476
414   0.117106
415   0.117094
416   0.117724
417   0.117658
418   0.118238
419   0.117634
420   0.117604
421   0.118590
422   0.117828
423   0.117970
424   0.118786
425   0.117746
426   0.118786
427   0.118716
428   0.119332
429   0.119112
430   0.120080
431   0.120100
432   0.119540
433   0.120966
434   0.120378
435   0.121122
436   0.121240
437   0.122260
438   0.123204
439   0.123272
440   0.123168
441   0.124666
442   0.124434
443   0.125368
444   0.126334
445   0.126430
446   0.126586
447   0.127844
448   0.127504
449   0.128320
450   0.129976
451   0.130332
452   0.130596
453   0.131496
454   0.133014
455   0.133838
456   0.133930
457   0.134390
458   0.134500
459   0.134802
460   0.135128
461   0.134820
462   0.135438
463   0.135568
464   0.135424
465   0.135404
466   0.134848
467   0.135140
468   0.135426
469   0.135200
470   0.135474
471   0.136058
472   0.136634
473   0.136032
474   0.136654
475   0.137722
476   0.137814
477   0.137496
478   0.136370
479   0.135942
480   0.136284
481   0.135504
482   0.136878
483   0.136060
484   0.135594
485   0.135478
486   0.134876
487   0.135162
488   0.134232
489   0.134244
490   0.133900
491   0.134234
492   0.133722
493   0.133172
494   0.132924
495   0.133062
496   0.132130
497   0.132820
498   0.132316
499   0.131442
500   0.131112
-499   0.130936
-498   0.129706
-497   0.129760
-496   0.129464
-495   0.128606
-494   0.128930
-493   0.128312
-492   0.128172
-491   0.127644
-490   0.127582
-489   0.126264
-488   0.125830
-487   0.124812
-486   0.124190
-485   0.124190
-484   0.123922
-483   0.123558
-482   0.124032
-481   0.122592
-480   0.123198
-479   0.122720
-478   0.122218
-477   0.120612
-476   0.120514
-475   0.119712
-474   0.118316
-473   0.117756
-472   0.117054
-471   0.116682
-470   0.115746
-469   0.116348
-468   0.115798
-467   0.114608
-466   0.114330
-465   0.113950
-464   0.113510
-463   0.112926
-462   0.112440
-461   0.110288
-460   0.109684
-459   0.109538
-458   0.109082
-457   0.108366
-456   0.107144
-455   0.106260
-454   0.105788
-453   0.104880
-452   0.102572
-451   0.102482
-450   0.101600
-449   0.100534
-448   0.099574
-447   0.098084
-446   0.097112
-445   0.096314
-444   0.094528
-443   0.094446
-442   0.092606
-441   0.092762
-440   0.091212
-439   0.090854
-438   0.089364
-437   0.088594
-436   0.087472
-435   0.086330
-434   0.085184
-433   0.084526
-432   0.082452
-431   0.081752
-430   0.080826
-429   0.079596
-428   0.078642
-427   0.078010
-426   0.077922
-425   0.075880
-424   0.074640
-423   0.073282
-422   0.071642
-421   0.071074
-420   0.070046
-419   0.069376
-418   0.067756
-417   0.066856
-416   0.065068
-415   0.063100
-414   0.062690
-413   0.061470
-412   0.060372
-411   0.059786
-410   0.058924
-409   0.056692
-408   0.056148
-407   0.054844
-406   0.053404
-405   0.052466
-404   0.051116
-403   0.049908
-402   0.048642
-401   0.047582
-400   0.045290
-399   0.044668
-398   0.043884
-397   0.042646
-396   0.041668
-395   0.039880
-394   0.039446
-393   0.037612
-392   0.035856
-391   0.035562
-390   0.033774
-389   0.032278
-388   0.031650
-387   0.031442
-386   0.029460
-385   0.029694
-384   0.028814
-383   0.027446
-382   0.026960
-381   0.025498
-380   0.025054
-379   0.023836
-378   0.023020
-377   0.022422
-376   0.021314
-375   0.021992
-374   0.019482
-373   0.019512
-372   0.018034
-371   0.017110
-370   0.015978
-369   0.014638
-368   0.014332
-367   0.013710
-366   0.011304
-365   0.010564
-364   0.010064
-363   0.008498
-362   0.007454
-361   0.005562
-360   0.005218
-359   0.003080
-358   0.003020
-357   0.001466
-356   0.000110
-355  -0.001514
-354  -0.001924
-353  -0.002308
-352  -0.004186
-351  -0.005846
-350  -0.006396
-349  -0.007702
-348  -0.008460
-347  -0.008272
-346  -0.009674
-345  -0.009536
-344  -0.009820
-343  -0.009942
-342  -0.011920
-341  -0.012706
-340  -0.012868
-339  -0.013660
-338  -0.013372
-337  -0.013802
-336  -0.013504
-335  -0.014044
-334  -0.014822
-333  -0.014998
-332  -0.015214
-331  -0.015282
-330  -0.016118
-329  -0.016924
-328  -0.017772
-327  -0.017764
-326  -0.018594
-325  -0.018996
-324  -0.019494
-323  -0.019814
-322  -0.020864
-321  -0.021624
-320  -0.020722
-319  -0.020984
-318  -0.022142
-317  -0.021194
-316  -0.021548
-315  -0.022330
-314  -0.022454
-313  -0.022890
-312  -0.022834
-311  -0.023180
-310  -0.023384
-309  -0.023874
-308  -0.023016
-307  -0.024070
-306  -0.023708
-305  -0.023284
-304  -0.023624
-303  -0.024938
-302  -0.023318
-301  -0.024088
-300  -0.023728
-299  -0.023778
-298  -0.023220
-297  -0.022380
-296  -0.022948
-295  -0.021914
-294  -0.021786
-293  -0.021250
-292  -0.021456
-291  -0.021408
-290  -0.022334
-289  -0.022044
-288  -0.022976
-287  -0.022864
-286  -0.024316
-285  -0.022778
-284  -0.023672
-283  -0.023082
-282  -0.024134
-281  -0.023810
-280  -0.023202
-279  -0.025256
-278  -0.024666
-277  -0.025132
-276  -0.024856
-275  -0.025282
-274  -0.025322
-273  -0.025310
-272  -0.025518
-271  -0.025440
-270  -0.026390
-269  -0.026308
-268  -0.026350
-267  -0.026248
-266  -0.026362
-265  -0.027580
-264  -0.027582
-263  -0.027714
-262  -0.029556
-261  -0.029744
-260  -0.029498
-259  -0.030356
-258  -0.030152
-257  -0.030740
-256  -0.031072
-255  -0.031402
-254  -0.031758
-253  -0.032318
-252  -0.032310
-251  -0.032862
-250  -0.033798
-249  -0.033818
-248  -0.033596
-247  -0.034200
-246  -0.034892
-245  -0.034290
-244  -0.035234
-243  -0.035144
-242  -0.035474
-241  -0.036432
-240  -0.036974
-239  -0.036640
-238  -0.037066
-237  -0.037654
-236  -0.038172
-235  -0.037688
-234  -0.036316
-233  -0.036974
-232  -0.036368
-231  -0.035750
-230  -0.035498
-229  -0.034770
-228  -0.034884
-227  -0.035514
-226  -0.034698
-225  -0.034862
-224  -0.035036
-223  -0.034412
-222  -0.033922
-221  -0.033894
-220  -0.033628
-219  -0.033786
-218  -0.032632
-217  -0.032662
-216  -0.032458
-215  -0.031566
-214  -0.031582
-213  -0.030710
-212  -0.029942
-211  -0.029578
-210  -0.029940
-209  -0.028744
-208  -0.027706
-207  -0.028642
-206  -0.028142
-205  -0.027004
-204  -0.026022
-203  -0.025808
-202  -0.025702
-201  -0.024858
-200  -0.024346
-199  -0.024338
-198  -0.024132
-197  -0.023352
-196  -0.022936
-195  -0.024056
-194  -0.023206
-193  -0.021510
-192  -0.021386
-191  -0.022216
-190  -0.021490
-189  -0.020800
-188  -0.020804
-187  -0.019656
-186  -0.019200
-185  -0.017946
-184  -0.018428
-183  -0.018112
-182  -0.017734
-181  -0.017204
-180  -0.016382
-179  -0.015144
-178  -0.015442
-177  -0.014434
-176  -0.014118
-175  -0.013448
-174  -0.012698
-173  -0.011742
-172  -0.012082
-171  -0.010364
-170  -0.010386
-169  -0.009690
-168  -0.008828
-167  -0.007656
-166  -0.007374
-165  -0.005792
-164  -0.005780
-163  -0.005544
-162  -0.004168
-161  -0.002870
-160  -0.003018
-159  -0.002162
-158   0.000096
-157   0.000712
-156   0.002766
-155   0.002884
-154   0.005172
-153   0.006304
-152   0.006904
-151   0.008602
-150   0.009724
-149   0.011432
-148   0.012874
-147   0.014282
-146   0.016676
-145   0.017056
-144   0.018350
-143   0.020782
-142   0.021886
-141   0.023262
-140   0.026042
-139   0.026790
-138   0.027428
-137   0.029196
-136   0.030902
-135   0.032194
-134   0.033486
-133   0.036060
-132   0.036558
-131   0.037586
-130   0.040286
-129   0.041030
-128   0.042124
-127   0.043508
-126   0.044828
-125   0.046600
-124   0.046598
-123   0.047710
-122   0.049230
-121   0.050386
-120   0.051778
-119   0.052688
-118   0.053810
-117   0.055570
-116   0.055462
-115   0.058156
-114   0.058640
-113   0.060290
-112   0.060890
-111   0.062780
-110   0.064314
-109   0.065088
-108   0.066690
-107   0.068258
-106   0.070248
-105   0.070566
-104   0.072642
-103   0.074274
-102   0.075628
-101   0.076360
-100   0.077202
-99   0.079570
-98   0.079860
-97   0.082312
-96   0.083932
-95   0.084822
-94   0.086704
-93   0.089088
-92   0.090482
-91   0.092464
-90   0.093958
-89   0.094870
-88   0.096314
-87   0.097874
-86   0.099542
-85   0.100386
-84   0.101240
-83   0.102920
-82   0.104144
-81   0.104846
-80   0.105982
-79   0.107416
-78   0.109434
-77   0.109610
-76   0.111328
-75   0.111942
-74   0.112742
-73   0.114638
-72   0.114746
-71   0.117698
-70   0.118400
-69   0.119430
-68   0.120976
-67   0.123234
-66   0.125316
-65   0.126438
-64   0.127944
-63   0.129484
-62   0.132008
-61   0.133256
-60   0.134622
-59   0.136706
-58   0.138470
-57   0.140502
-56   0.142948
-55   0.144038
-54   0.145850
-53   0.147946
-52   0.149908
-51   0.151576
-50   0.152964
-49   0.155350
-48   0.156708
-47   0.159012
-46   0.161320
-45   0.163782
-44   0.165496
-43   0.167662
-42   0.169862
-41   0.171610
-40   0.172800
-39   0.173502
-38   0.175732
-37   0.176466
-36   0.177836
-35   0.179780
-34   0.181966
-33   0.182940
-32   0.184298
-31   0.186230
-30   0.188568
-29   0.189580
-28   0.190530
-27   0.192638
-26   0.193396
-25   0.196186
-24   0.197206
-23   0.199362
-22   0.201826
-21   0.203214
-20   0.205094
-19   0.207220
-18   0.208446
-17   0.210560
-16   0.212294
-15   0.213792
-14   0.216094
-13   0.218120
-12   0.220092
-11   0.221970
-10   0.224478
-9   0.226024
-8   0.228306
-7   0.230484
-6   0.231990
-5   0.234330
-4   0.236766
-3   0.237312
-2   0.239352
-1   0.241360
