0   0.999304
1   0.991928
2   0.989968
3   0.987870
4   0.985746
5   0.983470
6   0.981462
7   0.979120
8   0.976740
9   0.974308
10   0.971904
11   0.969552
12   0.967306
13   0.964864
14   0.962286
15   0.959682
16   0.956760
17   0.953924
18   0.950908
19   0.948086
20   0.945538
21   0.942718
22   0.940120
23   0.937546
24   0.934946
25   0.932344
26   0.929892
27   0.927280
28   0.924592
29   0.921982
30   0.919522
31   0.917012
32   0.914566
33   0.912270
34   0.909966
35   0.907752
36   0.905682
37   0.903386
38   0.901360
39   0.899414
40   0.897390
41   0.895456
42   0.893554
43   0.891654
44   0.889700
45   0.887892
46   0.885880
47   0.884060
48   0.881904
49   0.879752
50   0.877540
51   0.875654
52   0.873356
53   0.870920
54   0.868700
55   0.866354
56   0.863972
57   0.861660
58   0.859362
59   0.856908
60   0.854538
61   0.851804
62   0.849434
63   0.847022
64   0.844600
65   0.841958
66   0.839508
67   0.836792
68   0.834236
69   0.831508
70   0.828714
71   0.825626
72   0.822668
73   0.819454
74   0.816240
75   0.813258
76   0.810034
77   0.806938
78   0.803952
79   0.800802
80   0.797634
81   0.794612
82   0.791354
83   0.788406
84   0.785338
85   0.782442
86   0.779498
87   0.776688
88   0.773976
89   0.771286
90   0.768390
91   0.765844
92   0.763254
93   0.760850
94   0.758294
95   0.755772
96   0.753378
97   0.750908
98   0.748494
99   0.745874
100   0.743232
101   0.740512
102   0.737554
103   0.734820
104   0.731844
105   0.728902
106   0.726098
107   0.722998
108   0.720054
109   0.716778
110   0.713570
111   0.710570
112   0.707278
113   0.704202
114   0.700930
115   0.697468
116   0.694406
117   0.691014
118   0.687930
119   0.684734
120   0.681562
121   0.678184
122   0.674880
123   0.671558
124   0.667982
125   0.664592
126   0.661098
127   0.657604
128   0.654118
129   0.650748
130   0.647452
131   0.643938
132   0.640780
133   0.637466
134   0.633962
135   0.630526
136   0.627170
137   0.623832
138   0.620210
139   0.616488
140   0.612714
141   0.608944
142   0.605258
143   0.601564
144   0.597954
145   0.594580
146   0.591344
147   0.587914
148   0.584318
149   0.580800
150   0.577580
151   0.574042
152   0.570790
153   0.567380
154   0.564240
155   0.561118
156   0.557892
157   0.554582
158   0.551370
159   0.547838
160   0.544368
161   0.540858
162   0.537396
163   0.534112
164   0.531204
165   0.528388
166   0.525272
167   0.522008
168   0.519104
169   0.515960
170   0.512874
171   0.509952
172   0.506806
173   0.503774
174   0.500922
175   0.497764
176   0.494608
177   0.491490
178   0.488472
179   0.485504
180   0.482376
181   0.479364
182   0.476194
183   0.472932
184   0.469544
185   0.466080
186   0.462526
187   0.458974
188   0.455530
189   0.452142
190   0.449232
191   0.446228
192   0.443272
193   0.440530
194   0.437940
195   0.435332
196   0.432646
197   0.429826
198   0.426920
199   0.423996
200   0.421108
201   0.418124
202   0.415120
203   0.412208
204   0.409242
205   0.406386
206   0.403124
207   0.400090
208   0.396974
209   0.393930
210   0.390952
211   0.387642
212   0.384516
213   0.381234
214   0.378044
215   0.374730
216   0.371168
217   0.367796
218   0.364138
219   0.360996
220   0.357554
221   0.354386
222   0.351194
223   0.348022
224   0.344790
225   0.341628
226   0.338504
227   0.335574
228   0.332634
229   0.329864
230   0.327082
231   0.324430
232   0.321428
233   0.318504
234   0.315778
235   0.312952
236   0.309936
237   0.307250
238   0.304328
239   0.301468
240   0.298966
241   0.296414
242   0.293894
243   0.291324
244   0.288860
245   0.286222
246   0.283610
247   0.281190
248   0.278574
249   0.275844
250   0.273400
251   0.270984
252   0.268746
253   0.266548
254   0.264428
255   0.262086
256   0.259774
257   0.257542
258   0.255292
259   0.253316
260   0.250898
261   0.248894
262   0.246898
263   0.244904
264   0.242768
265   0.240788
266   0.238686
267   0.236624
268   0.234402
269   0.232362
270   0.230220
271   0.228234
272   0.226448
273   0.224688
274   0.223010
275   0.221392
276   0.219672
277   0.218010
278   0.216528
279   0.214944
280   0.213396
281   0.211946
282   0.210478
283   0.209282
284   0.208006
285   0.206726
286   0.205614
287   0.204364
288   0.203232
289   0.202024
290   0.200792
291   0.199746
292   0.198700
293   0.197528
294   0.196412
295   0.195320
296   0.194100
297   0.192984
298   0.191688
299   0.190452
300   0.189340
301   0.187968
302   0.186678
303   0.185334
304   0.184022
305   0.182968
306   0.181778
307   0.180520
308   0.179422
309   0.178370
310   0.177324
311   0.176102
312   0.175064
313   0.173996
314   0.172952
315   0.171860
316   0.170892
317   0.169810
318   0.168718
319   0.167708
320   0.166552
321   0.165490
322   0.164182
323   0.162908
324   0.161638
325   0.160380
326   0.159222
327   0.158018
328   0.156868
329   0.155742
330   0.154606
331   0.153602
332   0.152438
333   0.151176
334   0.149722
335   0.148482
336   0.147210
337   0.146110
338   0.144996
339   0.143718
340   0.142590
341   0.141472
342   0.140464
343   0.139318
344   0.138406
345   0.137608
346   0.136796
347   0.135980
348   0.135000
349   0.134228
350   0.133416
351   0.132504
352   0.131350
353   0.130456
354   0.129416
355   0.128434
356   0.127202
357   0.126150
358   0.124982
359   0.123906
360   0.122882
361   0.121852
362   0.120898
363   0.119992
364   0.119118
365   0.118316
366   0.117444
367   0.116848
368   0.116444
369   0.115814
370   0.115236
371   0.114598
372   0.113880
373   0.113204
374   0.112622
375   0.111910
376   0.111084
377   0.110230
378   0.109492
379   0.108818
380   0.107952
381   0.106868
382   0.106066
383   0.105186
384   0.104428
385   0.103796
386   0.102962
387   0.102286
388   0.101490
389   0.100754
390   0.099840
391   0.098900
392   0.098196
393   0.097494
394   0.096752
395   0.096032
396   0.095248
397   0.094586
398   0.093862
399   0.093178
400   0.092428
401   0.091856
402   0.091468
403   0.091174
404   0.090680
405   0.090510
406   0.090142
407   0.089752
408   0.089672
409   0.089436
410   0.089308
411   0.089020
412   0.088916
413   0.088620
414   0.088522
415   0.088678
416   0.088574
417   0.088502
418   0.088298
419   0.088134
420   0.088162
421   0.088038
422   0.088224
423   0.088300
424   0.088320
425   0.088366
426   0.088402
427   0.088556
428   0.088370
429   0.088530
430   0.088598
431   0.088724
432   0.088768
433   0.088812
434   0.088824
435   0.088824
436   0.088908
437   0.089050
438   0.089318
439   0.089608
440   0.089694
441   0.089946
442   0.090238
443   0.090476
444   0.090810
445   0.090836
446   0.091084
447   0.091412
448   0.091794
449   0.092092
450   0.092314
451   0.092562
452   0.092936
453   0.093216
454   0.093416
455   0.093726
456   0.093866
457   0.093992
458   0.094204
459   0.094230
460   0.094384
461   0.094632
462   0.094854
463   0.095174
464   0.095716
465   0.095872
466   0.096156
467   0.096190
468   0.096338
469   0.096442
470   0.096498
471   0.096438
472   0.096364
473   0.096338
474   0.096332
475   0.096418
476   0.096538
477   0.096386
478   0.096456
479   0.096588
480   0.096562
481   0.096600
482   0.096748
483   0.096884
484   0.097026
485   0.097250
486   0.097410
487   0.097674
488   0.097538
489   0.097222
490   0.097128
491   0.096814
492   0.096586
493   0.096024
494   0.095778
495   0.095610
496   0.095416
497   0.095354
498   0.095092
499   0.094974
500   0.094888
-499   0.094662
-498   0.094480
-497   0.094296
-496   0.094094
-495   0.093826
-494   0.093690
-493   0.093292
-492   0.093142
-491   0.093076
-490   0.093018
-489   0.092906
-488   0.093030
-487   0.093154
-486   0.093102
-485   0.093082
-484   0.093206
-483   0.093204
-482   0.093138
-481   0.093270
-480   0.093394
-479   0.093492
-478   0.093540
-477   0.093812
-476   0.093984
-475   0.094280
-474   0.094618
-473   0.094936
-472   0.095224
-471   0.095690
-470   0.095828
-469   0.095872
-468   0.095988
-467   0.096290
-466   0.096144
-465   0.096418
-464   0.096606
-463   0.096956
-462   0.097262
-461   0.097826
-460   0.098068
-459   0.098438
-458   0.098750
-457   0.099360
-456   0.099538
-455   0.099912
-454   0.100278
-453   0.100554
-452   0.100996
-451   0.101294
-450   0.101390
-449   0.101578
-448   0.101924
-447   0.102384
-446   0.102780
-445   0.103306
-444   0.103720
-443   0.104140
-442   0.104488
-441   0.104960
-440   0.105316
-439   0.105616
-438   0.105954
-437   0.106238
-436   0.106540
-435   0.106520
-434   0.106740
-433   0.106954
-432   0.107064
-431   0.107260
-430   0.107462
-429   0.107546
-428   0.107846
-427   0.108008
-426   0.108302
-425   0.108484
-424   0.108834
-423   0.109152
-422   0.109332
-421   0.109522
-420   0.109890
-419   0.110066
-418   0.110246
-417   0.110226
-416   0.110110
-415   0.110032
-414   0.110358
-413   0.110314
-412   0.110114
-411   0.110008
-410   0.109998
-409   0.110016
-408   0.110156
-407   0.110318
-406   0.110604
-405   0.111074
-404   0.111460
-403   0.111760
-402   0.112094
-401   0.112502
-400   0.113038
-399   0.113714
-398   0.114248
-397   0.114560
-396   0.115182
-395   0.115436
-394   0.115876
-393   0.116326
-392   0.116850
-391   0.117392
-390   0.117768
-389   0.118226
-388   0.118506
-387   0.118876
-386   0.119282
-385   0.119614
-384   0.119984
-383   0.120322
-382   0.120644
-381   0.120950
-380   0.121504
-379   0.121942
-378   0.122200
-377   0.122222
-376   0.122636
-375   0.122828
-374   0.122932
-373   0.123038
-372   0.123466
-371   0.123740
-370   0.124320
-369   0.124532
-368   0.124888
-367   0.125320
-366   0.125520
-365   0.125806
-364   0.126074
-363   0.126266
-362   0.126434
-361   0.126714
-360   0.127172
-359   0.127538
-358   0.127988
-357   0.128494
-356   0.129230
-355   0.129732
-354   0.130492
-353   0.131340
-352   0.132004
-351   0.132900
-350   0.133690
-349   0.134576
-348   0.135526
-347   0.136408
-346   0.137102
-345   0.137918
-344   0.138668
-343   0.139578
-342   0.140342
-341   0.141388
-340   0.142156
-339   0.143164
-338   0.144076
-337   0.144984
-336   0.145778
-335   0.146658
-334   0.147452
-333   0.148330
-332   0.149064
-331   0.150000
-330   0.150706
-329   0.151532
-328   0.152524
-327   0.153406
-326   0.154492
-325   0.155450
-324   0.156398
-323   0.157338
-322   0.158170
-321   0.159090
-320   0.159658
-319   0.160328
-318   0.161212
-317   0.161986
-316   0.162434
-315   0.162992
-314   0.163636
-313   0.163980
-312   0.164458
-311   0.164806
-310   0.165048
-309   0.165408
-308   0.165714
-307   0.166086
-306   0.166438
-305   0.167010
-304   0.167678
-303   0.168302
-302   0.168820
-301   0.169306
-300   0.169978
-299   0.170354
-298   0.170960
-297   0.171592
-296   0.171988
-295   0.172872
-294   0.173486
-293   0.174154
-292   0.174528
-291   0.175068
-290   0.175464
-289   0.175742
-288   0.176078
-287   0.176556
-286   0.177032
-285   0.177338
-284   0.177578
-283   0.177902
-282   0.178360
-281   0.178852
-280   0.179258
-279   0.179994
-278   0.180832
-277   0.181654
-276   0.182502
-275   0.183406
-274   0.184404
-273   0.185770
-272   0.186870
-271   0.188026
-270   0.189506
-269   0.190926
-268   0.192590
-267   0.194150
-266   0.195834
-265   0.197154
-264   0.198470
-263   0.199732
-262   0.200850
-261   0.202090
-260   0.203220
-259   0.204524
-258   0.205798
-257   0.207062
-256   0.208218
-255   0.209424
-254   0.210440
-253   0.211642
-252   0.212702
-251   0.213832
-250   0.215262
-249   0.216916
-248   0.218498
-247   0.219888
-246   0.221468
-245   0.222910
-244   0.224400
-243   0.226200
-242   0.227716
-241   0.229326
-240   0.231046
-239   0.232824
-238   0.234750
-237   0.236312
-236   0.238044
-235   0.239756
-234   0.241704
-233   0.243426
-232   0.245242
-231   0.247192
-230   0.249150
-229   0.251504
-228   0.253368
-227   0.255548
-226   0.257958
-225   0.260108
-224   0.262264
-223   0.264386
-222   0.266792
-221   0.268966
-220   0.271132
-219   0.273442
-218   0.275862
-217   0.278324
-216   0.280782
-215   0.283168
-214   0.285894
-213   0.288406
-212   0.291082
-211   0.293774
-210   0.296358
-209   0.298712
-208   0.301060
-207   0.303166
-206   0.305348
-205   0.307426
-204   0.309448
-203   0.311514
-202   0.313400
-201   0.315540
-200   0.317518
-199   0.319576
-198   0.321602
-197   0.323404
-196   0.325234
-195   0.327114
-194   0.329126
-193   0.331082
-192   0.333216
-191   0.335064
-190   0.337000
-189   0.338864
-188   0.340650
-187   0.342300
-186   0.344016
-185   0.346138
-184   0.347744
-183   0.349644
-182   0.351782
-181   0.353924
-180   0.356146
-179   0.358472
-178   0.360594
-177   0.362786
-176   0.365088
-175   0.367116
-174   0.369336
-173   0.371680
-172   0.373822
-171   0.376254
-170   0.378288
-169   0.380456
-168   0.382652
-167   0.384914
-166   0.387196
-165   0.389798
-164   0.392290
-163   0.394966
-162   0.397902
-161   0.400762
-160   0.404054
-159   0.407118
-158   0.410332
-157   0.413636
-156   0.416746
-155   0.419990
-154   0.422958
-153   0.426106
-152   0.429274
-151   0.432404
-150   0.435594
-149   0.438814
-148   0.442006
-147   0.445418
-146   0.448842
-145   0.452372
-144   0.455886
-143   0.459490
-142   0.463242
-141   0.466760
-140   0.470184
-139   0.473674
-138   0.477232
-137   0.480894
-136   0.484398
-135   0.487354
-134   0.490670
-133   0.494104
-132   0.497440
-131   0.500680
-130   0.503896
-129   0.507092
-128   0.510278
-127   0.513486
-126   0.516574
-125   0.519668
-124   0.522598
-123   0.525414
-122   0.528142
-121   0.531162
-120   0.534120
-119   0.537122
-118   0.539856
-117   0.542944
-116   0.545984
-115   0.548938
-114   0.551848
-113   0.554926
-112   0.557880
-111   0.561102
-110   0.564216
-109   0.567400
-108   0.570306
-107   0.573146
-106   0.575900
-105   0.578706
-104   0.581832
-103   0.584972
-102   0.588214
-101   0.591752
-100   0.595094
-99   0.598662
-98   0.601872
-97   0.605290
-96   0.608502
-95   0.611618
-94   0.615000
-93   0.618408
-92   0.621826
-91   0.624968
-90   0.628444
-89   0.631858
-88   0.635062
-87   0.638416
-86   0.641554
-85   0.645016
-84   0.648720
-83   0.652334
-82   0.655982
-81   0.659746
-80   0.663410
-79   0.667078
-78   0.671078
-77   0.674694
-76   0.678780
-75   0.682812
-74   0.686866
-73   0.690888
-72   0.694914
-71   0.699054
-70   0.703210
-69   0.707480
-68   0.711542
-67   0.715410
-66   0.719594
-65   0.723458
-64   0.727506
-63   0.731572
-62   0.735774
-61   0.739810
-60   0.744202
-59   0.748378
-58   0.752746
-57   0.756954
-56   0.761094
-55   0.765294
-54   0.769314
-53   0.773140
-52   0.777362
-51   0.781498
-50   0.785628
-49   0.790016
-48   0.794304
-47   0.798392
-46   0.802720
-45   0.807150
-44   0.811400
-43   0.815586
-42   0.819790
-41   0.823920
-40   0.828208
-39   0.832596
-38   0.837090
-37   0.841402
-36   0.846350
-35   0.851198
-34   0.856294
-33   0.861142
-32   0.865972
-31   0.870406
-30   0.874906
-29   0.879618
-28   0.884000
-27   0.888322
-26   0.892354
-25   0.896370
-24   0.900312
-23   0.904286
-22   0.908404
-21   0.912390
-20   0.916508
-19   0.920670
-18   0.924746
-17   0.928890
-16   0.932994
-15   0.937204
-14   0.941244
-13   0.945354
-12   0.949376
-11   0.953424
-10   0.957430
-9   0.961680
-8   0.965378
-7   0.969176
-6   0.972890
-5   0.976476
-4   0.979902
-3   0.983464
-2   0.986962
-1   0.990378
