r MCS_10 MCS_20 MCS_40 MCS_80 MCS_160 MCS_320 MCS_640 MCS_1280 MCS_2560 MCS_5120 MCS_10240 MCS_20480 MCS_40960 
0   1.000000   1.000000   1.000000   1.000000   1.000000   1.000000   1.000000   1.000000   1.000000   1.000000   1.000000   1.000000   1.000000 
1   0.480200   0.473600   0.479600   0.468600   0.475000   0.495600   0.473400   0.477200   0.468800   0.484800   0.486000   0.467800   0.467600 
2   0.401200   0.412800   0.395800   0.409800   0.397800   0.428400   0.396000   0.402200   0.405000   0.418200   0.404200   0.393200   0.395600 
3   0.334600   0.353000   0.344000   0.349600   0.338200   0.367800   0.342400   0.348800   0.348000   0.357800   0.343400   0.342000   0.330200 
4   0.284800   0.308000   0.288800   0.297400   0.285800   0.317000   0.298200   0.307000   0.296600   0.311000   0.294400   0.287200   0.278600 
5   0.237400   0.261600   0.249200   0.254400   0.242800   0.269600   0.251200   0.260200   0.253400   0.272000   0.246000   0.241200   0.232200 
6   0.208400   0.217600   0.211000   0.223600   0.195600   0.233400   0.215000   0.222600   0.214400   0.229800   0.204800   0.207400   0.194000 
7   0.181000   0.186200   0.184600   0.176000   0.177800   0.195800   0.181800   0.182800   0.189600   0.195600   0.177600   0.179200   0.161800 
8   0.156600   0.156000   0.145000   0.164600   0.157200   0.161600   0.157800   0.157000   0.147200   0.172000   0.156800   0.161000   0.138800 
9   0.128200   0.134400   0.123800   0.148600   0.126600   0.139800   0.134400   0.133800   0.132000   0.154000   0.127800   0.140800   0.110200 
10   0.104800   0.110200   0.102000   0.141000   0.100800   0.118400   0.111400   0.111800   0.102800   0.121600   0.109400   0.128200   0.093200 
11   0.091200   0.095400   0.088000   0.114200   0.090800   0.106800   0.095000   0.092400   0.087200   0.112400   0.092400   0.106400   0.085000 
12   0.073200   0.075600   0.077200   0.099800   0.070200   0.087200   0.076200   0.076400   0.080000   0.093800   0.072600   0.089200   0.074200 
13   0.055400   0.058200   0.062000   0.093600   0.050000   0.074400   0.065600   0.063200   0.063800   0.085400   0.059000   0.084200   0.060200 
14   0.037400   0.057400   0.053800   0.077200   0.040000   0.062600   0.047800   0.053800   0.058600   0.080200   0.044400   0.067000   0.045000 
15   0.027800   0.046600   0.057800   0.066400   0.036800   0.053800   0.035800   0.047400   0.057000   0.079400   0.038000   0.061200   0.029600 
16   0.017600   0.035600   0.050600   0.057400   0.018000   0.048000   0.035200   0.039800   0.047200   0.074400   0.036000   0.044600   0.033000 
17   0.010600   0.035200   0.048400   0.056400   0.013000   0.042400   0.037000   0.035400   0.037400   0.064800   0.027600   0.045800   0.022400 
18  -0.002800   0.034200   0.041400   0.045400   0.003800   0.033600   0.026400   0.023000   0.039800   0.059400   0.025000   0.042800   0.027800 
19   0.007400   0.035800   0.034400   0.042600   0.018000   0.022800   0.015400   0.032800   0.037200   0.058000   0.013400   0.038800   0.028800 
20   0.005000   0.024400   0.027800   0.030800   0.016400   0.008200   0.010600   0.033200   0.024600   0.055400   0.010200   0.036000   0.023800 
21   0.000800   0.030400   0.019800   0.032400   0.016000   0.012000   0.009200   0.028600   0.029200   0.052400   0.004600   0.025600   0.027400 
22  -0.006000   0.024000   0.019600   0.016600   0.019600   0.008200   0.009000   0.033800   0.032600   0.057800   0.006400   0.038200   0.015400 
23  -0.000800   0.020600   0.012200   0.021400   0.023800   0.005200   0.000400   0.027200   0.015600   0.046200   0.007800   0.028800   0.019800 
24  -0.002800   0.017400   0.012000   0.014200   0.028600   0.002200   0.008800   0.028400   0.018200   0.041000  -0.000200   0.017000   0.012800 
25  -0.002200   0.009000   0.004200   0.009800   0.020200  -0.000800   0.002800   0.028200   0.011000   0.042600   0.000400   0.009400   0.020400 
26  -0.002000   0.016800  -0.000800   0.012000   0.020000  -0.004200   0.003000   0.008200   0.011200   0.032800   0.002600   0.001600   0.019000 
27  -0.006000   0.016400   0.003600   0.006800   0.016400  -0.008200   0.007600   0.009400   0.014000   0.027800   0.002600   0.004600   0.021200 
28  -0.001200   0.014400  -0.006400   0.006600   0.023200  -0.007000   0.005600   0.011000   0.005800   0.018800   0.002600  -0.004400   0.006000 
29  -0.001400   0.011200  -0.002200   0.003200   0.018800  -0.009600   0.007800   0.010400   0.002200   0.022800  -0.001200  -0.008800   0.010800 
30   0.005600   0.005800  -0.010200   0.004800   0.023200  -0.014800   0.006200   0.008600   0.001400   0.013400  -0.003400  -0.005400   0.010800 
31   0.003000   0.007200  -0.010000   0.003200   0.027000  -0.004800   0.006400   0.003000   0.014000   0.016800   0.004200  -0.016200   0.008000 
32   0.010400   0.002600  -0.007200   0.011600   0.025800  -0.005000   0.000200   0.000200   0.009600   0.013600   0.013600  -0.008200   0.006800 
33   0.008600  -0.001400   0.004200  -0.000800   0.018000  -0.005000   0.004000  -0.004600   0.000400   0.007200   0.021000  -0.003200   0.005400 
34   0.003200  -0.002600   0.007600   0.000400   0.018600  -0.009600   0.005400   0.000400   0.002400   0.009000   0.022200  -0.014600   0.004600 
35   0.008400   0.002000   0.003000   0.005000   0.015600  -0.013400   0.002400   0.007600   0.002200   0.002800   0.026200  -0.011000   0.008400 
36   0.001600  -0.003000  -0.001800   0.010000   0.014800  -0.008000   0.000400   0.008800   0.000400   0.001200   0.026000  -0.017800   0.010600 
37   0.010400   0.002200   0.011800   0.011000   0.020800  -0.011000   0.002600   0.007200   0.003400   0.005600   0.021800  -0.010000   0.008800 
38   0.005200  -0.008400   0.003600   0.014400   0.014800  -0.009800  -0.000800   0.010800   0.000800  -0.005400   0.024800  -0.003000   0.013200 
39   0.007600  -0.004600   0.008800   0.010200   0.019000  -0.007800  -0.002600   0.017000  -0.002600  -0.000400   0.020600  -0.006000   0.012400 
40   0.011400  -0.009400  -0.002600   0.004600   0.012000  -0.002200  -0.008600   0.014400   0.008600  -0.003400   0.023000  -0.009400   0.007000 
41   0.009600  -0.011000   0.004400   0.011400   0.007200  -0.013000   0.002200   0.006200   0.008000  -0.004000   0.021000  -0.007600   0.003800 
42   0.006400  -0.011200  -0.001600   0.013200   0.010200  -0.020400   0.006000   0.010600   0.009000  -0.004000   0.023000  -0.008800   0.006600 
43   0.009600  -0.009600  -0.004400   0.014600   0.009600  -0.013800   0.012400   0.000200   0.008200  -0.009600   0.013800  -0.009600   0.003600 
44   0.006800  -0.020200  -0.003200   0.010200   0.012000  -0.014000   0.009600   0.006600   0.013800  -0.008000   0.021200  -0.011400   0.007400 
45   0.010200  -0.009600  -0.006200   0.006000   0.016600  -0.010600   0.014800   0.001400   0.000600  -0.001600   0.016800  -0.011000   0.004400 
46   0.006200  -0.013200  -0.014400   0.008600   0.017400  -0.004800   0.010200  -0.006200   0.015000   0.000000   0.009400  -0.006800   0.006800 
47  -0.003400  -0.019400  -0.012600   0.012000   0.011000  -0.003000   0.008400  -0.004800   0.009000  -0.004000   0.015800  -0.005200   0.006400 
48  -0.000400  -0.018000  -0.006800   0.012600   0.010800  -0.006200   0.006200  -0.008800   0.005200  -0.004600   0.016800  -0.009200   0.007400 
49  -0.006200  -0.015000  -0.009000   0.006000   0.010400  -0.001200  -0.004000  -0.007200   0.001400  -0.002600   0.022000  -0.006200   0.002800 
50  -0.005200  -0.005400  -0.009800   0.010200   0.005800  -0.006000   0.000200  -0.008600  -0.004600  -0.011200   0.022600  -0.004000   0.003000 
51  -0.004200  -0.001800  -0.013600   0.008600   0.009200   0.001200  -0.000400  -0.003200   0.001800  -0.011000   0.018000  -0.007200   0.003800 
52  -0.002400  -0.000400   0.000400   0.005600   0.012200  -0.002000  -0.002000  -0.000200   0.007600  -0.010200   0.014600   0.004600   0.002800 
53  -0.004000   0.003200   0.002600   0.000200   0.005600  -0.001400   0.001600  -0.001200   0.007400  -0.009200   0.003400  -0.001200   0.005600 
54  -0.001600   0.006600  -0.001200  -0.010400   0.002800  -0.005800   0.001000  -0.008200  -0.000200  -0.009200   0.010800   0.004600   0.009400 
55  -0.005400   0.008800   0.007200  -0.006400   0.006600  -0.008200   0.003200  -0.005400   0.006800  -0.000800   0.012600   0.004200   0.007800 
56  -0.003600   0.004800   0.012800  -0.009600   0.000200  -0.004800   0.006000  -0.010200   0.000600  -0.001400   0.008800  -0.013800   0.011400 
57  -0.010200   0.008800   0.010800  -0.006400   0.002400  -0.004800  -0.005600  -0.011200   0.001400  -0.003400   0.002000   0.000800   0.004000 
58  -0.001000   0.009400   0.003400  -0.006600  -0.001600   0.002600  -0.003800  -0.016400   0.001000  -0.000200   0.002600  -0.010400   0.015200 
59  -0.006600   0.004800   0.003000  -0.005800   0.007200   0.000400  -0.012800  -0.001800  -0.001400   0.008800  -0.000600  -0.006400   0.018000 
60  -0.006600   0.004600   0.005800  -0.007800   0.006800   0.005600  -0.009600   0.001800  -0.014400   0.007200  -0.007600  -0.004800   0.006400 
61  -0.003000   0.003400   0.009400  -0.008000   0.009800   0.003200  -0.014800  -0.002600  -0.006000   0.006800  -0.006400   0.001200   0.017400 
62  -0.002600   0.003600   0.007600  -0.001200   0.008600   0.003000  -0.015800   0.004800  -0.012200   0.010600   0.000400   0.000400   0.011600 
63  -0.004200   0.004400   0.003000  -0.003600   0.011000   0.002000  -0.010400   0.008200  -0.011400   0.005600  -0.005200  -0.000200   0.014000 
64  -0.000600   0.004000  -0.003600  -0.002400   0.007800   0.000200  -0.009600   0.009400  -0.013200   0.010600  -0.004600   0.004600   0.012400 
65  -0.007400   0.001600   0.006200  -0.001200   0.009600   0.002200  -0.006400   0.005800  -0.017600   0.012600  -0.008000   0.006800   0.011000 
66  -0.006000   0.001600   0.007800  -0.007800   0.015000  -0.003000  -0.003200   0.001800  -0.021400   0.009600  -0.002200   0.013600   0.004400 
67   0.003600   0.004400   0.008600  -0.005200   0.012400  -0.006200  -0.007200   0.007000  -0.021000   0.004200  -0.012000   0.015600   0.017200 
68   0.004000   0.002600   0.000800  -0.000800   0.004600  -0.001600  -0.001200   0.006200  -0.024000   0.013200  -0.015000   0.006600   0.008600 
69   0.006000   0.006000  -0.000600  -0.002800   0.008000   0.006600  -0.007200   0.005200  -0.028400   0.002000  -0.007400   0.019400   0.008800 
70   0.008400   0.012600   0.000800  -0.003600   0.005400   0.003400  -0.011800   0.012600  -0.023600   0.003200  -0.005800   0.018400   0.008200 
71   0.017200   0.021800   0.003400  -0.001800   0.000200   0.012200  -0.004000   0.011200  -0.034200   0.000400  -0.009000   0.010000   0.003800 
72   0.014600   0.018600   0.006200  -0.002800   0.010200   0.012600  -0.008600   0.015400  -0.025800   0.001000  -0.010200   0.014400   0.000000 
73   0.015000   0.014600   0.006200   0.004200  -0.004200   0.013800  -0.000200   0.014400  -0.031400  -0.004200  -0.012800   0.014600   0.001000 
74   0.019400   0.010400   0.001800   0.002600  -0.001400   0.011800  -0.001800   0.013800  -0.026200  -0.008000  -0.012000   0.022800  -0.001000 
75   0.011000   0.009200  -0.004400   0.005600  -0.007200   0.012600  -0.002600   0.023000  -0.016600  -0.009200  -0.013800   0.029800   0.001400 
76   0.006800   0.009600  -0.002000  -0.001200  -0.007000   0.021600  -0.000800   0.016200  -0.027600  -0.012800  -0.018000   0.029600   0.001000 
77   0.003200   0.012600   0.002000  -0.000800   0.008800   0.007000  -0.000200   0.014800  -0.025400  -0.011600  -0.020800   0.018400   0.000800 
78   0.003200   0.013200  -0.003200   0.003400  -0.005800   0.007600  -0.010000   0.015000  -0.013800  -0.012200  -0.015800   0.014600  -0.000400 
79   0.002400   0.009200  -0.010000   0.008400   0.005200   0.004200  -0.007200   0.006400  -0.014800  -0.013800  -0.017800   0.022000   0.002400 
80   0.004400   0.016600  -0.004400  -0.001400   0.001000  -0.001000  -0.006400   0.007400  -0.008000  -0.003600  -0.017200   0.018800   0.011000 
81   0.002800   0.019000   0.003000   0.003400  -0.001000  -0.005000  -0.015800   0.005800  -0.006200  -0.001200  -0.010200   0.017200   0.006400 
82   0.000400   0.019400   0.007000  -0.001600  -0.005200  -0.001200  -0.009000   0.004800  -0.008200   0.006200  -0.016000   0.015400   0.010400 
83  -0.001800   0.015400  -0.000200  -0.001800  -0.006600  -0.003600  -0.009400   0.007400  -0.001600  -0.000400  -0.015000   0.012000   0.013400 
84   0.003000   0.010200   0.011400  -0.004600  -0.004400  -0.010000  -0.010600   0.011400   0.002600   0.002000  -0.011800   0.008000   0.010200 
85  -0.004200   0.009600   0.011400  -0.002600   0.002600  -0.011800  -0.017800   0.011200   0.003600   0.001000  -0.010200   0.005000   0.012800 
86  -0.011600   0.026400   0.008400  -0.004000   0.007200  -0.013800  -0.016400   0.010000   0.007600   0.000400  -0.013000   0.006000   0.009000 
87  -0.008800   0.023800   0.004600   0.001400   0.009800  -0.005200  -0.008000   0.002000   0.003000   0.000600  -0.005000   0.004200   0.014200 
88  -0.004200   0.028200  -0.005000   0.004600   0.022000  -0.014000  -0.004400   0.009800   0.006400   0.007600  -0.010200   0.001400   0.015200 
89  -0.004800   0.029200   0.005200   0.003400   0.010600  -0.014400  -0.003000   0.005200   0.007400   0.008000  -0.007000   0.004800   0.014000 
90  -0.001000   0.028000   0.007200   0.005800   0.015800  -0.017000  -0.008800   0.005200   0.003600   0.011600  -0.001600   0.004000   0.018600 
91  -0.009000   0.030000   0.004400   0.018400   0.007000  -0.010400  -0.011800   0.004000   0.008600   0.016600   0.005000   0.000200   0.017200 
92   0.002600   0.028800   0.003200   0.010800   0.013600  -0.013800  -0.006200   0.005800   0.001400   0.007200  -0.002000  -0.001000   0.015400 
93  -0.007400   0.029600   0.004400   0.017400   0.008400  -0.013200  -0.009600   0.006600   0.007400   0.020000  -0.002800   0.005400   0.009000 
94  -0.003600   0.027000   0.008800   0.012600   0.000800  -0.013000  -0.009600   0.011400  -0.002000   0.015600  -0.004400   0.000400   0.017000 
95  -0.007400   0.018400   0.011400   0.015400  -0.009400  -0.015200  -0.017400   0.006200   0.003000   0.020600  -0.005800  -0.006600   0.017200 
96  -0.004000   0.008200   0.007600   0.013800  -0.000200  -0.017000  -0.014400   0.002000   0.003600   0.023000  -0.006200  -0.004400   0.011400 
97   0.001200   0.009000   0.004000   0.011800  -0.001200  -0.016400  -0.017400  -0.001000   0.001400   0.016800  -0.009000   0.003800   0.012400 
98  -0.006800   0.004800   0.008800   0.017400   0.004800  -0.010200  -0.015800  -0.006800   0.008600   0.009200  -0.007200   0.001000   0.013200 
99  -0.011200   0.002800   0.009800   0.014400  -0.000200  -0.014200  -0.014600  -0.005600   0.008200   0.012000  -0.003400  -0.003600   0.009800 
100  -0.007400   0.003800   0.007200   0.013400   0.005800  -0.016000  -0.014400  -0.005200   0.013600   0.017200  -0.002400  -0.001600   0.009800 
101  -0.002400   0.003600   0.005000   0.019200   0.006800  -0.015800  -0.017600  -0.011200   0.006000   0.013800  -0.004000  -0.012600   0.010000 
102  -0.005200  -0.001200   0.003400   0.013600  -0.004600  -0.021800  -0.013400  -0.008400   0.012400   0.011200  -0.000400  -0.012600   0.015200 
103  -0.004000  -0.000400   0.002400   0.011200   0.000600  -0.018000  -0.021200  -0.009200   0.012200   0.004800   0.007000  -0.011800   0.016800 
104   0.004200   0.004200   0.014800   0.019000   0.000600  -0.016400  -0.022000  -0.001800   0.005000   0.006800   0.001200  -0.014200   0.014800 
105  -0.001800  -0.005800   0.006200   0.019000  -0.004800  -0.011400  -0.015800  -0.001200   0.010200   0.002600   0.002000  -0.003400   0.009000 
106   0.003000   0.001400   0.007200   0.010600  -0.000000  -0.008600  -0.008400   0.000400   0.013200   0.003400   0.003000  -0.006800   0.012600 
107  -0.010000  -0.004400   0.007200   0.009600   0.006800  -0.008800  -0.016000  -0.004600   0.009000   0.008200  -0.005200  -0.005000   0.010600 
108  -0.003000  -0.000200   0.011200   0.004000   0.005000  -0.011400  -0.006800  -0.004000   0.009600   0.017200  -0.008400   0.001200   0.017400 
109   0.001200   0.003200   0.006800   0.004400   0.008000  -0.018000  -0.019800  -0.005800   0.010400   0.019400  -0.003400  -0.001400   0.009400 
110  -0.003000  -0.000200   0.012000   0.018600   0.006600  -0.001800  -0.017000  -0.006000   0.015000   0.018400  -0.005600  -0.000600   0.023600 
111   0.005000   0.002200   0.018000   0.007400   0.006200  -0.000600  -0.019800  -0.019000   0.015600   0.022600  -0.007800  -0.003400   0.017400 
112   0.003400   0.003600   0.026200   0.009200   0.008600   0.002400  -0.027600  -0.008000   0.021000   0.020000  -0.011200  -0.000200   0.015200 
113   0.003200   0.001600   0.018400   0.013800   0.015200  -0.004200  -0.014800  -0.005000   0.022200   0.024200  -0.007600  -0.007800   0.029600 
114   0.009000  -0.004000   0.021400   0.006200   0.010200   0.004200  -0.015000  -0.004200   0.026800   0.030600  -0.008600  -0.000600   0.028000 
115   0.005200   0.001200   0.020600   0.017200   0.007200   0.012400  -0.018000  -0.000800   0.015600   0.030800   0.002200   0.002200   0.027600 
116   0.000800  -0.001800   0.016200   0.011000   0.016000   0.009400  -0.025000  -0.003800   0.012600   0.032600  -0.007200  -0.000600   0.016000 
117   0.009200  -0.000800   0.014400   0.013400   0.004600   0.014200  -0.030800  -0.012000   0.011400   0.033600  -0.005600   0.006800   0.016600 
118   0.023000  -0.007400   0.012200   0.007600   0.001800   0.013200  -0.021200  -0.004200   0.017800   0.026600  -0.014000   0.013000   0.021800 
119   0.021400  -0.014000   0.021600  -0.001800  -0.002200   0.013600  -0.004000  -0.002600   0.010400   0.025600  -0.008600   0.005200   0.012600 
120   0.017400  -0.015000   0.015800   0.010000  -0.006000   0.010000  -0.005400  -0.005600   0.010000   0.021600  -0.014800   0.014600   0.016800 
121   0.023400  -0.015000   0.017800   0.013800  -0.004200   0.019600  -0.004000  -0.004400   0.017000   0.016400  -0.009800   0.010800   0.014400 
122   0.017800  -0.013800   0.020600   0.016000  -0.017400   0.010800  -0.003600  -0.000600   0.017200   0.015200  -0.006400   0.010400   0.008200 
123   0.020600  -0.007800   0.023000   0.008800  -0.012600   0.003800  -0.000400   0.003800   0.010200   0.011600  -0.003800   0.004200   0.016400 
124   0.019400  -0.016600   0.020600   0.007600  -0.016600   0.007400   0.004600   0.002000   0.007400   0.010400   0.003600  -0.000800   0.009400 
125   0.025800  -0.006200   0.010600   0.007800  -0.023200   0.008200   0.007000   0.002800  -0.003800   0.006600   0.005400   0.006600   0.006400 
126   0.023000  -0.008000   0.008200   0.016000  -0.023200   0.005200   0.013600  -0.001600  -0.007000   0.010000   0.002400   0.003800   0.002000 
127   0.019600  -0.001200   0.009200   0.009600  -0.026000   0.006200   0.006800   0.004800  -0.006000   0.007600   0.008600   0.002200  -0.000800 
128   0.009400  -0.003000   0.019400   0.010000  -0.025800   0.002600   0.010600   0.002000  -0.006200  -0.001000  -0.000200  -0.002600  -0.006400 
129   0.016200  -0.001400   0.014800   0.005200  -0.024400   0.002400   0.016400   0.003200  -0.011400   0.003800   0.004600   0.001200  -0.003600 
130   0.005000  -0.003000   0.005000   0.014000  -0.021800   0.009600   0.003800   0.004200  -0.001200   0.009000   0.003800  -0.000000  -0.000600 
131   0.007000   0.005600   0.013400   0.010400  -0.018800   0.007600   0.006400  -0.005200  -0.004200   0.005800   0.000800  -0.007000  -0.007200 
132   0.000800   0.003400   0.014200  -0.001800  -0.024600  -0.001800  -0.003200  -0.011000  -0.006200   0.001800   0.000000  -0.001000  -0.003800 
133  -0.003400   0.000400   0.017400  -0.000400  -0.025800   0.001400  -0.003000   0.001400  -0.006200   0.003200  -0.007400  -0.002200  -0.002400 
134   0.006600   0.001800   0.010400  -0.005200  -0.030000   0.006200  -0.005200  -0.006600  -0.007800   0.006600  -0.008000  -0.002200  -0.002000 
135   0.005800   0.010400   0.017600  -0.007200  -0.024400   0.007000  -0.000800  -0.001600  -0.001600   0.010000  -0.009000  -0.002600  -0.000600 
136   0.007200   0.008400   0.014400  -0.000800  -0.018400   0.004400  -0.010000   0.001800  -0.000600   0.006800  -0.011800  -0.008800   0.004600 
137   0.004600   0.006200   0.015800  -0.007000  -0.029800   0.005200  -0.012200   0.002600  -0.008200   0.011000  -0.009600  -0.020000   0.001200 
138   0.001800   0.001400   0.015400   0.003200  -0.020200  -0.000600  -0.017200   0.010800  -0.000600   0.005800  -0.007000  -0.013200   0.006000 
139   0.007000   0.005400   0.006800   0.001600  -0.023200   0.002200  -0.008600   0.015200  -0.001000   0.004000  -0.007800  -0.013600   0.003600 
140   0.004400   0.004000  -0.002000  -0.007000  -0.023400  -0.007200  -0.010400   0.005800  -0.006800   0.005200  -0.013200  -0.010800   0.004800 
141   0.005000   0.015600  -0.009800   0.006000  -0.017400  -0.003000  -0.010200   0.011400  -0.000200   0.005800  -0.012000  -0.014000   0.009600 
142   0.013000   0.007600  -0.007200   0.013200  -0.020800  -0.008400  -0.014800   0.010400  -0.001400   0.005600  -0.013000  -0.013400   0.011800 
143   0.005200   0.015800   0.000400   0.015000  -0.019000  -0.006200  -0.010800   0.003000   0.001400   0.011600  -0.013600  -0.007400   0.001400 
144   0.003400   0.017200   0.001200   0.009800  -0.024000  -0.003200  -0.012800  -0.006400   0.006200   0.003000  -0.010600  -0.005000  -0.005800 
145   0.000200   0.013200   0.002400   0.002400  -0.028000  -0.000600  -0.010400   0.007600   0.010400   0.007000  -0.008000  -0.002200  -0.001600 
146   0.003000   0.014200   0.002000   0.003800  -0.024800  -0.000800  -0.005200   0.002200   0.008600   0.016200  -0.014800   0.000400  -0.000800 
147   0.001000   0.013000  -0.005000   0.010600  -0.020800  -0.001400  -0.002200   0.005000   0.012000   0.010800  -0.009400  -0.006800  -0.005800 
148   0.000200   0.021600  -0.007200   0.003200  -0.025800  -0.002600   0.005200   0.007600   0.005800   0.003800  -0.005200  -0.004400  -0.002800 
149   0.008000   0.015000   0.002400   0.003400  -0.016200   0.006000   0.006000   0.007000   0.008200   0.008800  -0.015000  -0.003600  -0.003000 
150   0.003200   0.013400   0.001800  -0.011600  -0.023000  -0.000600   0.007200   0.011200   0.012800   0.006800  -0.018200   0.001600  -0.003600 
151   0.012800   0.000600  -0.002400  -0.001800  -0.019600   0.002600   0.007800   0.003600   0.009400   0.003600  -0.017800   0.008800  -0.001200 
152   0.006200   0.006200  -0.003200   0.000800  -0.012000  -0.002400   0.009800  -0.001200   0.008400   0.004000  -0.021800   0.003600  -0.006200 
153   0.002600   0.004800  -0.003600  -0.000200  -0.007200   0.002600   0.006200  -0.006000   0.016200  -0.004800  -0.023000   0.004800  -0.006200 
154   0.002000  -0.007200  -0.008200   0.000400  -0.011200   0.002600   0.010000  -0.011000   0.013800  -0.006000  -0.027400   0.008800  -0.003600 
155   0.001800  -0.008400  -0.009000   0.005600  -0.007800   0.004400   0.004200  -0.005800   0.016200  -0.006600  -0.019600   0.010000  -0.009000 
156  -0.000400  -0.010400  -0.017000  -0.006600  -0.006000   0.003000   0.014600  -0.007200   0.006000  -0.009600  -0.020400   0.011600  -0.010400 
157  -0.000400   0.001200  -0.004600  -0.008200  -0.002800   0.009800   0.014400  -0.005800   0.010200  -0.014800  -0.015200   0.009600  -0.002200 
158  -0.008000  -0.008400  -0.012800  -0.011400   0.002000   0.007800   0.004800  -0.010400   0.011400  -0.015400  -0.016800   0.007200  -0.003000 
159  -0.008000  -0.006600  -0.012800  -0.008000  -0.006800   0.006800   0.006600  -0.017400   0.011800  -0.012200  -0.019200   0.010600   0.003000 
160  -0.012400  -0.005800  -0.000800  -0.010000  -0.005600   0.001200   0.004800  -0.013800   0.012200  -0.014200  -0.010400   0.001200  -0.000400 
161  -0.016400  -0.007200  -0.012000  -0.009200  -0.013000   0.007800   0.002000  -0.018000   0.006600  -0.007000  -0.005400   0.005000   0.010800 
162  -0.018000  -0.010600  -0.012600  -0.009600  -0.012200   0.003800   0.006200  -0.015200   0.002600  -0.004400   0.001200   0.006400   0.013200 
163  -0.016800  -0.009800  -0.015200  -0.003800  -0.011400   0.007400   0.002000  -0.015400   0.000400  -0.007400  -0.004400   0.010400   0.011600 
164  -0.021400  -0.012000  -0.010600  -0.002800  -0.009000   0.004000   0.008400  -0.013400   0.005600   0.001200  -0.004600   0.011800   0.012600 
165  -0.022800  -0.006200  -0.009400   0.007000  -0.020000   0.009800   0.001600  -0.001000   0.000200  -0.001800   0.001800   0.012200   0.022200 
166  -0.012600  -0.003200   0.001400  -0.002800  -0.013600   0.000600   0.000600  -0.004200  -0.001800  -0.001000   0.000600   0.013800   0.015800 
167  -0.016600  -0.001600  -0.002800   0.003800  -0.013000   0.006600  -0.004600  -0.004200  -0.000600   0.001200  -0.003400   0.017000   0.005800 
168  -0.009600   0.001400  -0.002800   0.003000  -0.023400   0.004800  -0.015200  -0.001800  -0.003000  -0.000800  -0.006200   0.015200   0.011200 
169  -0.008200   0.000400   0.002400  -0.000600  -0.010600  -0.001000  -0.000200  -0.002000  -0.010000  -0.000600  -0.005600   0.017000   0.009000 
170  -0.009000  -0.000800  -0.001800  -0.013400  -0.013400   0.002400  -0.004200   0.009600   0.001800  -0.006000  -0.008600   0.006000   0.008600 
171  -0.004200   0.001600   0.006600  -0.007600  -0.015600   0.004400  -0.000600  -0.006600  -0.001600  -0.003000   0.000400   0.008000   0.006600 
172   0.001000   0.004200   0.005000  -0.011400  -0.011200   0.006800  -0.005600  -0.003800  -0.000600  -0.003000   0.002200   0.013400   0.008400 
173   0.006600   0.007400   0.010600  -0.007000  -0.009200   0.007400  -0.003800  -0.013200  -0.010200   0.000600   0.001200   0.017000   0.010200 
174  -0.004000   0.004400   0.005200  -0.010400  -0.001600  -0.003000  -0.009800  -0.011800  -0.005000   0.005600   0.008400   0.011800   0.009400 
175  -0.004000   0.004400  -0.001200  -0.007400  -0.003000  -0.002200   0.000200   0.002600  -0.000400   0.003800   0.011800   0.013000   0.014200 
176  -0.012800  -0.000200  -0.004000  -0.009800  -0.003200  -0.004200  -0.005400  -0.003600  -0.002800   0.010400   0.008600   0.021400   0.006000 
177  -0.010200  -0.002800   0.001200  -0.005800   0.004800  -0.001000  -0.006600  -0.007200  -0.002400   0.004800   0.009000   0.014800   0.012400 
178  -0.004200  -0.001600   0.000800  -0.001000   0.005000   0.007600  -0.003800   0.000200   0.008400   0.007800   0.005400   0.014000   0.016800 
179  -0.008600  -0.010400  -0.000000  -0.004600   0.010600   0.001800  -0.003800  -0.005800   0.008600   0.011600   0.010400   0.013800   0.014000 
180  -0.009600  -0.010800   0.001800  -0.005200   0.010600   0.000400   0.001000  -0.002200   0.002800   0.006200   0.007600   0.004400   0.018800 
181   0.008000  -0.017000   0.006200   0.000800   0.006600   0.003000  -0.003200  -0.000600   0.000400   0.006000   0.008400   0.012600   0.018000 
182   0.010600  -0.000600   0.004600  -0.009000   0.010400   0.007400  -0.006400   0.000600  -0.007400  -0.000200   0.001400   0.010400   0.023400 
183   0.010600  -0.010000  -0.000400   0.005400   0.007600   0.005200  -0.005000  -0.008400  -0.008600  -0.000600  -0.001400   0.008600   0.020400 
184   0.008200  -0.003000   0.005400  -0.003800   0.010400  -0.001600  -0.002400  -0.008800  -0.016600  -0.000200  -0.004200   0.013600   0.016000 
185   0.003000  -0.007000   0.009000  -0.006000   0.007800  -0.001400  -0.004800  -0.007000  -0.011600  -0.002600   0.001600   0.007600   0.012800 
186   0.009000  -0.006200  -0.000600  -0.009000  -0.002600  -0.007800  -0.004200  -0.008000  -0.010200  -0.003400  -0.002400   0.002600   0.013000 
187  -0.000000  -0.002000   0.003000  -0.013200   0.001600  -0.002600  -0.006800  -0.006800  -0.025800  -0.007400  -0.007600  -0.000000   0.010600 
188   0.004800  -0.000800   0.006400  -0.010200   0.010600   0.006800  -0.011400  -0.001000  -0.022800  -0.005600   0.000800  -0.001800   0.004600 
189   0.011000  -0.006600   0.001000  -0.011800   0.004400   0.002400  -0.014400   0.004400  -0.012200  -0.000200  -0.011600  -0.004000   0.007200 
190   0.016600   0.005600   0.007800  -0.007400   0.000600   0.006000  -0.019200  -0.001800  -0.012600  -0.000000  -0.014800  -0.003800   0.011200 
191   0.007600  -0.000400  -0.002800  -0.008000  -0.007400   0.007000  -0.013800   0.003200  -0.011800   0.007800  -0.015000  -0.006800   0.008400 
192   0.007000   0.001400  -0.002000  -0.012200  -0.011800   0.004200  -0.015000  -0.000600  -0.012800   0.008200  -0.017800   0.000200   0.004200 
193   0.015800   0.000800  -0.002600  -0.012400  -0.011400   0.009200  -0.014800   0.001000  -0.011800   0.006000  -0.020800  -0.003600   0.000600 
194   0.003600   0.002800  -0.012600   0.001400  -0.008000   0.008600  -0.009400  -0.000400  -0.001000   0.007200  -0.017600  -0.003000   0.002800 
195   0.003800   0.010600  -0.011400   0.003200  -0.010600   0.010800  -0.013800   0.010400  -0.007800   0.001600  -0.013400  -0.003800   0.002400 
196   0.007800   0.015400  -0.010200   0.010400  -0.010200   0.009200  -0.015200   0.005000  -0.000600   0.007400  -0.006200   0.007400   0.011600 
197  -0.000600   0.015000  -0.016200   0.008600  -0.008400   0.007600  -0.015600   0.000000  -0.000600   0.006400  -0.006800   0.000200   0.003600 
198  -0.000200   0.016200  -0.015400   0.014800  -0.006600   0.012200  -0.022200   0.000400   0.001600   0.007800  -0.006400   0.005800   0.014000 
199  -0.003600   0.010600  -0.017000   0.021800  -0.003200   0.007200  -0.017200   0.000200   0.001000   0.016800  -0.002600   0.009200   0.012800 
200  -0.003000   0.007200  -0.017200   0.021400  -0.010200  -0.002000  -0.015200   0.009200   0.011600   0.014600  -0.004000   0.008000   0.013000 
201  -0.004600   0.010600  -0.014800   0.025600  -0.001800  -0.005200  -0.002600   0.006400   0.003800   0.027000  -0.005200   0.008000   0.006400 
202  -0.001600   0.014000  -0.018200   0.033200  -0.005200  -0.003400   0.000800   0.003000   0.008000   0.017400  -0.000200   0.005400   0.006200 
203   0.003200   0.015600  -0.012800   0.031800  -0.000200  -0.008800   0.001200   0.012000   0.008200   0.025200   0.003400   0.001800  -0.000200 
204   0.001800   0.012200  -0.007800   0.045800  -0.000600  -0.010600   0.007400   0.015200   0.005000   0.014800   0.004200   0.006200   0.001800 
205  -0.001200   0.015200  -0.008200   0.036800   0.001800  -0.005200   0.002600   0.006800   0.013000   0.017600   0.005400   0.008200   0.004200 
206  -0.002400   0.015400  -0.008200   0.032600   0.005000  -0.006200   0.012400   0.016600   0.012000   0.026200   0.012400  -0.001200  -0.000000 
207  -0.001800   0.008400  -0.015400   0.026400   0.005800  -0.007600   0.002800   0.018600   0.012800   0.022800   0.012600  -0.003400   0.001000 
208  -0.002400   0.011000  -0.006400   0.034200   0.010800  -0.004000   0.002000   0.013400   0.007200   0.027800   0.013400   0.000800   0.004200 
209  -0.000400   0.011200  -0.016000   0.027400   0.008000   0.002600   0.007200   0.013200   0.006800   0.031400   0.025600   0.004600   0.004000 
210  -0.006400   0.012000  -0.004200   0.036800   0.001600   0.003600   0.011800   0.016400   0.001200   0.026000   0.030200   0.000200  -0.008800 
211  -0.010000   0.009600  -0.004200   0.029400   0.008600  -0.005000   0.013200   0.011800   0.004000   0.026600   0.032600  -0.005400  -0.000800 
212  -0.009600  -0.000600   0.003600   0.027000   0.011400  -0.005000   0.007000   0.003000   0.000600   0.027000   0.033600  -0.006000  -0.006200 
213  -0.005200   0.010200  -0.003000   0.029600   0.007200  -0.002200   0.014800   0.003200  -0.008400   0.022400   0.026400  -0.008000  -0.010000 
214   0.003000   0.010400   0.005200   0.029200   0.006200  -0.000600   0.011000  -0.000600  -0.012000   0.029400   0.034200  -0.001200   0.000800 
215   0.005400   0.006200   0.010600   0.014000   0.005000   0.002000   0.005000  -0.004400  -0.013800   0.031400   0.039600  -0.008000  -0.001000 
216   0.007400   0.004400   0.015800   0.016200   0.003000   0.002000   0.006600  -0.018400  -0.014600   0.022000   0.033200  -0.000600   0.012200 
217   0.005400   0.010200  -0.002000   0.017200   0.000600  -0.003600   0.016000  -0.016600  -0.018400   0.015600   0.027400  -0.004800   0.005600 
218   0.018600   0.016600  -0.008800   0.019600  -0.001800   0.000400   0.015400  -0.015600  -0.017200   0.020200   0.023600   0.002000   0.004600 
219   0.010200   0.009000  -0.008400   0.017200  -0.013400  -0.001400   0.013200  -0.013200  -0.019400   0.022200   0.024200  -0.002400   0.005600 
220   0.010000   0.006800  -0.016200   0.021800  -0.013600  -0.008000   0.013200  -0.017400  -0.017400   0.015600   0.012200  -0.003600  -0.005600 
221   0.017800   0.010600  -0.010400   0.016800  -0.021000  -0.007000   0.014800  -0.018000  -0.022600   0.010000   0.013000  -0.003600   0.001000 
222   0.019400   0.003800  -0.016200   0.011000  -0.015400  -0.001400   0.011000  -0.015800  -0.017400   0.011400   0.012200  -0.002800  -0.004800 
223   0.031800   0.009000  -0.013600   0.010000  -0.013000  -0.009800   0.017200  -0.012800  -0.011800   0.010200   0.015000  -0.002600   0.000200 
224   0.027400   0.012600  -0.016400  -0.000200  -0.017400  -0.011000   0.011200  -0.019000  -0.009200   0.019400   0.015000   0.002200   0.008600 
225   0.028200   0.021800  -0.026000   0.003400  -0.013200  -0.011200   0.004000  -0.012000  -0.005000   0.017400   0.014800  -0.002400   0.000800 
226   0.022600   0.018600  -0.015600  -0.001800  -0.005000  -0.009000   0.008200  -0.031800  -0.009200   0.019800   0.017000   0.010800   0.006600 
227   0.020200   0.013000  -0.010200   0.004800  -0.007600  -0.008200   0.014200  -0.030000  -0.009200   0.014400   0.018600   0.004400   0.006000 
228   0.021200   0.017600  -0.008800   0.003400  -0.010000   0.000000   0.009200  -0.033200  -0.004000   0.015200   0.017400   0.013400   0.002200 
229   0.023000   0.008000  -0.008200   0.004000  -0.015800  -0.005000   0.010200  -0.025200   0.002200   0.014800   0.011200   0.008800   0.004600 
230   0.020600   0.013600   0.001600  -0.004200  -0.016200  -0.000800   0.014000  -0.020800   0.000200   0.013800   0.011400   0.004000  -0.007000 
231   0.017600   0.012200   0.005000   0.001200  -0.014000  -0.007200   0.016200  -0.023600   0.009400   0.014200   0.018000   0.006200  -0.006600 
232   0.018200   0.007200   0.015400  -0.002600  -0.007800  -0.005400   0.012800  -0.024200   0.007600   0.018000   0.023800   0.016200  -0.002000 
233   0.007800   0.012000   0.003600  -0.006400  -0.014000  -0.006400   0.020400  -0.030400   0.005600   0.028400   0.019200   0.009400  -0.008600 
234   0.009600   0.004800   0.002600   0.009600  -0.016600  -0.002400   0.021600  -0.029200   0.012800   0.019000   0.010600   0.012000  -0.007400 
235   0.003600   0.007200   0.001800   0.002800  -0.013800  -0.005800   0.023800  -0.025200   0.002000   0.023400   0.008400   0.010800  -0.012800 
236  -0.000400   0.006800   0.003000   0.003800  -0.014400  -0.001000   0.028800  -0.030400  -0.001200   0.024200   0.013000   0.017000  -0.016000 
237  -0.003600  -0.000800   0.005600  -0.002200  -0.016000  -0.003600   0.025600  -0.024800  -0.001800   0.021600   0.008000   0.011200  -0.015800 
238  -0.000000   0.004200  -0.003400   0.001200  -0.019400  -0.003200   0.021600  -0.027200  -0.003000   0.034200   0.017800   0.004400  -0.022000 
239  -0.003800  -0.003000  -0.004400  -0.003400  -0.016600  -0.003200   0.019200  -0.025200  -0.010800   0.024200   0.014600   0.021400  -0.020800 
240  -0.004400  -0.007800  -0.005400   0.002600  -0.011800  -0.003200   0.025000  -0.030600  -0.012400   0.024800   0.011600   0.015200  -0.024400 
241  -0.006800   0.001000  -0.006400  -0.000000  -0.006200  -0.011600   0.023400  -0.037000  -0.017200   0.030600   0.012800   0.020600  -0.028600 
242  -0.013800  -0.013200  -0.008400  -0.002600  -0.008000  -0.008800   0.020800  -0.034800  -0.014000   0.022200   0.013200   0.018000  -0.019200 
243  -0.009600  -0.011600  -0.009200   0.001200  -0.001400  -0.005600   0.017200  -0.033600  -0.015400   0.020200   0.010400   0.019200  -0.027600 
244  -0.015000  -0.015600  -0.003600   0.006200   0.001600  -0.002000   0.014600  -0.027000  -0.012600   0.027400   0.011600   0.022600  -0.027400 
245  -0.006800  -0.002400   0.000800   0.002200   0.002000   0.007600   0.007400  -0.027200  -0.015600   0.019000   0.005000   0.021400  -0.023200 
246  -0.008000  -0.000400   0.003200   0.006400   0.007600   0.014000   0.009000  -0.026000  -0.007400   0.021000  -0.000600   0.017800  -0.022800 
247   0.000600  -0.002000  -0.000400   0.011800   0.006000   0.011600   0.006600  -0.025000  -0.013800   0.016800   0.011200   0.026400  -0.026200 
248   0.003400  -0.010200   0.009800   0.009000  -0.002200   0.016800   0.007600  -0.020800  -0.015200   0.010400  -0.001400   0.016000  -0.020600 
249   0.000200  -0.009000   0.004400   0.007200   0.000800   0.012800   0.009600  -0.019000  -0.014200   0.007400   0.005200   0.017200  -0.017600 
250   0.004200   0.002200   0.003800   0.012800  -0.000400   0.020200   0.009400  -0.018800  -0.010800   0.008000   0.007600   0.009200  -0.018400 
251  -0.002600  -0.007800   0.001000   0.006800   0.003000   0.022200   0.004600  -0.014200  -0.011600   0.001400  -0.002200   0.013600  -0.018600 
252  -0.002600  -0.006800   0.003000   0.007000   0.002600   0.008200   0.004800  -0.019600  -0.009600   0.005000  -0.010400   0.013600  -0.010400 
253   0.000600  -0.002200  -0.000400   0.013200  -0.001600   0.012600   0.000000  -0.014600   0.000800  -0.007000  -0.000600   0.006000  -0.018400 
254  -0.001800  -0.002200  -0.009200   0.004600   0.008200   0.008000   0.005000  -0.011200  -0.011400  -0.003800  -0.005200   0.007200  -0.015600 
255   0.005200  -0.001400  -0.005400   0.006800   0.004600   0.005200   0.003600  -0.006000  -0.002200   0.004400  -0.009400   0.005600  -0.001000 
256   0.008600  -0.002800  -0.004400   0.013000  -0.002000   0.006800   0.004400  -0.010200  -0.005200  -0.005200  -0.014800   0.007400  -0.009600 
257   0.004400  -0.006200  -0.005000   0.004200  -0.006000   0.001800   0.007600  -0.005800  -0.005800  -0.001600  -0.017800   0.005000  -0.013800 
258   0.001600   0.001200  -0.012000   0.008000   0.000000  -0.004400   0.011000  -0.004200  -0.004800  -0.001800  -0.025400   0.008400  -0.006600 
259   0.005400   0.006000  -0.010800   0.008600  -0.002800   0.007400   0.006000  -0.006200   0.006600  -0.009000  -0.028800   0.007000  -0.004200 
260  -0.000600  -0.000200  -0.002600   0.006000  -0.011200  -0.004200  -0.001200  -0.007400   0.003600  -0.009800  -0.031000   0.001400  -0.004200 
261  -0.000200  -0.001600  -0.010000   0.006200  -0.016200  -0.000600  -0.002000  -0.001800   0.005600  -0.004400  -0.033600   0.006000  -0.005800 
262  -0.003400   0.001400  -0.012800   0.003400  -0.005000  -0.001400   0.007200   0.003600   0.001400  -0.007800  -0.025800   0.001600  -0.000400 
263   0.006200  -0.007400  -0.015400  -0.000800  -0.018000  -0.011800   0.010400   0.005600   0.000800  -0.007200  -0.029400   0.001600   0.015200 
264   0.005600  -0.006400  -0.017200  -0.000800  -0.012000  -0.002600   0.010200   0.013200   0.008000  -0.011400  -0.015000   0.010600   0.014800 
265   0.000000   0.001400  -0.019600   0.003200  -0.009200   0.000800   0.012000   0.008200   0.003600  -0.016600  -0.012000   0.003400   0.018000 
266   0.008400   0.004600  -0.019600  -0.001000  -0.010600   0.001400   0.020800   0.009600   0.008000  -0.010000  -0.008400   0.005800   0.011800 
267   0.001800   0.002800  -0.019800   0.005400  -0.006200   0.008600   0.015800   0.018000   0.001800  -0.009000  -0.002600  -0.002800   0.021800 
268   0.000600   0.003600  -0.017600   0.007400  -0.011000   0.006600   0.026800   0.019000  -0.000200  -0.011600  -0.002600  -0.002000   0.018800 
269   0.003600   0.009000  -0.019400   0.001400  -0.013400   0.003800   0.028000   0.023400  -0.007200  -0.007200   0.000400  -0.004800   0.015400 
270  -0.000600   0.012800  -0.011000   0.006000  -0.014400   0.011800   0.028800   0.017800  -0.003000  -0.013600   0.002600   0.006800   0.006200 
271   0.011000   0.007200  -0.007000   0.008400  -0.010600   0.015600   0.032800   0.015000  -0.003600  -0.014400   0.005000   0.001800   0.003800 
272   0.007000   0.009400  -0.004000   0.004400  -0.008400   0.015800   0.020000   0.015000   0.003000  -0.015600   0.005000   0.006200  -0.000800 
273   0.008200   0.014800  -0.002400   0.009800  -0.006600   0.010200   0.019800   0.015000  -0.002800  -0.010600   0.000000  -0.005800  -0.007200 
274   0.006800   0.002800   0.000600   0.006400  -0.001400   0.012000   0.021400   0.009600   0.001600  -0.014000  -0.001000  -0.006800  -0.005000 
275   0.013000   0.010400   0.001800  -0.000400   0.008000   0.012600   0.010800   0.006400   0.004400  -0.010600   0.004400  -0.008200  -0.003400 
276   0.010800   0.010600  -0.004000   0.001400   0.003200   0.015200   0.010600   0.010400  -0.005800  -0.008600  -0.000000  -0.012000  -0.000600 
277   0.017200   0.008200  -0.004000   0.007600   0.004600   0.010000   0.008000   0.003800  -0.000600  -0.002800   0.008000  -0.017400  -0.003800 
278   0.014400   0.010200   0.005200   0.007000   0.007400   0.001800   0.007000   0.009000   0.004000  -0.004400   0.003400  -0.006800  -0.004400 
279   0.018000   0.012600   0.003200   0.003400   0.004200   0.001000   0.000600   0.008200   0.008800  -0.008200   0.009600  -0.007600  -0.003600 
280   0.013800   0.011200  -0.002800  -0.001800   0.003800  -0.010200  -0.001200   0.011000   0.003800  -0.003600   0.001600  -0.007000  -0.007600 
281   0.010000   0.010800   0.001600  -0.001800  -0.001800  -0.012800   0.000200   0.015800  -0.003800  -0.007400   0.006600  -0.007400  -0.000600 
282   0.003600   0.009400  -0.005600   0.000200   0.003600  -0.003200  -0.002400   0.019400   0.001600  -0.009600   0.009400  -0.004400  -0.008000 
283   0.006800   0.002000   0.001000   0.004200   0.005400  -0.006600  -0.007200   0.014800   0.004600  -0.010000   0.007400  -0.009400  -0.002000 
284   0.001000   0.000200  -0.010200   0.005400   0.007000  -0.002400   0.003600   0.013800   0.005800  -0.018800   0.002200  -0.008400  -0.011200 
285  -0.010600  -0.009200  -0.003400   0.005200   0.002200  -0.004000   0.001600   0.010600   0.006800  -0.009400  -0.000000  -0.001800  -0.008800 
286  -0.014200  -0.005600  -0.005600   0.001200   0.010000   0.001000  -0.007000   0.012200   0.005200  -0.012600   0.004600  -0.001800  -0.005000 
287  -0.014600  -0.008800  -0.006200   0.002000   0.010600   0.000200  -0.000200   0.012600   0.003200  -0.014400   0.002800   0.003400  -0.009800 
288  -0.020200  -0.009800  -0.005400   0.002600   0.011400  -0.006400   0.006200   0.014000   0.010800  -0.016200  -0.001800   0.004200  -0.004400 
289  -0.011200  -0.017200  -0.011800  -0.001000   0.013600  -0.011000   0.010200   0.007400   0.006000  -0.005800  -0.001400   0.002400   0.004800 
290  -0.013600  -0.013600  -0.014800   0.001000   0.012000  -0.009400  -0.000800   0.009400   0.001800  -0.017000  -0.000600   0.001800  -0.002600 
291  -0.017400  -0.009400  -0.014200   0.006400   0.025600  -0.010000   0.010600   0.011000  -0.004000  -0.010000   0.005200   0.006200   0.009800 
292  -0.017000  -0.011200  -0.010800   0.003800   0.024600  -0.016200   0.010200   0.008800  -0.009000  -0.014600   0.000800   0.003800   0.013000 
293  -0.010600   0.001200  -0.004200   0.009200   0.031800  -0.018200   0.010800   0.003600  -0.008200  -0.017200   0.000800  -0.001200   0.002600 
294  -0.004000  -0.002800  -0.010800   0.007000   0.028600  -0.018800   0.004600   0.005200  -0.006400  -0.011600   0.002400  -0.000400   0.007800 
295  -0.005600   0.000400  -0.008200   0.010800   0.021400  -0.015600   0.010600   0.004800  -0.003600  -0.015200  -0.000600  -0.003800   0.009600 
296  -0.005800  -0.006600  -0.004600   0.010600   0.014600  -0.012000   0.018400   0.003800  -0.003400  -0.012400  -0.007200   0.007800   0.012600 
297  -0.012000   0.006800   0.002000   0.009600   0.008400  -0.012600   0.014000   0.001000  -0.005600  -0.010800  -0.017200   0.007800   0.009200 
298  -0.007600  -0.000600   0.006400   0.006200  -0.000600  -0.005000   0.013200   0.004200  -0.001600  -0.008800  -0.003800   0.002200   0.012000 
299  -0.000200   0.005000   0.002200   0.002200  -0.004600  -0.007200   0.008400   0.008600  -0.002400  -0.002000   0.000200   0.003600   0.008400 
300   0.001800   0.004200   0.007400   0.003400  -0.009000  -0.002600   0.006400   0.008800   0.004800  -0.004200  -0.003800  -0.002000   0.010000 
301   0.003000   0.010200   0.004800   0.011000  -0.015600  -0.004800   0.000600   0.006600   0.014800   0.004000   0.000400  -0.008000   0.006200 
302   0.003600   0.007600   0.010400   0.004600  -0.012800  -0.003400  -0.002200   0.008600   0.006200  -0.000800   0.005600  -0.008800   0.003600 
303   0.007400   0.009000   0.000200   0.001000  -0.022200  -0.002200  -0.011000   0.007000   0.001000   0.005000   0.007200  -0.000800  -0.000400 
304   0.008000   0.009000   0.001800  -0.003800  -0.024200  -0.005400  -0.003000   0.005600   0.006200   0.000000   0.002200   0.000400  -0.003800 
305   0.005200   0.006000   0.004400  -0.000800  -0.011400   0.003400  -0.005400   0.010400  -0.001400  -0.003600   0.004800   0.010600   0.000600 
306   0.008200   0.016600  -0.002200   0.007800  -0.018400  -0.005600   0.002200   0.004000   0.013000   0.001200   0.007200   0.000400  -0.011000 
307   0.017400   0.009800   0.007200  -0.003200  -0.018200  -0.003000  -0.009200   0.003000   0.015400  -0.006200  -0.004000   0.007200  -0.010000 
308   0.019600   0.004000   0.003000  -0.001800  -0.019800   0.001600  -0.011800  -0.003800   0.010800  -0.004200  -0.008800   0.002600  -0.023200 
309   0.028800  -0.002600   0.007200   0.007600  -0.022000   0.005800  -0.012600   0.000600   0.005000   0.007200   0.003000   0.000800  -0.016600 
310   0.019000   0.003400   0.004000   0.013800  -0.013800  -0.002400  -0.017800  -0.002200   0.011000   0.005400   0.005400   0.002800  -0.013200 
311   0.026800   0.003800   0.013200   0.009000  -0.013200   0.002400  -0.020400   0.001200   0.004800   0.007400  -0.001600   0.004600  -0.015600 
312   0.023000   0.006400   0.004800   0.011600  -0.020200   0.001400  -0.018800  -0.004600   0.008800   0.001800   0.000800  -0.003800  -0.017800 
313   0.024000  -0.006000   0.011800  -0.000200  -0.014400   0.002200  -0.015400  -0.007200   0.012600  -0.000200   0.004600   0.001800  -0.020400 
314   0.021200  -0.000400   0.009200   0.002000  -0.018400  -0.002400  -0.011000  -0.015000   0.015600   0.000200   0.003800  -0.004000  -0.011600 
315   0.026000  -0.008200   0.011200   0.011800  -0.010600  -0.005800  -0.000800  -0.005800   0.016800   0.002200   0.002800   0.001800  -0.016200 
316   0.031400  -0.009400   0.009000   0.004000  -0.013800  -0.009200  -0.006800  -0.003200   0.018800   0.003400   0.002400   0.005400  -0.012800 
317   0.023200  -0.007000  -0.000000   0.001800  -0.017600  -0.003800  -0.014400   0.000800   0.022000   0.002800  -0.005800   0.008400  -0.023000 
318   0.021800  -0.007800   0.003000   0.004600  -0.011000  -0.003000  -0.010600  -0.003400   0.015000   0.003400  -0.002800   0.011400  -0.018000 
319   0.019600  -0.010200  -0.004200   0.007800  -0.009000  -0.005400   0.002000   0.001400   0.021400   0.010000  -0.002000   0.011000  -0.021200 
320   0.023200  -0.018600  -0.005000   0.003600  -0.008200  -0.009200  -0.005000   0.000200   0.019400   0.004000  -0.005600   0.019400  -0.015200 
321   0.014000  -0.008200  -0.006200   0.007600  -0.012000  -0.011800  -0.002400  -0.003000   0.016800   0.007400  -0.010400   0.013800  -0.015400 
322   0.015400  -0.012200  -0.006400   0.001600  -0.008200  -0.004600   0.012400  -0.000800   0.019600   0.004800  -0.010400   0.013200  -0.015600 
323   0.006400  -0.014200  -0.003200   0.003600  -0.009400   0.000400   0.004200  -0.002800   0.019400   0.004600  -0.010800   0.015600  -0.017600 
324   0.006800  -0.009000  -0.005400   0.001600  -0.018400   0.002400   0.000200  -0.015200   0.015200   0.007600  -0.009200   0.011800  -0.019200 
325   0.001400  -0.004400  -0.008400  -0.003200  -0.010000  -0.003200  -0.008800  -0.008400   0.010600   0.012800  -0.003000   0.017000  -0.014000 
326   0.002800  -0.010600   0.005000  -0.000600  -0.005600  -0.002400   0.001600  -0.002800   0.002000   0.003000  -0.006600   0.018400  -0.012000 
327   0.005200  -0.003000  -0.005400  -0.008600  -0.013800  -0.006800   0.006200  -0.001800  -0.002600   0.011800  -0.003200   0.020800  -0.007800 
328   0.011600  -0.007600  -0.001800  -0.007800  -0.011400  -0.014600  -0.000600  -0.007600   0.003400   0.023200  -0.006000   0.019800  -0.012600 
329   0.009200  -0.010800   0.001400  -0.003600  -0.007000  -0.009800   0.004600  -0.002400  -0.006400   0.008800  -0.003400   0.015800  -0.008600 
330   0.009000  -0.012600   0.000400   0.007200  -0.004000  -0.011800   0.010200   0.000800  -0.001400   0.006400   0.001800   0.018600  -0.010600 
331   0.004200  -0.007600  -0.006200   0.001600  -0.003200  -0.017600   0.002000  -0.001800  -0.000400   0.012000  -0.001400   0.014600  -0.010000 
332   0.012000  -0.020400  -0.000200   0.006800  -0.001000  -0.010800   0.006000   0.011400  -0.001800   0.011200  -0.001200   0.006200  -0.010400 
333   0.003600  -0.016800  -0.000600   0.002000  -0.008600  -0.010600   0.002400   0.004600  -0.009200   0.013400  -0.001800   0.003800  -0.020600 
334   0.004000  -0.008200  -0.012200   0.002600  -0.010600  -0.009200  -0.000600  -0.004000  -0.012800   0.007200   0.004600   0.013200  -0.012200 
335   0.006600  -0.016600  -0.001600   0.010600  -0.018800  -0.011200  -0.007800   0.000000  -0.009200   0.008800  -0.001800   0.003800  -0.008800 
336   0.000400  -0.013200  -0.009000   0.017600  -0.009800  -0.005800  -0.007400  -0.009200  -0.006400   0.009400  -0.003000  -0.001600  -0.007800 
337  -0.002800  -0.014200  -0.015000   0.015400  -0.012400  -0.005000  -0.015800   0.000400  -0.003400   0.007800  -0.005800   0.001000  -0.008800 
338   0.000800  -0.013400  -0.015200   0.015000  -0.009200  -0.013000  -0.022400   0.001400   0.002000   0.001400  -0.016800   0.001000  -0.000200 
339   0.002200  -0.019400  -0.016600   0.006000  -0.006600  -0.009000  -0.018800   0.000200   0.003000  -0.005200  -0.011800   0.001200   0.001200 
340   0.003800  -0.013000  -0.004400  -0.000800  -0.008800  -0.006800  -0.017000   0.000200  -0.003800  -0.008200  -0.007400   0.003200   0.002800 
341   0.006800  -0.012400  -0.010000   0.007600  -0.011000  -0.008400  -0.016000  -0.000400   0.003600   0.002000  -0.008600   0.006400   0.006000 
342   0.010600  -0.018000  -0.012600  -0.004800  -0.002600  -0.015600  -0.015200  -0.000200   0.005800  -0.003400  -0.001800   0.003800   0.006000 
343   0.006800  -0.024200  -0.017000   0.000400  -0.007800  -0.018200  -0.010000  -0.001000   0.008200   0.006600  -0.008400   0.007400   0.000000 
344   0.003800  -0.018400  -0.010400   0.004600  -0.008600  -0.016600  -0.012600  -0.011400  -0.001600  -0.003000  -0.007600   0.002200   0.003600 
345   0.005600  -0.010600  -0.020000   0.005600  -0.008800  -0.016200  -0.010600  -0.010000  -0.002400  -0.005000   0.000800   0.002800  -0.003200 
346   0.001200  -0.012600  -0.020200  -0.001800  -0.007800  -0.014600  -0.009800  -0.007400  -0.001200  -0.001800   0.001800   0.006000  -0.001200 
347   0.000600  -0.010800  -0.015200  -0.000200  -0.003400  -0.011000  -0.005600   0.003000   0.004400  -0.006400  -0.003200   0.002200   0.003800 
348  -0.001800  -0.015600  -0.014200   0.005400  -0.008200  -0.013600  -0.012000   0.000200   0.001800  -0.011400   0.010400   0.004400   0.007000 
349  -0.005000  -0.010200  -0.021600  -0.001000  -0.002800  -0.012600  -0.013600  -0.001600   0.005200  -0.014400   0.008600   0.008200   0.012000 
350   0.000400  -0.018400  -0.015000  -0.000400  -0.003800  -0.012200  -0.015200  -0.003400   0.009400  -0.008600   0.008400   0.010400   0.011600 
351  -0.003600  -0.015200  -0.014600   0.003600  -0.009600  -0.014000  -0.011000   0.004000   0.006200  -0.014400  -0.001400   0.014000   0.015800 
352   0.003400  -0.009200  -0.007600   0.000200   0.001200  -0.015400  -0.009600   0.004200   0.006200  -0.009600   0.009000   0.010600   0.012400 
353   0.006200  -0.012000  -0.012400   0.011200  -0.002800  -0.018000  -0.011800   0.003200   0.012600  -0.017400   0.001200   0.013400   0.005600 
354  -0.007800  -0.013600  -0.006800   0.011800  -0.000800  -0.015200  -0.021000  -0.000400   0.005600  -0.020600   0.002400   0.011600   0.007400 
355   0.005400  -0.008000  -0.011800   0.004600  -0.004200  -0.005400  -0.015800  -0.008600   0.015200  -0.020800   0.000800   0.004800   0.015600 
356   0.007400  -0.011400  -0.013000   0.008000  -0.008600  -0.008800  -0.014000  -0.005200   0.003400  -0.014200   0.000800   0.003400   0.007000 
357   0.006600  -0.010200  -0.017000   0.002000  -0.017000  -0.009800  -0.013200   0.003200   0.001600  -0.013600  -0.001000   0.010000   0.000800 
358  -0.000600  -0.006200  -0.016200   0.000200  -0.007800  -0.012800  -0.014200   0.007200   0.002400  -0.013000   0.002200   0.004400   0.002600 
359   0.004200  -0.007800  -0.021200  -0.006600  -0.002000  -0.005200  -0.020800   0.002800   0.005400  -0.017000   0.000800  -0.001000   0.003200 
360  -0.003200  -0.016600  -0.013800   0.001000  -0.007000   0.001600  -0.021800  -0.001200   0.001800  -0.010800   0.005200   0.007000  -0.010400 
361   0.004600  -0.017400  -0.014400   0.007800   0.004200  -0.003800  -0.010800   0.003800   0.003400  -0.009200   0.003200   0.008800  -0.014400 
362  -0.008600  -0.007200  -0.021200   0.007400  -0.000800   0.001200  -0.013800  -0.002800   0.005600  -0.009200   0.011600   0.006600  -0.005600 
363   0.011000  -0.007000  -0.012400   0.002800   0.005600   0.002600  -0.013600   0.004400  -0.004600  -0.017400   0.004200   0.005200  -0.013000 
364   0.009400  -0.001400  -0.011600   0.000800   0.002000   0.005800  -0.007600  -0.001200  -0.004400  -0.014800   0.007000   0.009600  -0.015000 
365   0.021600  -0.010600  -0.008200  -0.003600   0.003400   0.007400  -0.005600   0.000400  -0.005600  -0.017600   0.004400   0.001400  -0.014800 
366   0.023000   0.000400  -0.005400  -0.003800  -0.010800   0.008000  -0.008200   0.003400  -0.010400  -0.009600   0.002200   0.001000  -0.010400 
367   0.024600  -0.004200   0.003600   0.002600  -0.002800   0.007400  -0.003200   0.005800  -0.003600  -0.022600   0.007400   0.002000  -0.020400 
368   0.024200  -0.004000   0.001000   0.004200  -0.004000   0.005600  -0.017200   0.007400  -0.009600  -0.023400   0.013400   0.004000  -0.023600 
369   0.016200  -0.009400   0.013200  -0.000400  -0.006400   0.001800  -0.009800   0.000600  -0.012000  -0.022400   0.007200  -0.005600  -0.023000 
370   0.012600  -0.003400   0.019400  -0.001200  -0.000400   0.000400  -0.012000   0.007600  -0.013000  -0.025800   0.009400  -0.010400  -0.029400 
371   0.011600  -0.011000   0.011000  -0.006200  -0.001000   0.003000  -0.011400   0.008600  -0.014200  -0.020400   0.009400  -0.011000  -0.033400 
372   0.017200  -0.005200   0.016600  -0.004400   0.005000  -0.000400  -0.011400   0.015000  -0.011400  -0.026800   0.005200  -0.011200  -0.030600 
373   0.013800   0.001400   0.012600  -0.013600  -0.006200   0.000200  -0.013000   0.009400  -0.019400  -0.032200  -0.001200  -0.006200  -0.014200 
374   0.019400   0.000400   0.015200  -0.006000  -0.001400   0.010200  -0.006600   0.007200  -0.007800  -0.029000   0.002600  -0.007800  -0.013600 
375   0.014400  -0.002000   0.012200  -0.014000  -0.002600   0.004200  -0.000800   0.000400  -0.005800  -0.029600   0.006600  -0.013000  -0.007400 
376   0.013000  -0.002600   0.007800  -0.007000  -0.002200   0.005200  -0.001400   0.006400  -0.010400  -0.033600   0.001200  -0.014600  -0.005400 
377   0.005800  -0.003800  -0.001000  -0.014200   0.007800   0.002400   0.003200   0.006000  -0.008400  -0.029600  -0.006200  -0.014600  -0.005600 
378   0.013400  -0.008200   0.001400  -0.012000   0.009000   0.005600   0.001000   0.009800  -0.008000  -0.028000  -0.011000  -0.011200   0.000600 
379   0.010600  -0.001800  -0.000800  -0.008600   0.010200  -0.000800  -0.001800   0.010200  -0.005800  -0.029000  -0.001000  -0.015800   0.003400 
380   0.003400  -0.003400   0.000400  -0.014200   0.011600  -0.004600  -0.000800   0.006600  -0.001400  -0.034000   0.006000  -0.014400   0.008400 
381  -0.002800   0.001200  -0.002000  -0.015800   0.005400  -0.003000  -0.003800   0.004600  -0.012600  -0.033600   0.008600  -0.010600   0.006800 
382  -0.004000  -0.004800   0.002000  -0.011200   0.014000  -0.002400   0.003600  -0.004000  -0.006600  -0.029800   0.004200  -0.013200   0.004400 
383  -0.008200  -0.010400   0.004000  -0.006000   0.018400  -0.000400  -0.006000  -0.004600  -0.009000  -0.035000   0.014400  -0.010800  -0.002600 
384  -0.004600  -0.006600  -0.003800  -0.008000   0.014400  -0.006200  -0.011400  -0.008800  -0.006000  -0.027600   0.023000  -0.006000  -0.003400 
385  -0.010000  -0.004400   0.000800  -0.000400   0.008800  -0.002600  -0.010800   0.001600  -0.013800  -0.023600   0.022400  -0.012000   0.001000 
386  -0.006400  -0.011800  -0.004200   0.000600   0.011400   0.004400  -0.011400   0.003600   0.004000  -0.022600   0.014600  -0.021200  -0.001000 
387  -0.001800  -0.010800   0.005400   0.001800   0.020200   0.000200  -0.014600   0.002400  -0.007800  -0.020000   0.014000  -0.013400  -0.006800 
388  -0.008600  -0.015200   0.009600  -0.001600   0.012800  -0.006200  -0.022200  -0.005400  -0.012600  -0.021200   0.013400  -0.011800  -0.009600 
389  -0.005000  -0.007800   0.009400  -0.005000   0.002800  -0.003200  -0.015400  -0.003600  -0.006000  -0.018600   0.013400  -0.006000   0.002600 
390  -0.009800  -0.010600   0.024400  -0.001400   0.003200  -0.012400  -0.017800  -0.002600  -0.005400  -0.016400   0.020000  -0.010600  -0.002600 
391  -0.015000  -0.000200   0.018800  -0.002400  -0.007200  -0.012800  -0.024600  -0.004400  -0.012800  -0.018800   0.015000  -0.005800  -0.008200 
392  -0.018600  -0.001000   0.021200   0.003800  -0.004400  -0.003400  -0.013800  -0.003400  -0.010600  -0.012200   0.025000  -0.002400  -0.007800 
393  -0.008400  -0.001200   0.019400   0.005000  -0.009200  -0.007400  -0.013000   0.003800  -0.007600  -0.011200   0.018600  -0.005800  -0.019800 
394  -0.013800  -0.004800   0.026800   0.006600  -0.003400   0.000400  -0.014800  -0.000400  -0.023600  -0.020400   0.021400  -0.012800  -0.007600 
395  -0.016000  -0.004600   0.028000   0.003000  -0.006200  -0.006000  -0.017600  -0.005200  -0.022800  -0.008000   0.020600  -0.002400  -0.018600 
396  -0.005800  -0.008000   0.026200   0.002200  -0.000000  -0.019200  -0.012400  -0.005000  -0.017800  -0.011400   0.030200  -0.003000  -0.022000 
397  -0.004800  -0.003200   0.029800   0.003000  -0.005400  -0.012600  -0.007800  -0.001400  -0.026400  -0.016200   0.027200   0.002800  -0.018600 
398  -0.000200  -0.007200   0.026800   0.000200  -0.013600  -0.019800  -0.017000  -0.004400  -0.023200  -0.007000   0.030000   0.000800  -0.022400 
399   0.001400   0.000400   0.027400   0.001800  -0.011200  -0.021800  -0.001200   0.001400  -0.026800  -0.009600   0.024400  -0.004400  -0.023200 
400   0.002400  -0.010000   0.027800   0.003800  -0.013200  -0.020000  -0.003000   0.002800  -0.025400  -0.018800   0.024200  -0.002400  -0.031000 
401   0.004600  -0.002000   0.024200  -0.003800  -0.017200  -0.016400  -0.006800   0.001000  -0.023000  -0.015200   0.023000  -0.005600  -0.027000 
402   0.000200   0.000200   0.022800   0.001400  -0.009600  -0.033400  -0.012800   0.009400  -0.021600  -0.006200   0.015600   0.001200  -0.024800 
403   0.009000   0.002000   0.020200  -0.007800  -0.014000  -0.025200  -0.010200   0.009800  -0.015200  -0.010000   0.018600   0.005000  -0.011200 
404   0.010200  -0.007000   0.017400   0.004800  -0.011600  -0.031800  -0.011000   0.000800  -0.007000  -0.003600   0.023800   0.004000  -0.014600 
405   0.011400   0.003800   0.021600   0.006400  -0.015800  -0.021600  -0.009400   0.005600   0.000000  -0.007400   0.015600   0.007800  -0.007600 
406   0.015800   0.014400   0.017800   0.008600  -0.018600  -0.019600  -0.013200   0.004600   0.004800  -0.004600   0.023000   0.013600  -0.008000 
407   0.016200   0.016000   0.012200  -0.001600  -0.009000  -0.018400  -0.007800   0.007400   0.003000  -0.008200   0.017000   0.011000  -0.004200 
408   0.014400   0.010600   0.008400   0.003200  -0.011400  -0.011000  -0.009400  -0.002400   0.004800  -0.005800   0.022400   0.018600  -0.004200 
409   0.019600   0.020000   0.011200   0.005600   0.002600  -0.010000  -0.006600   0.004600   0.012800  -0.000800   0.025600   0.009200  -0.003800 
410   0.020400   0.012400   0.008200   0.006800   0.004600  -0.007800  -0.011000  -0.002400   0.017000  -0.002600   0.024200   0.013800  -0.002800 
411   0.023000   0.010800   0.001400   0.013600   0.012400   0.002200  -0.011600  -0.001400   0.022800  -0.002200   0.033400   0.017400  -0.003600 
412   0.019200   0.013600   0.002400   0.006800   0.003600   0.009400  -0.017400   0.011400   0.020400  -0.008200   0.026800   0.013400  -0.016600 
413   0.026200   0.010800   0.006800   0.007800   0.001600   0.000000  -0.017200  -0.004200   0.022400  -0.001200   0.025000   0.017600  -0.015800 
414   0.016400   0.005600   0.004600   0.011200   0.006200   0.002800  -0.010200  -0.004000   0.017800   0.006200   0.022800   0.012000  -0.024000 
415   0.019200   0.004000   0.005200   0.012800   0.009400   0.003600  -0.011600  -0.000600   0.014600   0.001800   0.016000   0.015400  -0.012400 
416   0.022000   0.008200   0.003800   0.020800   0.001200  -0.001600  -0.006200  -0.004200   0.017800   0.004600   0.016800   0.015400  -0.021400 
417   0.025200   0.004200   0.006000   0.012600  -0.001200  -0.003600  -0.009200  -0.005600   0.019600  -0.003600   0.013000   0.019200  -0.022800 
418   0.029800   0.000200   0.009000   0.019400   0.001800  -0.010800  -0.012800  -0.000800   0.020200  -0.000600   0.009200   0.018200  -0.018600 
419   0.020200  -0.000200   0.008600   0.018000   0.001200  -0.008600  -0.010800  -0.007600   0.018400  -0.008000   0.004600   0.011200  -0.024000 
420   0.022200  -0.004200   0.003200   0.021400  -0.007800  -0.015200   0.003600  -0.008200   0.013000  -0.006600  -0.002000   0.019400  -0.017000 
421   0.018000   0.001800   0.003800   0.022400  -0.006600  -0.013800  -0.005800  -0.004000   0.016000   0.004000  -0.006400   0.021800  -0.027800 
422   0.016200  -0.001600   0.005600   0.018400  -0.003600  -0.011800   0.001000  -0.011000   0.014000  -0.008800  -0.004400   0.024400  -0.021600 
423   0.009200  -0.002600  -0.005400   0.023800  -0.008000  -0.008600   0.001000  -0.011400   0.013400  -0.005200  -0.006800   0.032400  -0.023400 
424   0.006000   0.000800   0.006000   0.027200   0.004200  -0.007200  -0.004600  -0.005400   0.013400  -0.002600  -0.010200   0.032800  -0.020200 
425   0.014000  -0.005600   0.009600   0.035400   0.003200  -0.003600  -0.008200  -0.006600   0.013800  -0.009400   0.002600   0.032800  -0.015000 
426   0.004600  -0.010600   0.008400   0.038800   0.003200  -0.007800  -0.009400  -0.002600   0.009200  -0.004200   0.006400   0.030400  -0.017400 
427   0.007600  -0.017200   0.003200   0.038000   0.003800  -0.008600  -0.013200  -0.000200   0.006400  -0.006200   0.000800   0.030400  -0.018800 
428   0.012200  -0.012000  -0.001800   0.038400   0.003000  -0.010000  -0.012600  -0.005600   0.004800  -0.006400   0.004600   0.026800  -0.018400 
429   0.008800  -0.013000  -0.001000   0.038600   0.005600  -0.003400  -0.023800  -0.005800  -0.001400  -0.012400   0.004800   0.028000  -0.014200 
430   0.009600  -0.022400  -0.005200   0.033200  -0.000600   0.009600  -0.024200   0.005800   0.004800  -0.005800   0.008200   0.023400  -0.021400 
431   0.004400  -0.028000   0.003200   0.031200   0.003200   0.011000  -0.026200   0.000400  -0.006600  -0.002200   0.010600   0.016800  -0.019600 
432   0.009000  -0.024000   0.007600   0.027600   0.003000   0.009800  -0.019200   0.000600  -0.001400  -0.007400   0.003200   0.014400  -0.017400 
433   0.006800  -0.022600   0.004800   0.032600  -0.000000   0.016800  -0.029600   0.001600  -0.002600  -0.000600  -0.001800   0.016800  -0.011000 
434   0.007400  -0.029000   0.008200   0.026200   0.003800   0.015800  -0.028600  -0.002600  -0.000200  -0.008200   0.007600   0.008800  -0.016000 
435   0.006200  -0.023400   0.005800   0.008000   0.008200   0.022600  -0.026800  -0.003600  -0.006000  -0.009600   0.003000   0.007000  -0.016400 
436   0.009200  -0.020400   0.021800   0.013600   0.005600   0.017800  -0.037000  -0.007600  -0.004200   0.001200   0.004800   0.006800  -0.014600 
437   0.008000  -0.020200   0.010000   0.004400   0.008000   0.023200  -0.024600   0.003600  -0.004000  -0.002400   0.002600   0.006400  -0.009800 
438   0.014600  -0.020200   0.013400   0.006400   0.007400   0.021000  -0.025200  -0.005800   0.002800   0.000400   0.004400   0.001000  -0.007000 
439   0.006200  -0.018800   0.015400   0.001600   0.019600   0.028000  -0.023600   0.000200   0.000400   0.001600   0.007800   0.003800  -0.004800 
440   0.009800  -0.013800   0.014800  -0.001400   0.016800   0.027600  -0.028400   0.001000   0.002800   0.002200   0.008000  -0.004800  -0.002200 
441   0.006800  -0.005800   0.003200   0.004800   0.016400   0.017600  -0.022600   0.005200   0.001200   0.000400   0.001800  -0.010000   0.005000 
442   0.009200  -0.006800   0.003800   0.000800   0.016600   0.016200  -0.021600   0.002600   0.007600  -0.001800   0.001400   0.006200   0.011000 
443   0.004400  -0.004400   0.001600   0.002600   0.008800   0.015000  -0.008800  -0.001200  -0.003200  -0.000600  -0.000200   0.009600   0.007600 
444   0.014600   0.000200   0.009600  -0.006400   0.011400   0.021800  -0.010600   0.001600  -0.005800  -0.005400  -0.008800  -0.002000   0.006000 
445   0.013200  -0.004200   0.007000   0.008200   0.000400   0.023600  -0.011600   0.000800  -0.001800  -0.004200  -0.012200   0.004200   0.002600 
446   0.015400  -0.010800   0.003400   0.002200   0.007000   0.020400  -0.006200   0.002400  -0.001400  -0.008600  -0.013400   0.003000   0.005800 
447   0.011400  -0.015200   0.017400  -0.000600   0.002800   0.025400  -0.000600   0.005000  -0.010000  -0.011400  -0.016600   0.004000   0.002600 
448   0.010200  -0.005400   0.007600   0.010000  -0.000600   0.015200   0.004000   0.013600  -0.017200  -0.011800  -0.013000  -0.003000  -0.001400 
449   0.011800  -0.014000   0.005400   0.003200   0.000600   0.015800   0.007200   0.008200  -0.016000  -0.016400  -0.013600  -0.002600  -0.003000 
450   0.014200  -0.010600   0.008200   0.003800   0.003400   0.021800   0.009400   0.005000  -0.003600  -0.015000  -0.020000   0.013400  -0.007000 
451   0.013600  -0.013400   0.014000   0.015800  -0.002800   0.005800   0.008800   0.004800  -0.007800  -0.011200  -0.014400  -0.001400  -0.005800 
452   0.013600  -0.015600   0.011600   0.009200  -0.007400   0.014000   0.012800   0.007200  -0.017000  -0.014400  -0.012400  -0.005200  -0.008200 
453   0.004000  -0.015400   0.012600   0.007000  -0.002600  -0.000600   0.015000   0.013600  -0.013600  -0.011800  -0.002600  -0.008400  -0.006000 
454   0.005600  -0.025000   0.012400   0.017400  -0.008200  -0.000400   0.019400   0.004400  -0.022800  -0.025800  -0.004000  -0.004400  -0.008000 
455   0.006400  -0.026400   0.008800   0.011800  -0.013600  -0.004200   0.010800   0.000800  -0.028400  -0.023400  -0.001600  -0.012000  -0.014200 
456   0.006200  -0.030400   0.006800   0.017600  -0.017000  -0.005000   0.007400   0.007400  -0.022200  -0.032000  -0.005000  -0.008800  -0.019600 
457   0.007600  -0.034600  -0.007200   0.010000  -0.020600  -0.003400   0.013200   0.010000  -0.021800  -0.023600  -0.002600  -0.011200  -0.021800 
458   0.011800  -0.026000  -0.005800   0.010800  -0.017600  -0.012200   0.016600   0.003200  -0.019600  -0.032400  -0.001400  -0.009800  -0.019400 
459   0.004400  -0.025000   0.007000  -0.000000  -0.008200  -0.007200   0.021000   0.005800  -0.008200  -0.026000  -0.001400  -0.020600  -0.024000 
460   0.004400  -0.022200   0.012000   0.003200  -0.011000  -0.006000   0.014400   0.010400  -0.004800  -0.026200   0.003800  -0.016800  -0.019400 
461  -0.001000  -0.021800   0.004600   0.003200  -0.011000   0.001000   0.010200   0.004600  -0.006200  -0.027000  -0.003400  -0.014600  -0.022200 
462  -0.001400  -0.023400   0.002400  -0.007000  -0.001000   0.007400   0.010000   0.012400  -0.012200  -0.034600  -0.010200  -0.011400  -0.019000 
463  -0.015400  -0.019400   0.013800  -0.009000   0.001600   0.011800   0.016600   0.007400  -0.001600  -0.037400  -0.006600  -0.018200  -0.022400 
464  -0.014200  -0.025200   0.012600  -0.003600  -0.011000   0.010600   0.017400  -0.001000  -0.003200  -0.033000  -0.014200  -0.013600  -0.015800 
465  -0.026800  -0.026600   0.012400  -0.006000  -0.008000   0.011600   0.010800   0.000800  -0.000400  -0.024400  -0.014600  -0.011400  -0.017200 
466  -0.025400  -0.016600   0.019200  -0.001800  -0.015400   0.010200   0.007000   0.003400  -0.001200  -0.026800  -0.017600  -0.012600  -0.019600 
467  -0.025200  -0.016200   0.021400  -0.004600  -0.010400   0.001200   0.013600  -0.005800  -0.001400  -0.031000  -0.009800  -0.012200  -0.025200 
468  -0.022000  -0.010400   0.019200  -0.010800  -0.004800   0.007800   0.007600  -0.004800  -0.009200  -0.024200  -0.014000  -0.008200  -0.025800 
469  -0.020200  -0.018200   0.021000   0.001000  -0.001000   0.008400   0.012800  -0.003800  -0.008200  -0.020000  -0.011000  -0.008000  -0.016200 
470  -0.021200  -0.015600   0.023200  -0.012400  -0.001000   0.012800   0.004400   0.000400  -0.007000  -0.018800  -0.014600  -0.010800  -0.027800 
471  -0.017400  -0.008400   0.025000  -0.009400  -0.001600   0.011800   0.002800   0.003000  -0.007200  -0.024200  -0.017200  -0.014000  -0.021000 
472  -0.019000  -0.010200   0.028600  -0.012000  -0.001800   0.011400   0.006800   0.009200  -0.008000  -0.027000  -0.013000  -0.011400  -0.019400 
473  -0.018600  -0.005400   0.028800  -0.007800   0.005200   0.010000   0.002600   0.008800  -0.001400  -0.027200  -0.015200  -0.017200  -0.022600 
474  -0.017600  -0.011800   0.033000   0.001800   0.002000   0.011600  -0.003800   0.003600  -0.000600  -0.022600  -0.015200  -0.009200  -0.026000 
475  -0.014000  -0.004600   0.031200   0.000200  -0.004800   0.014600   0.005200   0.006800   0.002000  -0.021400  -0.009400  -0.006800  -0.018200 
476  -0.013200  -0.008000   0.034800  -0.010800  -0.008000   0.019200  -0.003000   0.012200   0.006400  -0.013000  -0.016600  -0.008600  -0.011200 
477  -0.014800  -0.005600   0.034600  -0.003800  -0.008800   0.016200  -0.003800   0.014000   0.006600  -0.019000  -0.014000  -0.004200  -0.020400 
478  -0.017800  -0.011400   0.034400  -0.002400  -0.007000   0.008600  -0.017000   0.018200   0.009000  -0.027000  -0.026000   0.003600  -0.015800 
479  -0.016600  -0.011000   0.032200  -0.001200  -0.015000   0.013800  -0.014600   0.012000  -0.003400  -0.018600  -0.023000  -0.014000  -0.017200 
480  -0.023400  -0.010400   0.035800  -0.006800  -0.010800   0.012000  -0.009200   0.013800   0.003800  -0.025600  -0.014600  -0.000200  -0.026400 
481  -0.012000  -0.013400   0.034600  -0.002600  -0.006600   0.010800  -0.016200   0.015400   0.001400  -0.031000  -0.021600   0.003800  -0.020400 
482  -0.011200  -0.016000   0.031200  -0.009000  -0.013600   0.008000  -0.015200   0.018200  -0.000800  -0.019000  -0.020600  -0.000200  -0.024800 
483  -0.009200  -0.019200   0.031600  -0.014600  -0.019800   0.011000  -0.019000   0.016200  -0.006400  -0.014600  -0.015800   0.008200  -0.025000 
484  -0.006400  -0.021400   0.030200  -0.005000  -0.022400   0.010400  -0.013200   0.007800  -0.009200  -0.014200  -0.023200   0.009200  -0.035200 
485  -0.001200  -0.023400   0.033400  -0.008200  -0.020200   0.012000  -0.009800   0.007000  -0.007600  -0.019600  -0.021200   0.004000  -0.033600 
486   0.003400  -0.018200   0.031200  -0.002000  -0.014200   0.002400  -0.010000   0.006000  -0.003400  -0.014200  -0.020400   0.008600  -0.026800 
487   0.000800  -0.016000   0.028400  -0.012000  -0.015000   0.001800  -0.005600   0.011400  -0.002600  -0.021000  -0.021600   0.009000  -0.022800 
488   0.006000  -0.022400   0.024200  -0.015000  -0.019000   0.005000  -0.008200   0.010400  -0.008000  -0.015800  -0.015600   0.007600  -0.021400 
489   0.000800  -0.013800   0.017400  -0.009400  -0.019200   0.000800  -0.011800  -0.004400  -0.011600  -0.023200  -0.018400   0.013600  -0.027800 
490   0.005000  -0.013600   0.016400   0.001800  -0.015400  -0.000200  -0.005400  -0.001600  -0.005400  -0.017000  -0.008400   0.013000  -0.019400 
491  -0.005600  -0.009200   0.013200   0.000400  -0.012800  -0.006000  -0.002200  -0.004200   0.000200  -0.015200  -0.009800   0.012200  -0.026400 
492  -0.003000  -0.008200   0.016800  -0.002200  -0.015200  -0.003400  -0.005800  -0.007800  -0.007000  -0.010400  -0.018200   0.013600  -0.014800 
493  -0.008000   0.000800   0.015200   0.002600  -0.004800  -0.001800   0.006200   0.002000  -0.009200  -0.005200  -0.016400   0.018200  -0.025600 
494  -0.016200   0.007000   0.016200   0.008400  -0.009800  -0.000400   0.000600  -0.004200  -0.018000  -0.011400  -0.011000   0.018600  -0.024000 
495  -0.004600   0.006400   0.016800   0.013000  -0.007800  -0.004800  -0.002400   0.003800  -0.011600  -0.006200  -0.012200   0.015000  -0.016200 
496  -0.010200   0.012000   0.010600   0.012600  -0.016400  -0.000800  -0.000200  -0.003600  -0.019000  -0.008800  -0.017000   0.010600  -0.014000 
497  -0.016400   0.011600   0.013000   0.013200  -0.008200  -0.004600  -0.000600   0.002800  -0.014400  -0.005200  -0.016200   0.002000  -0.013600 
498  -0.003200   0.003200   0.018600   0.006800  -0.009800  -0.001200  -0.000200   0.006400  -0.018200  -0.001200  -0.010600  -0.003200  -0.010600 
499  -0.008600   0.018400   0.017200   0.012800  -0.013000   0.001400  -0.006800   0.004800  -0.011600   0.008400  -0.014600  -0.000800  -0.003200 
