0   0.164424
1   0.164022
2   0.163810
3   0.163580
4   0.163292
5   0.163004
6   0.162740
7   0.162480
8   0.162314
9   0.162134
10   0.162206
11   0.162236
12   0.162100
13   0.161962
14   0.161788
15   0.161330
16   0.160786
17   0.160338
18   0.159938
19   0.159408
20   0.158742
21   0.157972
22   0.157266
23   0.156568
24   0.156042
25   0.155632
26   0.155154
27   0.155078
28   0.154962
29   0.154650
30   0.154156
31   0.153694
32   0.153396
33   0.153028
34   0.152424
35   0.152060
36   0.151358
37   0.150700
38   0.150012
39   0.149130
40   0.148572
41   0.147790
42   0.146852
43   0.145954
44   0.144934
45   0.144014
46   0.142992
47   0.142018
48   0.140930
49   0.139834
50   0.138852
51   0.137868
52   0.136890
53   0.135808
54   0.135026
55   0.134174
56   0.133386
57   0.132514
58   0.131516
59   0.130742
60   0.130094
61   0.129478
62   0.128814
63   0.128108
64   0.127338
65   0.126548
66   0.125824
67   0.125024
68   0.124282
69   0.123440
70   0.122722
71   0.121974
72   0.121224
73   0.120378
74   0.119424
75   0.118474
76   0.117342
77   0.116302
78   0.115212
79   0.114190
80   0.113146
81   0.112022
82   0.110768
83   0.109678
84   0.108730
85   0.107648
86   0.106742
87   0.105572
88   0.104618
89   0.103474
90   0.102268
91   0.100650
92   0.099036
93   0.097302
94   0.095548
95   0.093754
96   0.092048
97   0.090636
98   0.088896
99   0.087054
100   0.085410
101   0.083814
102   0.082220
103   0.080600
104   0.079324
105   0.077894
106   0.076382
107   0.074774
108   0.073062
109   0.071508
110   0.069834
111   0.068248
112   0.066838
113   0.065306
114   0.063802
115   0.062254
116   0.060826
117   0.059360
118   0.058090
119   0.056998
120   0.056004
121   0.055068
122   0.054072
123   0.053116
124   0.052142
125   0.051096
126   0.050126
127   0.049082
128   0.048138
129   0.047172
130   0.046408
131   0.045642
132   0.045182
133   0.044422
134   0.043954
135   0.043668
136   0.043206
137   0.042806
138   0.042438
139   0.042030
140   0.041704
141   0.041206
142   0.040786
143   0.040108
144   0.039386
145   0.038522
146   0.037918
147   0.037116
148   0.036414
149   0.035548
150   0.034668
151   0.033788
152   0.032994
153   0.032192
154   0.031138
155   0.030226
156   0.029360
157   0.028488
158   0.027978
159   0.027624
160   0.027376
161   0.027194
162   0.026830
163   0.026368
164   0.025726
165   0.025078
166   0.024638
167   0.024022
168   0.023378
169   0.022698
170   0.022108
171   0.021542
172   0.020816
173   0.020264
174   0.019748
175   0.019264
176   0.018674
177   0.018162
178   0.017716
179   0.017260
180   0.016704
181   0.016162
182   0.015520
183   0.014870
184   0.014206
185   0.013178
186   0.012130
187   0.011094
188   0.010370
189   0.009586
190   0.008790
191   0.008230
192   0.007536
193   0.007198
194   0.006758
195   0.006576
196   0.006318
197   0.006330
198   0.006438
199   0.006526
200   0.006646
201   0.006862
202   0.007084
203   0.007386
204   0.007458
205   0.007432
206   0.007332
207   0.007216
208   0.007060
209   0.006694
210   0.006332
211   0.005986
212   0.005528
213   0.005176
214   0.004946
215   0.004778
216   0.004566
217   0.004388
218   0.004148
219   0.003900
220   0.003800
221   0.003674
222   0.003316
223   0.003156
224   0.002986
225   0.002898
226   0.002944
227   0.002842
228   0.002796
229   0.002662
230   0.002682
231   0.002860
232   0.002910
233   0.002966
234   0.002974
235   0.003040
236   0.003246
237   0.003346
238   0.003368
239   0.003282
240   0.003228
241   0.003264
242   0.003440
243   0.003708
244   0.003812
245   0.003894
246   0.004000
247   0.004026
248   0.003802
249   0.003870
250   0.003804
251   0.004036
252   0.004286
253   0.004306
254   0.004282
255   0.004288
256   0.004368
257   0.004410
258   0.004464
259   0.004646
260   0.004852
261   0.005164
262   0.005376
263   0.005644
264   0.005944
265   0.006278
266   0.006760
267   0.007098
268   0.007522
269   0.007448
270   0.007562
271   0.007504
272   0.007586
273   0.007630
274   0.007588
275   0.007656
276   0.007622
277   0.007580
278   0.007642
279   0.007638
280   0.007778
281   0.008034
282   0.008226
283   0.008510
284   0.008564
285   0.008494
286   0.008506
287   0.008488
288   0.008474
289   0.008748
290   0.009164
291   0.009732
292   0.010166
293   0.010796
294   0.011334
295   0.011890
296   0.012338
297   0.012996
298   0.013672
299   0.014176
300   0.014570
301   0.015284
302   0.016102
303   0.016766
304   0.017302
305   0.017800
306   0.018486
307   0.018988
308   0.019432
309   0.020048
310   0.020658
311   0.021150
312   0.021566
313   0.022204
314   0.022988
315   0.023608
316   0.024178
317   0.024654
318   0.025368
319   0.025876
320   0.026784
321   0.027614
322   0.028444
323   0.029502
324   0.030678
325   0.031744
326   0.032790
327   0.034100
328   0.035320
329   0.036526
330   0.038024
331   0.039610
332   0.041192
333   0.042790
334   0.044610
335   0.046294
336   0.047856
337   0.049506
338   0.051200
339   0.052868
340   0.054434
341   0.056038
342   0.057760
343   0.059568
344   0.061632
345   0.063656
346   0.065770
347   0.067838
348   0.069972
349   0.072194
350   0.074472
351   0.076640
352   0.079104
353   0.081670
354   0.084246
355   0.086716
356   0.089262
357   0.091876
358   0.094316
359   0.096500
360   0.098684
361   0.100696
362   0.102728
363   0.104748
364   0.106722
365   0.108472
366   0.110140
367   0.111602
368   0.113372
369   0.115014
370   0.117084
371   0.118758
372   0.120386
373   0.121940
374   0.123424
375   0.124732
376   0.125814
377   0.126980
378   0.128026
379   0.129108
380   0.130120
381   0.131074
382   0.132040
383   0.133032
384   0.134172
385   0.135482
386   0.136646
387   0.137702
388   0.138760
389   0.139888
390   0.140896
391   0.142048
392   0.143252
393   0.144522
394   0.145580
395   0.146834
396   0.148122
397   0.149466
398   0.150766
399   0.152086
400   0.153280
401   0.154322
402   0.155512
403   0.156658
404   0.157888
405   0.159230
406   0.160534
407   0.161670
408   0.162700
409   0.163668
410   0.164654
411   0.165798
412   0.166954
413   0.168240
414   0.169620
415   0.171166
416   0.172834
417   0.174370
418   0.175960
419   0.177464
420   0.178754
421   0.179896
422   0.180934
423   0.182170
424   0.183438
425   0.184524
426   0.185772
427   0.186742
428   0.187716
429   0.188778
430   0.189752
431   0.190676
432   0.191536
433   0.192364
434   0.193198
435   0.193974
436   0.194620
437   0.195338
438   0.196026
439   0.196716
440   0.197410
441   0.197992
442   0.198666
443   0.199344
444   0.200106
445   0.200696
446   0.201374
447   0.202132
448   0.202858
449   0.203692
450   0.204564
451   0.205246
452   0.205792
453   0.206386
454   0.207046
455   0.207924
456   0.208868
457   0.209738
458   0.210814
459   0.211828
460   0.212638
461   0.213570
462   0.214442
463   0.215330
464   0.216308
465   0.217112
466   0.217972
467   0.218842
468   0.219800
469   0.220612
470   0.221444
471   0.222222
472   0.222952
473   0.223714
474   0.224402
475   0.224982
476   0.225472
477   0.225894
478   0.226390
479   0.226814
480   0.227336
481   0.227778
482   0.228278
483   0.228630
484   0.228982
485   0.229326
486   0.229764
487   0.230078
488   0.230400
489   0.230642
490   0.230838
491   0.231054
492   0.231172
493   0.231264
494   0.231414
495   0.231496
496   0.231596
497   0.231536
498   0.231456
499   0.231420
500   0.231402
-499   0.231364
-498   0.231246
-497   0.231050
-496   0.230828
-495   0.230694
-494   0.230528
-493   0.230376
-492   0.230212
-491   0.230134
-490   0.230148
-489   0.230138
-488   0.230218
-487   0.230254
-486   0.230368
-485   0.230270
-484   0.230234
-483   0.230270
-482   0.230280
-481   0.230330
-480   0.230328
-479   0.230264
-478   0.230204
-477   0.230146
-476   0.230096
-475   0.230034
-474   0.230038
-473   0.230054
-472   0.229974
-471   0.229848
-470   0.229806
-469   0.229750
-468   0.229716
-467   0.229706
-466   0.229718
-465   0.229652
-464   0.229550
-463   0.229512
-462   0.229470
-461   0.229372
-460   0.229228
-459   0.229012
-458   0.228814
-457   0.228608
-456   0.228428
-455   0.228170
-454   0.227926
-453   0.227726
-452   0.227508
-451   0.227188
-450   0.226820
-449   0.226510
-448   0.226194
-447   0.225896
-446   0.225540
-445   0.225208
-444   0.224924
-443   0.224616
-442   0.224338
-441   0.224042
-440   0.223788
-439   0.223414
-438   0.223120
-437   0.222860
-436   0.222498
-435   0.222238
-434   0.221958
-433   0.221760
-432   0.221600
-431   0.221424
-430   0.221210
-429   0.220978
-428   0.220850
-427   0.220682
-426   0.220522
-425   0.220330
-424   0.220176
-423   0.220072
-422   0.220046
-421   0.219922
-420   0.219824
-419   0.219678
-418   0.219592
-417   0.219246
-416   0.218934
-415   0.218596
-414   0.218180
-413   0.217800
-412   0.217406
-411   0.217086
-410   0.216822
-409   0.216480
-408   0.216006
-407   0.215550
-406   0.215098
-405   0.214552
-404   0.213780
-403   0.213046
-402   0.212176
-401   0.211324
-400   0.210588
-399   0.209830
-398   0.209196
-397   0.208628
-396   0.208078
-395   0.207446
-394   0.206882
-393   0.206288
-392   0.205688
-391   0.204940
-390   0.204234
-389   0.203364
-388   0.202476
-387   0.201568
-386   0.200632
-385   0.199588
-384   0.198584
-383   0.197708
-382   0.196844
-381   0.195912
-380   0.194840
-379   0.193776
-378   0.192570
-377   0.191368
-376   0.190066
-375   0.188608
-374   0.187210
-373   0.185816
-372   0.184390
-371   0.182940
-370   0.181516
-369   0.180026
-368   0.178748
-367   0.177432
-366   0.176158
-365   0.174978
-364   0.173744
-363   0.172528
-362   0.171538
-361   0.170602
-360   0.169648
-359   0.168712
-358   0.167716
-357   0.166736
-356   0.165650
-355   0.164476
-354   0.163238
-353   0.162144
-352   0.161030
-351   0.159974
-350   0.159028
-349   0.158186
-348   0.157378
-347   0.156550
-346   0.155704
-345   0.154880
-344   0.154128
-343   0.153370
-342   0.152564
-341   0.151796
-340   0.151026
-339   0.150370
-338   0.149624
-337   0.148808
-336   0.148072
-335   0.147224
-334   0.146398
-333   0.145678
-332   0.144932
-331   0.144052
-330   0.143342
-329   0.142556
-328   0.141928
-327   0.141370
-326   0.140828
-325   0.140172
-324   0.139572
-323   0.138932
-322   0.138514
-321   0.138112
-320   0.137714
-319   0.137382
-318   0.136908
-317   0.136512
-316   0.135972
-315   0.135568
-314   0.135196
-313   0.134718
-312   0.134196
-311   0.133760
-310   0.133334
-309   0.132866
-308   0.132434
-307   0.132292
-306   0.132064
-305   0.132028
-304   0.131990
-303   0.132046
-302   0.132154
-301   0.132116
-300   0.132076
-299   0.132044
-298   0.131972
-297   0.131936
-296   0.131858
-295   0.131786
-294   0.131754
-293   0.131758
-292   0.131744
-291   0.131852
-290   0.131874
-289   0.131928
-288   0.131980
-287   0.132010
-286   0.132134
-285   0.132368
-284   0.132676
-283   0.133196
-282   0.133684
-281   0.134244
-280   0.134906
-279   0.135570
-278   0.136066
-277   0.136590
-276   0.137068
-275   0.137622
-274   0.138292
-273   0.139000
-272   0.139726
-271   0.140394
-270   0.141118
-269   0.141894
-268   0.142594
-267   0.143314
-266   0.143940
-265   0.144474
-264   0.144930
-263   0.145488
-262   0.145854
-261   0.146246
-260   0.146668
-259   0.146862
-258   0.146936
-257   0.147024
-256   0.146980
-255   0.146890
-254   0.146770
-253   0.146616
-252   0.146548
-251   0.146562
-250   0.146456
-249   0.146458
-248   0.146304
-247   0.146306
-246   0.146316
-245   0.146296
-244   0.146296
-243   0.146314
-242   0.146346
-241   0.146372
-240   0.146416
-239   0.146520
-238   0.146436
-237   0.146474
-236   0.146572
-235   0.146738
-234   0.146832
-233   0.146792
-232   0.146798
-231   0.146694
-230   0.146658
-229   0.146658
-228   0.146684
-227   0.146612
-226   0.146602
-225   0.146454
-224   0.146378
-223   0.146320
-222   0.146282
-221   0.146492
-220   0.146884
-219   0.147164
-218   0.147508
-217   0.147942
-216   0.148574
-215   0.149250
-214   0.149832
-213   0.150408
-212   0.151062
-211   0.151688
-210   0.152284
-209   0.152910
-208   0.153394
-207   0.154000
-206   0.154588
-205   0.155238
-204   0.155924
-203   0.156638
-202   0.157298
-201   0.157814
-200   0.158262
-199   0.158660
-198   0.158940
-197   0.159176
-196   0.159376
-195   0.159636
-194   0.160046
-193   0.160430
-192   0.160746
-191   0.160968
-190   0.161030
-189   0.161060
-188   0.161204
-187   0.161270
-186   0.161280
-185   0.161358
-184   0.161426
-183   0.161632
-182   0.161842
-181   0.162186
-180   0.162412
-179   0.162526
-178   0.162706
-177   0.162944
-176   0.163122
-175   0.163342
-174   0.163380
-173   0.163396
-172   0.163362
-171   0.163306
-170   0.163426
-169   0.163332
-168   0.163384
-167   0.163574
-166   0.163828
-165   0.163892
-164   0.164044
-163   0.164234
-162   0.164516
-161   0.164908
-160   0.165346
-159   0.165712
-158   0.166016
-157   0.166394
-156   0.166472
-155   0.166484
-154   0.166542
-153   0.166564
-152   0.166400
-151   0.166260
-150   0.166002
-149   0.165610
-148   0.165244
-147   0.165012
-146   0.164708
-145   0.164414
-144   0.164322
-143   0.164182
-142   0.163918
-141   0.163872
-140   0.163822
-139   0.163770
-138   0.163598
-137   0.163644
-136   0.163732
-135   0.163970
-134   0.164214
-133   0.164400
-132   0.164404
-131   0.164272
-130   0.164176
-129   0.164252
-128   0.164288
-127   0.164470
-126   0.164710
-125   0.164930
-124   0.165104
-123   0.165138
-122   0.165320
-121   0.165608
-120   0.165792
-119   0.166182
-118   0.166836
-117   0.167128
-116   0.167460
-115   0.167882
-114   0.168406
-113   0.168970
-112   0.169552
-111   0.170070
-110   0.170712
-109   0.171188
-108   0.171518
-107   0.171906
-106   0.172318
-105   0.172702
-104   0.173090
-103   0.173540
-102   0.174038
-101   0.174400
-100   0.174658
-99   0.174996
-98   0.175356
-97   0.175722
-96   0.176128
-95   0.176478
-94   0.176702
-93   0.176970
-92   0.177158
-91   0.177508
-90   0.177778
-89   0.178162
-88   0.178520
-87   0.178832
-86   0.179118
-85   0.179552
-84   0.179902
-83   0.180264
-82   0.180636
-81   0.180860
-80   0.181194
-79   0.181704
-78   0.182246
-77   0.182656
-76   0.182998
-75   0.183382
-74   0.183752
-73   0.184042
-72   0.184206
-71   0.184396
-70   0.184504
-69   0.184624
-68   0.184618
-67   0.184808
-66   0.184826
-65   0.184768
-64   0.184856
-63   0.184898
-62   0.185132
-61   0.185366
-60   0.185498
-59   0.185818
-58   0.186086
-57   0.186246
-56   0.186422
-55   0.186694
-54   0.186684
-53   0.186602
-52   0.186666
-51   0.186580
-50   0.186436
-49   0.186426
-48   0.186346
-47   0.186266
-46   0.186124
-45   0.186074
-44   0.185816
-43   0.185516
-42   0.185132
-41   0.184616
-40   0.184294
-39   0.183844
-38   0.183340
-37   0.182732
-36   0.182422
-35   0.182142
-34   0.181944
-33   0.181530
-32   0.181290
-31   0.181108
-30   0.180754
-29   0.180538
-28   0.180044
-27   0.179564
-26   0.178978
-25   0.178378
-24   0.177748
-23   0.176960
-22   0.176300
-21   0.175580
-20   0.174892
-19   0.174328
-18   0.173890
-17   0.173448
-16   0.172928
-15   0.172424
-14   0.172006
-13   0.171514
-12   0.170844
-11   0.170048
-10   0.169272
-9   0.168656
-8   0.167980
-7   0.167308
-6   0.166752
-5   0.166176
-4   0.165640
-3   0.165368
-2   0.165092
-1   0.164708
