r MCS_10 MCS_20 MCS_40 MCS_80 MCS_160 MCS_320 MCS_640 MCS_1280 MCS_2560 MCS_5120 MCS_10240 MCS_20480 MCS_40960 
0   1.000000   1.000000   1.000000   1.000000   1.000000   1.000000   1.000000   1.000000   1.000000   1.000000   1.000000   1.000000   1.000000 
1   0.994400   0.992400   0.994000   0.993400   0.993600   0.994600   0.995400   0.993000   0.992600   0.993600   0.994600   0.996000   0.999000 
2   0.992400   0.991000   0.992200   0.991800   0.991800   0.992800   0.992600   0.991400   0.991000   0.991600   0.992400   0.994200   0.998000 
3   0.989400   0.988200   0.989000   0.989000   0.989000   0.989600   0.990000   0.989000   0.988800   0.989800   0.990000   0.993000   0.997000 
4   0.986000   0.985200   0.986000   0.986000   0.985800   0.986800   0.986800   0.985600   0.985800   0.986600   0.986800   0.991400   0.996000 
5   0.982600   0.982200   0.982600   0.982600   0.982200   0.983400   0.983600   0.982800   0.982800   0.983200   0.983600   0.989400   0.995000 
6   0.979200   0.979000   0.979200   0.979200   0.979000   0.980400   0.980400   0.979600   0.979600   0.980600   0.980400   0.987600   0.994000 
7   0.975800   0.975800   0.975800   0.975800   0.975600   0.977200   0.977200   0.976600   0.976600   0.977400   0.977200   0.985600   0.993000 
8   0.972600   0.972400   0.972400   0.972400   0.972200   0.974000   0.974000   0.973400   0.973400   0.974200   0.974000   0.983600   0.992000 
9   0.969200   0.969000   0.969000   0.969000   0.968800   0.970800   0.970800   0.970200   0.970200   0.971000   0.970800   0.981600   0.991000 
10   0.965800   0.965600   0.965600   0.965600   0.965400   0.967800   0.967600   0.967000   0.967000   0.967800   0.967600   0.979600   0.990000 
11   0.962400   0.962200   0.962200   0.962200   0.962000   0.964400   0.964400   0.963800   0.963800   0.964600   0.964400   0.977600   0.989000 
12   0.959000   0.958800   0.958800   0.958800   0.958600   0.961400   0.961200   0.960600   0.960600   0.961400   0.961200   0.975600   0.988000 
13   0.955600   0.955400   0.955400   0.955400   0.955200   0.958200   0.958000   0.957400   0.957400   0.958200   0.958000   0.973600   0.987000 
14   0.952200   0.952000   0.952000   0.952000   0.951800   0.955000   0.954800   0.954200   0.954200   0.955000   0.954800   0.971600   0.986000 
15   0.948800   0.948600   0.948600   0.948600   0.948400   0.951800   0.951600   0.951000   0.951000   0.951800   0.951600   0.969600   0.985000 
16   0.945400   0.945200   0.945200   0.945200   0.945000   0.948600   0.948400   0.947800   0.947800   0.948600   0.948400   0.967600   0.984000 
17   0.942000   0.941800   0.941800   0.941800   0.941600   0.945400   0.945200   0.944600   0.944600   0.945400   0.945200   0.965600   0.983000 
18   0.938600   0.938400   0.938400   0.938400   0.938200   0.942200   0.942000   0.941400   0.941400   0.942200   0.942000   0.963600   0.982000 
19   0.935200   0.935000   0.935000   0.935000   0.934800   0.939000   0.938800   0.938200   0.938200   0.939000   0.938800   0.961600   0.981000 
20   0.931800   0.931600   0.931600   0.931600   0.931400   0.935800   0.935600   0.935000   0.935000   0.935800   0.935600   0.959600   0.980000 
21   0.928400   0.928200   0.928200   0.928200   0.928000   0.932600   0.932400   0.931800   0.931800   0.932600   0.932400   0.957600   0.979000 
22   0.925000   0.924800   0.924800   0.924800   0.924600   0.929400   0.929200   0.928600   0.928600   0.929400   0.929200   0.955600   0.978000 
23   0.921600   0.921400   0.921400   0.921400   0.921200   0.926200   0.926000   0.925400   0.925400   0.926200   0.926000   0.953600   0.977000 
24   0.918200   0.918000   0.918000   0.918000   0.917800   0.923000   0.922800   0.922200   0.922200   0.923000   0.922800   0.951600   0.976000 
25   0.914800   0.914600   0.914600   0.914600   0.914400   0.919800   0.919600   0.919000   0.919000   0.919800   0.919600   0.949600   0.975000 
26   0.911400   0.911200   0.911200   0.911200   0.911000   0.916600   0.916400   0.915800   0.915800   0.916600   0.916400   0.947600   0.974000 
27   0.908000   0.907800   0.907800   0.907800   0.907600   0.913400   0.913200   0.912600   0.912600   0.913400   0.913200   0.945600   0.973000 
28   0.904600   0.904400   0.904400   0.904400   0.904200   0.910200   0.910000   0.909400   0.909400   0.910200   0.910000   0.943600   0.972000 
29   0.901200   0.901000   0.901000   0.901000   0.900800   0.907000   0.906800   0.906200   0.906200   0.907000   0.906800   0.941600   0.971000 
30   0.897800   0.897600   0.897600   0.897600   0.897400   0.903800   0.903600   0.903000   0.903000   0.903800   0.903600   0.939600   0.970000 
31   0.894400   0.894200   0.894200   0.894200   0.894000   0.900600   0.900400   0.899800   0.899800   0.900600   0.900400   0.937600   0.969000 
32   0.891000   0.890800   0.890800   0.890800   0.890600   0.897400   0.897200   0.896600   0.896600   0.897400   0.897200   0.935600   0.968000 
33   0.887600   0.887400   0.887400   0.887400   0.887200   0.894200   0.894000   0.893400   0.893400   0.894200   0.894000   0.933600   0.967000 
34   0.884200   0.884000   0.884000   0.884000   0.883800   0.891000   0.890800   0.890200   0.890200   0.891000   0.890800   0.931600   0.966000 
35   0.880800   0.880600   0.880600   0.880600   0.880400   0.887800   0.887600   0.887000   0.887000   0.887800   0.887600   0.929600   0.965000 
36   0.877400   0.877200   0.877200   0.877200   0.877000   0.884600   0.884400   0.883800   0.883800   0.884600   0.884400   0.927600   0.964000 
37   0.874000   0.873800   0.873800   0.873800   0.873600   0.881400   0.881200   0.880600   0.880600   0.881400   0.881200   0.925600   0.963000 
38   0.870600   0.870400   0.870400   0.870400   0.870200   0.878200   0.878000   0.877400   0.877400   0.878200   0.878000   0.923600   0.962000 
39   0.867200   0.867000   0.867000   0.867000   0.866800   0.875000   0.874800   0.874200   0.874200   0.875000   0.874800   0.921600   0.961000 
40   0.863800   0.863600   0.863600   0.863800   0.863400   0.871800   0.871600   0.871000   0.871000   0.871800   0.871600   0.919600   0.960000 
41   0.860400   0.860200   0.860200   0.860200   0.860000   0.868600   0.868400   0.867800   0.867800   0.868600   0.868400   0.917600   0.959000 
42   0.857000   0.857000   0.856800   0.857000   0.856600   0.865400   0.865200   0.864800   0.864600   0.865400   0.865200   0.915600   0.958000 
43   0.853600   0.853600   0.853400   0.853800   0.853200   0.862200   0.862000   0.861400   0.861400   0.862200   0.862000   0.913600   0.957000 
44   0.850200   0.850200   0.850000   0.850400   0.849800   0.859000   0.858800   0.858400   0.858200   0.859000   0.858800   0.911600   0.956000 
45   0.846800   0.846800   0.846600   0.847200   0.846400   0.855800   0.855600   0.855200   0.855000   0.855800   0.855600   0.909600   0.955000 
46   0.843400   0.843400   0.843200   0.844000   0.843000   0.852600   0.852400   0.852200   0.851800   0.852600   0.852400   0.907600   0.954000 
47   0.840200   0.840000   0.839800   0.840800   0.839600   0.849400   0.849200   0.849000   0.848600   0.849400   0.849200   0.905600   0.953000 
48   0.837000   0.836800   0.836400   0.837600   0.836200   0.846200   0.846000   0.845800   0.845400   0.846200   0.846000   0.903600   0.952000 
49   0.833600   0.833400   0.833000   0.834400   0.832800   0.843000   0.842800   0.842600   0.842200   0.843000   0.842800   0.901600   0.951000 
50   0.830400   0.830200   0.829800   0.831200   0.829600   0.839800   0.839600   0.839600   0.839000   0.839800   0.839600   0.899600   0.950000 
51   0.827200   0.827000   0.826400   0.828000   0.826200   0.836600   0.836400   0.836400   0.835800   0.836600   0.836400   0.897600   0.949000 
52   0.824000   0.823800   0.823200   0.824800   0.823000   0.833400   0.833200   0.833200   0.832600   0.833400   0.833200   0.895600   0.948000 
53   0.820800   0.820600   0.820000   0.821600   0.820000   0.830200   0.830000   0.830000   0.829400   0.830200   0.830000   0.893600   0.947000 
54   0.817600   0.817400   0.816800   0.818400   0.816800   0.827000   0.826800   0.826800   0.826400   0.827000   0.826800   0.891600   0.946000 
55   0.814400   0.814200   0.813600   0.815200   0.813600   0.823800   0.823600   0.823600   0.823200   0.823800   0.823600   0.889600   0.945000 
56   0.811200   0.811000   0.810600   0.812000   0.810400   0.820600   0.820400   0.820400   0.820000   0.820600   0.820400   0.887600   0.944000 
57   0.808000   0.807800   0.807400   0.808800   0.807200   0.817400   0.817200   0.817200   0.816800   0.817400   0.817200   0.885600   0.943000 
58   0.804800   0.804600   0.804200   0.805600   0.804000   0.814200   0.814000   0.814000   0.813600   0.814200   0.814200   0.883600   0.942000 
59   0.801600   0.801400   0.801000   0.802400   0.800800   0.811000   0.810800   0.810800   0.810400   0.811000   0.811200   0.881600   0.941000 
60   0.798400   0.798200   0.797800   0.799200   0.797600   0.807800   0.807600   0.807600   0.807200   0.807800   0.808200   0.879600   0.940000 
61   0.795200   0.795000   0.794600   0.796000   0.794400   0.804600   0.804400   0.804400   0.804000   0.804600   0.805200   0.877600   0.939000 
62   0.792000   0.791800   0.791400   0.792800   0.791200   0.801400   0.801200   0.801200   0.800800   0.801400   0.802200   0.875600   0.938000 
63   0.788800   0.788600   0.788200   0.789600   0.788000   0.798200   0.798000   0.798000   0.797600   0.798200   0.799200   0.873600   0.937000 
64   0.785600   0.785400   0.785000   0.786400   0.784800   0.795000   0.794800   0.794800   0.794400   0.795000   0.796200   0.871600   0.936000 
65   0.782400   0.782200   0.781800   0.783200   0.781600   0.791800   0.791600   0.791600   0.791200   0.791800   0.793200   0.869600   0.935000 
66   0.779200   0.779000   0.778600   0.780000   0.778400   0.788600   0.788400   0.788400   0.788000   0.788600   0.790200   0.867600   0.934000 
67   0.776000   0.775800   0.775400   0.776800   0.775200   0.785400   0.785200   0.785200   0.784800   0.785400   0.787200   0.865600   0.933000 
68   0.772800   0.772600   0.772200   0.773600   0.772000   0.782200   0.782000   0.782000   0.781600   0.782200   0.784200   0.863600   0.932000 
69   0.769600   0.769400   0.769000   0.770400   0.768800   0.779000   0.778800   0.778800   0.778400   0.779000   0.781200   0.861600   0.931000 
70   0.766400   0.766200   0.765800   0.767200   0.765600   0.775800   0.775600   0.775600   0.775200   0.775800   0.778200   0.859600   0.930000 
71   0.763200   0.763000   0.762600   0.764000   0.762400   0.772600   0.772400   0.772400   0.772000   0.772600   0.775200   0.857600   0.929000 
72   0.760000   0.759800   0.759400   0.760800   0.759200   0.769400   0.769200   0.769200   0.768800   0.769400   0.772200   0.855600   0.928000 
73   0.756800   0.756600   0.756200   0.757600   0.756000   0.766200   0.766000   0.766000   0.765600   0.766200   0.769200   0.853600   0.927000 
74   0.753600   0.753400   0.753000   0.754400   0.752800   0.763000   0.762800   0.762800   0.762400   0.763000   0.766200   0.851600   0.926000 
75   0.750400   0.750200   0.749800   0.751200   0.749600   0.759800   0.759600   0.759600   0.759200   0.759800   0.763200   0.849600   0.925000 
76   0.747200   0.747000   0.746600   0.748000   0.746400   0.756600   0.756400   0.756400   0.756000   0.756600   0.760200   0.847600   0.924000 
77   0.744000   0.743800   0.743400   0.744800   0.743200   0.753400   0.753200   0.753200   0.752800   0.753400   0.757200   0.845600   0.923000 
78   0.740800   0.740600   0.740200   0.741600   0.740000   0.750200   0.750000   0.750000   0.749600   0.750200   0.754200   0.843600   0.922000 
79   0.737600   0.737400   0.737000   0.738400   0.736800   0.747000   0.746800   0.746800   0.746600   0.747000   0.751200   0.841600   0.921000 
80   0.734400   0.734200   0.733800   0.735200   0.733600   0.743800   0.743600   0.743600   0.743400   0.743800   0.748200   0.839800   0.920000 
81   0.731200   0.731000   0.730600   0.732000   0.730400   0.740600   0.740400   0.740400   0.740200   0.740600   0.745200   0.838000   0.919000 
82   0.728000   0.727800   0.727400   0.728800   0.727200   0.737400   0.737200   0.737200   0.737000   0.737400   0.742200   0.836200   0.918000 
83   0.724800   0.724600   0.724200   0.725600   0.724000   0.734200   0.734000   0.734000   0.733800   0.734200   0.739200   0.834400   0.917000 
84   0.721600   0.721400   0.721000   0.722400   0.720800   0.731000   0.730800   0.730800   0.730600   0.731000   0.736200   0.832600   0.916000 
85   0.718400   0.718200   0.717800   0.719200   0.717600   0.727800   0.727600   0.727600   0.727400   0.727800   0.733200   0.830800   0.915000 
86   0.715200   0.715000   0.714600   0.716000   0.714400   0.724600   0.724400   0.724400   0.724200   0.724600   0.730200   0.829000   0.914000 
87   0.712000   0.711800   0.711400   0.712800   0.711200   0.721400   0.721200   0.721200   0.721000   0.721400   0.727200   0.827200   0.913000 
88   0.708800   0.708600   0.708200   0.709600   0.708000   0.718200   0.718000   0.718000   0.717800   0.718200   0.724200   0.825400   0.912000 
89   0.705600   0.705400   0.705000   0.706400   0.705000   0.715000   0.714800   0.714800   0.714600   0.715000   0.721200   0.823600   0.911000 
90   0.702400   0.702200   0.701800   0.703200   0.701800   0.711800   0.711600   0.711600   0.711400   0.711800   0.718200   0.821800   0.910000 
91   0.699200   0.699000   0.698600   0.700000   0.698600   0.708600   0.708400   0.708400   0.708200   0.708600   0.715200   0.820000   0.909000 
92   0.696000   0.695800   0.695400   0.696800   0.695400   0.705400   0.705200   0.705200   0.705000   0.705400   0.712400   0.818200   0.908000 
93   0.692800   0.692600   0.692200   0.693600   0.692200   0.702200   0.702000   0.702000   0.701800   0.702200   0.709600   0.816400   0.907000 
94   0.689600   0.689400   0.689000   0.690400   0.689000   0.699000   0.698800   0.698800   0.698600   0.699000   0.706800   0.814600   0.906000 
95   0.686400   0.686200   0.685800   0.687200   0.685800   0.695800   0.695600   0.695600   0.695400   0.695800   0.704000   0.812800   0.905000 
96   0.683200   0.683000   0.682600   0.684000   0.682800   0.692600   0.692400   0.692400   0.692200   0.692600   0.701200   0.811000   0.904000 
97   0.680000   0.679800   0.679400   0.680800   0.679800   0.689400   0.689200   0.689200   0.689000   0.689400   0.698400   0.809200   0.903000 
98   0.676800   0.676600   0.676200   0.677600   0.676800   0.686200   0.686000   0.686000   0.685800   0.686200   0.695600   0.807400   0.902000 
99   0.673600   0.673400   0.673000   0.674400   0.673800   0.683000   0.682800   0.682800   0.682600   0.683000   0.692800   0.805600   0.901000 
100   0.670400   0.670200   0.669800   0.671200   0.670800   0.679800   0.679600   0.679600   0.679400   0.679800   0.690000   0.803800   0.900000 
101   0.667400   0.667000   0.666600   0.668000   0.667800   0.676600   0.676400   0.676400   0.676200   0.676600   0.687200   0.802000   0.899000 
102   0.664200   0.663800   0.663600   0.664800   0.664800   0.673400   0.673200   0.673200   0.673000   0.673400   0.684400   0.800200   0.898000 
103   0.661200   0.660600   0.660400   0.661600   0.661800   0.670200   0.670000   0.670000   0.669800   0.670200   0.681600   0.798400   0.897000 
104   0.658200   0.657600   0.657200   0.658400   0.658800   0.667000   0.666800   0.666800   0.666600   0.667000   0.678800   0.796600   0.896000 
105   0.655200   0.654600   0.654000   0.655400   0.655800   0.663800   0.663600   0.663600   0.663400   0.663800   0.676000   0.794800   0.895000 
106   0.652200   0.651600   0.650800   0.652400   0.652800   0.660600   0.660400   0.660400   0.660200   0.660600   0.673200   0.793000   0.894000 
107   0.649200   0.648600   0.647600   0.649400   0.649800   0.657400   0.657200   0.657200   0.657000   0.657400   0.670400   0.791200   0.893000 
108   0.646200   0.645600   0.644600   0.646400   0.646800   0.654400   0.654000   0.654000   0.653800   0.654200   0.667600   0.789400   0.892000 
109   0.643200   0.642600   0.641400   0.643400   0.643800   0.651200   0.650800   0.650800   0.650600   0.651000   0.664800   0.787600   0.891000 
110   0.640200   0.639600   0.638400   0.640400   0.640800   0.648000   0.647600   0.647600   0.647600   0.647800   0.662000   0.785800   0.890000 
111   0.637200   0.636600   0.635400   0.637400   0.637800   0.644800   0.644400   0.644400   0.644200   0.644600   0.659200   0.784000   0.889000 
112   0.634200   0.633600   0.632400   0.634400   0.634800   0.641600   0.641200   0.641200   0.641200   0.641400   0.656400   0.782200   0.888000 
113   0.631200   0.630600   0.629400   0.631400   0.631800   0.638400   0.638000   0.638000   0.638000   0.638200   0.653600   0.780400   0.887000 
114   0.628200   0.627600   0.626400   0.628400   0.629000   0.635200   0.634800   0.634800   0.634800   0.635000   0.650800   0.778600   0.886000 
115   0.625200   0.624600   0.623400   0.625400   0.626000   0.632000   0.631800   0.631600   0.631600   0.631800   0.648000   0.776800   0.885000 
116   0.622200   0.621600   0.620400   0.622400   0.623000   0.628800   0.628600   0.628400   0.628400   0.628600   0.645200   0.775000   0.884000 
117   0.619200   0.618600   0.617400   0.619400   0.620000   0.625600   0.625400   0.625200   0.625200   0.625400   0.642400   0.773200   0.883000 
118   0.616200   0.615600   0.614400   0.616400   0.617000   0.622400   0.622400   0.622000   0.622000   0.622200   0.639600   0.771400   0.882000 
119   0.613200   0.612600   0.611400   0.613400   0.614000   0.619200   0.619400   0.619000   0.618800   0.619000   0.636800   0.769600   0.881000 
120   0.610200   0.609600   0.608400   0.610400   0.611000   0.616000   0.616400   0.615600   0.615600   0.615800   0.634000   0.767800   0.880000 
121   0.607200   0.606600   0.605400   0.607400   0.608000   0.613000   0.613400   0.612600   0.612400   0.612600   0.631200   0.766000   0.879000 
122   0.604200   0.603600   0.602400   0.604400   0.605000   0.610000   0.610400   0.609400   0.609200   0.609400   0.628400   0.764200   0.878000 
123   0.601200   0.600600   0.599400   0.601400   0.602000   0.607000   0.607400   0.606000   0.606000   0.606200   0.625600   0.762400   0.877000 
124   0.598200   0.597600   0.596400   0.598400   0.599000   0.604000   0.604400   0.603000   0.602800   0.603000   0.622800   0.760600   0.876000 
125   0.595200   0.594600   0.593400   0.595400   0.596000   0.601000   0.601400   0.599800   0.599600   0.599800   0.620000   0.759000   0.875000 
126   0.592200   0.591600   0.590400   0.592400   0.593000   0.598000   0.598400   0.596600   0.596400   0.596600   0.617200   0.757400   0.874000 
127   0.589200   0.588600   0.587400   0.589400   0.590000   0.595000   0.595400   0.593400   0.593200   0.593400   0.614400   0.755800   0.873000 
128   0.586200   0.585600   0.584400   0.586400   0.587000   0.592000   0.592400   0.590200   0.590000   0.590200   0.611600   0.754200   0.872000 
129   0.583200   0.582600   0.581400   0.583400   0.584000   0.589000   0.589400   0.587000   0.586800   0.587000   0.608800   0.752600   0.871000 
130   0.580200   0.579600   0.578400   0.580400   0.581000   0.586000   0.586400   0.583800   0.583600   0.583800   0.606000   0.750800   0.870000 
131   0.577200   0.576600   0.575400   0.577400   0.578000   0.583000   0.583400   0.580600   0.580400   0.580600   0.603200   0.749200   0.869000 
132   0.574200   0.573600   0.572400   0.574400   0.575000   0.580000   0.580400   0.577400   0.577200   0.577400   0.600400   0.747600   0.868000 
133   0.571200   0.570600   0.569400   0.571400   0.572000   0.577000   0.577400   0.574200   0.574000   0.574200   0.597600   0.746000   0.867000 
134   0.568200   0.567600   0.566400   0.568400   0.569000   0.574000   0.574400   0.571000   0.570800   0.571000   0.594800   0.744400   0.866000 
135   0.565200   0.564600   0.563400   0.565400   0.566000   0.571000   0.571400   0.567800   0.567600   0.567800   0.592000   0.742800   0.865000 
136   0.562200   0.561600   0.560400   0.562400   0.563000   0.568000   0.568400   0.564600   0.564400   0.564600   0.589400   0.741200   0.864000 
137   0.559200   0.558600   0.557400   0.559400   0.560000   0.565000   0.565400   0.561400   0.561200   0.561400   0.586800   0.739600   0.863000 
138   0.556200   0.555600   0.554400   0.556400   0.557000   0.562000   0.562400   0.558200   0.558000   0.558200   0.584200   0.738000   0.862000 
139   0.553200   0.552600   0.551400   0.553400   0.554000   0.559000   0.559400   0.555000   0.554800   0.555000   0.581600   0.736400   0.861000 
140   0.550200   0.549600   0.548400   0.550400   0.551000   0.556000   0.556400   0.551800   0.551600   0.551800   0.579000   0.734800   0.860000 
141   0.547200   0.546600   0.545400   0.547400   0.548000   0.553000   0.553400   0.548600   0.548400   0.548600   0.576400   0.733200   0.859000 
142   0.544200   0.543600   0.542400   0.544400   0.545000   0.550000   0.550400   0.545400   0.545200   0.545400   0.573800   0.731600   0.858000 
143   0.541200   0.540600   0.539400   0.541400   0.542000   0.547000   0.547400   0.542200   0.542000   0.542200   0.571200   0.730000   0.857000 
144   0.538200   0.537600   0.536400   0.538400   0.539000   0.544000   0.544400   0.539000   0.538800   0.539000   0.568600   0.728400   0.856000 
145   0.535200   0.534600   0.533400   0.535400   0.536000   0.541000   0.541400   0.535800   0.535600   0.535800   0.566000   0.726800   0.855200 
146   0.532200   0.531600   0.530400   0.532400   0.533000   0.538000   0.538400   0.532600   0.532400   0.532600   0.563400   0.725200   0.854400 
147   0.529200   0.528600   0.527400   0.529400   0.530000   0.535000   0.535400   0.529400   0.529200   0.529400   0.560800   0.723600   0.853600 
148   0.526200   0.525600   0.524400   0.526400   0.527000   0.532000   0.532400   0.526200   0.526000   0.526200   0.558200   0.722000   0.852800 
149   0.523200   0.522600   0.521400   0.523400   0.524000   0.529000   0.529400   0.523000   0.522800   0.523000   0.555600   0.720400   0.852000 
150   0.520200   0.519600   0.518400   0.520400   0.521000   0.526000   0.526400   0.519800   0.519600   0.519800   0.553000   0.718800   0.851200 
151   0.517200   0.516600   0.515400   0.517400   0.518000   0.523000   0.523400   0.516800   0.516400   0.516600   0.550400   0.717200   0.850400 
152   0.514200   0.513600   0.512400   0.514400   0.515000   0.520000   0.520400   0.513600   0.513200   0.513400   0.547800   0.715600   0.849600 
153   0.511200   0.510600   0.509400   0.511400   0.512000   0.517000   0.517400   0.510400   0.510000   0.510200   0.545200   0.714000   0.848800 
154   0.508200   0.507600   0.506400   0.508400   0.509000   0.514000   0.514400   0.507200   0.506800   0.507000   0.542600   0.712400   0.848000 
155   0.505200   0.504600   0.503400   0.505400   0.506000   0.511000   0.511400   0.504000   0.503600   0.503800   0.540000   0.710800   0.847200 
156   0.502200   0.501600   0.500400   0.502400   0.503000   0.508000   0.508400   0.500800   0.500400   0.500600   0.537400   0.709200   0.846400 
157   0.499200   0.498600   0.497400   0.499400   0.500000   0.505000   0.505400   0.497600   0.497200   0.497400   0.534800   0.707600   0.845600 
158   0.496200   0.495600   0.494400   0.496400   0.497000   0.502000   0.502400   0.494400   0.494000   0.494200   0.532200   0.706000   0.844800 
159   0.493200   0.492600   0.491400   0.493400   0.494000   0.499000   0.499400   0.491200   0.490800   0.491000   0.529600   0.704400   0.844000 
160   0.490200   0.489600   0.488400   0.490400   0.491000   0.496000   0.496400   0.488000   0.487600   0.487800   0.527000   0.702800   0.843200 
161   0.487200   0.486600   0.485400   0.487400   0.488000   0.493000   0.493400   0.484800   0.484400   0.484600   0.524400   0.701200   0.842400 
162   0.484400   0.483600   0.482400   0.484400   0.485000   0.490000   0.490400   0.481600   0.481200   0.481400   0.521800   0.699600   0.841600 
163   0.481400   0.480600   0.479400   0.481400   0.482000   0.487000   0.487400   0.478400   0.478200   0.478200   0.519200   0.698000   0.840800 
164   0.478400   0.477600   0.476400   0.478400   0.479000   0.484000   0.484400   0.475200   0.475200   0.475000   0.516600   0.696400   0.840200 
165   0.475400   0.474600   0.473400   0.475400   0.476000   0.481000   0.481400   0.472000   0.472000   0.471800   0.514000   0.694800   0.839600 
166   0.472400   0.471600   0.470400   0.472400   0.473000   0.478000   0.478400   0.468800   0.469000   0.468600   0.511400   0.693200   0.839000 
167   0.469400   0.468600   0.467400   0.469400   0.470000   0.475000   0.475400   0.465600   0.465800   0.465400   0.509000   0.691600   0.838400 
168   0.466400   0.465600   0.464400   0.466400   0.467000   0.472000   0.472400   0.462600   0.462800   0.462200   0.506600   0.690000   0.837800 
169   0.463400   0.462600   0.461400   0.463400   0.464000   0.469000   0.469400   0.459600   0.459800   0.459000   0.504200   0.688400   0.837200 
170   0.460400   0.459600   0.458400   0.460400   0.461000   0.466000   0.466400   0.456600   0.456800   0.455800   0.501800   0.686800   0.836600 
171   0.457400   0.456600   0.455400   0.457400   0.458000   0.463000   0.463400   0.453600   0.453800   0.452600   0.499400   0.685200   0.836000 
172   0.454400   0.453600   0.452400   0.454400   0.455000   0.460000   0.460400   0.450600   0.450800   0.449400   0.497200   0.683600   0.835400 
173   0.451400   0.450600   0.449400   0.451400   0.452000   0.457000   0.457400   0.447600   0.447800   0.446200   0.494800   0.682000   0.834800 
174   0.448400   0.447600   0.446400   0.448400   0.449000   0.454000   0.454400   0.444600   0.444800   0.443000   0.492400   0.680400   0.834200 
175   0.445400   0.444600   0.443400   0.445400   0.446000   0.451000   0.451400   0.441600   0.441800   0.439800   0.490200   0.678800   0.833600 
176   0.442400   0.441600   0.440400   0.442400   0.443000   0.448000   0.448400   0.438600   0.438800   0.436600   0.488000   0.677200   0.833000 
177   0.439400   0.438600   0.437400   0.439400   0.440000   0.445000   0.445400   0.435600   0.435800   0.433400   0.485800   0.675600   0.832400 
178   0.436400   0.435600   0.434400   0.436400   0.437000   0.442000   0.442400   0.432600   0.432800   0.430200   0.483600   0.674000   0.831800 
179   0.433400   0.432600   0.431400   0.433400   0.434000   0.439000   0.439400   0.429600   0.429800   0.427000   0.481400   0.672400   0.831200 
180   0.430400   0.429600   0.428400   0.430400   0.431000   0.436000   0.436400   0.426600   0.426800   0.423800   0.479200   0.670800   0.830600 
181   0.427400   0.426600   0.425400   0.427400   0.428000   0.433000   0.433400   0.423600   0.423800   0.420600   0.477000   0.669200   0.830000 
182   0.424400   0.423600   0.422400   0.424400   0.425000   0.430000   0.430400   0.420600   0.420800   0.417400   0.474800   0.667600   0.829400 
183   0.421400   0.420600   0.419400   0.421400   0.422000   0.427000   0.427400   0.417600   0.417800   0.414200   0.472600   0.666000   0.828800 
184   0.418400   0.417600   0.416400   0.418400   0.419000   0.424000   0.424400   0.414600   0.414800   0.411200   0.470400   0.664400   0.828200 
185   0.415400   0.414600   0.413400   0.415400   0.416000   0.421000   0.421400   0.411800   0.412000   0.408000   0.468200   0.662800   0.827600 
186   0.412400   0.411600   0.410400   0.412400   0.413000   0.418000   0.418400   0.409000   0.409000   0.404800   0.466000   0.661200   0.827000 
187   0.409400   0.408600   0.407400   0.409400   0.410000   0.415000   0.415400   0.406200   0.406000   0.401800   0.463800   0.659600   0.826400 
188   0.406400   0.405600   0.404400   0.406400   0.407000   0.412000   0.412400   0.403400   0.403000   0.398800   0.461600   0.658000   0.825800 
189   0.403400   0.402600   0.401400   0.403400   0.404000   0.409000   0.409400   0.400600   0.400000   0.395800   0.459400   0.656400   0.825200 
190   0.400400   0.399600   0.398400   0.400400   0.401000   0.406000   0.406400   0.397800   0.397000   0.392800   0.457200   0.654800   0.824600 
191   0.397400   0.396600   0.395400   0.397400   0.398000   0.403000   0.403400   0.394800   0.394000   0.389800   0.455000   0.653200   0.824000 
192   0.394400   0.393600   0.392400   0.394400   0.395000   0.400000   0.400400   0.392000   0.391000   0.386800   0.453000   0.651600   0.823400 
193   0.391400   0.390600   0.389400   0.391400   0.392000   0.397000   0.397400   0.389200   0.388000   0.383800   0.450800   0.650000   0.822800 
194   0.388400   0.387600   0.386400   0.388400   0.389000   0.394000   0.394400   0.386400   0.385000   0.380800   0.448600   0.648400   0.822200 
195   0.385400   0.384600   0.383400   0.385400   0.386000   0.391000   0.391400   0.383600   0.382000   0.377800   0.446400   0.646800   0.821600 
196   0.382400   0.381600   0.380400   0.382400   0.383000   0.388000   0.388400   0.380800   0.379000   0.374800   0.444200   0.645200   0.821000 
197   0.379400   0.378600   0.377400   0.379400   0.380000   0.385000   0.385400   0.378000   0.376000   0.371800   0.442000   0.643600   0.820400 
198   0.376400   0.375600   0.374400   0.376400   0.377000   0.382000   0.382400   0.375200   0.373000   0.368800   0.439800   0.642000   0.819800 
199   0.373400   0.372600   0.371400   0.373400   0.374000   0.379000   0.379400   0.372400   0.370000   0.365800   0.437600   0.640400   0.819200 
200   0.370400   0.369600   0.368400   0.370400   0.371000   0.376000   0.376400   0.369600   0.367000   0.362800   0.435400   0.638800   0.818600 
201   0.367400   0.366600   0.365400   0.367400   0.368000   0.373000   0.373400   0.366800   0.364000   0.359800   0.433200   0.637200   0.818000 
202   0.364400   0.363600   0.362400   0.364400   0.365000   0.370000   0.370400   0.364000   0.361000   0.356800   0.431000   0.635600   0.817400 
203   0.361400   0.360600   0.359400   0.361400   0.362000   0.367000   0.367400   0.361200   0.358000   0.353800   0.428800   0.634000   0.816800 
204   0.358400   0.357600   0.356400   0.358400   0.359000   0.364000   0.364400   0.358400   0.355000   0.350800   0.426600   0.632400   0.816200 
205   0.355400   0.354600   0.353400   0.355400   0.356000   0.361000   0.361400   0.355600   0.352000   0.347800   0.424400   0.630800   0.815600 
206   0.352400   0.351600   0.350400   0.352400   0.353000   0.358000   0.358400   0.352800   0.349000   0.345000   0.422200   0.629200   0.815000 
207   0.349400   0.348600   0.347400   0.349400   0.350000   0.355000   0.355400   0.350000   0.346000   0.342200   0.420000   0.627600   0.814400 
208   0.346400   0.345600   0.344400   0.346400   0.347000   0.352000   0.352400   0.347200   0.343000   0.339400   0.417800   0.626000   0.813800 
209   0.343400   0.342600   0.341400   0.343400   0.344000   0.349000   0.349400   0.344400   0.340000   0.336600   0.415600   0.624400   0.813200 
210   0.340400   0.339600   0.338400   0.340400   0.341000   0.346000   0.346400   0.341600   0.337000   0.333800   0.413400   0.622800   0.812800 
211   0.337400   0.336600   0.335400   0.337400   0.338000   0.343000   0.343400   0.338800   0.334000   0.330800   0.411200   0.621200   0.812400 
212   0.334400   0.333600   0.332400   0.334400   0.335000   0.340000   0.340400   0.336000   0.331000   0.328000   0.409000   0.619600   0.812000 
213   0.331400   0.330600   0.329400   0.331400   0.332000   0.337000   0.337400   0.333200   0.328000   0.325200   0.406800   0.618000   0.811600 
214   0.328400   0.327600   0.326400   0.328400   0.329000   0.334000   0.334400   0.330400   0.325000   0.322400   0.404600   0.616600   0.811200 
215   0.325400   0.324600   0.323400   0.325400   0.326000   0.331000   0.331400   0.327600   0.322000   0.319600   0.402400   0.615200   0.810800 
216   0.322400   0.321600   0.320400   0.322400   0.323000   0.328000   0.328400   0.324800   0.319000   0.316800   0.400200   0.613800   0.810400 
217   0.319400   0.318600   0.317400   0.319400   0.320000   0.325000   0.325400   0.322000   0.316000   0.314000   0.398000   0.612400   0.810000 
218   0.316400   0.315600   0.314400   0.316400   0.317000   0.322000   0.322400   0.319200   0.313000   0.311200   0.395800   0.611000   0.809600 
219   0.313400   0.312600   0.311400   0.313400   0.314000   0.319000   0.319400   0.316400   0.310000   0.308400   0.393600   0.609600   0.809200 
220   0.310400   0.309600   0.308400   0.310400   0.311000   0.316000   0.316400   0.313600   0.307000   0.305600   0.391400   0.608200   0.808800 
221   0.307400   0.306600   0.305400   0.307400   0.308000   0.313000   0.313400   0.310800   0.304000   0.302800   0.389200   0.606800   0.808400 
222   0.304400   0.303600   0.302400   0.304400   0.305000   0.310000   0.310400   0.308000   0.301000   0.300000   0.387000   0.605400   0.808000 
223   0.301400   0.300600   0.299400   0.301400   0.302000   0.307000   0.307400   0.305200   0.298000   0.297200   0.384800   0.604000   0.807600 
224   0.298400   0.297600   0.296400   0.298400   0.299000   0.304000   0.304400   0.302400   0.295000   0.294400   0.382600   0.602600   0.807200 
225   0.295400   0.294600   0.293400   0.295400   0.296000   0.301000   0.301400   0.299600   0.292000   0.291800   0.380400   0.601200   0.806800 
226   0.292400   0.291600   0.290400   0.292400   0.293000   0.298000   0.298400   0.296800   0.289000   0.289000   0.378200   0.599800   0.806400 
227   0.289400   0.288600   0.287400   0.289400   0.290000   0.295000   0.295400   0.294000   0.286000   0.286400   0.376000   0.598400   0.806000 
228   0.286400   0.285600   0.284400   0.286400   0.287000   0.292000   0.292400   0.291200   0.283000   0.283800   0.373800   0.597000   0.805600 
229   0.283400   0.282600   0.281400   0.283400   0.284000   0.289000   0.289400   0.288400   0.280000   0.281200   0.371600   0.595600   0.805200 
230   0.280400   0.279600   0.278400   0.280400   0.281000   0.286000   0.286400   0.285600   0.277000   0.278600   0.369400   0.594200   0.804800 
231   0.277400   0.276600   0.275400   0.277400   0.278000   0.283000   0.283400   0.282800   0.274000   0.276000   0.367200   0.592800   0.804400 
232   0.274400   0.273600   0.272400   0.274400   0.275000   0.280000   0.280400   0.280000   0.271000   0.273400   0.365000   0.591400   0.804000 
233   0.271400   0.270600   0.269400   0.271400   0.272000   0.277000   0.277400   0.277200   0.268000   0.270800   0.362800   0.590000   0.803600 
234   0.268400   0.267600   0.266400   0.268400   0.269000   0.274000   0.274400   0.274400   0.265000   0.268200   0.360600   0.588600   0.803200 
235   0.265400   0.264600   0.263400   0.265400   0.266200   0.271000   0.271400   0.271600   0.262000   0.265600   0.358400   0.587200   0.802800 
236   0.262400   0.261600   0.260400   0.262400   0.263000   0.268000   0.268400   0.268800   0.259000   0.263000   0.356200   0.585800   0.802400 
237   0.259400   0.258600   0.257400   0.259400   0.260200   0.265000   0.265400   0.266000   0.256000   0.260400   0.354000   0.584400   0.802000 
238   0.256400   0.255600   0.254400   0.256400   0.257200   0.262000   0.262400   0.263200   0.252800   0.257800   0.351800   0.583000   0.801600 
239   0.253400   0.252600   0.251400   0.253400   0.254200   0.259000   0.259400   0.260400   0.250000   0.255200   0.349600   0.581600   0.801200 
240   0.250400   0.249600   0.248400   0.250400   0.251200   0.256000   0.256400   0.257600   0.247000   0.252600   0.347400   0.580200   0.800800 
241   0.247400   0.246600   0.245400   0.247400   0.248200   0.253000   0.253400   0.254800   0.244000   0.250000   0.345200   0.578800   0.800400 
242   0.244400   0.243600   0.242400   0.244400   0.245200   0.250000   0.250400   0.252000   0.241000   0.247400   0.343000   0.577400   0.800000 
243   0.241400   0.240600   0.239400   0.241600   0.242200   0.247000   0.247400   0.249200   0.238000   0.244800   0.340800   0.576000   0.799600 
244   0.238400   0.237600   0.236600   0.238600   0.239200   0.244000   0.244400   0.246400   0.235000   0.242200   0.338800   0.574600   0.799200 
245   0.235400   0.234600   0.233600   0.235600   0.236200   0.241000   0.241400   0.243600   0.232000   0.239600   0.336600   0.573200   0.798800 
246   0.232400   0.231600   0.230600   0.232600   0.233200   0.238000   0.238400   0.240800   0.229000   0.237000   0.334400   0.571800   0.798400 
247   0.229400   0.228600   0.227600   0.229600   0.230200   0.235000   0.235400   0.238000   0.226200   0.234400   0.332400   0.570400   0.798000 
248   0.226400   0.225600   0.224600   0.226600   0.227200   0.232000   0.232400   0.235200   0.223400   0.231800   0.330400   0.569000   0.797600 
249   0.223400   0.222600   0.221600   0.223600   0.224200   0.229000   0.229600   0.232400   0.220600   0.229200   0.328400   0.567600   0.797200 
250   0.220400   0.219600   0.218600   0.220600   0.221200   0.226000   0.226800   0.229600   0.217800   0.226600   0.326400   0.566200   0.796800 
251   0.217400   0.216600   0.215600   0.217600   0.218200   0.223000   0.224000   0.226800   0.215000   0.224000   0.324400   0.564800   0.796400 
252   0.214400   0.213600   0.212600   0.214600   0.215200   0.220000   0.221200   0.224000   0.212200   0.221400   0.322400   0.563400   0.796000 
253   0.211400   0.210600   0.209600   0.211600   0.212200   0.217000   0.218400   0.221200   0.209400   0.218800   0.320600   0.562000   0.795600 
254   0.208400   0.207600   0.206600   0.208600   0.209200   0.214000   0.215600   0.218400   0.206600   0.216200   0.318800   0.560600   0.795200 
255   0.205400   0.204600   0.203600   0.205600   0.206200   0.211200   0.212800   0.215600   0.203800   0.213600   0.317000   0.559200   0.794800 
256   0.202400   0.201600   0.200600   0.202600   0.203200   0.208400   0.210000   0.212800   0.201000   0.211000   0.315200   0.557800   0.794400 
257   0.199400   0.198600   0.197600   0.199600   0.200200   0.205600   0.207200   0.210000   0.198200   0.208400   0.313400   0.556400   0.794000 
258   0.196400   0.195600   0.194600   0.196600   0.197200   0.202800   0.204400   0.207200   0.195400   0.205800   0.311600   0.555000   0.793600 
259   0.193400   0.192600   0.191600   0.193600   0.194200   0.200000   0.201600   0.204400   0.192600   0.203200   0.309800   0.553600   0.793200 
260   0.190400   0.189600   0.188600   0.190600   0.191200   0.197200   0.198800   0.201600   0.189800   0.200600   0.308000   0.552200   0.792800 
261   0.187400   0.186600   0.185600   0.187600   0.188400   0.194400   0.196000   0.198800   0.187000   0.198000   0.306200   0.550800   0.792400 
262   0.184400   0.183600   0.182600   0.184600   0.185600   0.191600   0.193200   0.196000   0.184200   0.195400   0.304400   0.549400   0.792000 
263   0.181400   0.180600   0.179600   0.181600   0.182800   0.188800   0.190400   0.193200   0.181400   0.192800   0.302600   0.548000   0.791600 
264   0.178400   0.177600   0.176600   0.178800   0.180000   0.186000   0.187600   0.190400   0.178600   0.190200   0.300800   0.546600   0.791200 
265   0.175400   0.174600   0.173600   0.176000   0.177200   0.183200   0.184800   0.187600   0.175800   0.187600   0.299000   0.545200   0.790800 
266   0.172400   0.171600   0.170600   0.173000   0.174400   0.180400   0.182000   0.184800   0.173000   0.185000   0.297200   0.543800   0.790400 
267   0.169400   0.168600   0.167600   0.170200   0.171600   0.177600   0.179200   0.182000   0.170200   0.182400   0.295400   0.542400   0.790000 
268   0.166400   0.165600   0.164600   0.167400   0.168800   0.175000   0.176400   0.179200   0.167400   0.179800   0.293600   0.541000   0.789600 
269   0.163400   0.162600   0.161600   0.164600   0.166000   0.172200   0.173600   0.176400   0.164600   0.177200   0.291800   0.539600   0.789200 
270   0.160400   0.159600   0.158600   0.161800   0.163200   0.169600   0.170800   0.173800   0.161800   0.174600   0.290000   0.538200   0.788800 
271   0.157400   0.156600   0.155600   0.159000   0.160400   0.167000   0.168000   0.170800   0.159000   0.172000   0.288200   0.536800   0.788400 
272   0.154400   0.153600   0.152600   0.156200   0.157600   0.164400   0.165200   0.168200   0.156200   0.169400   0.286400   0.535400   0.788000 
273   0.151400   0.150600   0.149600   0.153400   0.154800   0.161600   0.162400   0.165400   0.153400   0.166800   0.284600   0.534000   0.787600 
274   0.148400   0.147600   0.146600   0.150800   0.152000   0.159000   0.159600   0.162600   0.150600   0.164200   0.282800   0.532600   0.787200 
275   0.145400   0.144600   0.143600   0.147800   0.149200   0.156400   0.156800   0.159800   0.147800   0.161600   0.281000   0.531400   0.786800 
276   0.142400   0.141600   0.140800   0.145000   0.146400   0.153800   0.154000   0.157200   0.145000   0.159000   0.279200   0.530000   0.786400 
277   0.139400   0.138600   0.138000   0.142200   0.143600   0.151200   0.151200   0.154600   0.142200   0.156400   0.277400   0.528600   0.786000 
278   0.136400   0.135600   0.135200   0.139800   0.140800   0.148600   0.148400   0.152000   0.139400   0.154000   0.275600   0.527200   0.785600 
279   0.133600   0.132600   0.132400   0.137000   0.138000   0.146000   0.145600   0.149400   0.136600   0.151600   0.273800   0.526000   0.785200 
280   0.130800   0.129600   0.129600   0.134200   0.135200   0.143600   0.142800   0.146800   0.133800   0.149200   0.272000   0.524800   0.784800 
281   0.128200   0.126600   0.126800   0.131400   0.132400   0.141000   0.140200   0.144200   0.131200   0.147000   0.270200   0.523600   0.784400 
282   0.125600   0.124000   0.124000   0.128800   0.129800   0.138400   0.137600   0.141600   0.128200   0.144800   0.268400   0.522400   0.784000 
283   0.123000   0.121000   0.121200   0.126200   0.126800   0.136000   0.135000   0.139000   0.125800   0.142600   0.266400   0.521200   0.783600 
284   0.120400   0.118000   0.118400   0.123600   0.124200   0.133600   0.132400   0.136400   0.123000   0.140400   0.264600   0.520000   0.783200 
285   0.117800   0.115200   0.115800   0.121000   0.121600   0.131200   0.129800   0.133800   0.120400   0.138200   0.262800   0.518800   0.782800 
286   0.115200   0.112800   0.113200   0.118400   0.118800   0.128800   0.127200   0.131200   0.117800   0.136000   0.261000   0.517600   0.782400 
287   0.112800   0.110400   0.110400   0.115800   0.116200   0.126400   0.124600   0.128600   0.115200   0.133800   0.259400   0.516400   0.782000 
288   0.110200   0.108200   0.107800   0.113200   0.113600   0.124000   0.122000   0.126000   0.112600   0.131600   0.257600   0.515200   0.781600 
289   0.107800   0.105800   0.105400   0.110600   0.111000   0.121600   0.119400   0.123400   0.110000   0.129400   0.256200   0.514000   0.781200 
290   0.105400   0.103600   0.102800   0.108000   0.108400   0.119200   0.116800   0.120800   0.107400   0.127200   0.254800   0.512800   0.780800 
291   0.103000   0.101400   0.100400   0.105400   0.105800   0.116800   0.114200   0.118200   0.104800   0.125000   0.253400   0.511600   0.780400 
292   0.100800   0.099000   0.098000   0.103000   0.103400   0.114400   0.111800   0.115600   0.102200   0.122800   0.252000   0.510400   0.780000 
293   0.098400   0.096800   0.095600   0.100600   0.100800   0.112000   0.109400   0.113000   0.099600   0.120600   0.250600   0.509200   0.779600 
294   0.096200   0.094400   0.093200   0.098000   0.098200   0.109600   0.107000   0.110400   0.097000   0.118400   0.249200   0.508000   0.779200 
295   0.094000   0.092200   0.090800   0.095600   0.095800   0.107200   0.104600   0.108000   0.094400   0.116200   0.247800   0.506800   0.778800 
296   0.091800   0.090000   0.088400   0.093200   0.093400   0.104800   0.102200   0.105400   0.091800   0.114200   0.246400   0.505600   0.778400 
297   0.089600   0.087800   0.086000   0.090800   0.091000   0.102400   0.099800   0.102800   0.089200   0.112200   0.245000   0.504400   0.778000 
298   0.087400   0.085600   0.083800   0.088400   0.088600   0.100000   0.097400   0.100200   0.086600   0.110200   0.243600   0.503400   0.777600 
299   0.085200   0.083400   0.081600   0.086000   0.086200   0.097600   0.095000   0.097600   0.084000   0.108200   0.242200   0.502200   0.777200 
300   0.083000   0.081200   0.079400   0.083600   0.083800   0.095200   0.092600   0.095000   0.081400   0.106200   0.240800   0.501000   0.776800 
301   0.080800   0.079000   0.077200   0.081200   0.081400   0.092800   0.090200   0.092400   0.078800   0.104200   0.239400   0.499800   0.776400 
302   0.078600   0.076800   0.075000   0.078800   0.079000   0.090400   0.087800   0.089800   0.076200   0.102200   0.238000   0.498600   0.776000 
303   0.076400   0.074600   0.072800   0.076400   0.076600   0.088000   0.085400   0.087200   0.073600   0.100200   0.236600   0.497400   0.775600 
304   0.074200   0.072400   0.070600   0.074000   0.074200   0.085600   0.083000   0.084600   0.071000   0.098200   0.235200   0.496200   0.775200 
305   0.072000   0.070200   0.068400   0.071600   0.071800   0.083200   0.080600   0.082000   0.068400   0.096200   0.233800   0.495000   0.774800 
306   0.069800   0.068000   0.066200   0.069200   0.069400   0.080800   0.078200   0.079600   0.066000   0.094200   0.232600   0.493800   0.774400 
307   0.067600   0.065800   0.064000   0.066800   0.067000   0.078400   0.075800   0.077000   0.063400   0.092200   0.231200   0.492600   0.774000 
308   0.065400   0.063600   0.061800   0.064400   0.064600   0.076000   0.073400   0.074400   0.060800   0.090200   0.229800   0.491400   0.773600 
309   0.063200   0.061400   0.059600   0.062000   0.062200   0.073600   0.071000   0.071800   0.058200   0.088200   0.228400   0.490200   0.773400 
310   0.061000   0.059200   0.057400   0.059800   0.059800   0.071200   0.068600   0.069200   0.055600   0.086200   0.227000   0.489000   0.773200 
311   0.058800   0.057000   0.055200   0.057600   0.057400   0.068800   0.066200   0.066600   0.053000   0.084200   0.225600   0.487800   0.773000 
312   0.056600   0.054800   0.053000   0.055400   0.055000   0.066400   0.063800   0.064000   0.050400   0.082200   0.224200   0.486600   0.772800 
313   0.054400   0.052600   0.050800   0.053200   0.052800   0.064000   0.061400   0.061400   0.047800   0.080200   0.223000   0.485400   0.772600 
314   0.052400   0.050400   0.048600   0.051000   0.050600   0.061600   0.059000   0.058800   0.045200   0.078200   0.221800   0.484200   0.772400 
315   0.050200   0.048200   0.046600   0.048800   0.048400   0.059200   0.056600   0.056200   0.042600   0.076200   0.220600   0.483000   0.772200 
316   0.048000   0.046000   0.044400   0.046600   0.046200   0.056800   0.054200   0.053600   0.040000   0.074200   0.219400   0.481800   0.772000 
317   0.045800   0.043800   0.042400   0.044400   0.044000   0.054400   0.051800   0.051000   0.037400   0.072200   0.218200   0.480600   0.771800 
318   0.043600   0.041600   0.040400   0.042200   0.041800   0.052000   0.049400   0.048400   0.034800   0.070200   0.217000   0.479400   0.771600 
319   0.041400   0.039400   0.038400   0.040000   0.039600   0.049600   0.047000   0.045800   0.032200   0.068200   0.215800   0.478200   0.771400 
320   0.039200   0.037200   0.036400   0.038000   0.037400   0.047200   0.044600   0.043400   0.029600   0.066200   0.214600   0.477000   0.771200 
321   0.037000   0.035000   0.034400   0.035800   0.035200   0.044800   0.042200   0.040600   0.027000   0.064200   0.213400   0.475800   0.771000 
322   0.035000   0.032800   0.032400   0.033800   0.033000   0.042400   0.039800   0.038200   0.024400   0.062200   0.212200   0.474600   0.770800 
323   0.033000   0.030800   0.030400   0.031800   0.030800   0.040000   0.037400   0.035800   0.021800   0.060200   0.211000   0.473400   0.770600 
324   0.031000   0.028800   0.028400   0.029800   0.028600   0.037600   0.035000   0.033400   0.019200   0.058200   0.210000   0.472200   0.770400 
325   0.029000   0.027000   0.026400   0.027800   0.026400   0.035200   0.032600   0.031000   0.016600   0.056200   0.208800   0.471000   0.770200 
326   0.027000   0.025200   0.024400   0.025800   0.024200   0.032800   0.030200   0.028600   0.014000   0.054200   0.207800   0.470000   0.770000 
327   0.025000   0.023400   0.022400   0.023800   0.022000   0.030400   0.027800   0.026200   0.011400   0.052200   0.206800   0.468800   0.769800 
328   0.023000   0.021600   0.020400   0.021800   0.019800   0.028000   0.025400   0.023800   0.008800   0.050200   0.205800   0.467600   0.769600 
329   0.021000   0.019800   0.018400   0.019800   0.017600   0.025600   0.023000   0.021400   0.006200   0.048200   0.204800   0.466600   0.769400 
330   0.019000   0.018000   0.016400   0.017800   0.015400   0.023200   0.020600   0.019000   0.003600   0.046200   0.203800   0.465600   0.769200 
331   0.017000   0.016400   0.014400   0.015800   0.013200   0.020800   0.018200   0.016600   0.001000   0.044200   0.202800   0.464600   0.769000 
332   0.015000   0.014800   0.012400   0.013800   0.011000   0.018400   0.015800   0.014200  -0.001600   0.042200   0.201800   0.463600   0.768800 
333   0.012800   0.012800   0.010400   0.011800   0.008800   0.016000   0.013400   0.011800  -0.004200   0.040200   0.200800   0.462600   0.768600 
334   0.010800   0.011000   0.008400   0.009600   0.006600   0.013600   0.011000   0.009400  -0.006800   0.038200   0.199800   0.461600   0.768400 
335   0.008800   0.009200   0.006400   0.007600   0.004400   0.011200   0.008600   0.007000  -0.009200   0.036200   0.198800   0.460600   0.768200 
336   0.006800   0.007400   0.004400   0.005400   0.002200   0.008800   0.006200   0.004600  -0.011800   0.034200   0.197800   0.459600   0.768000 
337   0.005200   0.005600   0.002400   0.003200   0.000000   0.006400   0.003800   0.002400  -0.014400   0.032200   0.196800   0.458800   0.767800 
338   0.003400   0.003800   0.000400   0.001000  -0.002200   0.004000   0.001400   0.000000  -0.016800   0.030200   0.195800   0.457600   0.767600 
339   0.001600   0.002000  -0.001600  -0.001200  -0.004400   0.001600  -0.001000  -0.002200  -0.019200   0.028200   0.194800   0.456600   0.767400 
340  -0.000200   0.000200  -0.003800  -0.003400  -0.006600  -0.000800  -0.003400  -0.004400  -0.021800   0.026200   0.193800   0.456200   0.767200 
341  -0.002000  -0.001600  -0.006000  -0.005600  -0.008800  -0.003200  -0.005800  -0.006600  -0.024200   0.024200   0.192800   0.455400   0.767000 
342  -0.003800  -0.003400  -0.008200  -0.007800  -0.011000  -0.005600  -0.008200  -0.008800  -0.026600   0.022200   0.191800   0.454600   0.766800 
343  -0.005600  -0.005200  -0.010400  -0.010000  -0.013200  -0.008000  -0.010600  -0.011000  -0.029000   0.020200   0.190800   0.454000   0.766600 
344  -0.007400  -0.007000  -0.012600  -0.012200  -0.015400  -0.010400  -0.013000  -0.013200  -0.031400   0.018200   0.189800   0.453400   0.766400 
345  -0.009200  -0.008800  -0.014800  -0.014400  -0.017600  -0.012800  -0.015400  -0.015400  -0.033800   0.016200   0.188800   0.452800   0.766200 
346  -0.011000  -0.010600  -0.016800  -0.016600  -0.019800  -0.015200  -0.017800  -0.017600  -0.036200   0.014200   0.187800   0.452200   0.766000 
347  -0.012800  -0.012400  -0.018800  -0.018800  -0.022000  -0.017600  -0.020200  -0.019800  -0.038600   0.012200   0.186800   0.451600   0.765800 
348  -0.014600  -0.014200  -0.020800  -0.021000  -0.024200  -0.020000  -0.022600  -0.022000  -0.041000   0.010200   0.185800   0.451000   0.765600 
349  -0.016400  -0.016000  -0.022800  -0.023200  -0.026400  -0.022400  -0.025000  -0.024200  -0.043400   0.008200   0.184800   0.450400   0.765400 
350  -0.018200  -0.017800  -0.024800  -0.025400  -0.028600  -0.024800  -0.027400  -0.026400  -0.045800   0.006200   0.183800   0.449800   0.765200 
351  -0.020000  -0.019600  -0.026800  -0.027600  -0.030600  -0.027200  -0.029800  -0.028600  -0.048200   0.004200   0.182800   0.449200   0.765000 
352  -0.021800  -0.021400  -0.028800  -0.029800  -0.032600  -0.029600  -0.032200  -0.030800  -0.050600   0.002200   0.181800   0.448600   0.764800 
353  -0.023600  -0.023200  -0.030800  -0.032000  -0.034600  -0.032000  -0.034600  -0.033000  -0.053000   0.000200   0.180800   0.448000   0.764600 
354  -0.025400  -0.025000  -0.032800  -0.034200  -0.036600  -0.034400  -0.037000  -0.035200  -0.055400  -0.001800   0.179800   0.447400   0.764400 
355  -0.027200  -0.026800  -0.034800  -0.036400  -0.038600  -0.036600  -0.039400  -0.037400  -0.057600  -0.003800   0.178800   0.446800   0.764200 
356  -0.029000  -0.028600  -0.036800  -0.038600  -0.040600  -0.038800  -0.041800  -0.039600  -0.060200  -0.005800   0.177800   0.446200   0.764000 
357  -0.030800  -0.030400  -0.038600  -0.040800  -0.042600  -0.041000  -0.044200  -0.041800  -0.062200  -0.007800   0.176800   0.445600   0.763800 
358  -0.032600  -0.032200  -0.040600  -0.043000  -0.044600  -0.043200  -0.046600  -0.044000  -0.064600  -0.009800   0.175800   0.445000   0.763600 
359  -0.034400  -0.034000  -0.042400  -0.045200  -0.046600  -0.045400  -0.049000  -0.046200  -0.066800  -0.011800   0.174800   0.444400   0.763400 
360  -0.036200  -0.035800  -0.044200  -0.047400  -0.048400  -0.047600  -0.051400  -0.048400  -0.069000  -0.013800   0.173800   0.443800   0.763200 
361  -0.038000  -0.037600  -0.046000  -0.049400  -0.050200  -0.049800  -0.053800  -0.050600  -0.071200  -0.015800   0.172800   0.443200   0.763000 
362  -0.039600  -0.039400  -0.047800  -0.051600  -0.052200  -0.052200  -0.056200  -0.052800  -0.073400  -0.017800   0.171800   0.442600   0.762800 
363  -0.041600  -0.041200  -0.049600  -0.053600  -0.054000  -0.054400  -0.058600  -0.055000  -0.075600  -0.019800   0.170800   0.442000   0.762600 
364  -0.043200  -0.043000  -0.051400  -0.055600  -0.056000  -0.056600  -0.061000  -0.057200  -0.077800  -0.021800   0.169800   0.441400   0.762400 
365  -0.045000  -0.044800  -0.053200  -0.057400  -0.058000  -0.058800  -0.063400  -0.059400  -0.080000  -0.023600   0.168800   0.440800   0.762200 
366  -0.046800  -0.046600  -0.054800  -0.059400  -0.060000  -0.061000  -0.065800  -0.061600  -0.082200  -0.025600   0.167800   0.440200   0.762000 
367  -0.048600  -0.048400  -0.056400  -0.061200  -0.062000  -0.063200  -0.068200  -0.063800  -0.084400  -0.027600   0.166800   0.439600   0.761800 
368  -0.050400  -0.050200  -0.058000  -0.062800  -0.064000  -0.065400  -0.070600  -0.066000  -0.086600  -0.029400   0.165800   0.439000   0.761600 
369  -0.052200  -0.052000  -0.059600  -0.064400  -0.066000  -0.067600  -0.073000  -0.068200  -0.088800  -0.031200   0.164800   0.438400   0.761400 
370  -0.054000  -0.053800  -0.061200  -0.066000  -0.068000  -0.069800  -0.075400  -0.070400  -0.091000  -0.033000   0.163800   0.437800   0.761200 
371  -0.055600  -0.055600  -0.062800  -0.067600  -0.069800  -0.072000  -0.077800  -0.072600  -0.093200  -0.034600   0.162800   0.437200   0.761000 
372  -0.057400  -0.057400  -0.064400  -0.069200  -0.071600  -0.074200  -0.080200  -0.074800  -0.095400  -0.036200   0.161800   0.436600   0.760800 
373  -0.059000  -0.059200  -0.066000  -0.070800  -0.073400  -0.076400  -0.082600  -0.077000  -0.097600  -0.037800   0.160800   0.436000   0.760600 
374  -0.060400  -0.061000  -0.067600  -0.072400  -0.075200  -0.078600  -0.085000  -0.079200  -0.099800  -0.039400   0.159800   0.435400   0.760400 
375  -0.061800  -0.062800  -0.069000  -0.074000  -0.077000  -0.080800  -0.087400  -0.081400  -0.102000  -0.041000   0.158800   0.434800   0.760200 
376  -0.063200  -0.064600  -0.070600  -0.075600  -0.078800  -0.082800  -0.089800  -0.083600  -0.104200  -0.042600   0.157800   0.434200   0.760000 
377  -0.064600  -0.066400  -0.072000  -0.077200  -0.080600  -0.085000  -0.092200  -0.085600  -0.106400  -0.044200   0.156800   0.433600   0.759800 
378  -0.066000  -0.068000  -0.073400  -0.078400  -0.082400  -0.087000  -0.094600  -0.087800  -0.108600  -0.045800   0.155800   0.433000   0.759600 
379  -0.067400  -0.069800  -0.074800  -0.080000  -0.084200  -0.089000  -0.097000  -0.090000  -0.110800  -0.047400   0.154800   0.432400   0.759400 
380  -0.068800  -0.071400  -0.076200  -0.081400  -0.086000  -0.091000  -0.099400  -0.092000  -0.113000  -0.049000   0.153800   0.431800   0.759200 
381  -0.070200  -0.073000  -0.077600  -0.082400  -0.087800  -0.093000  -0.101600  -0.094000  -0.115200  -0.050600   0.152800   0.431200   0.759000 
382  -0.071600  -0.074400  -0.079000  -0.083800  -0.089600  -0.095000  -0.103800  -0.096000  -0.117400  -0.052200   0.151800   0.430600   0.758800 
383  -0.073000  -0.076200  -0.080400  -0.085000  -0.091400  -0.097000  -0.106000  -0.098000  -0.119600  -0.053800   0.150800   0.430000   0.758600 
384  -0.074400  -0.077400  -0.081800  -0.086200  -0.093200  -0.099000  -0.108200  -0.100000  -0.121800  -0.055400   0.149800   0.429400   0.758400 
385  -0.075800  -0.079000  -0.083200  -0.087400  -0.095000  -0.101000  -0.110200  -0.102000  -0.123800  -0.057000   0.148800   0.428800   0.758200 
386  -0.077200  -0.080400  -0.084600  -0.088600  -0.096800  -0.103000  -0.112400  -0.104000  -0.125800  -0.058600   0.147800   0.428200   0.758000 
387  -0.078600  -0.081800  -0.086000  -0.089800  -0.098600  -0.105000  -0.114600  -0.106000  -0.127800  -0.060200   0.147000   0.427600   0.757800 
388  -0.080000  -0.083200  -0.087400  -0.091000  -0.100400  -0.107000  -0.116600  -0.108000  -0.129600  -0.061800   0.146000   0.427000   0.757600 
389  -0.081600  -0.084800  -0.088800  -0.092200  -0.102200  -0.109000  -0.118600  -0.110000  -0.131600  -0.063400   0.145200   0.426400   0.757400 
390  -0.083200  -0.086400  -0.090200  -0.093400  -0.103800  -0.111000  -0.120600  -0.112000  -0.133600  -0.065000   0.144400   0.426000   0.757200 
391  -0.084800  -0.088000  -0.091600  -0.094600  -0.105600  -0.113000  -0.122600  -0.113800  -0.135600  -0.066600   0.143600   0.425600   0.757000 
392  -0.086400  -0.089600  -0.093000  -0.095800  -0.107000  -0.115000  -0.124600  -0.115600  -0.137400  -0.068200   0.142800   0.425000   0.756800 
393  -0.088000  -0.091200  -0.094400  -0.097000  -0.108600  -0.117000  -0.126600  -0.117400  -0.139200  -0.069800   0.142000   0.424400   0.756600 
394  -0.089600  -0.092800  -0.095800  -0.098200  -0.110200  -0.119000  -0.128600  -0.119200  -0.141000  -0.071400   0.141200   0.424000   0.756400 
395  -0.091200  -0.094400  -0.097200  -0.099400  -0.111600  -0.121000  -0.130400  -0.121000  -0.142800  -0.073000   0.140400   0.423800   0.756200 
396  -0.092800  -0.096000  -0.098800  -0.100800  -0.113000  -0.123000  -0.132400  -0.122800  -0.144600  -0.074600   0.139600   0.423200   0.756000 
397  -0.094400  -0.097600  -0.100000  -0.102200  -0.114400  -0.125000  -0.134200  -0.124600  -0.146400  -0.076200   0.138600   0.422800   0.755800 
398  -0.096000  -0.099200  -0.101800  -0.103200  -0.115800  -0.127000  -0.136000  -0.126400  -0.148200  -0.077800   0.137800   0.422400   0.755600 
399  -0.097600  -0.100800  -0.103200  -0.104400  -0.117200  -0.129000  -0.137800  -0.128200  -0.150000  -0.079400   0.137000   0.422000   0.755400 
400  -0.099200  -0.102400  -0.104800  -0.105600  -0.118600  -0.131000  -0.139600  -0.130000  -0.151800  -0.081000   0.136200   0.421600   0.755200 
401  -0.100800  -0.104000  -0.106400  -0.106800  -0.120000  -0.132800  -0.141400  -0.131600  -0.153600  -0.082600   0.135400   0.421200   0.755000 
402  -0.102400  -0.105600  -0.108000  -0.108000  -0.121400  -0.134600  -0.143000  -0.133600  -0.155400  -0.084200   0.134600   0.420800   0.754800 
403  -0.104000  -0.107200  -0.109600  -0.109200  -0.122800  -0.136400  -0.144800  -0.135200  -0.157000  -0.085800   0.133800   0.420400   0.754600 
404  -0.105600  -0.108800  -0.111200  -0.110400  -0.124200  -0.138200  -0.146600  -0.137000  -0.158600  -0.087200   0.133000   0.420000   0.754400 
405  -0.107200  -0.110400  -0.112800  -0.111600  -0.125600  -0.140000  -0.148200  -0.138800  -0.160200  -0.088800   0.132200   0.419800   0.754200 
406  -0.108800  -0.112000  -0.114200  -0.112800  -0.127000  -0.141600  -0.149800  -0.140600  -0.161800  -0.090200   0.131400   0.419400   0.754000 
407  -0.110400  -0.113600  -0.115600  -0.114000  -0.128400  -0.143200  -0.151400  -0.142400  -0.163400  -0.091600   0.130800   0.419200   0.753800 
408  -0.112000  -0.115200  -0.117000  -0.115200  -0.130000  -0.144800  -0.153000  -0.144200  -0.165000  -0.093000   0.130000   0.419000   0.753600 
409  -0.113600  -0.116800  -0.118400  -0.116400  -0.131600  -0.146400  -0.154600  -0.146000  -0.166600  -0.094400   0.129200   0.418800   0.753400 
410  -0.115200  -0.118200  -0.119800  -0.117600  -0.133200  -0.148000  -0.156200  -0.147800  -0.168200  -0.095800   0.128600   0.418600   0.753200 
411  -0.116800  -0.119800  -0.121200  -0.118800  -0.134800  -0.149600  -0.157800  -0.149600  -0.169800  -0.097200   0.128000   0.418400   0.753000 
412  -0.118400  -0.121200  -0.122600  -0.120000  -0.136400  -0.151200  -0.159400  -0.151400  -0.171400  -0.098600   0.127600   0.418200   0.752800 
413  -0.120000  -0.122400  -0.124000  -0.121200  -0.138000  -0.152800  -0.161000  -0.153200  -0.173000  -0.100000   0.126800   0.418000   0.752600 
414  -0.121600  -0.123800  -0.125400  -0.122400  -0.139600  -0.154400  -0.162600  -0.155000  -0.174600  -0.101400   0.126200   0.417800   0.752400 
415  -0.123200  -0.125200  -0.126600  -0.123600  -0.141200  -0.156000  -0.164200  -0.156800  -0.176200  -0.102800   0.125600   0.417600   0.752200 
416  -0.124600  -0.126400  -0.128000  -0.124800  -0.142800  -0.157600  -0.165800  -0.158600  -0.177600  -0.104200   0.125000   0.417400   0.752000 
417  -0.126000  -0.127600  -0.129600  -0.126000  -0.144400  -0.159200  -0.167400  -0.160400  -0.179200  -0.105600   0.124400   0.417200   0.751800 
418  -0.127400  -0.128800  -0.130800  -0.127200  -0.146000  -0.160800  -0.169000  -0.162200  -0.180600  -0.107000   0.123800   0.417000   0.751600 
419  -0.128800  -0.130000  -0.132000  -0.128400  -0.147600  -0.162400  -0.170600  -0.164000  -0.182000  -0.108400   0.123200   0.416800   0.751400 
420  -0.130200  -0.131200  -0.133200  -0.129600  -0.149200  -0.164000  -0.172200  -0.165600  -0.183400  -0.109800   0.122600   0.416600   0.751200 
421  -0.131600  -0.132400  -0.134600  -0.130800  -0.150600  -0.165600  -0.173800  -0.167400  -0.184800  -0.111200   0.122000   0.416400   0.751000 
422  -0.133000  -0.133600  -0.135800  -0.132000  -0.152000  -0.167200  -0.175400  -0.169000  -0.186200  -0.112600   0.121400   0.416200   0.750800 
423  -0.134400  -0.134800  -0.137000  -0.133200  -0.153400  -0.168800  -0.177000  -0.170600  -0.187600  -0.114000   0.120800   0.416000   0.750600 
424  -0.135800  -0.136000  -0.138200  -0.134400  -0.154800  -0.170400  -0.178600  -0.172200  -0.189000  -0.115400   0.120200   0.415800   0.750400 
425  -0.137000  -0.137200  -0.139400  -0.135600  -0.156200  -0.171800  -0.180200  -0.173400  -0.190400  -0.116800   0.119600   0.415600   0.750200 
426  -0.138400  -0.138400  -0.140600  -0.136800  -0.157600  -0.173200  -0.181800  -0.175000  -0.191800  -0.118200   0.119000   0.415400   0.750000 
427  -0.139600  -0.139600  -0.141800  -0.138000  -0.159000  -0.174600  -0.183200  -0.176400  -0.193200  -0.119600   0.118400   0.415200   0.749800 
428  -0.140800  -0.140800  -0.143000  -0.139200  -0.160400  -0.176000  -0.184600  -0.177800  -0.194400  -0.121000   0.117800   0.415000   0.749600 
429  -0.142000  -0.142000  -0.144200  -0.140400  -0.161800  -0.177400  -0.186000  -0.179200  -0.195600  -0.122400   0.117200   0.414800   0.749400 
430  -0.143200  -0.143200  -0.145200  -0.141600  -0.163200  -0.178800  -0.187400  -0.180600  -0.197000  -0.123800   0.116600   0.414600   0.749200 
431  -0.144400  -0.144400  -0.146400  -0.142800  -0.164600  -0.180200  -0.188800  -0.182000  -0.198200  -0.125200   0.116000   0.414400   0.749000 
432  -0.145600  -0.145600  -0.147400  -0.144000  -0.165800  -0.181600  -0.190200  -0.183400  -0.199400  -0.126400   0.115400   0.414200   0.748800 
433  -0.146800  -0.146800  -0.148600  -0.145200  -0.167000  -0.183000  -0.191600  -0.184800  -0.200600  -0.128000   0.114800   0.414000   0.748600 
434  -0.147800  -0.148000  -0.149600  -0.146400  -0.168000  -0.184400  -0.193000  -0.186200  -0.201800  -0.129000   0.114200   0.413800   0.748400 
435  -0.148800  -0.149200  -0.150600  -0.147600  -0.169000  -0.185800  -0.194400  -0.187600  -0.203000  -0.130400   0.113800   0.413600   0.748200 
436  -0.149600  -0.150200  -0.151600  -0.148800  -0.170000  -0.187200  -0.195800  -0.189000  -0.204200  -0.131600   0.113000   0.413400   0.748000 
437  -0.150600  -0.151400  -0.152600  -0.149800  -0.171000  -0.188400  -0.197200  -0.190400  -0.205400  -0.132800   0.112800   0.413200   0.747800 
438  -0.151400  -0.152400  -0.153600  -0.151000  -0.172000  -0.190000  -0.198600  -0.191800  -0.206600  -0.134000   0.112200   0.413000   0.747600 
439  -0.152200  -0.153400  -0.154600  -0.152000  -0.173000  -0.191200  -0.200000  -0.193200  -0.207800  -0.135200   0.111800   0.412800   0.747400 
440  -0.153000  -0.154200  -0.155600  -0.153000  -0.173800  -0.192800  -0.201400  -0.194600  -0.209000  -0.136400   0.111400   0.412600   0.747200 
441  -0.153800  -0.155000  -0.156600  -0.154000  -0.175000  -0.194000  -0.202800  -0.196000  -0.210200  -0.137600   0.111000   0.412400   0.747000 
442  -0.154600  -0.156000  -0.157600  -0.155000  -0.175800  -0.195400  -0.204200  -0.197400  -0.211400  -0.138800   0.110600   0.412400   0.746800 
443  -0.155400  -0.156800  -0.158600  -0.156000  -0.176800  -0.196800  -0.205600  -0.198800  -0.212600  -0.140000   0.110200   0.412400   0.746600 
444  -0.156200  -0.157600  -0.159600  -0.157000  -0.177800  -0.198200  -0.206800  -0.200200  -0.213800  -0.141200   0.109800   0.412400   0.746400 
445  -0.157000  -0.158400  -0.160600  -0.158000  -0.179000  -0.199600  -0.208000  -0.201600  -0.215000  -0.142400   0.109400   0.412400   0.746200 
446  -0.157800  -0.159200  -0.161600  -0.159000  -0.179800  -0.201000  -0.209000  -0.203000  -0.216200  -0.143600   0.109000   0.412400   0.746000 
447  -0.158600  -0.160000  -0.162400  -0.160000  -0.180800  -0.202200  -0.210000  -0.204400  -0.217400  -0.144800   0.108600   0.412400   0.745800 
448  -0.159400  -0.160800  -0.163400  -0.161000  -0.181800  -0.203600  -0.211000  -0.205800  -0.218600  -0.146000   0.108200   0.412400   0.745600 
449  -0.160200  -0.161600  -0.164200  -0.162000  -0.182800  -0.204400  -0.212000  -0.207200  -0.219800  -0.147200   0.107800   0.412400   0.745400 
450  -0.161000  -0.162400  -0.165000  -0.162800  -0.183800  -0.205800  -0.212800  -0.208600  -0.220800  -0.148200   0.107400   0.412400   0.745200 
451  -0.161800  -0.163200  -0.165800  -0.163600  -0.184800  -0.206600  -0.213600  -0.209800  -0.222000  -0.149200   0.107000   0.412400   0.745000 
452  -0.162600  -0.164000  -0.166600  -0.164400  -0.185800  -0.207600  -0.214400  -0.211000  -0.223200  -0.150400   0.106600   0.412400   0.744800 
453  -0.163400  -0.164800  -0.167400  -0.165200  -0.186800  -0.208600  -0.215200  -0.212200  -0.224000  -0.151400   0.106200   0.412400   0.744600 
454  -0.164200  -0.165600  -0.168200  -0.166000  -0.187800  -0.209400  -0.216000  -0.213400  -0.225400  -0.152400   0.105800   0.412400   0.744400 
455  -0.165000  -0.166400  -0.169000  -0.166800  -0.188800  -0.210000  -0.216800  -0.214600  -0.226400  -0.153600   0.105400   0.412400   0.744200 
456  -0.165800  -0.167200  -0.169800  -0.167600  -0.189800  -0.210800  -0.217600  -0.215800  -0.227000  -0.154600   0.105000   0.412400   0.744000 
457  -0.166600  -0.168000  -0.170600  -0.168400  -0.190600  -0.211400  -0.218400  -0.216800  -0.227600  -0.155400   0.104600   0.412400   0.743800 
458  -0.167400  -0.168800  -0.171400  -0.169200  -0.191600  -0.212000  -0.219200  -0.217800  -0.228600  -0.156600   0.104200   0.412400   0.743600 
459  -0.168200  -0.169600  -0.172200  -0.170000  -0.192400  -0.212600  -0.220000  -0.218600  -0.229400  -0.157600   0.103800   0.412400   0.743400 
460  -0.169000  -0.170400  -0.173000  -0.170800  -0.193200  -0.213200  -0.220800  -0.219400  -0.229800  -0.158400   0.103400   0.412400   0.743200 
461  -0.169800  -0.171200  -0.173600  -0.171600  -0.194000  -0.213800  -0.221400  -0.220200  -0.230600  -0.159200   0.103000   0.412400   0.743000 
462  -0.170600  -0.171600  -0.174200  -0.172400  -0.194800  -0.214400  -0.222000  -0.221000  -0.231400  -0.160000   0.102600   0.412400   0.742800 
463  -0.171400  -0.172400  -0.174800  -0.173200  -0.195600  -0.215000  -0.222600  -0.221800  -0.232000  -0.160600   0.102200   0.412400   0.742600 
464  -0.172200  -0.173000  -0.175400  -0.174000  -0.196400  -0.215600  -0.223200  -0.222400  -0.232600  -0.161200   0.101800   0.412400   0.742400 
465  -0.173000  -0.173400  -0.175800  -0.174800  -0.197200  -0.216200  -0.223800  -0.223000  -0.233200  -0.161800   0.101400   0.412400   0.742200 
466  -0.173800  -0.174000  -0.176200  -0.175600  -0.198000  -0.216800  -0.224400  -0.223600  -0.233800  -0.162200   0.101000   0.412400   0.742000 
467  -0.174600  -0.174400  -0.176600  -0.176200  -0.198800  -0.217400  -0.225000  -0.224200  -0.234200  -0.162600   0.100600   0.412400   0.741800 
468  -0.175400  -0.175000  -0.177000  -0.177000  -0.199600  -0.218000  -0.225600  -0.224800  -0.234800  -0.163000   0.100200   0.412400   0.741600 
469  -0.176200  -0.175200  -0.177400  -0.177600  -0.200400  -0.218600  -0.226200  -0.225400  -0.235400  -0.163200   0.099800   0.412400   0.741400 
470  -0.177000  -0.175800  -0.177800  -0.178200  -0.201200  -0.219200  -0.226800  -0.226000  -0.236000  -0.163600   0.099400   0.412400   0.741200 
471  -0.177600  -0.176200  -0.178000  -0.178800  -0.202000  -0.219600  -0.227400  -0.226600  -0.236600  -0.163800   0.099000   0.412400   0.741000 
472  -0.178200  -0.176600  -0.178200  -0.179400  -0.202800  -0.220000  -0.227800  -0.227200  -0.237200  -0.163800   0.098600   0.412400   0.740800 
473  -0.178800  -0.177000  -0.178400  -0.179800  -0.203600  -0.220400  -0.228200  -0.227800  -0.237800  -0.163800   0.098200   0.412400   0.740600 
474  -0.179400  -0.177400  -0.178600  -0.180200  -0.204400  -0.220800  -0.228600  -0.228400  -0.238400  -0.163800   0.097800   0.412400   0.740400 
475  -0.180000  -0.177800  -0.178800  -0.180600  -0.205000  -0.221200  -0.229000  -0.228800  -0.239000  -0.163800   0.097400   0.412400   0.740200 
476  -0.180400  -0.178200  -0.179000  -0.181000  -0.205800  -0.221600  -0.229400  -0.229600  -0.239600  -0.163800   0.097000   0.412400   0.740000 
477  -0.180800  -0.178600  -0.179200  -0.181200  -0.206200  -0.222000  -0.229800  -0.230000  -0.240200  -0.163800   0.096600   0.412400   0.739800 
478  -0.181000  -0.179000  -0.179400  -0.181400  -0.206800  -0.222200  -0.230200  -0.230200  -0.240800  -0.163800   0.096200   0.412400   0.739600 
479  -0.181200  -0.179400  -0.179600  -0.181600  -0.207200  -0.222400  -0.230600  -0.231000  -0.241400  -0.163800   0.095800   0.412400   0.739400 
480  -0.181400  -0.179800  -0.179800  -0.181800  -0.207600  -0.222600  -0.231000  -0.231000  -0.242000  -0.163800   0.095400   0.412400   0.739200 
481  -0.181600  -0.180200  -0.179800  -0.182000  -0.208000  -0.222800  -0.231400  -0.231400  -0.242600  -0.163800   0.095000   0.412400   0.739000 
482  -0.181800  -0.180600  -0.180000  -0.182200  -0.208400  -0.223000  -0.231800  -0.231600  -0.243000  -0.163800   0.094600   0.412400   0.739000 
483  -0.182000  -0.181000  -0.180200  -0.182400  -0.208800  -0.223200  -0.232200  -0.231800  -0.243400  -0.163800   0.094200   0.412400   0.739000 
484  -0.182200  -0.181400  -0.180400  -0.182600  -0.209200  -0.223400  -0.232600  -0.232000  -0.243800  -0.163800   0.093800   0.412400   0.739000 
485  -0.182400  -0.181600  -0.180600  -0.182800  -0.209600  -0.223400  -0.233000  -0.232000  -0.244200  -0.163800   0.093400   0.412400   0.739000 
486  -0.182600  -0.181800  -0.180800  -0.183000  -0.210000  -0.223400  -0.233400  -0.232400  -0.244600  -0.163800   0.093000   0.412400   0.739000 
487  -0.182800  -0.182000  -0.181000  -0.183200  -0.210400  -0.223400  -0.233800  -0.232200  -0.245000  -0.163800   0.092600   0.412400   0.739000 
488  -0.183000  -0.182200  -0.181200  -0.183400  -0.210800  -0.223400  -0.234200  -0.232400  -0.245400  -0.163800   0.092200   0.412400   0.739000 
489  -0.183000  -0.182400  -0.181400  -0.183600  -0.211200  -0.223400  -0.234600  -0.232400  -0.245800  -0.163800   0.091800   0.412400   0.739000 
490  -0.183200  -0.182600  -0.181600  -0.183800  -0.211600  -0.223400  -0.235000  -0.232400  -0.246200  -0.163800   0.091400   0.412600   0.739000 
491  -0.183400  -0.182800  -0.181800  -0.184000  -0.212000  -0.223400  -0.235400  -0.232400  -0.246600  -0.163800   0.091000   0.412600   0.739000 
492  -0.183400  -0.183000  -0.182000  -0.184200  -0.212400  -0.223400  -0.235800  -0.232400  -0.246800  -0.163800   0.090600   0.412600   0.739000 
493  -0.183400  -0.183000  -0.182000  -0.184400  -0.212600  -0.223400  -0.236000  -0.232400  -0.247000  -0.163800   0.090200   0.412600   0.739000 
494  -0.183400  -0.183000  -0.182200  -0.184600  -0.213000  -0.223400  -0.236400  -0.232400  -0.247200  -0.163800   0.090000   0.412600   0.739000 
495  -0.183400  -0.183200  -0.182200  -0.184800  -0.213200  -0.223400  -0.236600  -0.232400  -0.247400  -0.163800   0.089800   0.412600   0.739000 
496  -0.183400  -0.183400  -0.182200  -0.185000  -0.213400  -0.223400  -0.236800  -0.232400  -0.247600  -0.163800   0.089400   0.412600   0.739000 
497  -0.183400  -0.183600  -0.182200  -0.185200  -0.213600  -0.223400  -0.236800  -0.232400  -0.247800  -0.163800   0.089400   0.412600   0.739000 
498  -0.183400  -0.183800  -0.182200  -0.185200  -0.214000  -0.223400  -0.236800  -0.232400  -0.248000  -0.163800   0.089400   0.412600   0.739000 
499  -0.183400  -0.183800  -0.182200  -0.185600  -0.214200  -0.223400  -0.236800  -0.232400  -0.248000  -0.163800   0.089400   0.412600   0.739000 
