r MCS_10 MCS_20 MCS_40 MCS_80 MCS_160 MCS_320 MCS_640 MCS_1280 MCS_2560 MCS_5120 MCS_10240 MCS_20480 MCS_40960 
0   1.000000   1.000000   1.000000   1.000000   1.000000   1.000000   1.000000   1.000000   1.000000   1.000000   1.000000   1.000000   1.000000 
1   0.996000   0.996000   0.996000   0.996000   0.996000   0.996000   0.996000   0.996200   0.996200   0.997000   0.997400   0.998200   0.998600 
2   0.992000   0.992000   0.992000   0.992000   0.992000   0.992000   0.992000   0.992400   0.992400   0.994000   0.994800   0.996400   0.997200 
3   0.988000   0.988000   0.988000   0.988000   0.988000   0.988000   0.988000   0.988600   0.988600   0.991000   0.992200   0.994600   0.995800 
4   0.984000   0.984000   0.984000   0.984000   0.984000   0.984000   0.984000   0.984800   0.984800   0.988000   0.989600   0.992800   0.994400 
5   0.980000   0.980000   0.980000   0.980000   0.980000   0.980000   0.980000   0.981000   0.981000   0.985000   0.987000   0.991000   0.993000 
6   0.976000   0.976000   0.976000   0.976000   0.976000   0.976000   0.976000   0.977200   0.977200   0.982000   0.984400   0.989200   0.991600 
7   0.972000   0.972000   0.972000   0.972000   0.972000   0.972000   0.972000   0.973400   0.973400   0.979000   0.981800   0.987400   0.990200 
8   0.968000   0.968000   0.968000   0.968000   0.968000   0.968000   0.968000   0.969600   0.969600   0.976000   0.979200   0.985600   0.988800 
9   0.964000   0.964000   0.964000   0.964000   0.964000   0.964000   0.964000   0.965800   0.965800   0.973000   0.976600   0.983800   0.987400 
10   0.960000   0.960000   0.960000   0.960000   0.960000   0.960000   0.960000   0.962000   0.962000   0.970000   0.974000   0.982000   0.986000 
11   0.956000   0.956000   0.956000   0.956000   0.956000   0.956000   0.956000   0.958200   0.958200   0.967000   0.971400   0.980200   0.984600 
12   0.952000   0.952000   0.952000   0.952000   0.952000   0.952000   0.952000   0.954400   0.954400   0.964000   0.968800   0.978400   0.983200 
13   0.948000   0.948000   0.948000   0.948000   0.948000   0.948000   0.948000   0.950600   0.950600   0.961000   0.966200   0.976600   0.981800 
14   0.944000   0.944000   0.944000   0.944000   0.944000   0.944000   0.944000   0.946800   0.946800   0.958000   0.963600   0.974800   0.980400 
15   0.940000   0.940000   0.940000   0.940000   0.940000   0.940000   0.940000   0.943000   0.943000   0.955000   0.961000   0.973000   0.979000 
16   0.936000   0.936000   0.936000   0.936000   0.936000   0.936000   0.936000   0.939200   0.939200   0.952000   0.958400   0.971200   0.977600 
17   0.932000   0.932000   0.932000   0.932000   0.932000   0.932000   0.932000   0.935400   0.935400   0.949000   0.955800   0.969400   0.976200 
18   0.928000   0.928000   0.928000   0.928000   0.928000   0.928000   0.928000   0.931600   0.931600   0.946000   0.953200   0.967600   0.974800 
19   0.924000   0.924000   0.924000   0.924000   0.924000   0.924000   0.924000   0.927800   0.927800   0.943000   0.950600   0.965800   0.973400 
20   0.920000   0.920000   0.920000   0.920000   0.920000   0.920000   0.920000   0.924000   0.924000   0.940000   0.948000   0.964000   0.972000 
21   0.916000   0.916000   0.916000   0.916000   0.916000   0.916000   0.916000   0.920200   0.920200   0.937000   0.945400   0.962200   0.970600 
22   0.912000   0.912000   0.912000   0.912000   0.912000   0.912000   0.912000   0.916400   0.916400   0.934000   0.942800   0.960400   0.969200 
23   0.908000   0.908000   0.908000   0.908000   0.908000   0.908000   0.908000   0.912600   0.912600   0.931000   0.940200   0.958600   0.967800 
24   0.904000   0.904000   0.904000   0.904000   0.904000   0.904000   0.904000   0.908800   0.908800   0.928000   0.937600   0.956800   0.966400 
25   0.900000   0.900000   0.900000   0.900000   0.900000   0.900000   0.900000   0.905000   0.905000   0.925000   0.935000   0.955000   0.965000 
26   0.896000   0.896000   0.896000   0.896000   0.896000   0.896000   0.896000   0.901200   0.901200   0.922000   0.932400   0.953200   0.963600 
27   0.892000   0.892000   0.892000   0.892000   0.892000   0.892000   0.892000   0.897400   0.897400   0.919000   0.929800   0.951400   0.962200 
28   0.888000   0.888000   0.888000   0.888000   0.888000   0.888000   0.888000   0.893600   0.893600   0.916000   0.927200   0.949600   0.960800 
29   0.884000   0.884000   0.884000   0.884000   0.884000   0.884000   0.884000   0.889800   0.889800   0.913000   0.924600   0.947800   0.959400 
30   0.880000   0.880000   0.880000   0.880000   0.880000   0.880000   0.880000   0.886000   0.886000   0.910000   0.922000   0.946000   0.958000 
31   0.876000   0.876000   0.876000   0.876000   0.876000   0.876000   0.876000   0.882200   0.882200   0.907000   0.919400   0.944200   0.956600 
32   0.872000   0.872000   0.872000   0.872000   0.872000   0.872000   0.872000   0.878400   0.878400   0.904000   0.916800   0.942400   0.955200 
33   0.868000   0.868000   0.868000   0.868000   0.868000   0.868000   0.868000   0.874600   0.874600   0.901000   0.914200   0.940600   0.953800 
34   0.864000   0.864000   0.864000   0.864000   0.864000   0.864000   0.864000   0.870800   0.870800   0.898000   0.911600   0.938800   0.952400 
35   0.860000   0.860000   0.860000   0.860000   0.860000   0.860000   0.860000   0.867000   0.867000   0.895000   0.909000   0.937000   0.951000 
36   0.856000   0.856000   0.856000   0.856000   0.856000   0.856000   0.856000   0.863200   0.863200   0.892000   0.906400   0.935200   0.949600 
37   0.852000   0.852000   0.852000   0.852000   0.852000   0.852000   0.852000   0.859400   0.859400   0.889000   0.903800   0.933400   0.948200 
38   0.848000   0.848000   0.848000   0.848000   0.848000   0.848000   0.848000   0.855600   0.855600   0.886000   0.901200   0.931600   0.946800 
39   0.844000   0.844000   0.844000   0.844000   0.844000   0.844000   0.844000   0.851800   0.851800   0.883000   0.898600   0.929800   0.945400 
40   0.840000   0.840000   0.840000   0.840000   0.840000   0.840000   0.840000   0.848000   0.848000   0.880000   0.896000   0.928000   0.944000 
41   0.836000   0.836000   0.836000   0.836000   0.836000   0.836000   0.836000   0.844200   0.844200   0.877000   0.893400   0.926200   0.942600 
42   0.832000   0.832000   0.832000   0.832000   0.832000   0.832000   0.832000   0.840400   0.840400   0.874200   0.890800   0.924400   0.941200 
43   0.828000   0.828000   0.828000   0.828000   0.828000   0.828000   0.828000   0.836600   0.836600   0.871400   0.888200   0.922600   0.939800 
44   0.824000   0.824000   0.824000   0.824000   0.824000   0.824000   0.824000   0.832800   0.832800   0.868600   0.885600   0.920800   0.938400 
45   0.820000   0.820000   0.820000   0.820000   0.820000   0.820000   0.820000   0.829000   0.829000   0.865800   0.883000   0.919000   0.937000 
46   0.816000   0.816000   0.816000   0.816000   0.816000   0.816000   0.816000   0.825200   0.825200   0.863000   0.880400   0.917200   0.935600 
47   0.812000   0.812000   0.812000   0.812000   0.812000   0.812000   0.812000   0.821400   0.821400   0.860200   0.877800   0.915400   0.934200 
48   0.808000   0.808000   0.808000   0.808000   0.808000   0.808000   0.808000   0.817600   0.817600   0.857400   0.875200   0.913600   0.932800 
49   0.804000   0.804000   0.804000   0.804000   0.804000   0.804000   0.804000   0.813800   0.813800   0.854600   0.872600   0.911800   0.931400 
50   0.800000   0.800000   0.800000   0.800000   0.800000   0.800000   0.800000   0.810000   0.810000   0.851800   0.870000   0.910000   0.930000 
51   0.796000   0.796000   0.796000   0.796000   0.796000   0.796000   0.796000   0.806200   0.806200   0.849000   0.867400   0.908200   0.928600 
52   0.792000   0.792000   0.792000   0.792000   0.792000   0.792000   0.792000   0.802400   0.802400   0.846200   0.864800   0.906400   0.927200 
53   0.788000   0.788000   0.788000   0.788000   0.788000   0.788000   0.788000   0.798600   0.798600   0.843400   0.862200   0.904600   0.925800 
54   0.784000   0.784000   0.784000   0.784000   0.784000   0.784000   0.784000   0.794800   0.794800   0.840600   0.859600   0.902800   0.924400 
55   0.780000   0.780000   0.780000   0.780000   0.780000   0.780000   0.780000   0.791000   0.791000   0.837800   0.857000   0.901000   0.923000 
56   0.776000   0.776000   0.776000   0.776000   0.776000   0.776000   0.776000   0.787200   0.787200   0.835000   0.854400   0.899200   0.921600 
57   0.772000   0.772000   0.772000   0.772000   0.772000   0.772000   0.772000   0.783400   0.783400   0.832200   0.851800   0.897400   0.920200 
58   0.768000   0.768000   0.768000   0.768000   0.768000   0.768000   0.768000   0.779600   0.779600   0.829400   0.849200   0.895600   0.918800 
59   0.764000   0.764000   0.764000   0.764000   0.764000   0.764000   0.764000   0.775800   0.775800   0.826600   0.846600   0.893800   0.917400 
60   0.760000   0.760000   0.760000   0.760000   0.760000   0.760000   0.760000   0.772000   0.772200   0.823800   0.844000   0.892000   0.916000 
61   0.756000   0.756000   0.756000   0.756000   0.756000   0.756000   0.756000   0.768200   0.768600   0.821000   0.841400   0.890200   0.914600 
62   0.752000   0.752000   0.752000   0.752000   0.752000   0.752000   0.752000   0.764400   0.765000   0.818200   0.838800   0.888400   0.913200 
63   0.748000   0.748000   0.748000   0.748000   0.748000   0.748000   0.748000   0.760600   0.761400   0.815400   0.836200   0.886600   0.911800 
64   0.744000   0.744000   0.744000   0.744000   0.744000   0.744000   0.744000   0.756800   0.757800   0.812600   0.833600   0.884800   0.910400 
65   0.740000   0.740000   0.740000   0.740000   0.740000   0.740000   0.740000   0.753000   0.754200   0.809800   0.831000   0.883000   0.909000 
66   0.736000   0.736000   0.736000   0.736000   0.736000   0.736000   0.736000   0.749200   0.750600   0.807000   0.828400   0.881200   0.907600 
67   0.732000   0.732000   0.732000   0.732000   0.732000   0.732000   0.732000   0.745400   0.747000   0.804200   0.825800   0.879400   0.906200 
68   0.728000   0.728000   0.728000   0.728000   0.728000   0.728000   0.728000   0.741600   0.743400   0.801400   0.823200   0.877600   0.904800 
69   0.724000   0.724000   0.724000   0.724000   0.724000   0.724000   0.724000   0.737800   0.739800   0.798600   0.820600   0.875800   0.903400 
70   0.720000   0.720000   0.720000   0.720000   0.720000   0.720000   0.720000   0.734000   0.736200   0.795800   0.818000   0.874000   0.902000 
71   0.716000   0.716000   0.716000   0.716000   0.716000   0.716000   0.716000   0.730200   0.732600   0.793000   0.815400   0.872200   0.900600 
72   0.712000   0.712000   0.712000   0.712000   0.712000   0.712000   0.712000   0.726400   0.729000   0.790200   0.812800   0.870400   0.899200 
73   0.708000   0.708000   0.708200   0.708000   0.708000   0.708000   0.708000   0.722600   0.725400   0.787400   0.810200   0.868600   0.897800 
74   0.704000   0.704000   0.704400   0.704000   0.704200   0.704000   0.704000   0.718800   0.722000   0.784600   0.807600   0.866800   0.896400 
75   0.700000   0.700000   0.700600   0.700000   0.700400   0.700000   0.700000   0.715000   0.718600   0.781800   0.805000   0.865000   0.895000 
76   0.696000   0.696000   0.696800   0.696000   0.696600   0.696000   0.696000   0.711200   0.715200   0.779000   0.802400   0.863200   0.893600 
77   0.692000   0.692000   0.693000   0.692000   0.692800   0.692000   0.692000   0.707600   0.711800   0.776200   0.799800   0.861400   0.892200 
78   0.688000   0.688000   0.689200   0.688000   0.689000   0.688000   0.688200   0.704000   0.708400   0.773400   0.797200   0.859600   0.890800 
79   0.684000   0.684000   0.685400   0.684000   0.685200   0.684000   0.684400   0.700400   0.705000   0.770600   0.794600   0.857800   0.889400 
80   0.680000   0.680000   0.681600   0.680000   0.681400   0.680200   0.680600   0.696800   0.701600   0.767800   0.792000   0.856000   0.888000 
81   0.676000   0.676000   0.677800   0.676000   0.677600   0.676400   0.676800   0.693200   0.698200   0.765000   0.789400   0.854200   0.886600 
82   0.672000   0.672000   0.674000   0.672000   0.673800   0.672600   0.673000   0.689600   0.694800   0.762200   0.786800   0.852400   0.885200 
83   0.668000   0.668000   0.670200   0.668000   0.670000   0.668800   0.669200   0.686000   0.691400   0.759400   0.784200   0.850600   0.883800 
84   0.664000   0.664000   0.666400   0.664000   0.666200   0.665000   0.665400   0.682400   0.688000   0.756600   0.781600   0.848800   0.882400 
85   0.660000   0.660200   0.662600   0.660200   0.662400   0.661200   0.661600   0.678800   0.684600   0.753800   0.779000   0.847000   0.881000 
86   0.656200   0.656400   0.658800   0.656400   0.658600   0.657400   0.657800   0.675200   0.681200   0.751000   0.776400   0.845200   0.879600 
87   0.652400   0.652600   0.655000   0.652600   0.654800   0.653600   0.654000   0.671600   0.677800   0.748200   0.773800   0.843400   0.878200 
88   0.648600   0.648800   0.651200   0.648800   0.651000   0.649800   0.650200   0.668000   0.674400   0.745400   0.771200   0.841600   0.876800 
89   0.644800   0.645000   0.647400   0.645000   0.647200   0.646000   0.646400   0.664400   0.671000   0.742600   0.768600   0.839800   0.875400 
90   0.641000   0.641200   0.643600   0.641200   0.643400   0.642200   0.642600   0.660800   0.667600   0.739800   0.766000   0.838000   0.874000 
91   0.637200   0.637400   0.639800   0.637400   0.639600   0.638400   0.638800   0.657200   0.664200   0.737000   0.763400   0.836200   0.872600 
92   0.633400   0.633600   0.636000   0.633600   0.635800   0.634600   0.635000   0.653600   0.660800   0.734200   0.760800   0.834400   0.871200 
93   0.629600   0.629800   0.632200   0.629800   0.632000   0.630800   0.631200   0.650200   0.657400   0.731400   0.758200   0.832600   0.869800 
94   0.625800   0.626000   0.628400   0.626000   0.628200   0.627000   0.627400   0.646800   0.654000   0.728600   0.755600   0.830800   0.868400 
95   0.622000   0.622200   0.624600   0.622200   0.624400   0.623200   0.623600   0.643400   0.650800   0.725800   0.753000   0.829000   0.867000 
96   0.618200   0.618400   0.620800   0.618400   0.620600   0.619400   0.620000   0.640000   0.647600   0.723000   0.750400   0.827200   0.865600 
97   0.614400   0.614600   0.617000   0.614600   0.616800   0.615600   0.616400   0.636600   0.644400   0.720200   0.747800   0.825600   0.864200 
98   0.610600   0.610800   0.613200   0.610800   0.613000   0.611800   0.612800   0.633200   0.641200   0.717400   0.745200   0.824000   0.862800 
99   0.606800   0.607000   0.609400   0.607000   0.609200   0.608000   0.609200   0.629800   0.638000   0.714600   0.742600   0.822400   0.861400 
100   0.603000   0.603200   0.605600   0.603200   0.605400   0.604200   0.605600   0.626400   0.634800   0.711800   0.740000   0.820800   0.860000 
101   0.599200   0.599400   0.601800   0.599400   0.601600   0.600400   0.602000   0.623000   0.631600   0.709000   0.737400   0.819200   0.858600 
102   0.595400   0.595600   0.598000   0.595600   0.597800   0.596600   0.598400   0.619600   0.628400   0.706200   0.734800   0.817600   0.857200 
103   0.591600   0.591800   0.594200   0.591800   0.594000   0.592800   0.594800   0.616200   0.625200   0.703400   0.732200   0.816000   0.855800 
104   0.587800   0.588000   0.590400   0.588000   0.590200   0.589000   0.591200   0.612800   0.622000   0.700600   0.729600   0.814400   0.854400 
105   0.584000   0.584200   0.586600   0.584200   0.586600   0.585200   0.587600   0.609400   0.618800   0.697800   0.727000   0.812800   0.853000 
106   0.580200   0.580400   0.582800   0.580400   0.583000   0.581400   0.584000   0.606000   0.615600   0.695000   0.724400   0.811200   0.851600 
107   0.576400   0.576600   0.579000   0.576800   0.579400   0.577600   0.580400   0.602600   0.612400   0.692200   0.721800   0.809600   0.850200 
108   0.572600   0.572800   0.575200   0.573200   0.575800   0.573800   0.576800   0.599200   0.609200   0.689400   0.719200   0.808000   0.848800 
109   0.568800   0.569000   0.571400   0.569600   0.572200   0.570000   0.573200   0.595800   0.606000   0.686600   0.716600   0.806400   0.847400 
110   0.565000   0.565200   0.567600   0.566000   0.568600   0.566200   0.569600   0.592400   0.602800   0.683800   0.714000   0.804800   0.846000 
111   0.561200   0.561400   0.563800   0.562400   0.565000   0.562400   0.566000   0.589000   0.599600   0.681000   0.711400   0.803200   0.844600 
112   0.557400   0.557600   0.560000   0.558800   0.561400   0.558600   0.562400   0.585600   0.596400   0.678200   0.708800   0.801600   0.843200 
113   0.553600   0.553800   0.556200   0.555200   0.557800   0.554800   0.558800   0.582200   0.593400   0.675400   0.706200   0.800000   0.841800 
114   0.549800   0.550000   0.552400   0.551600   0.554200   0.551000   0.555200   0.578800   0.590400   0.672600   0.703600   0.798400   0.840400 
115   0.546000   0.546200   0.548600   0.548000   0.550600   0.547200   0.551600   0.575400   0.587400   0.670000   0.701000   0.796800   0.839000 
116   0.542200   0.542400   0.544800   0.544400   0.547000   0.543400   0.548000   0.572000   0.584400   0.667400   0.698400   0.795200   0.837600 
117   0.538400   0.538600   0.541000   0.540800   0.543400   0.539800   0.544400   0.568600   0.581400   0.664800   0.695800   0.793600   0.836200 
118   0.534600   0.534800   0.537200   0.537200   0.539800   0.536200   0.540800   0.565200   0.578400   0.662200   0.693200   0.792000   0.834800 
119   0.530800   0.531000   0.533400   0.533600   0.536200   0.532600   0.537200   0.562000   0.575400   0.659600   0.690600   0.790400   0.833400 
120   0.527000   0.527200   0.529600   0.530000   0.532600   0.529000   0.533600   0.558800   0.572400   0.657000   0.688000   0.788800   0.832000 
121   0.523200   0.523400   0.525800   0.526400   0.529000   0.525400   0.530000   0.555600   0.569400   0.654400   0.685400   0.787200   0.830600 
122   0.519400   0.519800   0.522200   0.522800   0.525400   0.521800   0.526400   0.552400   0.566400   0.651800   0.682800   0.785600   0.829200 
123   0.515800   0.516200   0.518600   0.519200   0.521800   0.518200   0.522800   0.549200   0.563400   0.649200   0.680200   0.784000   0.827800 
124   0.512200   0.512600   0.515000   0.515600   0.518200   0.514600   0.519200   0.546000   0.560400   0.646800   0.677600   0.782400   0.826400 
125   0.508600   0.509000   0.511400   0.512000   0.514600   0.511000   0.515600   0.542800   0.557600   0.644400   0.675000   0.780800   0.825000 
126   0.505000   0.505400   0.507800   0.508400   0.511000   0.507400   0.512000   0.539800   0.554800   0.642000   0.672400   0.779200   0.823600 
127   0.501400   0.501800   0.504200   0.504800   0.507400   0.503800   0.508400   0.536800   0.552000   0.639600   0.669800   0.777600   0.822200 
128   0.497800   0.498200   0.500600   0.501200   0.503800   0.500200   0.504800   0.533800   0.549200   0.637200   0.667200   0.776000   0.820800 
129   0.494200   0.494600   0.497000   0.497600   0.500200   0.496600   0.501200   0.530800   0.546400   0.634800   0.664600   0.774400   0.819400 
130   0.490600   0.491000   0.493400   0.494000   0.496600   0.493000   0.497600   0.527800   0.543600   0.632400   0.662000   0.772800   0.818000 
131   0.487000   0.487400   0.489800   0.490400   0.493000   0.489400   0.494000   0.524800   0.540800   0.630000   0.659400   0.771200   0.816600 
132   0.483400   0.483800   0.486200   0.486800   0.489400   0.485800   0.490400   0.521800   0.538000   0.627600   0.657000   0.769600   0.815200 
133   0.479800   0.480200   0.482600   0.483200   0.485800   0.482200   0.486800   0.518800   0.535200   0.625200   0.654600   0.768000   0.813800 
134   0.476400   0.476600   0.479000   0.479800   0.482200   0.478600   0.483200   0.515800   0.532400   0.622800   0.652200   0.766400   0.812400 
135   0.473000   0.473000   0.475400   0.476400   0.478600   0.475000   0.479600   0.512800   0.529600   0.620400   0.649800   0.764800   0.811000 
136   0.469600   0.469600   0.471800   0.473000   0.475000   0.471400   0.476000   0.509800   0.526800   0.618000   0.647400   0.763200   0.809600 
137   0.466200   0.466200   0.468200   0.469600   0.471600   0.467800   0.472400   0.506800   0.524000   0.615600   0.645000   0.761600   0.808200 
138   0.462800   0.462800   0.464800   0.466200   0.468200   0.464200   0.468800   0.503800   0.521200   0.613200   0.642600   0.760000   0.806800 
139   0.459400   0.459400   0.461400   0.462800   0.464800   0.460600   0.465200   0.500800   0.518400   0.611000   0.640200   0.758400   0.805400 
140   0.456000   0.456000   0.458000   0.459600   0.461400   0.457000   0.461600   0.497800   0.515600   0.608800   0.637800   0.756800   0.804000 
141   0.452600   0.452600   0.454600   0.456400   0.458000   0.453400   0.458000   0.494800   0.512800   0.606600   0.635400   0.755200   0.802600 
142   0.449200   0.449200   0.451200   0.453200   0.454600   0.449800   0.454400   0.491800   0.510000   0.604400   0.633000   0.753600   0.801200 
143   0.445800   0.445800   0.447800   0.450000   0.451200   0.446200   0.450800   0.488800   0.507200   0.602200   0.630600   0.752000   0.799800 
144   0.442400   0.442400   0.444400   0.446800   0.447800   0.442600   0.447200   0.485800   0.504400   0.600000   0.628200   0.750400   0.798400 
145   0.439000   0.439200   0.441000   0.443600   0.444400   0.439000   0.443600   0.482800   0.501600   0.597800   0.625800   0.748800   0.797000 
146   0.435600   0.436000   0.437600   0.440400   0.441000   0.435600   0.440000   0.479800   0.498800   0.595600   0.623400   0.747200   0.795600 
147   0.432200   0.432800   0.434200   0.437400   0.437600   0.432200   0.436400   0.476800   0.496000   0.593400   0.621200   0.745600   0.794200 
148   0.429000   0.429600   0.430800   0.434400   0.434200   0.428800   0.432800   0.473800   0.493200   0.591200   0.619000   0.744000   0.792800 
149   0.425800   0.426400   0.427400   0.431400   0.430800   0.425400   0.429400   0.470800   0.490400   0.589000   0.616800   0.742400   0.791400 
150   0.422600   0.423200   0.424000   0.428400   0.427400   0.422000   0.426200   0.467800   0.487600   0.586800   0.614600   0.740800   0.790000 
151   0.419400   0.420000   0.420800   0.425400   0.424000   0.418600   0.423000   0.464800   0.484800   0.584600   0.612400   0.739200   0.788600 
152   0.416200   0.416800   0.417800   0.422400   0.420600   0.415200   0.419800   0.461800   0.482000   0.582400   0.610200   0.737600   0.787200 
153   0.413000   0.413600   0.414800   0.419400   0.417200   0.411800   0.416600   0.459000   0.479200   0.580200   0.608000   0.736000   0.785800 
154   0.410000   0.410400   0.411800   0.416400   0.413800   0.408400   0.413400   0.456200   0.476400   0.578000   0.605800   0.734400   0.784400 
155   0.407000   0.407400   0.408800   0.413400   0.410600   0.405000   0.410200   0.453400   0.473600   0.575800   0.603600   0.732800   0.783000 
156   0.404000   0.404400   0.405800   0.410400   0.407400   0.401800   0.407000   0.450600   0.470800   0.573600   0.601400   0.731200   0.781600 
157   0.401000   0.401400   0.402800   0.407400   0.404200   0.398600   0.403800   0.447800   0.468000   0.571400   0.599200   0.729600   0.780200 
158   0.398000   0.398400   0.399800   0.404400   0.401000   0.395400   0.400600   0.445000   0.465200   0.569200   0.597000   0.728000   0.778800 
159   0.395000   0.395400   0.396800   0.401400   0.397800   0.392200   0.397400   0.442200   0.462400   0.567000   0.594800   0.726400   0.777400 
160   0.392000   0.392400   0.393800   0.398400   0.394600   0.389000   0.394200   0.439400   0.459600   0.564800   0.592600   0.724800   0.776000 
161   0.389000   0.389400   0.390800   0.395400   0.391400   0.385800   0.391000   0.436600   0.456800   0.562600   0.590400   0.723200   0.774600 
162   0.386000   0.386400   0.387800   0.392400   0.388200   0.382600   0.387800   0.433800   0.454000   0.560400   0.588200   0.721600   0.773200 
163   0.383000   0.383400   0.384800   0.389400   0.385200   0.379400   0.384600   0.431000   0.451400   0.558200   0.586000   0.720000   0.771800 
164   0.380000   0.380400   0.381800   0.386400   0.382200   0.376200   0.381400   0.428200   0.448800   0.556000   0.583800   0.718400   0.770400 
165   0.377000   0.377400   0.378800   0.383400   0.379200   0.373200   0.378200   0.425400   0.446200   0.553800   0.581600   0.716800   0.769000 
166   0.374000   0.374400   0.375800   0.380400   0.376200   0.370200   0.375000   0.422600   0.443600   0.551600   0.579400   0.715200   0.767600 
167   0.371000   0.371400   0.372800   0.377400   0.373200   0.367400   0.371800   0.419800   0.441000   0.549400   0.577200   0.713600   0.766200 
168   0.368000   0.368400   0.369800   0.374400   0.370200   0.364600   0.368600   0.417000   0.438400   0.547200   0.575000   0.712000   0.764800 
169   0.365000   0.365400   0.366800   0.371400   0.367200   0.361800   0.365400   0.414200   0.435800   0.545000   0.572800   0.710400   0.763400 
170   0.362000   0.362400   0.363800   0.368400   0.364200   0.359000   0.362200   0.411400   0.433200   0.542800   0.570600   0.708800   0.762000 
171   0.359000   0.359400   0.360800   0.365400   0.361200   0.356200   0.359000   0.408600   0.430600   0.540600   0.568400   0.707200   0.760600 
172   0.356000   0.356400   0.357800   0.362400   0.358200   0.353400   0.355800   0.405800   0.428000   0.538400   0.566200   0.705600   0.759200 
173   0.353000   0.353400   0.354800   0.359400   0.355200   0.350800   0.352600   0.403000   0.425400   0.536200   0.564000   0.704000   0.757800 
174   0.350000   0.350400   0.351800   0.356400   0.352200   0.348200   0.349400   0.400200   0.422800   0.534000   0.561800   0.702400   0.756400 
175   0.347000   0.347400   0.348800   0.353400   0.349400   0.345600   0.346200   0.397400   0.420200   0.531800   0.559600   0.700800   0.755000 
176   0.344000   0.344400   0.345800   0.350400   0.346600   0.343000   0.343000   0.394600   0.417600   0.529600   0.557400   0.699200   0.753600 
177   0.341000   0.341400   0.342800   0.347400   0.343800   0.340400   0.339800   0.391800   0.415000   0.527400   0.555200   0.697600   0.752200 
178   0.338000   0.338400   0.339800   0.344400   0.341000   0.337800   0.336600   0.389000   0.412400   0.525200   0.553000   0.696000   0.750800 
179   0.335000   0.335400   0.336800   0.341400   0.338200   0.335200   0.333400   0.386200   0.409800   0.523000   0.550800   0.694400   0.749400 
180   0.332000   0.332400   0.333800   0.338400   0.335400   0.332600   0.330200   0.383400   0.407200   0.520800   0.548600   0.692800   0.748000 
181   0.329000   0.329400   0.330800   0.335400   0.332600   0.330000   0.327000   0.380600   0.404800   0.518600   0.546400   0.691200   0.746600 
182   0.326000   0.326400   0.327800   0.332400   0.329800   0.327400   0.323800   0.377800   0.402400   0.516400   0.544200   0.689600   0.745200 
183   0.323000   0.323400   0.324800   0.329400   0.327000   0.325000   0.320800   0.375000   0.400000   0.514200   0.542000   0.688000   0.743800 
184   0.320000   0.320600   0.322000   0.326400   0.324200   0.322600   0.317800   0.372200   0.397600   0.512000   0.539800   0.686400   0.742400 
185   0.317000   0.317800   0.319200   0.323400   0.321400   0.320200   0.314800   0.369400   0.395200   0.509800   0.537600   0.684800   0.741000 
186   0.314000   0.315000   0.316400   0.320400   0.318600   0.317800   0.311800   0.366600   0.392800   0.507600   0.535400   0.683200   0.739600 
187   0.311000   0.312200   0.313600   0.317400   0.316000   0.315400   0.308800   0.363800   0.390600   0.505400   0.533200   0.681600   0.738200 
188   0.308000   0.309400   0.310800   0.314400   0.313400   0.313000   0.305800   0.361000   0.388400   0.503200   0.531000   0.680000   0.736800 
189   0.305000   0.306600   0.308000   0.311400   0.310800   0.310600   0.302800   0.358200   0.386200   0.501000   0.528800   0.678400   0.735400 
190   0.302000   0.303800   0.305200   0.308400   0.308200   0.308200   0.300000   0.355400   0.384000   0.498800   0.526600   0.676800   0.734000 
191   0.299200   0.301000   0.302400   0.305400   0.305600   0.305800   0.297200   0.352600   0.381800   0.496600   0.524400   0.675200   0.732600 
192   0.296400   0.298200   0.299600   0.302400   0.303000   0.303400   0.294600   0.350000   0.379600   0.494400   0.522200   0.673600   0.731200 
193   0.293600   0.295400   0.296800   0.299400   0.300400   0.301000   0.292000   0.347400   0.377400   0.492200   0.520000   0.672000   0.729800 
194   0.290800   0.292600   0.294000   0.296400   0.297800   0.298600   0.289400   0.344800   0.375200   0.490000   0.517800   0.670400   0.728400 
195   0.288000   0.289800   0.291200   0.293400   0.295200   0.296200   0.286800   0.342200   0.373200   0.487800   0.515600   0.668800   0.727000 
196   0.285200   0.287000   0.288400   0.290400   0.292600   0.293800   0.284200   0.339600   0.371200   0.485600   0.513600   0.667200   0.725600 
197   0.282400   0.284200   0.285600   0.287400   0.290000   0.291400   0.281600   0.337000   0.369200   0.483400   0.511600   0.665600   0.724200 
198   0.279600   0.281400   0.282800   0.284600   0.287400   0.289000   0.279000   0.334400   0.367200   0.481200   0.509600   0.664000   0.722800 
199   0.276800   0.278600   0.280000   0.281800   0.284800   0.286600   0.276400   0.331800   0.365200   0.479000   0.507600   0.662400   0.721400 
200   0.274000   0.275800   0.277200   0.279200   0.282200   0.284200   0.273800   0.329200   0.363400   0.476800   0.505600   0.660800   0.720000 
201   0.271200   0.273000   0.274400   0.276600   0.279800   0.282000   0.271400   0.326600   0.361800   0.474600   0.503600   0.659200   0.718600 
202   0.268400   0.270200   0.271600   0.274000   0.277400   0.279800   0.269000   0.324000   0.360200   0.472400   0.501600   0.657600   0.717200 
203   0.265600   0.267400   0.268800   0.271600   0.275200   0.277600   0.266600   0.321400   0.358600   0.470200   0.499600   0.656000   0.715800 
204   0.263000   0.264600   0.266000   0.269200   0.273000   0.275400   0.264200   0.318800   0.357000   0.468000   0.497600   0.654400   0.714400 
205   0.260400   0.261800   0.263200   0.266800   0.270800   0.273200   0.261800   0.316200   0.355400   0.465800   0.495600   0.652800   0.713000 
206   0.257800   0.259000   0.260400   0.264400   0.268600   0.271200   0.259600   0.313600   0.353800   0.463600   0.493600   0.651200   0.711600 
207   0.255200   0.256400   0.257600   0.262000   0.266400   0.269200   0.257400   0.311000   0.352200   0.461400   0.491600   0.649600   0.710200 
208   0.252600   0.253800   0.254800   0.259600   0.264200   0.267200   0.255200   0.308400   0.350600   0.459200   0.489600   0.648000   0.708800 
209   0.250000   0.251200   0.252000   0.257200   0.262000   0.265200   0.253000   0.306000   0.349000   0.457000   0.487600   0.646400   0.707400 
210   0.247400   0.248600   0.249400   0.254800   0.259800   0.263200   0.250800   0.303600   0.347400   0.454800   0.485600   0.644800   0.706000 
211   0.244800   0.246000   0.246800   0.252400   0.257600   0.261200   0.248600   0.301200   0.345800   0.452600   0.483600   0.643200   0.704600 
212   0.242200   0.243400   0.244200   0.250000   0.255400   0.259200   0.246400   0.298800   0.344200   0.450400   0.481600   0.641600   0.703200 
213   0.239600   0.240800   0.241600   0.247600   0.253200   0.257200   0.244200   0.296400   0.342800   0.448200   0.479600   0.640000   0.701800 
214   0.237000   0.238200   0.239000   0.245200   0.251000   0.255200   0.242000   0.294000   0.341600   0.446000   0.477600   0.638400   0.700400 
215   0.234400   0.235800   0.236600   0.242800   0.248800   0.253200   0.239800   0.291600   0.340400   0.443800   0.475600   0.636800   0.699000 
216   0.231800   0.233400   0.234200   0.240400   0.246600   0.251200   0.237600   0.289200   0.339200   0.441800   0.473600   0.635200   0.697600 
217   0.229400   0.231000   0.231800   0.238000   0.244400   0.249200   0.235400   0.286800   0.338000   0.439800   0.471600   0.633600   0.696200 
218   0.227000   0.228600   0.229400   0.235800   0.242200   0.247200   0.233400   0.284400   0.336800   0.437800   0.469600   0.632000   0.694800 
219   0.224600   0.226200   0.227000   0.233600   0.240000   0.245200   0.231400   0.282000   0.335800   0.435800   0.467600   0.630400   0.693400 
220   0.222200   0.223800   0.224600   0.231400   0.237800   0.243200   0.229400   0.279800   0.334800   0.433800   0.465600   0.628800   0.692000 
221   0.219800   0.221400   0.222200   0.229200   0.235600   0.241200   0.227400   0.277600   0.333800   0.431800   0.463600   0.627200   0.690600 
222   0.217400   0.219000   0.220000   0.227000   0.233400   0.239200   0.225400   0.275400   0.332800   0.429800   0.461600   0.625600   0.689200 
223   0.215000   0.216800   0.217800   0.224800   0.231200   0.237200   0.223400   0.273200   0.331800   0.427800   0.459600   0.624000   0.687800 
224   0.212600   0.214600   0.215600   0.222800   0.229000   0.235200   0.221400   0.271000   0.330800   0.425800   0.457600   0.622400   0.686400 
225   0.210200   0.212600   0.213400   0.220800   0.226800   0.233200   0.219400   0.268800   0.329800   0.423800   0.455600   0.620800   0.685000 
226   0.207800   0.210600   0.211200   0.218800   0.224600   0.231200   0.217400   0.266600   0.328800   0.421800   0.453600   0.619200   0.683600 
227   0.205400   0.208600   0.209000   0.216800   0.222400   0.229200   0.215600   0.264400   0.327800   0.419800   0.451600   0.617800   0.682200 
228   0.203200   0.206600   0.206800   0.214800   0.220200   0.227200   0.213800   0.262400   0.326800   0.417800   0.449600   0.616400   0.680800 
229   0.201000   0.204600   0.204800   0.212800   0.218000   0.225200   0.212000   0.260600   0.325800   0.415800   0.447600   0.615000   0.679400 
230   0.198800   0.202600   0.202800   0.210800   0.215800   0.223200   0.210200   0.258800   0.324800   0.413800   0.445800   0.613600   0.678000 
231   0.197000   0.200600   0.200800   0.208800   0.213800   0.221200   0.208400   0.257000   0.323800   0.411800   0.444000   0.612200   0.676600 
232   0.195200   0.198600   0.198800   0.206800   0.212000   0.219200   0.206600   0.255200   0.322800   0.409800   0.442200   0.610800   0.675200 
233   0.193400   0.196600   0.196800   0.204800   0.210200   0.217200   0.205000   0.253400   0.321800   0.407800   0.440400   0.609400   0.673800 
234   0.191600   0.194600   0.194800   0.202800   0.208400   0.215200   0.203400   0.251600   0.320800   0.406000   0.438600   0.608000   0.672400 
235   0.189800   0.192600   0.192800   0.200800   0.206600   0.213200   0.201800   0.249800   0.319800   0.404200   0.436800   0.606600   0.671000 
236   0.188000   0.190800   0.190800   0.198800   0.204800   0.211200   0.200400   0.248000   0.318800   0.402400   0.435000   0.605200   0.669600 
237   0.186200   0.189000   0.188800   0.196800   0.203000   0.209200   0.199000   0.246200   0.317800   0.400800   0.433200   0.603800   0.668200 
238   0.184400   0.187200   0.186800   0.194800   0.201200   0.207200   0.197600   0.244400   0.316800   0.399200   0.431400   0.602400   0.666800 
239   0.182600   0.185400   0.184800   0.192800   0.199400   0.205400   0.196200   0.242600   0.315800   0.397600   0.429600   0.601000   0.665400 
240   0.180800   0.183600   0.182800   0.191000   0.197600   0.203600   0.194800   0.240800   0.314800   0.396000   0.427800   0.599600   0.664000 
241   0.179000   0.181800   0.181000   0.189200   0.195800   0.202000   0.193400   0.239000   0.313800   0.394400   0.426000   0.598200   0.662600 
242   0.177200   0.180000   0.179200   0.187400   0.194000   0.200400   0.192000   0.237400   0.312800   0.392800   0.424200   0.596800   0.661200 
243   0.175400   0.178200   0.177400   0.185600   0.192400   0.198800   0.190800   0.235800   0.311800   0.391200   0.422400   0.595400   0.659800 
244   0.173600   0.176400   0.175600   0.183800   0.190800   0.197200   0.189600   0.234200   0.310800   0.389600   0.420600   0.594000   0.658400 
245   0.171800   0.174600   0.173800   0.182000   0.189200   0.195600   0.188400   0.232600   0.309800   0.388000   0.418800   0.592600   0.657000 
246   0.170200   0.173000   0.172200   0.180200   0.187600   0.194000   0.187200   0.231000   0.308800   0.386400   0.417200   0.591200   0.655600 
247   0.168600   0.171400   0.170800   0.178400   0.186000   0.192400   0.186000   0.229400   0.307800   0.384800   0.415600   0.589800   0.654200 
248   0.167000   0.169800   0.169400   0.177000   0.184400   0.190800   0.184800   0.227800   0.306800   0.383200   0.414000   0.588400   0.652800 
249   0.165400   0.168400   0.168000   0.175600   0.182800   0.189200   0.183600   0.226400   0.305800   0.381600   0.412400   0.587000   0.651400 
250   0.164000   0.167000   0.166600   0.174200   0.181200   0.187600   0.182400   0.225000   0.304800   0.380000   0.410800   0.585600   0.650000 
251   0.162600   0.165600   0.165200   0.173000   0.179600   0.186000   0.181200   0.223600   0.303800   0.378600   0.409200   0.584200   0.648600 
252   0.161400   0.164200   0.163800   0.172000   0.178200   0.184400   0.180000   0.222200   0.302800   0.377200   0.407600   0.582800   0.647200 
253   0.160200   0.162800   0.162600   0.171000   0.177000   0.182800   0.178800   0.220800   0.301800   0.375800   0.406000   0.581400   0.645800 
254   0.159200   0.161400   0.161400   0.170000   0.175800   0.181200   0.177600   0.219400   0.300800   0.374400   0.404400   0.580000   0.644400 
255   0.158200   0.160000   0.160200   0.169000   0.175000   0.179600   0.176400   0.218200   0.299800   0.373000   0.402800   0.578600   0.643000 
256   0.157200   0.158600   0.159000   0.168200   0.174200   0.178000   0.175200   0.217000   0.298800   0.371600   0.401200   0.577200   0.641600 
257   0.156200   0.157200   0.158200   0.167400   0.173400   0.176400   0.174000   0.215800   0.298000   0.370200   0.399600   0.575800   0.640200 
258   0.155200   0.156000   0.157400   0.166600   0.172600   0.175000   0.172800   0.214600   0.297200   0.368800   0.398000   0.574400   0.639000 
259   0.154200   0.154800   0.156600   0.165800   0.171800   0.173600   0.171600   0.213400   0.296400   0.367400   0.396400   0.573000   0.637800 
260   0.153200   0.153600   0.155800   0.165000   0.171000   0.172200   0.170400   0.212200   0.295600   0.366000   0.394800   0.571600   0.636600 
261   0.152200   0.152600   0.155000   0.164200   0.170200   0.170800   0.169200   0.211000   0.294800   0.364600   0.393200   0.570200   0.635400 
262   0.151400   0.151600   0.154200   0.163400   0.169400   0.169600   0.168000   0.209800   0.294000   0.363200   0.391600   0.568800   0.634400 
263   0.150600   0.150600   0.153400   0.162600   0.168600   0.168400   0.167000   0.208600   0.293200   0.361800   0.390000   0.567400   0.633400 
264   0.149800   0.149800   0.152600   0.161800   0.167800   0.167400   0.166000   0.207400   0.292400   0.360400   0.388400   0.566000   0.632400 
265   0.149000   0.149000   0.151800   0.161200   0.167000   0.166600   0.165000   0.206200   0.291600   0.359000   0.386800   0.564600   0.631400 
266   0.148200   0.148200   0.151000   0.160600   0.166200   0.166000   0.164000   0.205000   0.290800   0.357600   0.385200   0.563200   0.630400 
267   0.147400   0.147400   0.150200   0.160000   0.165400   0.165400   0.163000   0.203800   0.290000   0.356200   0.383600   0.561800   0.629400 
268   0.146600   0.146600   0.149400   0.159400   0.164600   0.164800   0.162000   0.202600   0.289200   0.354800   0.382000   0.560400   0.628400 
269   0.145800   0.145800   0.148600   0.158800   0.163800   0.164200   0.161000   0.201400   0.288400   0.353400   0.380400   0.559000   0.627400 
270   0.145200   0.145000   0.147800   0.158200   0.163000   0.163600   0.160000   0.200200   0.287600   0.352000   0.378800   0.557600   0.626400 
271   0.144600   0.144200   0.147000   0.157600   0.162200   0.163000   0.159000   0.199000   0.286800   0.350600   0.377200   0.556200   0.625400 
272   0.144000   0.143600   0.146200   0.157000   0.161400   0.162400   0.158000   0.197800   0.286000   0.349200   0.375600   0.554800   0.624400 
273   0.143400   0.143000   0.145400   0.156400   0.160600   0.161800   0.157000   0.196600   0.285200   0.347800   0.374000   0.553400   0.623400 
274   0.142800   0.142400   0.144600   0.155800   0.159800   0.161200   0.156000   0.195400   0.284400   0.346400   0.372400   0.552000   0.622400 
275   0.142200   0.141800   0.143800   0.155200   0.159000   0.160600   0.155200   0.194200   0.283600   0.345000   0.370800   0.550600   0.621400 
276   0.141600   0.141200   0.143200   0.154600   0.158200   0.160000   0.154600   0.193000   0.282800   0.343600   0.369200   0.549200   0.620400 
277   0.141000   0.140600   0.142800   0.154000   0.157400   0.159400   0.154000   0.191800   0.282000   0.342200   0.367600   0.547800   0.619400 
278   0.140400   0.140000   0.142400   0.153400   0.156600   0.158800   0.153400   0.190600   0.281200   0.340600   0.366000   0.546400   0.618400 
279   0.139800   0.139400   0.142000   0.152800   0.156000   0.158200   0.152800   0.189400   0.280400   0.339000   0.364400   0.545000   0.617400 
280   0.139200   0.138800   0.141600   0.152200   0.155400   0.157600   0.152200   0.188200   0.279600   0.337400   0.362800   0.543600   0.616400 
281   0.138600   0.138200   0.141400   0.151600   0.154800   0.157000   0.151600   0.187000   0.278600   0.335800   0.361200   0.542200   0.615400 
282   0.138000   0.137600   0.141200   0.151000   0.154200   0.156400   0.151000   0.185800   0.277600   0.334200   0.359600   0.540800   0.614400 
283   0.137400   0.137000   0.141000   0.150400   0.153600   0.155800   0.150400   0.184600   0.276600   0.332600   0.358000   0.539400   0.613400 
284   0.136800   0.136400   0.140800   0.149800   0.153000   0.155200   0.149800   0.183800   0.275600   0.331000   0.356400   0.538000   0.612400 
285   0.136200   0.135800   0.140600   0.149200   0.152400   0.154600   0.149200   0.183000   0.274600   0.329400   0.354800   0.536600   0.611400 
286   0.135800   0.135400   0.140400   0.148600   0.151800   0.154000   0.148600   0.182200   0.273600   0.327800   0.353200   0.535200   0.610400 
287   0.135400   0.135000   0.140200   0.148200   0.151200   0.153400   0.148000   0.181400   0.272600   0.326200   0.351600   0.533800   0.609400 
288   0.135000   0.134600   0.140000   0.147800   0.150600   0.152800   0.147400   0.180600   0.271600   0.324600   0.350000   0.532400   0.608400 
289   0.134600   0.134200   0.139800   0.147400   0.150000   0.152200   0.146800   0.179800   0.270600   0.323200   0.348400   0.531000   0.607400 
290   0.134200   0.133800   0.139600   0.147200   0.149400   0.151600   0.146200   0.179000   0.269600   0.321800   0.346800   0.529600   0.606400 
291   0.133800   0.133400   0.139400   0.147000   0.148800   0.151000   0.145600   0.178200   0.268600   0.320400   0.345200   0.528200   0.605400 
292   0.133400   0.133200   0.139200   0.146800   0.148200   0.150400   0.145000   0.177400   0.267600   0.318800   0.343600   0.526800   0.604400 
293   0.133000   0.133000   0.139000   0.146600   0.147800   0.149800   0.144600   0.176600   0.266600   0.317200   0.342000   0.525400   0.603400 
294   0.132600   0.132800   0.138800   0.146400   0.147400   0.149200   0.144200   0.175800   0.265600   0.315600   0.340400   0.524000   0.602400 
295   0.132200   0.132600   0.138600   0.146200   0.147000   0.148600   0.143800   0.175000   0.264600   0.314000   0.338800   0.522600   0.601400 
296   0.132000   0.132400   0.138400   0.146000   0.146600   0.148000   0.143400   0.174200   0.263600   0.312400   0.337200   0.521200   0.600400 
297   0.131800   0.132200   0.138200   0.145800   0.146200   0.147400   0.143000   0.173400   0.262600   0.310800   0.335600   0.519800   0.599400 
298   0.131600   0.132000   0.138000   0.145600   0.145800   0.146800   0.142600   0.172600   0.261600   0.309200   0.334000   0.518400   0.598400 
299   0.131400   0.131800   0.137800   0.145400   0.145400   0.146200   0.142200   0.171800   0.260600   0.307600   0.332400   0.517000   0.597400 
300   0.131200   0.131600   0.137600   0.145200   0.145000   0.145600   0.141800   0.171000   0.259600   0.306000   0.330800   0.515600   0.596400 
301   0.131000   0.131400   0.137400   0.145000   0.144600   0.145200   0.141400   0.170400   0.258600   0.304400   0.329200   0.514200   0.595400 
302   0.130800   0.131200   0.137200   0.144800   0.144200   0.144800   0.141000   0.169800   0.257600   0.302800   0.327600   0.512800   0.594400 
303   0.130600   0.131000   0.137000   0.144600   0.143800   0.144400   0.140600   0.169200   0.256600   0.301200   0.326000   0.511400   0.593400 
304   0.130400   0.130800   0.136800   0.144400   0.143400   0.144200   0.140200   0.168600   0.255600   0.299600   0.324400   0.510000   0.592400 
305   0.130200   0.130600   0.136600   0.144200   0.143000   0.144000   0.139800   0.168000   0.254600   0.298200   0.322800   0.508600   0.591400 
306   0.130000   0.130400   0.136400   0.144000   0.142600   0.143800   0.139400   0.167600   0.253600   0.296800   0.321200   0.507200   0.590400 
307   0.129800   0.130200   0.136200   0.143800   0.142400   0.143600   0.139000   0.167200   0.252600   0.295400   0.319600   0.505800   0.589400 
308   0.129600   0.130000   0.136000   0.143600   0.142200   0.143400   0.138600   0.166800   0.251600   0.294000   0.318000   0.504400   0.588400 
309   0.129400   0.129800   0.135800   0.143400   0.142000   0.143200   0.138200   0.166400   0.250600   0.292600   0.316400   0.503000   0.587400 
310   0.129200   0.129600   0.135600   0.143200   0.141800   0.143000   0.137800   0.165800   0.249600   0.291400   0.314800   0.501600   0.586400 
311   0.129000   0.129400   0.135400   0.143000   0.141600   0.142800   0.137400   0.165200   0.248600   0.290200   0.313200   0.500200   0.585400 
312   0.128800   0.129200   0.135200   0.142800   0.141400   0.142600   0.137000   0.164600   0.247600   0.289000   0.311600   0.498800   0.584400 
313   0.128600   0.129000   0.135000   0.142600   0.141200   0.142400   0.136600   0.164000   0.246600   0.287800   0.310000   0.497400   0.583400 
314   0.128400   0.128800   0.134800   0.142400   0.141000   0.142200   0.136200   0.163400   0.245600   0.286600   0.308400   0.496000   0.582400 
315   0.128200   0.128600   0.134600   0.142200   0.140800   0.142000   0.135800   0.162800   0.244600   0.285400   0.306800   0.494600   0.581600 
316   0.128000   0.128400   0.134400   0.142200   0.140600   0.141800   0.135400   0.162200   0.243600   0.284200   0.305200   0.493200   0.580800 
317   0.127800   0.128200   0.134200   0.142200   0.140400   0.141600   0.135000   0.161600   0.242600   0.283000   0.303600   0.491800   0.580000 
318   0.127600   0.128000   0.134000   0.142200   0.140200   0.141400   0.134600   0.161000   0.241600   0.281800   0.302000   0.490400   0.579200 
319   0.127400   0.127600   0.133800   0.142200   0.140000   0.141200   0.134200   0.160400   0.240600   0.280600   0.300400   0.489000   0.578400 
320   0.127200   0.127200   0.133600   0.142200   0.139800   0.141000   0.133800   0.159800   0.239600   0.279400   0.298800   0.487600   0.577600 
321   0.127000   0.126800   0.133200   0.142200   0.139600   0.140800   0.133400   0.159200   0.238600   0.278200   0.297200   0.486200   0.576800 
322   0.126800   0.126400   0.132800   0.142200   0.139400   0.140600   0.133200   0.158600   0.237600   0.277000   0.295600   0.484800   0.576000 
323   0.126600   0.126000   0.132400   0.142200   0.139400   0.140400   0.133000   0.158000   0.236600   0.275800   0.294000   0.483400   0.575200 
324   0.126400   0.125600   0.132000   0.142200   0.139400   0.140200   0.132800   0.157400   0.235600   0.274600   0.292400   0.482000   0.574400 
325   0.126200   0.125200   0.131600   0.142200   0.139400   0.140000   0.132600   0.156800   0.234600   0.273400   0.290800   0.480600   0.573600 
326   0.126000   0.124800   0.131200   0.142200   0.139400   0.139800   0.132400   0.156200   0.233600   0.272200   0.289200   0.479200   0.572800 
327   0.125800   0.124400   0.131000   0.142200   0.139400   0.139600   0.132400   0.155600   0.232600   0.271000   0.287800   0.477800   0.572000 
328   0.125600   0.124000   0.130800   0.142200   0.139400   0.139200   0.132400   0.155000   0.231600   0.269800   0.286400   0.476400   0.571200 
329   0.125400   0.123800   0.130600   0.142200   0.139400   0.138800   0.132400   0.154400   0.230600   0.268800   0.285000   0.475000   0.570400 
330   0.125200   0.123600   0.130400   0.142200   0.139400   0.138400   0.132400   0.153800   0.229600   0.267800   0.283600   0.473600   0.569600 
331   0.125000   0.123400   0.130200   0.142200   0.139400   0.138000   0.132400   0.153200   0.228600   0.266800   0.282200   0.472200   0.568800 
332   0.124800   0.123200   0.130000   0.142200   0.139400   0.137600   0.132400   0.152600   0.227600   0.266000   0.280800   0.470800   0.568000 
333   0.124600   0.123000   0.129800   0.142200   0.139400   0.137200   0.132400   0.152000   0.226600   0.265200   0.279400   0.469400   0.567200 
334   0.124400   0.122800   0.129400   0.142200   0.139400   0.136800   0.132400   0.151400   0.225600   0.264400   0.278000   0.468000   0.566400 
335   0.124200   0.122600   0.129000   0.142200   0.139400   0.136400   0.132400   0.150800   0.224600   0.263600   0.276600   0.466600   0.565600 
336   0.124000   0.122400   0.128600   0.142200   0.139400   0.136000   0.132400   0.150200   0.223600   0.262800   0.275200   0.465200   0.564800 
337   0.123800   0.122200   0.128200   0.142000   0.139200   0.135600   0.132600   0.149600   0.222600   0.262000   0.273800   0.463800   0.564000 
338   0.123400   0.121800   0.127800   0.141800   0.139000   0.135200   0.132800   0.149200   0.221800   0.261200   0.272400   0.462400   0.563200 
339   0.123000   0.121400   0.127400   0.141600   0.138800   0.134600   0.133000   0.148800   0.221000   0.260400   0.271000   0.461000   0.562400 
340   0.122600   0.121000   0.127000   0.141400   0.138600   0.134000   0.133200   0.148400   0.220200   0.259600   0.269600   0.459600   0.561600 
341   0.122200   0.120600   0.126600   0.141200   0.138400   0.133400   0.133200   0.148000   0.219600   0.258800   0.268200   0.458200   0.560800 
342   0.121800   0.120200   0.126200   0.141000   0.138200   0.132800   0.133200   0.147600   0.219000   0.258000   0.266800   0.456800   0.560000 
343   0.121400   0.119800   0.125800   0.140800   0.138000   0.132200   0.133200   0.147200   0.218400   0.257400   0.265400   0.455400   0.559200 
344   0.121000   0.119400   0.125400   0.140400   0.137800   0.131600   0.133200   0.147000   0.217800   0.256800   0.264000   0.454000   0.558400 
345   0.120600   0.119000   0.125000   0.140000   0.137600   0.131000   0.133200   0.146800   0.217200   0.256200   0.262600   0.452600   0.557600 
346   0.120200   0.118600   0.124600   0.139600   0.137400   0.130400   0.133200   0.146600   0.216800   0.255600   0.261400   0.451200   0.556800 
347   0.119800   0.118200   0.124200   0.139200   0.137200   0.129800   0.133200   0.146400   0.216400   0.255000   0.260200   0.449800   0.556000 
348   0.119400   0.117800   0.123800   0.138800   0.137000   0.129200   0.133200   0.146200   0.216000   0.254400   0.259000   0.448400   0.555200 
349   0.119000   0.117400   0.123400   0.138400   0.136800   0.128600   0.133200   0.146000   0.215600   0.253800   0.257800   0.447000   0.554400 
350   0.118600   0.117000   0.123000   0.138000   0.136600   0.128000   0.133200   0.146000   0.215200   0.253200   0.256600   0.445600   0.553600 
351   0.118200   0.116600   0.122600   0.137600   0.136400   0.127400   0.133200   0.146000   0.214800   0.252600   0.255400   0.444200   0.552800 
352   0.117800   0.116200   0.122200   0.137200   0.136200   0.126800   0.133200   0.146000   0.214400   0.252000   0.254200   0.442800   0.552000 
353   0.117400   0.115800   0.121800   0.136800   0.136000   0.126200   0.133200   0.146000   0.214000   0.251400   0.253000   0.441400   0.551200 
354   0.117000   0.115400   0.121600   0.136400   0.135800   0.125600   0.133200   0.146000   0.213600   0.250800   0.251800   0.440000   0.550400 
355   0.116600   0.115200   0.121400   0.136000   0.135400   0.125000   0.133000   0.146000   0.213200   0.250200   0.250600   0.438600   0.549600 
356   0.116200   0.115000   0.121200   0.135600   0.135000   0.124400   0.132800   0.146000   0.212800   0.249600   0.249400   0.437200   0.548800 
357   0.115800   0.114800   0.121000   0.135200   0.134600   0.123800   0.132600   0.146000   0.212400   0.249000   0.248200   0.435800   0.548000 
358   0.115400   0.114600   0.120800   0.134800   0.134200   0.123200   0.132400   0.146000   0.212000   0.248400   0.247000   0.434400   0.547200 
359   0.115200   0.114400   0.120600   0.134400   0.133800   0.122600   0.132200   0.146000   0.211600   0.247800   0.245800   0.433000   0.546400 
360   0.115000   0.114200   0.120400   0.134000   0.133400   0.122000   0.132000   0.146000   0.211200   0.247200   0.244600   0.431600   0.545600 
361   0.114800   0.114000   0.120200   0.133600   0.133000   0.121400   0.131800   0.146000   0.210800   0.246600   0.243400   0.430200   0.544800 
362   0.114600   0.113800   0.120000   0.133200   0.132600   0.120800   0.131600   0.146000   0.210400   0.246000   0.242200   0.428800   0.544000 
363   0.114400   0.113600   0.119800   0.132800   0.132200   0.120200   0.131400   0.146000   0.210000   0.245400   0.241000   0.427400   0.543200 
364   0.114200   0.113400   0.119600   0.132400   0.131800   0.119600   0.131200   0.146000   0.209600   0.244800   0.239800   0.426000   0.542400 
365   0.114000   0.113200   0.119400   0.132000   0.131400   0.119000   0.131000   0.146000   0.209200   0.244200   0.238600   0.424600   0.541600 
366   0.113800   0.113000   0.119200   0.131800   0.131000   0.118400   0.130800   0.146000   0.208800   0.243600   0.237400   0.423200   0.540800 
367   0.113600   0.112800   0.119000   0.131600   0.130600   0.117800   0.130600   0.146000   0.208400   0.243000   0.236200   0.421800   0.540000 
368   0.113400   0.112600   0.118800   0.131400   0.130200   0.117200   0.130400   0.146000   0.208000   0.242400   0.235000   0.420400   0.539200 
369   0.113200   0.112400   0.118600   0.131200   0.129800   0.116600   0.130200   0.146000   0.207600   0.241800   0.233800   0.419000   0.538400 
370   0.113000   0.112200   0.118400   0.131000   0.129400   0.116000   0.130000   0.146000   0.207200   0.241200   0.232600   0.417600   0.537600 
371   0.112800   0.112000   0.118200   0.130800   0.129000   0.115400   0.129800   0.146000   0.206800   0.240600   0.231400   0.416200   0.536800 
372   0.112600   0.111800   0.118000   0.130600   0.128600   0.114800   0.129600   0.146000   0.206400   0.240000   0.230200   0.414800   0.536200 
373   0.112400   0.111600   0.117800   0.130400   0.128200   0.114400   0.129400   0.146000   0.206000   0.239400   0.229000   0.413400   0.535600 
374   0.112200   0.111400   0.117600   0.130200   0.127800   0.114000   0.129200   0.146000   0.205800   0.238800   0.227800   0.412000   0.535000 
375   0.112000   0.111200   0.117400   0.130000   0.127400   0.113600   0.129000   0.146000   0.205600   0.238200   0.226600   0.410600   0.534400 
376   0.111800   0.111000   0.117200   0.129800   0.127000   0.113200   0.128800   0.146000   0.205400   0.237600   0.225400   0.409200   0.533800 
377   0.111600   0.110800   0.117000   0.129600   0.126600   0.112800   0.128600   0.146000   0.205200   0.237000   0.224200   0.407800   0.533200 
378   0.111400   0.110600   0.116800   0.129400   0.126200   0.112400   0.128400   0.146000   0.205000   0.236400   0.223000   0.406400   0.532600 
379   0.111200   0.110400   0.116600   0.129200   0.125800   0.112000   0.128200   0.146000   0.204800   0.235800   0.221800   0.405000   0.532000 
380   0.111000   0.110200   0.116400   0.129000   0.125400   0.111800   0.128000   0.146000   0.204600   0.235200   0.220600   0.403600   0.531400 
381   0.110800   0.110000   0.116200   0.128800   0.125000   0.111600   0.127800   0.145800   0.204400   0.234600   0.219400   0.402200   0.530800 
382   0.110600   0.109800   0.116000   0.128600   0.124600   0.111400   0.127600   0.145600   0.204200   0.234000   0.218200   0.400800   0.530200 
383   0.110400   0.109600   0.115800   0.128400   0.124200   0.111200   0.127400   0.145400   0.204000   0.233400   0.217000   0.399400   0.529600 
384   0.110200   0.109400   0.115600   0.128200   0.123800   0.111000   0.127200   0.145200   0.203800   0.232800   0.215800   0.398000   0.529000 
385   0.110000   0.109200   0.115400   0.128000   0.123400   0.110800   0.127000   0.145000   0.203600   0.232200   0.214600   0.396800   0.528400 
386   0.109800   0.109000   0.115200   0.127800   0.123000   0.110600   0.126800   0.144800   0.203400   0.231600   0.213400   0.395600   0.527800 
387   0.109600   0.108800   0.115000   0.127600   0.122600   0.110400   0.126600   0.144600   0.203200   0.231000   0.212200   0.394400   0.527200 
388   0.109400   0.108600   0.114800   0.127400   0.122200   0.110200   0.126400   0.144400   0.203000   0.230400   0.211000   0.393200   0.526600 
389   0.109200   0.108400   0.114600   0.127200   0.121800   0.110000   0.126200   0.144200   0.202800   0.229800   0.209800   0.392000   0.526000 
390   0.109000   0.108200   0.114400   0.127000   0.121400   0.109800   0.126000   0.144000   0.202600   0.229200   0.208600   0.390800   0.525400 
391   0.108800   0.108000   0.114200   0.126800   0.121000   0.109600   0.125800   0.143800   0.202400   0.228600   0.207400   0.389600   0.524800 
392   0.108600   0.107800   0.114000   0.126600   0.120600   0.109400   0.125600   0.143600   0.202200   0.228000   0.206200   0.388600   0.524200 
393   0.108400   0.107600   0.113800   0.126400   0.120200   0.109200   0.125400   0.143400   0.202000   0.227400   0.205000   0.387600   0.523600 
394   0.108200   0.107400   0.113600   0.126200   0.119800   0.109000   0.125200   0.143200   0.201600   0.226800   0.203800   0.386600   0.523000 
395   0.108000   0.107200   0.113400   0.126000   0.119400   0.108800   0.125000   0.143000   0.201200   0.226200   0.202600   0.385800   0.522400 
396   0.107800   0.107000   0.113200   0.125800   0.119200   0.108600   0.124800   0.142800   0.200800   0.225600   0.201400   0.385000   0.521800 
397   0.107600   0.106800   0.113000   0.125600   0.119000   0.108600   0.124800   0.142600   0.200400   0.225000   0.200200   0.384200   0.521200 
398   0.107400   0.106600   0.112800   0.125400   0.118800   0.108600   0.124800   0.142400   0.200000   0.224400   0.199000   0.383400   0.520600 
399   0.107200   0.106400   0.112600   0.125200   0.118600   0.108600   0.124800   0.142200   0.199600   0.223800   0.197800   0.382600   0.520000 
400   0.107200   0.106200   0.112400   0.125000   0.118400   0.108600   0.124800   0.141800   0.199200   0.223200   0.196600   0.381800   0.519400 
401   0.107200   0.106000   0.112200   0.124800   0.118200   0.108600   0.124800   0.141400   0.198800   0.222600   0.195600   0.381000   0.518800 
402   0.107200   0.105800   0.112000   0.124600   0.118000   0.108600   0.124800   0.141000   0.198400   0.222000   0.194600   0.380200   0.518200 
403   0.107200   0.105600   0.112000   0.124400   0.117800   0.108600   0.124800   0.140600   0.198000   0.221400   0.193600   0.379400   0.517600 
404   0.107200   0.105400   0.112000   0.124200   0.117600   0.108600   0.124800   0.140200   0.197600   0.220800   0.192600   0.378600   0.517000 
405   0.107200   0.105200   0.112000   0.124000   0.117400   0.108600   0.124800   0.139800   0.197000   0.220200   0.191600   0.377800   0.516400 
406   0.107200   0.105200   0.112000   0.123800   0.117200   0.108600   0.124800   0.139400   0.196400   0.219600   0.190600   0.377000   0.515800 
407   0.107200   0.105200   0.112000   0.123600   0.117000   0.108600   0.124800   0.139000   0.195800   0.219000   0.189800   0.376200   0.515200 
408   0.107200   0.105200   0.112000   0.123400   0.117000   0.108600   0.124800   0.138600   0.195400   0.218400   0.189000   0.375400   0.514600 
409   0.107200   0.105200   0.112000   0.123200   0.117000   0.108600   0.124800   0.138200   0.195000   0.217800   0.188200   0.374600   0.514000 
410   0.107200   0.105200   0.112000   0.123000   0.117000   0.108600   0.124800   0.137800   0.194600   0.217200   0.187400   0.373800   0.513400 
411   0.107200   0.105200   0.112000   0.122800   0.117000   0.108600   0.124800   0.137400   0.194200   0.216600   0.186600   0.373000   0.512800 
412   0.107200   0.105200   0.112000   0.122600   0.117000   0.108600   0.124800   0.137000   0.193800   0.216000   0.185800   0.372200   0.512200 
413   0.107200   0.105200   0.112000   0.122400   0.117000   0.108600   0.124800   0.136600   0.193400   0.215400   0.185000   0.371400   0.511600 
414   0.107200   0.105200   0.112000   0.122400   0.117000   0.108600   0.124800   0.136200   0.192800   0.214800   0.184200   0.370600   0.511000 
415   0.107200   0.105200   0.112000   0.122400   0.117000   0.108600   0.124800   0.135800   0.192200   0.214200   0.183400   0.369800   0.510400 
416   0.107200   0.105200   0.112000   0.122400   0.117000   0.108600   0.124800   0.135400   0.191600   0.213600   0.182600   0.369200   0.509800 
417   0.107200   0.105200   0.112000   0.122400   0.117000   0.108600   0.124800   0.135200   0.191000   0.213000   0.181800   0.368600   0.509200 
418   0.107200   0.105200   0.112000   0.122400   0.117000   0.108600   0.124800   0.135200   0.190400   0.212400   0.181200   0.368000   0.508600 
419   0.107200   0.105200   0.112000   0.122400   0.117000   0.108600   0.124800   0.135200   0.189800   0.211800   0.180600   0.367400   0.508000 
420   0.107200   0.105200   0.112000   0.122400   0.117000   0.108600   0.124800   0.135200   0.189200   0.211200   0.180000   0.366800   0.507400 
421   0.107200   0.105200   0.112000   0.122400   0.117000   0.108600   0.124800   0.135200   0.188600   0.210600   0.179400   0.366200   0.506800 
422   0.107200   0.105200   0.112000   0.122400   0.117000   0.108600   0.124800   0.135200   0.188000   0.210000   0.178800   0.365600   0.506200 
423   0.107200   0.105200   0.112000   0.122400   0.117000   0.108600   0.124800   0.135200   0.187400   0.209400   0.178200   0.365000   0.505600 
424   0.107200   0.105200   0.112000   0.122400   0.117000   0.108600   0.124800   0.135200   0.186800   0.208800   0.177600   0.364400   0.505000 
425   0.107200   0.105200   0.112000   0.122400   0.117000   0.108600   0.124800   0.135200   0.186200   0.208200   0.177000   0.363800   0.504400 
426   0.107200   0.105200   0.112000   0.122400   0.117000   0.108600   0.124800   0.135200   0.185600   0.207600   0.176400   0.363200   0.503800 
427   0.107200   0.105200   0.112000   0.122400   0.117000   0.108600   0.124800   0.135200   0.185000   0.207000   0.175800   0.362600   0.503200 
428   0.107200   0.105200   0.112000   0.122400   0.117000   0.108600   0.124800   0.135200   0.184400   0.206400   0.175200   0.362000   0.502600 
429   0.107200   0.105200   0.112000   0.122400   0.117000   0.108600   0.124800   0.135200   0.183800   0.205800   0.174600   0.361400   0.502000 
430   0.107200   0.105200   0.112000   0.122400   0.117000   0.108600   0.124800   0.135200   0.183200   0.205200   0.174000   0.360800   0.501400 
431   0.107200   0.105200   0.112000   0.122400   0.117000   0.108600   0.124800   0.135200   0.182600   0.204600   0.173400   0.360200   0.500800 
432   0.107200   0.105200   0.112000   0.122400   0.117000   0.108600   0.124800   0.135200   0.182000   0.204000   0.172800   0.359600   0.500200 
433   0.107200   0.105200   0.112000   0.122400   0.117000   0.108600   0.124800   0.135200   0.181400   0.203400   0.172200   0.359000   0.499600 
434   0.107200   0.105200   0.112000   0.122400   0.117000   0.108600   0.124800   0.135200   0.180800   0.202800   0.171600   0.358400   0.499000 
435   0.107200   0.105200   0.112000   0.122400   0.117000   0.108600   0.124800   0.135200   0.180200   0.202200   0.171000   0.357800   0.498400 
436   0.107200   0.105200   0.112000   0.122400   0.117000   0.108600   0.124800   0.135200   0.179600   0.201600   0.170400   0.357200   0.497800 
437   0.107200   0.105200   0.112000   0.122400   0.117000   0.108600   0.124800   0.135200   0.179000   0.201000   0.169800   0.356600   0.497200 
438   0.107200   0.105200   0.112000   0.122400   0.117000   0.108600   0.124800   0.135200   0.178600   0.200400   0.169200   0.356000   0.496800 
439   0.107200   0.105200   0.112000   0.122400   0.117000   0.108600   0.124800   0.135200   0.178200   0.199800   0.168600   0.355400   0.496400 
440   0.107200   0.105200   0.112000   0.122400   0.117000   0.108600   0.124800   0.135200   0.177800   0.199200   0.168000   0.354800   0.496000 
441   0.107200   0.105200   0.112000   0.122400   0.117000   0.108600   0.124800   0.135200   0.177400   0.198600   0.167400   0.354200   0.495600 
442   0.107200   0.105200   0.112000   0.122400   0.117000   0.108600   0.124800   0.135200   0.177000   0.198000   0.166800   0.353600   0.495200 
443   0.107200   0.105200   0.112000   0.122400   0.117000   0.108600   0.124800   0.135200   0.176600   0.197400   0.166400   0.353000   0.494800 
444   0.107200   0.105200   0.112000   0.122400   0.117000   0.108600   0.124800   0.135200   0.176200   0.196800   0.166000   0.352400   0.494400 
445   0.107200   0.105200   0.112000   0.122400   0.117000   0.108600   0.124800   0.135200   0.175800   0.196200   0.165600   0.351800   0.494000 
446   0.107200   0.105200   0.112000   0.122400   0.117000   0.108600   0.124800   0.135200   0.175400   0.195600   0.165200   0.351200   0.493600 
447   0.107200   0.105200   0.112000   0.122400   0.117000   0.108600   0.124800   0.135200   0.175000   0.195000   0.165000   0.350600   0.493200 
448   0.107200   0.105200   0.112000   0.122400   0.117000   0.108600   0.124800   0.135200   0.174600   0.194400   0.164800   0.350000   0.492800 
449   0.107200   0.105200   0.112000   0.122400   0.117000   0.108600   0.124800   0.135200   0.174200   0.193800   0.164600   0.349400   0.492400 
450   0.107200   0.105200   0.112000   0.122400   0.117000   0.108600   0.124800   0.135200   0.173800   0.193200   0.164600   0.348800   0.492000 
451   0.107200   0.105200   0.112000   0.122400   0.117000   0.108600   0.124800   0.135200   0.173400   0.192600   0.164600   0.348200   0.491600 
452   0.107200   0.105200   0.112000   0.122400   0.117000   0.108600   0.124800   0.135200   0.173000   0.192000   0.164600   0.347600   0.491200 
453   0.107200   0.105200   0.112000   0.122400   0.117000   0.108600   0.124800   0.135200   0.172600   0.191400   0.164600   0.347000   0.490800 
454   0.107200   0.105200   0.112000   0.122400   0.117000   0.108600   0.124800   0.135200   0.172200   0.190800   0.164600   0.346400   0.490400 
455   0.107200   0.105200   0.112000   0.122400   0.117000   0.108600   0.124800   0.135200   0.171800   0.190200   0.164600   0.346000   0.490000 
456   0.107200   0.105200   0.112000   0.122400   0.117000   0.108600   0.125000   0.135200   0.171400   0.189600   0.164600   0.345600   0.489600 
457   0.107200   0.105200   0.112000   0.122400   0.116800   0.108600   0.125200   0.135200   0.171000   0.189000   0.164600   0.345200   0.489200 
458   0.107200   0.105200   0.112000   0.122400   0.116600   0.108400   0.125400   0.135200   0.170600   0.188400   0.164600   0.344800   0.488800 
459   0.107200   0.105200   0.112000   0.122400   0.116400   0.108200   0.125600   0.135200   0.170400   0.187800   0.164600   0.344400   0.488400 
460   0.107200   0.105200   0.112000   0.122400   0.116200   0.108000   0.125800   0.135200   0.170200   0.187200   0.164600   0.344000   0.488000 
461   0.107200   0.105200   0.112000   0.122400   0.116000   0.107800   0.126000   0.135200   0.170000   0.186600   0.164600   0.343600   0.487600 
462   0.107200   0.105200   0.112000   0.122400   0.115800   0.107600   0.126200   0.135200   0.169800   0.186000   0.164600   0.343200   0.487200 
463   0.107200   0.105200   0.112000   0.122400   0.115600   0.107400   0.126400   0.135200   0.169600   0.185400   0.164600   0.342800   0.486800 
464   0.107200   0.105200   0.112000   0.122400   0.115400   0.107200   0.126400   0.135200   0.169400   0.184800   0.164600   0.342400   0.486600 
465   0.107200   0.105200   0.112000   0.122200   0.115200   0.107000   0.126200   0.135200   0.169200   0.184200   0.164600   0.342000   0.486400 
466   0.107200   0.105200   0.112000   0.122000   0.115000   0.106800   0.126000   0.135200   0.169000   0.183600   0.164600   0.341600   0.486200 
467   0.107200   0.105200   0.112000   0.121800   0.114800   0.106600   0.125800   0.135200   0.168800   0.183000   0.164600   0.341200   0.486000 
468   0.107200   0.105200   0.112000   0.121600   0.114600   0.106400   0.125600   0.135200   0.168600   0.182400   0.164600   0.340800   0.485800 
469   0.107200   0.105200   0.111800   0.121400   0.114400   0.106200   0.125400   0.135200   0.168400   0.181800   0.164600   0.340400   0.485600 
470   0.107200   0.105200   0.111600   0.121200   0.114200   0.106000   0.125200   0.135200   0.168200   0.181200   0.164600   0.340000   0.485400 
471   0.107400   0.105200   0.111600   0.121000   0.114000   0.105800   0.125000   0.135200   0.168000   0.180600   0.164600   0.339600   0.485200 
472   0.107600   0.105200   0.111600   0.120800   0.113800   0.105600   0.124800   0.135200   0.167800   0.180000   0.164600   0.339200   0.485000 
473   0.107800   0.105200   0.111600   0.120600   0.113600   0.105400   0.124600   0.135200   0.167600   0.179400   0.164600   0.338800   0.484800 
474   0.108000   0.105200   0.111600   0.120400   0.113400   0.105200   0.124400   0.135200   0.167400   0.179000   0.164600   0.338400   0.484600 
475   0.108200   0.105200   0.111600   0.120200   0.113200   0.105000   0.124200   0.135200   0.167200   0.178600   0.164600   0.338000   0.484400 
476   0.108400   0.105200   0.111600   0.120000   0.113000   0.104800   0.124000   0.135200   0.167000   0.178200   0.164600   0.337600   0.484200 
477   0.108600   0.105200   0.111600   0.119800   0.112800   0.104600   0.123800   0.135200   0.166800   0.178000   0.164600   0.337200   0.484000 
478   0.108800   0.105200   0.111600   0.119600   0.112600   0.104400   0.123600   0.135200   0.166600   0.177800   0.164600   0.336800   0.483800 
479   0.108800   0.105200   0.111600   0.119400   0.112400   0.104200   0.123400   0.135200   0.166400   0.177600   0.164600   0.336400   0.483600 
480   0.108800   0.105200   0.111600   0.119200   0.112200   0.104000   0.123200   0.135200   0.166200   0.177400   0.164600   0.336000   0.483400 
481   0.108800   0.105200   0.111600   0.119000   0.112000   0.103800   0.123000   0.135200   0.166000   0.177200   0.164600   0.335600   0.483200 
482   0.108800   0.105200   0.111600   0.118800   0.111800   0.103600   0.122800   0.135200   0.165800   0.177000   0.164600   0.335200   0.483000 
483   0.108800   0.105200   0.111600   0.118800   0.111600   0.103400   0.122600   0.135200   0.165600   0.176800   0.164600   0.334800   0.482800 
484   0.108800   0.105200   0.111600   0.118800   0.111400   0.103200   0.122400   0.135400   0.165400   0.176800   0.164600   0.334400   0.482600 
485   0.108800   0.105200   0.111600   0.118800   0.111200   0.103000   0.122200   0.135600   0.165200   0.176800   0.164600   0.334000   0.482400 
486   0.108800   0.105200   0.111600   0.118800   0.111000   0.102800   0.122000   0.135800   0.165000   0.176800   0.164600   0.333600   0.482200 
487   0.108800   0.105200   0.111600   0.118800   0.110800   0.102600   0.121800   0.136000   0.164800   0.176800   0.164600   0.333200   0.482000 
488   0.108800   0.105200   0.111600   0.118800   0.110600   0.102400   0.121600   0.136200   0.164600   0.176800   0.164600   0.332800   0.481800 
489   0.108800   0.105200   0.111600   0.118800   0.110400   0.102200   0.121400   0.136400   0.164400   0.176800   0.164600   0.332400   0.481600 
490   0.108800   0.105200   0.111600   0.119000   0.110200   0.102000   0.121200   0.136400   0.164200   0.176800   0.164600   0.332000   0.481400 
491   0.108800   0.105200   0.111600   0.119200   0.110200   0.101800   0.121000   0.136400   0.164000   0.176800   0.164600   0.331600   0.481200 
492   0.108800   0.105200   0.111600   0.119400   0.110200   0.101600   0.120800   0.136400   0.163800   0.176800   0.164600   0.331200   0.481000 
493   0.108800   0.105200   0.111600   0.119600   0.110200   0.101400   0.120600   0.136400   0.163600   0.176800   0.164600   0.330800   0.480800 
494   0.108800   0.105400   0.111600   0.119800   0.110200   0.101400   0.120600   0.136400   0.163400   0.176800   0.164600   0.330400   0.480600 
495   0.109000   0.105600   0.111600   0.120000   0.110000   0.101400   0.120600   0.136400   0.163200   0.176800   0.164600   0.330000   0.480400 
496   0.109200   0.105600   0.111600   0.120200   0.109800   0.101400   0.120600   0.136400   0.163000   0.176800   0.164600   0.329800   0.480200 
497   0.109200   0.105600   0.111400   0.120400   0.109600   0.101600   0.120600   0.136400   0.162800   0.176800   0.164600   0.329600   0.480000 
498   0.109200   0.105600   0.111400   0.120400   0.109400   0.101600   0.120600   0.136400   0.162600   0.176800   0.164600   0.329600   0.479800 
499   0.109200   0.105600   0.111400   0.120400   0.109400   0.101600   0.120600   0.136400   0.162600   0.176800   0.164600   0.329600   0.479600 
