r MCS_10 MCS_20 MCS_40 MCS_80 MCS_160 MCS_320 MCS_640 MCS_1280 MCS_2560 MCS_5120 MCS_10240 MCS_20480 MCS_40960 
0   1.000000   1.000000   1.000000   1.000000   1.000000   1.000000   1.000000   1.000000   1.000000   1.000000   1.000000   1.000000   1.000000 
1   0.888600   0.892400   0.893800   0.894400   0.885600   0.900400   0.900400   0.896400   0.890000   0.893000   0.889600   0.888200   0.899200 
2   0.875000   0.879800   0.879800   0.883800   0.866400   0.887800   0.888200   0.881000   0.879800   0.879600   0.878200   0.876000   0.885600 
3   0.862200   0.868200   0.864600   0.870800   0.852800   0.873600   0.874600   0.864800   0.865400   0.866600   0.861800   0.860400   0.875600 
4   0.849200   0.857400   0.851000   0.857200   0.839000   0.857800   0.858200   0.850800   0.851600   0.852400   0.846000   0.847400   0.862200 
5   0.836800   0.845200   0.839600   0.845000   0.826800   0.845400   0.846800   0.837800   0.838800   0.839200   0.833400   0.833000   0.851400 
6   0.825400   0.830600   0.827600   0.833400   0.814000   0.831800   0.833400   0.825400   0.826800   0.827000   0.818600   0.818800   0.842000 
7   0.814800   0.820400   0.813400   0.819600   0.801200   0.819600   0.820800   0.813000   0.814400   0.813800   0.806400   0.805600   0.833000 
8   0.804000   0.810200   0.803200   0.808400   0.788000   0.808400   0.807800   0.801400   0.799400   0.800200   0.793000   0.792600   0.821400 
9   0.788600   0.798800   0.791600   0.795200   0.776400   0.796400   0.794000   0.788600   0.788400   0.785600   0.781200   0.779400   0.811800 
10   0.778400   0.786400   0.778800   0.784000   0.764600   0.783600   0.783800   0.775200   0.774400   0.771400   0.767800   0.766600   0.802600 
11   0.768200   0.775800   0.766800   0.771800   0.753200   0.772200   0.772000   0.764600   0.762800   0.757800   0.757200   0.754400   0.792000 
12   0.757400   0.764600   0.755600   0.759400   0.741800   0.760600   0.760400   0.751400   0.751400   0.746800   0.743800   0.743000   0.783600 
13   0.744200   0.754000   0.745200   0.748200   0.729600   0.747800   0.749800   0.742000   0.739400   0.733400   0.732400   0.732400   0.774000 
14   0.736600   0.742200   0.733200   0.735400   0.717800   0.736000   0.739800   0.728800   0.727400   0.721200   0.719800   0.720000   0.767800 
15   0.724400   0.732800   0.722000   0.726400   0.706600   0.725800   0.728200   0.716400   0.717400   0.710000   0.709400   0.708800   0.756600 
16   0.715400   0.724200   0.711600   0.713600   0.693800   0.715800   0.717200   0.705400   0.704600   0.697200   0.698200   0.699600   0.748000 
17   0.704400   0.716000   0.700400   0.704000   0.682000   0.705400   0.706200   0.692000   0.694400   0.684600   0.685000   0.689400   0.740800 
18   0.695200   0.705600   0.690200   0.693600   0.670800   0.694000   0.693800   0.681200   0.685200   0.672000   0.676600   0.676200   0.731600 
19   0.686200   0.695200   0.678800   0.681600   0.660400   0.683600   0.683400   0.669400   0.675600   0.659400   0.665400   0.665800   0.724200 
20   0.675200   0.686600   0.669600   0.670800   0.649000   0.673800   0.673800   0.656400   0.666200   0.648800   0.655000   0.654800   0.715400 
21   0.667000   0.678200   0.658800   0.660400   0.639000   0.662800   0.662000   0.647800   0.657400   0.636600   0.644800   0.644000   0.707600 
22   0.656200   0.667600   0.649000   0.649000   0.627000   0.653400   0.652600   0.635800   0.645800   0.624200   0.631800   0.634400   0.699400 
23   0.646200   0.658000   0.638600   0.639600   0.617600   0.642200   0.643000   0.625400   0.635800   0.612000   0.620600   0.625200   0.692200 
24   0.637200   0.649600   0.628000   0.628400   0.607400   0.630200   0.632200   0.614600   0.627600   0.601600   0.611200   0.616000   0.684000 
25   0.629000   0.641200   0.617200   0.618800   0.598000   0.620000   0.622000   0.603600   0.616000   0.589400   0.600600   0.605000   0.673800 
26   0.618000   0.632200   0.608200   0.608800   0.586800   0.610200   0.614200   0.592800   0.607400   0.579000   0.591400   0.596400   0.666000 
27   0.609800   0.623000   0.597600   0.600400   0.577400   0.601400   0.605200   0.583200   0.599200   0.568800   0.581400   0.588400   0.657800 
28   0.601000   0.615200   0.589600   0.589600   0.566000   0.591000   0.595800   0.574800   0.590000   0.559600   0.573800   0.580200   0.651400 
29   0.591800   0.607400   0.580000   0.579800   0.557600   0.582200   0.587400   0.565400   0.580000   0.548000   0.562800   0.571400   0.642800 
30   0.584200   0.599200   0.569800   0.568400   0.549800   0.571400   0.579400   0.554000   0.570800   0.539200   0.555200   0.565200   0.634400 
31   0.576200   0.589600   0.560600   0.561600   0.542000   0.565000   0.571400   0.546000   0.562200   0.530000   0.546800   0.556800   0.628200 
32   0.568000   0.580200   0.551600   0.552200   0.534400   0.554200   0.562200   0.537200   0.553000   0.521600   0.537600   0.549000   0.621200 
33   0.560400   0.572000   0.543400   0.542800   0.526200   0.545800   0.555000   0.529000   0.544800   0.512000   0.531200   0.541200   0.614600 
34   0.551600   0.564800   0.535000   0.533800   0.517600   0.536800   0.546400   0.519800   0.536600   0.503200   0.522000   0.534600   0.605600 
35   0.544000   0.556600   0.526200   0.525800   0.509000   0.528000   0.538800   0.511200   0.526400   0.494000   0.513800   0.526600   0.599400 
36   0.536200   0.548600   0.519800   0.515800   0.503400   0.519400   0.531000   0.501600   0.516400   0.485200   0.507200   0.521600   0.590600 
37   0.528000   0.539600   0.510200   0.506600   0.493200   0.511200   0.525200   0.496000   0.509200   0.477800   0.498800   0.514000   0.584800 
38   0.519400   0.532200   0.502200   0.498400   0.486800   0.503400   0.515800   0.488600   0.498200   0.470800   0.492400   0.507800   0.577200 
39   0.513600   0.525200   0.495000   0.487800   0.480800   0.494800   0.510800   0.482000   0.489200   0.462000   0.484600   0.500800   0.571800 
40   0.507400   0.517400   0.489000   0.480000   0.472600   0.487400   0.503000   0.472800   0.482400   0.452000   0.479200   0.495400   0.564200 
41   0.498200   0.508000   0.480200   0.469200   0.466200   0.479000   0.495600   0.466000   0.472800   0.444600   0.471000   0.488400   0.558200 
42   0.490600   0.500800   0.472000   0.462600   0.461000   0.471400   0.488800   0.460200   0.464600   0.436400   0.463600   0.480600   0.553200 
43   0.484000   0.491600   0.464600   0.454000   0.454400   0.465200   0.482400   0.454400   0.456200   0.429000   0.455600   0.475000   0.547800 
44   0.475000   0.483600   0.456600   0.447000   0.450200   0.457600   0.478000   0.447600   0.448600   0.425200   0.449000   0.468000   0.541600 
45   0.467600   0.476200   0.449600   0.438200   0.444400   0.450400   0.471600   0.440400   0.438800   0.416800   0.443800   0.460600   0.537000 
46   0.461000   0.469600   0.442200   0.429600   0.438800   0.443600   0.464800   0.433800   0.432400   0.410400   0.436800   0.455400   0.531000 
47   0.452600   0.460600   0.435000   0.423600   0.432000   0.437600   0.459200   0.427000   0.425400   0.403200   0.428400   0.447400   0.525600 
48   0.445600   0.453400   0.427200   0.416000   0.425600   0.428600   0.453000   0.421800   0.418000   0.395600   0.421600   0.441800   0.520000 
49   0.438200   0.445200   0.419200   0.408400   0.419800   0.424400   0.446400   0.415000   0.412000   0.389000   0.415800   0.434600   0.515200 
50   0.431400   0.436800   0.411800   0.401200   0.414200   0.417000   0.439800   0.410800   0.403400   0.382800   0.410200   0.428600   0.510800 
51   0.424200   0.428600   0.404600   0.394800   0.407800   0.409600   0.433600   0.405400   0.397600   0.375400   0.402600   0.421000   0.503200 
52   0.417200   0.422600   0.396600   0.387600   0.402400   0.402600   0.428000   0.400800   0.392000   0.369000   0.397600   0.415200   0.499000 
53   0.410000   0.415200   0.388200   0.380200   0.396000   0.397200   0.422600   0.393600   0.385800   0.362800   0.389400   0.409000   0.492800 
54   0.402400   0.410400   0.381600   0.374400   0.391000   0.391400   0.416600   0.388600   0.379400   0.354600   0.383600   0.403600   0.486200 
55   0.394600   0.401800   0.374000   0.367600   0.385000   0.384600   0.412600   0.382000   0.373600   0.349200   0.379800   0.396800   0.481200 
56   0.387000   0.393600   0.365800   0.361800   0.380200   0.379800   0.407800   0.377400   0.365200   0.342400   0.374000   0.390200   0.475200 
57   0.380400   0.387400   0.358400   0.354800   0.372000   0.372400   0.401200   0.370000   0.360000   0.336600   0.367800   0.385200   0.470400 
58   0.373200   0.381800   0.351400   0.347200   0.367000   0.367200   0.397400   0.363600   0.355400   0.330800   0.363000   0.378600   0.464400 
59   0.363800   0.372600   0.344800   0.340800   0.361200   0.362600   0.391000   0.357200   0.349200   0.326000   0.358800   0.372800   0.459200 
60   0.358600   0.363200   0.340200   0.334200   0.353400   0.358000   0.385200   0.351600   0.344200   0.320600   0.353800   0.368000   0.453400 
61   0.352200   0.355800   0.332200   0.330400   0.346800   0.350800   0.382800   0.345400   0.337200   0.315000   0.348800   0.365200   0.448800 
62   0.344400   0.348000   0.327400   0.322800   0.339600   0.346600   0.378200   0.338600   0.332400   0.311400   0.343600   0.360400   0.441600 
63   0.337600   0.341400   0.320600   0.316400   0.333400   0.339800   0.374000   0.333000   0.327800   0.307600   0.339200   0.352400   0.436800 
64   0.332800   0.334000   0.313600   0.312400   0.326200   0.335000   0.368800   0.325400   0.322200   0.301800   0.336200   0.347800   0.430600 
65   0.327400   0.328000   0.306600   0.305000   0.321200   0.329800   0.361600   0.321000   0.317600   0.297000   0.333400   0.344200   0.425000 
66   0.318600   0.321400   0.300200   0.298600   0.313400   0.324400   0.357600   0.315000   0.312800   0.292600   0.328200   0.341600   0.420800 
67   0.311400   0.316400   0.295200   0.292600   0.307400   0.319000   0.354200   0.309000   0.307600   0.286800   0.322600   0.336400   0.414600 
68   0.307000   0.309600   0.288400   0.289600   0.301600   0.315000   0.348800   0.300400   0.301600   0.283000   0.318600   0.331600   0.408600 
69   0.301600   0.304600   0.282800   0.284400   0.296600   0.308800   0.342600   0.295000   0.299400   0.279600   0.314600   0.329000   0.404800 
70   0.294800   0.298000   0.276600   0.277000   0.291000   0.304200   0.338800   0.288200   0.292200   0.275800   0.310400   0.322400   0.399400 
71   0.289600   0.295000   0.270800   0.272800   0.281400   0.300400   0.333400   0.282800   0.288400   0.272000   0.306400   0.319400   0.393800 
72   0.285000   0.288600   0.266200   0.268600   0.275800   0.295800   0.328800   0.276800   0.285200   0.267200   0.303600   0.314400   0.389200 
73   0.277600   0.283600   0.260600   0.262600   0.269800   0.289800   0.323800   0.271800   0.280600   0.263000   0.298000   0.311800   0.382600 
74   0.273200   0.278200   0.257400   0.257200   0.264400   0.286400   0.318400   0.266000   0.277000   0.258400   0.295600   0.306000   0.378600 
75   0.266800   0.272800   0.251000   0.254600   0.258600   0.280600   0.313600   0.260400   0.274000   0.254600   0.290800   0.302200   0.371600 
76   0.261400   0.268000   0.246800   0.250200   0.253800   0.278200   0.309600   0.254600   0.269200   0.250000   0.288800   0.296800   0.366800 
77   0.256200   0.262000   0.241200   0.246000   0.245400   0.272400   0.304800   0.249800   0.264400   0.246600   0.284800   0.290200   0.362000 
78   0.251600   0.258200   0.236200   0.240600   0.238200   0.267000   0.300000   0.244600   0.260000   0.243600   0.282800   0.288600   0.357800 
79   0.247200   0.252400   0.231800   0.237200   0.231800   0.264400   0.296000   0.241600   0.255400   0.239600   0.279800   0.282600   0.352000 
80   0.242800   0.250800   0.225400   0.231000   0.226000   0.260400   0.291400   0.235800   0.252200   0.235200   0.277400   0.278800   0.348000 
81   0.238200   0.244800   0.221800   0.226800   0.220800   0.256600   0.286200   0.230800   0.248800   0.229800   0.274200   0.274200   0.343400 
82   0.232600   0.239600   0.218800   0.221200   0.216000   0.251400   0.282600   0.225000   0.242200   0.226000   0.271400   0.270200   0.339200 
83   0.229200   0.234200   0.214200   0.216600   0.211600   0.246800   0.278400   0.219200   0.240400   0.222000   0.267400   0.266200   0.334400 
84   0.222200   0.231600   0.209200   0.211400   0.203800   0.244400   0.274200   0.212600   0.235200   0.218600   0.265800   0.264000   0.331400 
85   0.216800   0.225200   0.205200   0.206000   0.198200   0.242400   0.270600   0.206800   0.232000   0.213800   0.261600   0.259800   0.327000 
86   0.214200   0.222400   0.201800   0.203200   0.193800   0.239800   0.264400   0.201400   0.229200   0.209200   0.260000   0.257200   0.323000 
87   0.208000   0.217600   0.197800   0.199400   0.189200   0.235600   0.261200   0.196000   0.226600   0.204400   0.255800   0.252200   0.318200 
88   0.204600   0.214000   0.195200   0.195600   0.184800   0.233400   0.255800   0.191600   0.222600   0.198800   0.254400   0.251400   0.314000 
89   0.202200   0.209800   0.192200   0.188200   0.179400   0.231200   0.252200   0.184000   0.219800   0.193600   0.251000   0.248400   0.309200 
90   0.197400   0.205400   0.188800   0.185200   0.174600   0.226600   0.247200   0.179000   0.217400   0.190400   0.248400   0.244800   0.305600 
91   0.193200   0.201800   0.186400   0.181600   0.169800   0.223000   0.243000   0.173200   0.213200   0.185600   0.245400   0.242200   0.301800 
92   0.192000   0.198000   0.182400   0.178600   0.165200   0.218800   0.239000   0.169400   0.212800   0.180400   0.242000   0.238800   0.297000 
93   0.186600   0.194200   0.179400   0.174000   0.161600   0.217400   0.234200   0.164400   0.209600   0.177000   0.240000   0.236200   0.293000 
94   0.183800   0.188800   0.179600   0.171600   0.155400   0.213800   0.231000   0.161800   0.208200   0.173800   0.235600   0.234200   0.289200 
95   0.181800   0.186600   0.175600   0.168600   0.153000   0.210000   0.225600   0.158400   0.204800   0.170400   0.233400   0.230600   0.285000 
96   0.178400   0.182000   0.172800   0.167200   0.147600   0.207000   0.220600   0.153200   0.203600   0.166000   0.231000   0.228600   0.280400 
97   0.177000   0.180400   0.170400   0.164400   0.144600   0.205000   0.217600   0.150600   0.200400   0.163000   0.228200   0.227600   0.276600 
98   0.173600   0.177800   0.168000   0.161800   0.141000   0.202000   0.210600   0.147800   0.198000   0.158600   0.224600   0.226600   0.272000 
99   0.170600   0.174800   0.165200   0.159000   0.136600   0.199200   0.208000   0.144800   0.195200   0.157200   0.221600   0.224000   0.269200 
100   0.169400   0.174200   0.163600   0.155400   0.132800   0.196800   0.206200   0.141600   0.194000   0.153600   0.219200   0.222200   0.267200 
101   0.166800   0.169600   0.162000   0.151600   0.128600   0.193000   0.203000   0.138800   0.191200   0.151400   0.215800   0.219800   0.261800 
102   0.163800   0.166600   0.158000   0.150000   0.124000   0.189200   0.199600   0.136800   0.191800   0.149400   0.211800   0.219800   0.258600 
103   0.163000   0.163200   0.157200   0.146600   0.120200   0.187400   0.194000   0.133600   0.187400   0.147600   0.210000   0.217600   0.255600 
104   0.158400   0.160800   0.153200   0.145200   0.116800   0.184200   0.191400   0.130800   0.185400   0.144600   0.208200   0.216400   0.251600 
105   0.155600   0.159200   0.151400   0.142600   0.115600   0.181600   0.186800   0.126600   0.184800   0.144200   0.206200   0.212600   0.246800 
106   0.154800   0.154600   0.149000   0.139200   0.111600   0.179400   0.183800   0.125000   0.183200   0.142000   0.202800   0.211000   0.244200 
107   0.151400   0.150400   0.146400   0.137400   0.108200   0.177400   0.180800   0.120800   0.181600   0.140800   0.199600   0.207800   0.240600 
108   0.148600   0.148400   0.142400   0.135200   0.104000   0.173000   0.176800   0.118800   0.180800   0.139800   0.197000   0.206600   0.237000 
109   0.145600   0.145000   0.141000   0.133000   0.102600   0.169800   0.174000   0.115600   0.179000   0.137800   0.194400   0.204000   0.234200 
110   0.143000   0.143000   0.137000   0.129400   0.098600   0.166000   0.169200   0.114400   0.176800   0.136200   0.192000   0.202800   0.230800 
111   0.140400   0.138800   0.134800   0.125800   0.096200   0.163200   0.167600   0.111400   0.175600   0.134200   0.189400   0.201200   0.228600 
112   0.137400   0.136200   0.130000   0.125200   0.092000   0.162400   0.163000   0.109800   0.175200   0.133000   0.187000   0.200600   0.226200 
113   0.133200   0.132800   0.127800   0.121200   0.089600   0.161000   0.160000   0.108400   0.174400   0.131400   0.183800   0.197200   0.224000 
114   0.130200   0.128600   0.126400   0.117600   0.086000   0.158800   0.156600   0.106000   0.172600   0.129200   0.181800   0.195600   0.222400 
115   0.127400   0.126800   0.122400   0.114400   0.084200   0.155600   0.155400   0.104200   0.170800   0.127600   0.180000   0.195800   0.219800 
116   0.124200   0.122600   0.117000   0.111000   0.079800   0.154200   0.151800   0.104200   0.170400   0.127000   0.179200   0.193000   0.218800 
117   0.121400   0.120800   0.114400   0.107600   0.078600   0.151400   0.148000   0.102000   0.168200   0.125400   0.177600   0.189000   0.216600 
118   0.119200   0.116400   0.111200   0.105600   0.076000   0.148400   0.143800   0.100800   0.168600   0.122800   0.174600   0.189000   0.213000 
119   0.116600   0.114000   0.107400   0.103000   0.072800   0.146400   0.140400   0.098000   0.166800   0.122200   0.174200   0.188600   0.215000 
120   0.111600   0.112000   0.103600   0.100200   0.071400   0.144800   0.138400   0.096800   0.165600   0.121000   0.173600   0.183600   0.211000 
121   0.109000   0.109800   0.100400   0.098200   0.067600   0.142600   0.133400   0.097200   0.162800   0.119200   0.168800   0.181600   0.209400 
122   0.107800   0.106600   0.098600   0.096600   0.064600   0.139600   0.131400   0.095000   0.161600   0.119400   0.166800   0.179600   0.208200 
123   0.103800   0.104000   0.095800   0.093000   0.064600   0.139600   0.128000   0.093000   0.158000   0.117400   0.165000   0.178800   0.206200 
124   0.102000   0.099800   0.093000   0.088400   0.061000   0.136600   0.125200   0.091600   0.156200   0.115400   0.164000   0.177400   0.204600 
125   0.098600   0.098400   0.090400   0.086400   0.060400   0.134400   0.123200   0.090600   0.155200   0.115200   0.161800   0.176400   0.202600 
126   0.097600   0.094400   0.086800   0.084400   0.058000   0.133400   0.120200   0.087000   0.151200   0.115000   0.161800   0.175000   0.200800 
127   0.094800   0.093000   0.083400   0.080400   0.055400   0.130000   0.118000   0.085400   0.149600   0.115200   0.159400   0.173400   0.198000 
128   0.092200   0.090400   0.082400   0.079000   0.054800   0.127000   0.116800   0.082600   0.148200   0.113400   0.157600   0.170200   0.196800 
129   0.091000   0.087000   0.080800   0.076600   0.052800   0.124800   0.114800   0.081200   0.143600   0.111800   0.156000   0.170400   0.193800 
130   0.089000   0.088000   0.076400   0.072400   0.051000   0.122400   0.113200   0.079000   0.140200   0.110600   0.153000   0.167400   0.193200 
131   0.088200   0.085800   0.074400   0.070200   0.048400   0.122000   0.113800   0.077000   0.138400   0.107800   0.154200   0.166000   0.191200 
132   0.085400   0.083200   0.070800   0.068000   0.046000   0.119400   0.111800   0.074200   0.133400   0.108000   0.151800   0.164400   0.190400 
133   0.083800   0.082400   0.068400   0.064400   0.043600   0.119200   0.112000   0.073400   0.131600   0.106400   0.151800   0.163200   0.188800 
134   0.081000   0.082000   0.067200   0.062200   0.041600   0.116800   0.109600   0.073600   0.129800   0.105800   0.148600   0.162200   0.186400 
135   0.078600   0.080200   0.065600   0.059200   0.041200   0.115800   0.108600   0.072400   0.128400   0.104200   0.147400   0.159600   0.187200 
136   0.075800   0.077800   0.064000   0.057800   0.038800   0.114000   0.106200   0.070200   0.125600   0.102000   0.145600   0.159200   0.184800 
137   0.075400   0.075800   0.062800   0.055400   0.036200   0.113600   0.105200   0.069800   0.122800   0.100000   0.144000   0.157200   0.183400 
138   0.075000   0.071600   0.060400   0.053000   0.033400   0.113000   0.102600   0.067400   0.120400   0.097200   0.141600   0.156400   0.181600 
139   0.073600   0.070200   0.058800   0.050200   0.034200   0.110600   0.101400   0.068600   0.117800   0.094800   0.142000   0.153400   0.180600 
140   0.071000   0.067800   0.057200   0.047200   0.032000   0.108800   0.100800   0.067000   0.113800   0.093200   0.140800   0.151800   0.178800 
141   0.070400   0.065800   0.055800   0.044800   0.028600   0.107000   0.101600   0.065200   0.113400   0.092600   0.138200   0.148000   0.179400 
142   0.070600   0.063000   0.052600   0.042800   0.026800   0.104000   0.099800   0.063000   0.112400   0.090800   0.137200   0.147800   0.178600 
143   0.068800   0.061000   0.049800   0.038600   0.026600   0.102800   0.099600   0.061800   0.109400   0.088000   0.135600   0.143800   0.178400 
144   0.067400   0.056800   0.048600   0.036400   0.021400   0.101200   0.097600   0.060600   0.109200   0.087400   0.135200   0.142200   0.176600 
145   0.065400   0.056200   0.048200   0.032600   0.020800   0.099600   0.097400   0.060600   0.107000   0.084600   0.133400   0.140800   0.176800 
146   0.065400   0.052800   0.045800   0.030400   0.020000   0.098600   0.097400   0.061000   0.107000   0.084000   0.129600   0.138200   0.175400 
147   0.063200   0.050400   0.046200   0.027600   0.019400   0.097000   0.096200   0.057800   0.105400   0.083200   0.127200   0.137200   0.174200 
148   0.061600   0.046800   0.043200   0.027400   0.016800   0.094800   0.097400   0.057200   0.102600   0.082600   0.126600   0.134600   0.174200 
149   0.059400   0.046600   0.041800   0.025800   0.015200   0.093400   0.096400   0.057000   0.103400   0.079000   0.124000   0.133400   0.172800 
150   0.057200   0.043400   0.042400   0.023200   0.014200   0.090600   0.095800   0.053800   0.102600   0.077800   0.122000   0.132200   0.171400 
151   0.055200   0.041400   0.041000   0.019600   0.010600   0.088800   0.096200   0.054800   0.103000   0.078400   0.119000   0.129400   0.170200 
152   0.053400   0.040000   0.038600   0.017400   0.009800   0.086400   0.094800   0.053000   0.101000   0.075600   0.118600   0.127600   0.170200 
153   0.051800   0.038200   0.037000   0.016000   0.008600   0.085800   0.093800   0.051200   0.099400   0.073600   0.117600   0.127600   0.168600 
154   0.050400   0.036400   0.034400   0.012200   0.007000   0.084600   0.090600   0.050200   0.097800   0.073800   0.117200   0.126400   0.167000 
155   0.048600   0.034400   0.035800   0.013200   0.007200   0.081600   0.091400   0.050600   0.095400   0.072400   0.115800   0.125800   0.166800 
156   0.047600   0.033600   0.034000   0.011800   0.005200   0.080200   0.089600   0.050600   0.094800   0.072600   0.115200   0.123000   0.165200 
157   0.044600   0.029800   0.034200   0.011000   0.002200   0.077000   0.089400   0.049600   0.091600   0.071000   0.115400   0.122800   0.163800 
158   0.044000   0.030200   0.033000   0.010600   0.001200   0.077000   0.089000   0.049600   0.089800   0.069200   0.115000   0.122400   0.163400 
159   0.042400   0.028400   0.031400   0.010200   0.000800   0.075000   0.086000   0.046600   0.088200   0.066600   0.113200   0.122400   0.160400 
160   0.040400   0.027200   0.030200   0.009600  -0.001000   0.071400   0.087200   0.047000   0.086200   0.065600   0.112200   0.118800   0.160000 
161   0.041000   0.025200   0.029400   0.009400  -0.002200   0.070800   0.086200   0.045400   0.085400   0.063800   0.112600   0.118600   0.159600 
162   0.039400   0.025200   0.027400   0.007200  -0.001800   0.068200   0.085400   0.045600   0.082800   0.060600   0.110200   0.118400   0.157800 
163   0.036200   0.025200   0.026400   0.007800  -0.004800   0.066400   0.085600   0.045600   0.083000   0.060000   0.110200   0.117000   0.158400 
164   0.038000   0.025200   0.024200   0.007000  -0.006600   0.066000   0.085400   0.044400   0.080600   0.059400   0.107800   0.116200   0.156000 
165   0.037400   0.025200   0.022600   0.006000  -0.009000   0.064200   0.084200   0.043200   0.077800   0.057400   0.108400   0.115000   0.155800 
166   0.037000   0.024800   0.019600   0.006000  -0.012400   0.063800   0.083000   0.044400   0.076200   0.056600   0.107400   0.112400   0.155000 
167   0.035000   0.024200   0.018400   0.005600  -0.011600   0.062000   0.081800   0.043400   0.073800   0.053800   0.106200   0.112800   0.155400 
168   0.033400   0.022000   0.017200   0.002800  -0.012200   0.061000   0.081000   0.041400   0.072200   0.052200   0.104800   0.112200   0.154800 
169   0.032800   0.021600   0.016000   0.004000  -0.012400   0.059400   0.080000   0.042200   0.069200   0.052000   0.103200   0.111400   0.154000 
170   0.030000   0.021400   0.014400   0.003600  -0.013200   0.057200   0.077800   0.042000   0.068800   0.051000   0.102600   0.110800   0.153800 
171   0.030200   0.021200   0.013200   0.002600  -0.014400   0.055600   0.077800   0.043400   0.066400   0.050400   0.103000   0.108000   0.153200 
172   0.029800   0.019800   0.011000   0.001800  -0.015600   0.054600   0.074800   0.043000   0.063400   0.049400   0.102400   0.106000   0.154600 
173   0.027600   0.019400   0.010400   0.003200  -0.014600   0.053600   0.073000   0.043600   0.062400   0.046600   0.103400   0.106800   0.153400 
174   0.026400   0.017200   0.009000   0.002400  -0.015600   0.053400   0.071000   0.042600   0.060600   0.045400   0.101200   0.106000   0.154000 
175   0.026000   0.017000   0.006600   0.003200  -0.016800   0.052400   0.068800   0.043600   0.058600   0.044200   0.100400   0.102800   0.155200 
176   0.025000   0.017000   0.005800   0.003200  -0.016800   0.051200   0.066600   0.041400   0.058400   0.042800   0.102000   0.100400   0.154200 
177   0.024800   0.016600   0.004600   0.002000  -0.017000   0.050400   0.063000   0.042200   0.055200   0.041400   0.102200   0.098400   0.155400 
178   0.023600   0.015000   0.003800   0.001400  -0.016400   0.050000   0.062400   0.041200   0.054000   0.041800   0.101600   0.094800   0.154000 
179   0.022600   0.014800   0.001800   0.001600  -0.016200   0.049600   0.060400   0.042200   0.054000   0.040800   0.101800   0.092200   0.152400 
180   0.022600   0.012800   0.000800   0.001000  -0.015600   0.047600   0.058400   0.041800   0.052600   0.039200   0.103000   0.089600   0.151000 
181   0.021800   0.011600  -0.000400   0.000600  -0.015800   0.047000   0.056200   0.043600   0.050000   0.038000   0.099600   0.087200   0.149800 
182   0.020800   0.011200  -0.000200  -0.000200  -0.016800   0.045800   0.054000   0.043000   0.050000   0.038200   0.100200   0.083400   0.147000 
183   0.021200   0.010400  -0.001200   0.001200  -0.014600   0.045200   0.052600   0.043000   0.049000   0.036600   0.099400   0.081000   0.146200 
184   0.022200   0.010000  -0.000600   0.001600  -0.016400   0.042800   0.049000   0.042000   0.045600   0.035600   0.098800   0.079800   0.146000 
185   0.021200   0.008000  -0.002200   0.002200  -0.015600   0.040400   0.045400   0.042200   0.045800   0.035000   0.100000   0.080800   0.145000 
186   0.021600   0.008600  -0.002200   0.002800  -0.017800   0.039000   0.044600   0.042800   0.043000   0.032400   0.099200   0.077000   0.144200 
187   0.018400   0.008800  -0.002800   0.001800  -0.019200   0.038400   0.040600   0.041600   0.042400   0.032800   0.097200   0.074200   0.144200 
188   0.019400   0.007600  -0.003200   0.002800  -0.019200   0.036400   0.039000   0.042000   0.043600   0.032400   0.095400   0.072400   0.141600 
189   0.017800   0.008200  -0.003200   0.003400  -0.019800   0.035200   0.038400   0.042000   0.042600   0.030400   0.095200   0.069600   0.140600 
190   0.017400   0.006800  -0.001800   0.003600  -0.021200   0.035200   0.036800   0.042200   0.041800   0.031600   0.093400   0.068800   0.138000 
191   0.017600   0.006000  -0.003200   0.003400  -0.021400   0.034600   0.036600   0.041800   0.041600   0.032200   0.091800   0.067400   0.138600 
192   0.017200   0.005000  -0.003800   0.004000  -0.021200   0.033800   0.034800   0.039600   0.039600   0.032200   0.090600   0.065400   0.139400 
193   0.017000   0.005400  -0.004200   0.004800  -0.023800   0.033000   0.034200   0.040400   0.038000   0.032800   0.088000   0.062400   0.138000 
194   0.015400   0.005000  -0.005000   0.004000  -0.023000   0.032400   0.033600   0.039000   0.037400   0.031800   0.088200   0.061800   0.137600 
195   0.014600   0.003400  -0.005000   0.004800  -0.023800   0.032200   0.032200   0.038800   0.037000   0.032400   0.087200   0.060000   0.138200 
196   0.013400   0.002200  -0.006000   0.007200  -0.024600   0.031200   0.031400   0.037800   0.035400   0.033200   0.085800   0.057600   0.136000 
197   0.015200   0.001800  -0.004400   0.005600  -0.025200   0.029000   0.031400   0.037600   0.034000   0.032800   0.084400   0.055800   0.136000 
198   0.015600   0.001800  -0.005200   0.006200  -0.026400   0.030000   0.029800   0.036400   0.033800   0.033000   0.083200   0.055800   0.137000 
199   0.014800   0.001000  -0.007200   0.006600  -0.029000   0.028600   0.027800   0.036600   0.033000   0.034600   0.082600   0.053400   0.137000 
200   0.016400   0.000200  -0.007600   0.007400  -0.027800   0.027800   0.028400   0.035800   0.032800   0.034200   0.081400   0.053400   0.136600 
201   0.016800  -0.001000  -0.009800   0.007800  -0.027400   0.026200   0.026800   0.036000   0.029800   0.033200   0.082000   0.052800   0.135200 
202   0.016600  -0.001800  -0.009400   0.007400  -0.029800   0.025200   0.024800   0.035600   0.027600   0.035400   0.082400   0.049600   0.135400 
203   0.016200  -0.002000  -0.008200   0.008400  -0.030800   0.023400   0.023800   0.034000   0.026400   0.035600   0.081200   0.048800   0.135000 
204   0.016400  -0.002000  -0.008200   0.010000  -0.030600   0.023200   0.022200   0.032200   0.024600   0.036000   0.080800   0.046800   0.135000 
205   0.017400  -0.001600  -0.007800   0.011000  -0.030600   0.021000   0.020600   0.032000   0.022200   0.036400   0.080600   0.045800   0.135400 
206   0.017800  -0.001200  -0.007200   0.011400  -0.031800   0.021000   0.018200   0.030600   0.021800   0.036600   0.080600   0.044000   0.136000 
207   0.017000  -0.001800  -0.007600   0.012200  -0.032400   0.018000   0.016200   0.028400   0.021200   0.039200   0.081000   0.042800   0.135200 
208   0.018000  -0.001200  -0.007800   0.011200  -0.032800   0.016400   0.014800   0.029000   0.019000   0.037800   0.081000   0.039800   0.136600 
209   0.016800  -0.000600  -0.006200   0.012200  -0.033000   0.014000   0.010800   0.028200   0.018600   0.040000   0.079200   0.039000   0.136600 
210   0.018800   0.000400  -0.006400   0.016200  -0.035200   0.011800   0.010000   0.028200   0.018000   0.039400   0.079800   0.038000   0.137600 
211   0.019200   0.000200  -0.005600   0.013800  -0.033800   0.010200   0.009400   0.028600   0.016800   0.040200   0.077800   0.036800   0.135400 
212   0.019000   0.003400  -0.005200   0.014400  -0.036000   0.008800   0.006600   0.027600   0.018400   0.040400   0.078000   0.034000   0.135400 
213   0.020600   0.004200  -0.003600   0.014800  -0.034600   0.007400   0.007400   0.028600   0.018000   0.040800   0.078600   0.032800   0.136400 
214   0.020800   0.005000  -0.000800   0.014800  -0.033800   0.005800   0.005600   0.028400   0.016000   0.042200   0.076800   0.030200   0.136000 
215   0.018800   0.004200  -0.000600   0.014200  -0.032800   0.004600   0.004000   0.027800   0.017200   0.042400   0.078800   0.028400   0.133600 
216   0.020600   0.005000   0.000200   0.017000  -0.033800   0.002200   0.003200   0.025400   0.015800   0.043400   0.078400   0.026000   0.133600 
217   0.019600   0.005800   0.002200   0.018200  -0.035000   0.003800   0.001600   0.026200   0.014800   0.042600   0.079800   0.026400   0.132800 
218   0.018800   0.006200   0.004600   0.017600  -0.033200   0.002000   0.000800   0.025800   0.015000   0.043000   0.079200   0.025000   0.132800 
219   0.017000   0.005000   0.004800   0.019600  -0.031000   0.003200   0.000200   0.025600   0.015200   0.044600   0.079200   0.024200   0.133800 
220   0.016600   0.007400   0.005200   0.019400  -0.031200   0.003200  -0.001400   0.023200   0.014800   0.044800   0.076800   0.021000   0.132000 
221   0.015400   0.006600   0.006400   0.018400  -0.028400  -0.000200  -0.002600   0.023800   0.015600   0.046000   0.077800   0.018200   0.131800 
222   0.015600   0.007400   0.007800   0.019000  -0.027600   0.001600  -0.006000   0.020400   0.016200   0.044800   0.075400   0.016800   0.129800 
223   0.013800   0.008000   0.007800   0.019400  -0.027000  -0.000000  -0.008800   0.019600   0.016200   0.046600   0.074400   0.017200   0.130600 
224   0.014000   0.008200   0.008800   0.019400  -0.025000  -0.002200  -0.011000   0.019200   0.015600   0.047200   0.075200   0.014600   0.129600 
225   0.013600   0.010200   0.010000   0.019200  -0.024400  -0.001000  -0.014600   0.018400   0.014000   0.046800   0.072400   0.011400   0.130200 
226   0.012800   0.010000   0.008200   0.019400  -0.024600  -0.003800  -0.014800   0.016600   0.014200   0.047600   0.072800   0.011800   0.130200 
227   0.013200   0.010400   0.008400   0.021000  -0.025200  -0.004200  -0.017000   0.016400   0.017000   0.047600   0.068800   0.012800   0.129400 
228   0.011400   0.011400   0.008200   0.020600  -0.022200  -0.004800  -0.019000   0.016000   0.015800   0.047800   0.069200   0.011000   0.129400 
229   0.013000   0.010800   0.006800   0.019800  -0.024200  -0.005000  -0.022000   0.016200   0.018000   0.048800   0.066600   0.010800   0.128000 
230   0.013000   0.011000   0.006800   0.019600  -0.024000  -0.004800  -0.023600   0.017200   0.018800   0.047600   0.067000   0.008800   0.127800 
231   0.012000   0.013200   0.006600   0.017400  -0.022200  -0.007000  -0.025000   0.016600   0.020000   0.048200   0.066400   0.008200   0.126800 
232   0.012000   0.013600   0.004600   0.018000  -0.024600  -0.006600  -0.025200   0.016400   0.021600   0.048200   0.065200   0.008200   0.127600 
233   0.012200   0.014200   0.005000   0.018200  -0.023800  -0.007600  -0.026200   0.015800   0.023200   0.048600   0.064200   0.006400   0.126000 
234   0.012600   0.013800   0.004800   0.017800  -0.024400  -0.006800  -0.028000   0.018000   0.023200   0.049200   0.065400   0.005600   0.125000 
235   0.013000   0.015800   0.002600   0.017800  -0.023400  -0.008400  -0.027000   0.017800   0.023200   0.051200   0.067000   0.006200   0.124800 
236   0.014800   0.016000   0.004200   0.016400  -0.022400  -0.007800  -0.027000   0.018600   0.023200   0.052200   0.066000   0.005200   0.123800 
237   0.014600   0.016400   0.003200   0.018600  -0.022200  -0.007200  -0.028200   0.018600   0.024800   0.052200   0.066200   0.003800   0.124000 
238   0.014200   0.016200   0.004000   0.017200  -0.022800  -0.008000  -0.027800   0.018200   0.025400   0.050400   0.066600   0.002200   0.123800 
239   0.016400   0.016800   0.002200   0.016600  -0.023400  -0.008200  -0.028400   0.019400   0.027600   0.051600   0.067800  -0.000800   0.122400 
240   0.016200   0.018400   0.000400   0.016800  -0.023800  -0.007600  -0.031600   0.018600   0.027800   0.051800   0.069000  -0.000200   0.122000 
241   0.016800   0.018000   0.002000   0.013800  -0.024000  -0.008200  -0.030600   0.018600   0.028400   0.052000   0.068600  -0.004000   0.123200 
242   0.018000   0.017200   0.000400   0.015000  -0.023200  -0.007200  -0.031400   0.019200   0.028400   0.052800   0.069600  -0.003600   0.125000 
243   0.017000   0.019800   0.001000   0.012600  -0.023600  -0.009400  -0.032400   0.019600   0.028200   0.052800   0.071200  -0.005000   0.122000 
244   0.017600   0.018400  -0.001800   0.011600  -0.023200  -0.008600  -0.033200   0.019200   0.030800   0.053400   0.070000  -0.005600   0.122200 
245   0.018800   0.019400  -0.002000   0.012000  -0.024000  -0.009800  -0.034400   0.020200   0.029600   0.052000   0.070400  -0.006600   0.121000 
246   0.019800   0.020600  -0.002600   0.009600  -0.024800  -0.009400  -0.036000   0.020200   0.030200   0.051600   0.070000  -0.006600   0.120600 
247   0.017000   0.019800  -0.000800   0.008200  -0.023600  -0.009200  -0.036800   0.019400   0.032000   0.052800   0.070400  -0.009000   0.120200 
248   0.017600   0.018200  -0.001400   0.006600  -0.023800  -0.010400  -0.037400   0.019200   0.031000   0.051400   0.071000  -0.010000   0.121200 
249   0.016000   0.015200  -0.001600   0.005000  -0.024200  -0.012600  -0.036800   0.018800   0.032800   0.053600   0.071000  -0.011200   0.119800 
250   0.015000   0.015200  -0.002600   0.002600  -0.023000  -0.012600  -0.038400   0.019200   0.031600   0.053000   0.071800  -0.013600   0.119600 
251   0.015800   0.015200  -0.001000   0.001600  -0.024000  -0.012600  -0.038000   0.019400   0.031800   0.049800   0.073400  -0.015800   0.119200 
252   0.016600   0.014400  -0.002400   0.000200  -0.024200  -0.013200  -0.040000   0.020400   0.032400   0.050000   0.070600  -0.016600   0.119000 
253   0.016600   0.013200   0.000600  -0.001000  -0.023800  -0.012600  -0.039800   0.020200   0.034000   0.051400   0.071800  -0.018600   0.121000 
254   0.015600   0.012800   0.003800  -0.000800  -0.023200  -0.012600  -0.042600   0.019400   0.034800   0.049000   0.071400  -0.020200   0.120000 
255   0.017000   0.012400   0.003400  -0.002800  -0.024000  -0.012600  -0.041800   0.020800   0.033800   0.047800   0.071200  -0.021600   0.120600 
256   0.016800   0.012800   0.003200  -0.004800  -0.024400  -0.013600  -0.042600   0.019600   0.034000   0.047600   0.071800  -0.022800   0.121400 
257   0.015400   0.011800   0.005600  -0.004600  -0.022800  -0.014000  -0.042800   0.019600   0.034200   0.047600   0.072600  -0.022000   0.119600 
258   0.016000   0.013600   0.006000  -0.006400  -0.024000  -0.015800  -0.044400   0.019400   0.034400   0.045600   0.071200  -0.024600   0.119600 
259   0.016200   0.013200   0.004800  -0.009800  -0.023600  -0.017600  -0.044600   0.019600   0.036400   0.045200   0.071600  -0.025000   0.118800 
260   0.017200   0.012400   0.006600  -0.009200  -0.023200  -0.017400  -0.046200   0.020200   0.035800   0.043800   0.072600  -0.026000   0.119000 
261   0.017600   0.012600   0.006600  -0.010600  -0.024800  -0.019000  -0.044600   0.021600   0.035400   0.042200   0.072000  -0.025400   0.118600 
262   0.016800   0.011800   0.008000  -0.010600  -0.022000  -0.020000  -0.045200   0.020400   0.036200   0.044000   0.071600  -0.028800   0.118200 
263   0.015600   0.011200   0.006800  -0.012600  -0.023600  -0.019800  -0.045800   0.020400   0.037000   0.041000   0.072000  -0.027600   0.117600 
264   0.015600   0.014400   0.007800  -0.013800  -0.022400  -0.021400  -0.046600   0.022000   0.038000   0.040200   0.072000  -0.029000   0.117400 
265   0.014600   0.014600   0.008200  -0.015200  -0.023600  -0.022800  -0.045800   0.020400   0.038200   0.039200   0.073600  -0.029800   0.117200 
266   0.014800   0.013800   0.008400  -0.016400  -0.022400  -0.022800  -0.047400   0.020200   0.038800   0.039200   0.074200  -0.029200   0.116800 
267   0.013600   0.015000   0.007800  -0.018600  -0.022200  -0.021800  -0.049000   0.022200   0.038200   0.037200   0.074200  -0.030000   0.114800 
268   0.011800   0.013800   0.008800  -0.018600  -0.021800  -0.019800  -0.048200   0.020600   0.038800   0.036800   0.074200  -0.032000   0.114000 
269   0.011000   0.014400   0.011800  -0.019800  -0.021800  -0.020000  -0.048400   0.023400   0.038800   0.034800   0.074600  -0.032000   0.114200 
270   0.011200   0.013000   0.013000  -0.017200  -0.021800  -0.021800  -0.049000   0.021000   0.037600   0.036600   0.076400  -0.034400   0.113600 
271   0.011800   0.014800   0.012600  -0.018400  -0.021800  -0.020600  -0.048800   0.022800   0.036600   0.032600   0.075400  -0.033200   0.112800 
272   0.011400   0.013600   0.013000  -0.018800  -0.023000  -0.020000  -0.051000   0.024000   0.038200   0.030200   0.077000  -0.034600   0.112600 
273   0.009600   0.014200   0.014000  -0.018400  -0.021600  -0.019800  -0.050800   0.023400   0.037200   0.029600   0.077200  -0.036000   0.112600 
274   0.009800   0.012000   0.014200  -0.019400  -0.021800  -0.020800  -0.050600   0.025200   0.036800   0.029400   0.076800  -0.036400   0.111800 
275   0.009400   0.012600   0.013400  -0.019800  -0.024200  -0.018000  -0.051800   0.024600   0.038400   0.028200   0.078000  -0.038800   0.111400 
276   0.009400   0.012800   0.012800  -0.020200  -0.023000  -0.018800  -0.050800   0.025800   0.037600   0.027000   0.079800  -0.038200   0.113000 
277   0.009800   0.010600   0.012400  -0.021400  -0.021800  -0.019400  -0.051400   0.026200   0.038400   0.024600   0.079600  -0.038200   0.111000 
278   0.009400   0.010400   0.010600  -0.021800  -0.020400  -0.016600  -0.050800   0.026800   0.038000   0.024600   0.081000  -0.039200   0.109200 
279   0.007200   0.010200   0.010200  -0.023200  -0.020600  -0.015800  -0.051000   0.027000   0.037200   0.023400   0.081000  -0.039800   0.110000 
280   0.005800   0.008000   0.009200  -0.023400  -0.020000  -0.014600  -0.052200   0.027000   0.038200   0.021800   0.082600  -0.042200   0.113000 
281   0.007400   0.007600   0.008200  -0.024400  -0.020200  -0.014400  -0.052200   0.028000   0.038600   0.020600   0.084800  -0.041800   0.110000 
282   0.005800   0.005800   0.007800  -0.025400  -0.021400  -0.013200  -0.052600   0.027200   0.039600   0.018400   0.085000  -0.043000   0.110800 
283   0.005800   0.004800   0.006600  -0.028600  -0.019800  -0.012800  -0.051600   0.028200   0.041000   0.016200   0.085400  -0.043800   0.110600 
284   0.005600   0.004400   0.006200  -0.028600  -0.019400  -0.012400  -0.052000   0.027400   0.041200   0.014600   0.087800  -0.044000   0.111600 
285   0.005400   0.003600   0.006400  -0.030200  -0.019200  -0.011800  -0.052200   0.028600   0.043800   0.012200   0.088400  -0.045200   0.110400 
286   0.004400   0.003200   0.004600  -0.030800  -0.019800  -0.010600  -0.052400   0.029800   0.042600   0.010400   0.087800  -0.045000   0.110800 
287   0.004200   0.001800   0.005200  -0.029200  -0.020000  -0.011800  -0.052800   0.030600   0.044200   0.008800   0.088600  -0.046200   0.110000 
288   0.004000   0.002000   0.004800  -0.030400  -0.021000  -0.010000  -0.052800   0.031400   0.045400   0.007800   0.088000  -0.046200   0.110400 
289   0.003000   0.000800   0.005000  -0.028600  -0.017400  -0.009600  -0.052000   0.030000   0.045400   0.006000   0.089200  -0.046200   0.108800 
290   0.002400   0.000400   0.002200  -0.029200  -0.019600  -0.008800  -0.052000   0.030400   0.046800   0.005600   0.087000  -0.046600   0.109600 
291   0.003400  -0.000800   0.001400  -0.028200  -0.020800  -0.007000  -0.053000   0.030000   0.045200   0.002600   0.087800  -0.048600   0.109600 
292   0.002200  -0.001000  -0.000000  -0.027800  -0.021400  -0.006800  -0.052200   0.029000   0.046000   0.001800   0.086000  -0.049200   0.108600 
293   0.001800  -0.000600  -0.001200  -0.026600  -0.021200  -0.006400  -0.053200   0.031200   0.045400   0.001000   0.085800  -0.050000   0.109600 
294   0.003000  -0.003200  -0.001200  -0.027800  -0.020400  -0.006000  -0.052800   0.031000   0.044800   0.001600   0.085200  -0.050400   0.109000 
295   0.002600  -0.004800  -0.000400  -0.027000  -0.021000  -0.005000  -0.053000   0.029800   0.046800   0.000600   0.085400  -0.052400   0.106400 
296   0.002600  -0.004400  -0.003000  -0.028400  -0.020800  -0.004800  -0.052600   0.030000   0.047600  -0.000400   0.085200  -0.051000   0.106200 
297   0.003200  -0.004400  -0.003600  -0.028800  -0.022600  -0.005600  -0.052200   0.030000   0.048000  -0.000400   0.083000  -0.053000   0.106200 
298   0.003000  -0.005400  -0.003800  -0.029600  -0.020600  -0.005600  -0.051400   0.029600   0.049400  -0.000800   0.084600  -0.053600   0.107000 
299   0.002200  -0.006800  -0.004800  -0.032000  -0.022200  -0.006600  -0.049200   0.028200   0.049800  -0.002200   0.084600  -0.052000   0.106600 
300   0.001400  -0.007400  -0.005600  -0.031600  -0.022600  -0.007600  -0.049000   0.028400   0.052600  -0.003800   0.083600  -0.054200   0.105200 
301  -0.000400  -0.008000  -0.007600  -0.032600  -0.023000  -0.005000  -0.047600   0.029000   0.052400  -0.002800   0.083600  -0.051800   0.104400 
302  -0.000200  -0.009800  -0.008600  -0.032800  -0.023600  -0.005000  -0.046800   0.028800   0.051800  -0.004800   0.082600  -0.052400   0.103000 
303  -0.001400  -0.009400  -0.011000  -0.030400  -0.025200  -0.005000  -0.046600   0.031200   0.051600  -0.003600   0.084200  -0.052600   0.103800 
304  -0.002800  -0.009200  -0.011600  -0.031600  -0.025200  -0.005200  -0.046600   0.029200   0.053600  -0.003000   0.084000  -0.051600   0.102600 
305  -0.004400  -0.011000  -0.010400  -0.032000  -0.023800  -0.005200  -0.045200   0.028600   0.053400  -0.003400   0.083000  -0.052200   0.102800 
306  -0.006400  -0.014000  -0.012800  -0.031400  -0.025200  -0.005000  -0.044200   0.030400   0.055400  -0.001400   0.083400  -0.054400   0.102800 
307  -0.006400  -0.014400  -0.012200  -0.032000  -0.027000  -0.007000  -0.043400   0.030200   0.056000  -0.002400   0.081200  -0.055200   0.101200 
308  -0.009600  -0.016800  -0.013400  -0.030200  -0.025600  -0.005600  -0.042600   0.029800   0.055400  -0.003000   0.079400  -0.055800   0.101000 
309  -0.008000  -0.017200  -0.013800  -0.031800  -0.025600  -0.006400  -0.042400   0.027600   0.055400  -0.002200   0.080400  -0.053600   0.100800 
310  -0.008800  -0.018800  -0.015200  -0.031800  -0.025000  -0.007600  -0.042000   0.028600   0.057000  -0.002200   0.078600  -0.054400   0.099000 
311  -0.008200  -0.020200  -0.017400  -0.031200  -0.025000  -0.007400  -0.040200   0.029200   0.056200  -0.000400   0.079200  -0.055200   0.098400 
312  -0.009800  -0.020000  -0.019400  -0.033600  -0.026800  -0.007800  -0.039600   0.028600   0.057800   0.001200   0.078800  -0.055600   0.097800 
313  -0.010800  -0.022200  -0.018200  -0.033000  -0.026400  -0.007200  -0.039400   0.029400   0.057800   0.002400   0.077000  -0.055600   0.096800 
314  -0.010800  -0.024200  -0.020000  -0.034200  -0.026000  -0.008600  -0.037400   0.028400   0.058000   0.002200   0.076000  -0.057400   0.096600 
315  -0.012200  -0.025000  -0.020000  -0.032800  -0.024800  -0.010400  -0.034400   0.029800   0.057400   0.001600   0.076400  -0.054600   0.096600 
316  -0.012600  -0.022200  -0.020600  -0.035800  -0.025200  -0.009600  -0.033400   0.031200   0.058000   0.002000   0.076800  -0.056000   0.096800 
317  -0.014000  -0.024800  -0.020400  -0.036600  -0.025200  -0.011400  -0.033000   0.033200   0.057000   0.001800   0.075800  -0.055600   0.097400 
318  -0.016800  -0.024400  -0.023800  -0.038400  -0.025800  -0.011600  -0.031200   0.033800   0.057000   0.001600   0.073200  -0.054000   0.095800 
319  -0.017800  -0.025600  -0.022800  -0.039400  -0.024800  -0.013000  -0.029400   0.032800   0.056000   0.001800   0.073400  -0.055600   0.095600 
320  -0.020200  -0.026400  -0.025800  -0.041600  -0.023200  -0.015000  -0.029200   0.033800   0.057800   0.002800   0.070400  -0.055400   0.095200 
321  -0.023400  -0.026400  -0.027200  -0.042600  -0.022800  -0.014000  -0.027800   0.034800   0.055000   0.002800   0.070800  -0.055000   0.093400 
322  -0.021400  -0.025800  -0.026200  -0.043000  -0.024400  -0.012600  -0.026400   0.033800   0.054600   0.003000   0.070200  -0.056200   0.094400 
323  -0.022600  -0.026400  -0.028000  -0.044200  -0.025200  -0.014400  -0.024000   0.033600   0.053000   0.003800   0.068800  -0.056400   0.095200 
324  -0.026400  -0.028200  -0.029200  -0.044800  -0.025800  -0.014400  -0.023200   0.034400   0.053000   0.005200   0.068000  -0.056400   0.094800 
325  -0.026800  -0.028400  -0.031400  -0.045400  -0.026800  -0.016400  -0.023200   0.032800   0.052200   0.003600   0.065800  -0.057000   0.093000 
326  -0.027200  -0.029600  -0.033200  -0.045600  -0.026000  -0.013400  -0.022600   0.033600   0.051400   0.003600   0.065000  -0.057800   0.093200 
327  -0.029400  -0.030200  -0.035800  -0.046800  -0.028000  -0.014600  -0.023200   0.031400   0.050600   0.006200   0.064000  -0.058000   0.091200 
328  -0.031000  -0.030000  -0.036000  -0.045800  -0.028200  -0.014400  -0.022000   0.033000   0.049600   0.005600   0.062600  -0.058600   0.091000 
329  -0.033200  -0.031400  -0.038600  -0.046400  -0.028800  -0.013600  -0.020400   0.031600   0.050400   0.005600   0.062000  -0.059600   0.091000 
330  -0.034200  -0.031400  -0.036800  -0.049200  -0.028600  -0.014400  -0.019400   0.033800   0.050000   0.007200   0.061800  -0.059200   0.089400 
331  -0.035400  -0.031000  -0.038800  -0.050000  -0.030200  -0.014400  -0.020000   0.034800   0.050000   0.007000   0.061800  -0.060600   0.087200 
332  -0.039800  -0.032400  -0.039800  -0.050800  -0.031200  -0.014200  -0.018200   0.034800   0.048800   0.008200   0.059800  -0.060800   0.085600 
333  -0.037400  -0.033000  -0.040600  -0.051000  -0.031600  -0.015200  -0.018200   0.033600   0.049600   0.007000   0.060000  -0.060200   0.084200 
334  -0.038000  -0.035200  -0.041400  -0.051400  -0.031200  -0.014400  -0.020000   0.033400   0.050800   0.009400   0.058400  -0.058600   0.083200 
335  -0.040600  -0.034200  -0.042000  -0.052000  -0.031200  -0.014600  -0.018600   0.033200   0.051800   0.009600   0.057800  -0.058800   0.082600 
336  -0.042200  -0.035000  -0.043600  -0.053600  -0.032200  -0.014600  -0.018200   0.033000   0.049600   0.008600   0.057400  -0.060600   0.080200 
337  -0.042400  -0.035400  -0.045200  -0.053400  -0.033000  -0.013800  -0.018000   0.032600   0.048600   0.009800   0.054400  -0.060400   0.081400 
338  -0.045400  -0.036200  -0.046200  -0.054200  -0.033800  -0.014800  -0.016800   0.031800   0.046400   0.011000   0.054000  -0.060800   0.080800 
339  -0.045000  -0.035000  -0.048200  -0.054400  -0.035800  -0.015600  -0.016600   0.031400   0.047000   0.010600   0.052200  -0.059200   0.079600 
340  -0.044400  -0.036200  -0.049000  -0.055400  -0.035600  -0.015600  -0.016600   0.031800   0.045800   0.009400   0.050400  -0.060000   0.078600 
341  -0.045000  -0.036800  -0.050200  -0.056600  -0.035200  -0.015400  -0.017400   0.031200   0.047600   0.011600   0.050000  -0.060600   0.078800 
342  -0.045600  -0.035800  -0.050600  -0.056000  -0.037600  -0.015800  -0.017200   0.032800   0.045400   0.011000   0.047200  -0.058800   0.077000 
343  -0.045400  -0.038200  -0.050400  -0.058400  -0.037000  -0.015600  -0.016600   0.031800   0.045200   0.011800   0.046000  -0.059600   0.075800 
344  -0.046000  -0.037200  -0.052400  -0.059600  -0.038400  -0.014600  -0.017200   0.032000   0.046200   0.010400   0.045000  -0.059200   0.075800 
345  -0.045600  -0.038800  -0.053600  -0.059600  -0.038800  -0.013200  -0.017800   0.030800   0.045800   0.010600   0.044200  -0.058000   0.076800 
346  -0.047400  -0.039200  -0.054400  -0.062400  -0.039200  -0.013200  -0.017000   0.032400   0.045800   0.010800   0.042600  -0.058400   0.074800 
347  -0.047400  -0.040800  -0.054600  -0.062000  -0.040800  -0.014000  -0.016800   0.030200   0.046800   0.011000   0.040400  -0.059800   0.075400 
348  -0.047800  -0.041600  -0.058600  -0.061800  -0.042200  -0.012000  -0.017600   0.031600   0.047600   0.010800   0.037800  -0.060600   0.073800 
349  -0.049000  -0.043200  -0.058000  -0.062800  -0.044200  -0.014200  -0.018000   0.029000   0.045600   0.010800   0.037000  -0.058000   0.072400 
350  -0.050200  -0.044600  -0.058200  -0.062400  -0.044800  -0.013000  -0.016400   0.031400   0.047400   0.009400   0.035800  -0.057200   0.072600 
351  -0.050600  -0.045600  -0.058000  -0.063800  -0.046800  -0.013400  -0.015800   0.030000   0.049800   0.009000   0.035800  -0.059800   0.068800 
352  -0.051200  -0.046600  -0.058400  -0.064800  -0.047400  -0.012400  -0.015400   0.028400   0.050800   0.006200   0.033600  -0.057000   0.069200 
353  -0.051000  -0.047400  -0.060200  -0.064000  -0.049000  -0.012600  -0.014000   0.028600   0.051400   0.006400   0.030600  -0.058200   0.068400 
354  -0.051000  -0.049400  -0.060800  -0.067200  -0.047400  -0.012200  -0.015200   0.029400   0.052800   0.003600   0.029400  -0.057800   0.067800 
355  -0.051800  -0.050600  -0.061200  -0.066800  -0.048200  -0.012200  -0.015800   0.029600   0.053200   0.004400   0.028200  -0.058600   0.067200 
356  -0.053000  -0.052800  -0.062200  -0.067200  -0.049000  -0.011600  -0.017000   0.027800   0.054400   0.003000   0.025200  -0.057800   0.064200 
357  -0.055400  -0.052800  -0.061600  -0.067200  -0.051000  -0.012400  -0.019200   0.027600   0.055600   0.001400   0.023400  -0.060200   0.065400 
358  -0.054400  -0.054800  -0.063800  -0.069000  -0.051800  -0.012800  -0.017800   0.028400   0.059000   0.002000   0.022400  -0.059800   0.065200 
359  -0.056200  -0.056600  -0.063200  -0.068600  -0.051400  -0.011200  -0.016000   0.029400   0.060800   0.001600   0.021200  -0.060400   0.062400 
360  -0.056800  -0.057400  -0.064800  -0.070600  -0.053200  -0.010000  -0.016000   0.027600   0.061000  -0.000800   0.018400  -0.060200   0.063200 
361  -0.058400  -0.059200  -0.065400  -0.070800  -0.052400  -0.011400  -0.014800   0.029000   0.061800  -0.001400   0.016600  -0.060200   0.062400 
362  -0.056800  -0.060000  -0.068200  -0.071800  -0.054000  -0.007600  -0.014800   0.028000   0.064800  -0.001200   0.016200  -0.061000   0.063000 
363  -0.058200  -0.061000  -0.069000  -0.073800  -0.054600  -0.007800  -0.013000   0.028200   0.065800  -0.002800   0.014200  -0.060200   0.061800 
364  -0.057800  -0.062800  -0.067600  -0.076000  -0.052800  -0.007400  -0.012000   0.028400   0.068400  -0.003400   0.014000  -0.061000   0.062000 
365  -0.057800  -0.062600  -0.068400  -0.075800  -0.053200  -0.005800  -0.011000   0.026400   0.072600  -0.005400   0.012600  -0.060800   0.059600 
366  -0.057600  -0.066200  -0.070800  -0.076800  -0.052000  -0.005000  -0.010400   0.027600   0.075000  -0.005800   0.012200  -0.062000   0.061200 
367  -0.057400  -0.066000  -0.070000  -0.077400  -0.052600  -0.005200  -0.011000   0.026600   0.074800  -0.006200   0.011800  -0.061800   0.061600 
368  -0.058000  -0.066000  -0.072200  -0.078000  -0.050400  -0.004200  -0.009600   0.025800   0.076800  -0.007800   0.011600  -0.062000   0.061000 
369  -0.057600  -0.065800  -0.072000  -0.078800  -0.049200  -0.003600  -0.008800   0.027600   0.077000  -0.008200   0.008600  -0.061800   0.061400 
370  -0.058600  -0.067800  -0.073600  -0.079400  -0.048200  -0.003000  -0.007200   0.026200   0.077800  -0.008800   0.007600  -0.060200   0.061000 
371  -0.059000  -0.067200  -0.073200  -0.080800  -0.048600  -0.002800  -0.007600   0.025400   0.080000  -0.009600   0.007600  -0.061400   0.059600 
372  -0.059800  -0.069600  -0.075200  -0.082400  -0.046800  -0.001200  -0.007400   0.024600   0.081600  -0.009400   0.007800  -0.061400   0.059000 
373  -0.062200  -0.069000  -0.075600  -0.083400  -0.045800  -0.002000  -0.008400   0.025600   0.081000  -0.011600   0.006400  -0.061200   0.057600 
374  -0.062800  -0.069600  -0.076000  -0.084000  -0.045200  -0.002400  -0.007600   0.026000   0.083000  -0.013000   0.006200  -0.061000   0.058200 
375  -0.063400  -0.069200  -0.076800  -0.085000  -0.043200  -0.002000  -0.006800   0.025800   0.083800  -0.013000   0.005600  -0.062200   0.058200 
376  -0.062800  -0.070000  -0.079600  -0.083000  -0.043200  -0.003200  -0.008600   0.026800   0.086000  -0.015200   0.004800  -0.063600   0.057400 
377  -0.065400  -0.069000  -0.079600  -0.085200  -0.041200  -0.000200  -0.008400   0.025000   0.087600  -0.016200   0.003400  -0.064000   0.057600 
378  -0.065800  -0.069400  -0.079800  -0.086000  -0.042800  -0.001200  -0.009000   0.025600   0.091200  -0.018400   0.001600  -0.064400   0.058200 
379  -0.065800  -0.069200  -0.080800  -0.086400  -0.040400   0.000600  -0.008800   0.024600   0.092400  -0.018800  -0.000000  -0.063600   0.056400 
380  -0.064600  -0.070600  -0.082400  -0.088000  -0.042000   0.001000  -0.009800   0.024200   0.093600  -0.019400   0.001200  -0.062400   0.057200 
381  -0.067000  -0.070800  -0.084400  -0.087200  -0.041400   0.002400  -0.011600   0.023800   0.094400  -0.020200   0.000000  -0.065000   0.057400 
382  -0.069400  -0.071600  -0.085200  -0.087600  -0.042000   0.002400  -0.009200   0.022800   0.094200  -0.021800   0.000200  -0.063200   0.056400 
383  -0.068600  -0.071600  -0.085400  -0.086800  -0.043000   0.003200  -0.010600   0.021400   0.098400  -0.021800  -0.001400  -0.063000   0.058200 
384  -0.068800  -0.072400  -0.086600  -0.087400  -0.043200   0.004600  -0.010400   0.021400   0.099400  -0.022200  -0.001400  -0.062400   0.057800 
385  -0.072200  -0.072800  -0.087600  -0.088000  -0.043800   0.004800  -0.012000   0.020200   0.099200  -0.022400  -0.003800  -0.061200   0.058200 
386  -0.072600  -0.073400  -0.089800  -0.087400  -0.042800   0.005600  -0.011800   0.019000   0.101800  -0.022400  -0.006600  -0.059200   0.057800 
387  -0.073800  -0.074800  -0.091400  -0.087000  -0.043400   0.004000  -0.013200   0.018800   0.102800  -0.019400  -0.006400  -0.058600   0.057400 
388  -0.074800  -0.077200  -0.090200  -0.087400  -0.044000   0.004800  -0.014400   0.018200   0.105600  -0.019800  -0.007600  -0.058600   0.058600 
389  -0.076200  -0.078400  -0.092000  -0.085800  -0.045000   0.005400  -0.014200   0.017600   0.105800  -0.018200  -0.010400  -0.059000   0.059400 
390  -0.074200  -0.079400  -0.089600  -0.086200  -0.043000   0.005200  -0.014800   0.017600   0.108400  -0.018200  -0.010000  -0.056200   0.058000 
391  -0.076600  -0.080600  -0.090600  -0.087000  -0.043000   0.006000  -0.016000   0.016000   0.110600  -0.017000  -0.012000  -0.055600   0.060000 
392  -0.075600  -0.082400  -0.090200  -0.084600  -0.045600   0.006400  -0.016000   0.015000   0.110400  -0.016400  -0.012800  -0.055000   0.061400 
393  -0.073800  -0.083400  -0.089000  -0.084400  -0.047000   0.007800  -0.016200   0.015200   0.112800  -0.018400  -0.015400  -0.055200   0.060400 
394  -0.076200  -0.085200  -0.088600  -0.082600  -0.047200   0.007200  -0.017000   0.014800   0.114400  -0.017000  -0.017200  -0.055400   0.061200 
395  -0.075600  -0.087200  -0.087000  -0.083200  -0.045400   0.009000  -0.016400   0.012800   0.113800  -0.016800  -0.018000  -0.055400   0.061000 
396  -0.075200  -0.086000  -0.087000  -0.081400  -0.048000   0.007200  -0.016000   0.012200   0.114800  -0.015600  -0.018600  -0.054800   0.059000 
397  -0.076000  -0.087000  -0.086400  -0.081400  -0.048000   0.007400  -0.016200   0.009800   0.115400  -0.015600  -0.019000  -0.054200   0.059000 
398  -0.075600  -0.091000  -0.083600  -0.080000  -0.051200   0.009800  -0.015600   0.010000   0.117800  -0.018400  -0.020400  -0.056200   0.058000 
399  -0.076000  -0.089800  -0.083600  -0.079600  -0.050800   0.009000  -0.014800   0.009800   0.118400  -0.017000  -0.020400  -0.053400   0.056800 
400  -0.075800  -0.090600  -0.081800  -0.080400  -0.049600   0.007800  -0.013600   0.009000   0.119600  -0.015800  -0.022200  -0.055000   0.056600 
401  -0.076200  -0.089800  -0.083000  -0.078600  -0.049200   0.009400  -0.013600   0.010000   0.120200  -0.015800  -0.021800  -0.054200   0.055200 
402  -0.075800  -0.090400  -0.083000  -0.078600  -0.049200   0.007400  -0.014000   0.009200   0.120200  -0.016400  -0.022400  -0.055000   0.055200 
403  -0.075800  -0.090600  -0.082600  -0.078400  -0.049200   0.007000  -0.013200   0.008600   0.121800  -0.015600  -0.024000  -0.053200   0.054200 
404  -0.075800  -0.090800  -0.079600  -0.076400  -0.047600   0.005200  -0.012800   0.009200   0.121000  -0.016400  -0.025200  -0.054000   0.053000 
405  -0.076000  -0.092200  -0.079800  -0.075600  -0.048600   0.006600  -0.014600   0.008400   0.123000  -0.017400  -0.027400  -0.054200   0.052000 
406  -0.078600  -0.094600  -0.079400  -0.074600  -0.047400   0.006600  -0.013800   0.007400   0.122600  -0.017200  -0.028200  -0.053000   0.051400 
407  -0.078600  -0.094400  -0.079600  -0.073800  -0.048600   0.003800  -0.014600   0.007000   0.121600  -0.017200  -0.029200  -0.054200   0.052400 
408  -0.080200  -0.096000  -0.080400  -0.075600  -0.047200   0.004400  -0.013000   0.006800   0.121800  -0.017400  -0.029800  -0.053400   0.052400 
409  -0.080800  -0.095600  -0.079800  -0.072800  -0.046000   0.003600  -0.010800   0.005600   0.121000  -0.017000  -0.029000  -0.051800   0.052800 
410  -0.080800  -0.097400  -0.080200  -0.071600  -0.045400   0.003400  -0.009600   0.005400   0.121400  -0.016000  -0.032200  -0.053200   0.054200 
411  -0.081200  -0.098000  -0.079200  -0.073000  -0.045400   0.003000  -0.011600   0.005200   0.122800  -0.016600  -0.032200  -0.050800   0.053600 
412  -0.081200  -0.099400  -0.079800  -0.072800  -0.043800   0.001200  -0.011400   0.005000   0.121400  -0.018400  -0.034200  -0.051400   0.054000 
413  -0.084600  -0.101400  -0.079000  -0.073200  -0.042800   0.001000  -0.010000   0.005400   0.122000  -0.016600  -0.033800  -0.050400   0.054200 
414  -0.084000  -0.102000  -0.081200  -0.072000  -0.044000   0.000200  -0.009800   0.003800   0.120600  -0.017000  -0.035200  -0.049800   0.056000 
415  -0.086600  -0.103200  -0.081600  -0.072000  -0.041400   0.002600  -0.009200   0.004000   0.120000  -0.018800  -0.036800  -0.051200   0.057000 
416  -0.086800  -0.104600  -0.081000  -0.071800  -0.040200  -0.000600  -0.009400   0.005200   0.117600  -0.016400  -0.039000  -0.049400   0.057000 
417  -0.088000  -0.104400  -0.081400  -0.073200  -0.039400  -0.001000  -0.007600   0.005800   0.118600  -0.015000  -0.040200  -0.047600   0.056800 
418  -0.090000  -0.106600  -0.082600  -0.073000  -0.038800  -0.000800  -0.009800   0.003400   0.117400  -0.015200  -0.040600  -0.046800   0.057200 
419  -0.091400  -0.105600  -0.081200  -0.075400  -0.037800  -0.002200  -0.008200   0.003200   0.117200  -0.015400  -0.041600  -0.045600   0.058400 
420  -0.092000  -0.105800  -0.079200  -0.074800  -0.037600  -0.003200  -0.007400   0.002600   0.115800  -0.015400  -0.042200  -0.044600   0.058200 
421  -0.091200  -0.105400  -0.078800  -0.073800  -0.035000  -0.003400  -0.009000   0.003000   0.116000  -0.016800  -0.042400  -0.044600   0.057400 
422  -0.093000  -0.107000  -0.077600  -0.073800  -0.034400  -0.004400  -0.009400   0.000400   0.116600  -0.016800  -0.045400  -0.045000   0.057000 
423  -0.091800  -0.105600  -0.079200  -0.073800  -0.034000  -0.004200  -0.008200  -0.000200   0.115200  -0.016600  -0.044400  -0.043600   0.056600 
424  -0.094400  -0.106600  -0.078600  -0.075000  -0.033600  -0.005800  -0.008200  -0.002000   0.114200  -0.014800  -0.044000  -0.045200   0.057000 
425  -0.094000  -0.106800  -0.081000  -0.074000  -0.033400  -0.005400  -0.008600  -0.002000   0.113600  -0.015400  -0.046600  -0.043800   0.057600 
426  -0.095200  -0.105600  -0.080800  -0.073400  -0.031600  -0.005800  -0.009000  -0.003600   0.114000  -0.012800  -0.045800  -0.044400   0.057000 
427  -0.096800  -0.107600  -0.081000  -0.074600  -0.032000  -0.006800  -0.010400  -0.004400   0.113200  -0.014200  -0.047800  -0.040600   0.057200 
428  -0.096400  -0.106800  -0.080000  -0.075600  -0.032600  -0.006600  -0.010200  -0.004400   0.112400  -0.013800  -0.047200  -0.040800   0.057000 
429  -0.096800  -0.108400  -0.082000  -0.076200  -0.031600  -0.004800  -0.012000  -0.005400   0.111000  -0.014200  -0.047200  -0.042400   0.057200 
430  -0.096600  -0.106800  -0.082600  -0.079400  -0.032000  -0.004400  -0.012800  -0.005400   0.109000  -0.016600  -0.048200  -0.042800   0.056400 
431  -0.096200  -0.106200  -0.082400  -0.079400  -0.029600  -0.005400  -0.014000  -0.007200   0.108600  -0.015200  -0.049200  -0.042200   0.056400 
432  -0.097400  -0.104800  -0.084600  -0.080800  -0.029800  -0.005600  -0.014600  -0.008600   0.107600  -0.016200  -0.048600  -0.042800   0.057200 
433  -0.097800  -0.105600  -0.083200  -0.081800  -0.030200  -0.005400  -0.015600  -0.010600   0.105200  -0.015400  -0.050600  -0.043600   0.058200 
434  -0.101000  -0.105000  -0.084000  -0.081000  -0.028600  -0.005000  -0.016800  -0.011800   0.103400  -0.014800  -0.050000  -0.040800   0.058800 
435  -0.100000  -0.103600  -0.083200  -0.081800  -0.028400  -0.004600  -0.018400  -0.014200   0.103400  -0.015800  -0.050800  -0.041200   0.059600 
436  -0.098200  -0.102200  -0.082600  -0.081800  -0.028400  -0.003800  -0.020400  -0.013800   0.099400  -0.016000  -0.051200  -0.041200   0.059800 
437  -0.098400  -0.102200  -0.085600  -0.083400  -0.027000  -0.005000  -0.021200  -0.014800   0.099600  -0.016600  -0.052600  -0.043200   0.061600 
438  -0.098800  -0.101400  -0.084800  -0.084200  -0.027200  -0.005200  -0.019600  -0.015000   0.098600  -0.018400  -0.055800  -0.043000   0.060800 
439  -0.097400  -0.102000  -0.085800  -0.084400  -0.025800  -0.004600  -0.020800  -0.018000   0.096600  -0.018200  -0.053600  -0.043200   0.060400 
440  -0.098200  -0.099800  -0.085200  -0.084800  -0.025000  -0.005400  -0.021400  -0.019600   0.097000  -0.018000  -0.055600  -0.045800   0.062200 
441  -0.096400  -0.102000  -0.086400  -0.084800  -0.025600  -0.005600  -0.023200  -0.021800   0.093200  -0.020800  -0.053800  -0.046200   0.062200 
442  -0.096600  -0.101000  -0.085200  -0.085600  -0.023800  -0.005200  -0.023600  -0.023000   0.093000  -0.019400  -0.054000  -0.049400   0.062400 
443  -0.096600  -0.098400  -0.086800  -0.086400  -0.024600  -0.006400  -0.025400  -0.023800   0.091200  -0.021400  -0.053600  -0.050400   0.064000 
444  -0.096600  -0.100400  -0.087400  -0.085400  -0.026000  -0.005200  -0.026200  -0.025200   0.089200  -0.022800  -0.053000  -0.049600   0.066200 
445  -0.096200  -0.099000  -0.087200  -0.084600  -0.025800  -0.003400  -0.027600  -0.027800   0.086400  -0.022200  -0.052800  -0.050600   0.066000 
446  -0.096400  -0.098600  -0.086400  -0.083400  -0.025600  -0.002800  -0.028200  -0.027200   0.082600  -0.023600  -0.052800  -0.050800   0.067000 
447  -0.096400  -0.100000  -0.087400  -0.082600  -0.024400  -0.002800  -0.028200  -0.028000   0.080800  -0.023400  -0.053000  -0.051200   0.066400 
448  -0.096200  -0.099200  -0.085600  -0.082800  -0.023800  -0.001600  -0.030600  -0.029000   0.078400  -0.025400  -0.054600  -0.052800   0.069000 
449  -0.095200  -0.099600  -0.088000  -0.082400  -0.023000  -0.002200  -0.031800  -0.029800   0.077000  -0.024800  -0.053600  -0.052800   0.068600 
450  -0.096000  -0.100000  -0.086000  -0.082800  -0.023200  -0.001200  -0.032600  -0.029800   0.074200  -0.026600  -0.052600  -0.053200   0.068800 
451  -0.095800  -0.100800  -0.085000  -0.082400  -0.021400  -0.001200  -0.032800  -0.032000   0.072200  -0.028800  -0.053800  -0.052400   0.070600 
452  -0.094000  -0.100400  -0.085200  -0.082800  -0.020600  -0.000800  -0.031800  -0.032400   0.070400  -0.027200  -0.053200  -0.054600   0.069000 
453  -0.094200  -0.098600  -0.085400  -0.080200  -0.019200  -0.002400  -0.032400  -0.032200   0.071400  -0.029600  -0.053800  -0.053200   0.068800 
454  -0.095200  -0.098600  -0.084000  -0.078800  -0.020200   0.000200  -0.032000  -0.032200   0.069000  -0.029800  -0.053200  -0.053400   0.070600 
455  -0.094000  -0.098400  -0.083200  -0.078200  -0.018400  -0.001400  -0.030800  -0.031600   0.067600  -0.031800  -0.052800  -0.055400   0.071200 
456  -0.093200  -0.096800  -0.081400  -0.078800  -0.016800  -0.001400  -0.032200  -0.031400   0.066600  -0.032400  -0.052400  -0.054800   0.072000 
457  -0.092600  -0.097400  -0.083200  -0.077600  -0.016200  -0.000800  -0.031800  -0.030800   0.065200  -0.032400  -0.051400  -0.056200   0.071000 
458  -0.091600  -0.099000  -0.080200  -0.077400  -0.014800  -0.002800  -0.032200  -0.031000   0.063800  -0.033200  -0.051400  -0.057200   0.071800 
459  -0.093200  -0.097000  -0.080800  -0.075800  -0.015200  -0.002400  -0.032200  -0.031000   0.064800  -0.031800  -0.050000  -0.056200   0.071800 
460  -0.092400  -0.097600  -0.081400  -0.077400  -0.014800  -0.003400  -0.032800  -0.030000   0.063800  -0.034000  -0.050600  -0.057800   0.072600 
461  -0.093800  -0.097400  -0.082000  -0.076600  -0.013800  -0.003200  -0.032400  -0.030600   0.062600  -0.034000  -0.048800  -0.056800   0.070800 
462  -0.094800  -0.098600  -0.082600  -0.076800  -0.013200  -0.004200  -0.032800  -0.030200   0.062400  -0.034600  -0.048400  -0.057000   0.073400 
463  -0.093800  -0.097800  -0.082000  -0.076400  -0.011600  -0.005200  -0.032400  -0.030400   0.061600  -0.034400  -0.048200  -0.057200   0.073600 
464  -0.094000  -0.098200  -0.080000  -0.077200  -0.011200  -0.006200  -0.034600  -0.030400   0.062000  -0.033200  -0.048200  -0.057800   0.072800 
465  -0.094600  -0.099400  -0.078000  -0.075800  -0.008200  -0.007200  -0.034000  -0.031000   0.060200  -0.034600  -0.046200  -0.057800   0.073600 
466  -0.094000  -0.100600  -0.078600  -0.077200  -0.007600  -0.007600  -0.033800  -0.030200   0.060800  -0.035000  -0.046800  -0.058400   0.075600 
467  -0.092600  -0.100800  -0.078600  -0.078600  -0.005800  -0.008600  -0.033000  -0.031000   0.060800  -0.033200  -0.046800  -0.058600   0.074800 
468  -0.093000  -0.100200  -0.077800  -0.080600  -0.005400  -0.008200  -0.034200  -0.030000   0.058800  -0.033200  -0.045600  -0.058400   0.077200 
469  -0.095000  -0.101200  -0.079200  -0.081000  -0.002800  -0.008800  -0.035200  -0.031400   0.059000  -0.032600  -0.045000  -0.057600   0.076400 
470  -0.095400  -0.102800  -0.078200  -0.081400  -0.003800  -0.008800  -0.035200  -0.031200   0.059200  -0.034200  -0.045400  -0.058800   0.078400 
471  -0.094800  -0.102000  -0.079200  -0.083800  -0.002600  -0.008000  -0.036600  -0.031000   0.059200  -0.033200  -0.046400  -0.059600   0.079000 
472  -0.091600  -0.102800  -0.079000  -0.084800  -0.000400  -0.006400  -0.037000  -0.029800   0.057400  -0.033400  -0.047600  -0.059200   0.078600 
473  -0.090800  -0.101600  -0.078800  -0.086000   0.000000  -0.007400  -0.039000  -0.030600   0.057400  -0.031600  -0.046600  -0.060000   0.078000 
474  -0.092200  -0.102200  -0.079800  -0.087600   0.001000  -0.008000  -0.038400  -0.030400   0.057200  -0.032000  -0.044800  -0.057600   0.080000 
475  -0.091200  -0.102000  -0.080000  -0.088800  -0.000200  -0.010000  -0.038000  -0.029600   0.057000  -0.033000  -0.046400  -0.057600   0.079400 
476  -0.090600  -0.101800  -0.082800  -0.089200   0.000200  -0.009800  -0.041000  -0.029000   0.056800  -0.036400  -0.046600  -0.060000   0.080400 
477  -0.090800  -0.103000  -0.082400  -0.090600  -0.000600  -0.010000  -0.040600  -0.028800   0.056200  -0.034000  -0.047800  -0.060600   0.079600 
478  -0.092000  -0.102600  -0.082000  -0.091600  -0.002400  -0.009400  -0.041000  -0.029400   0.058200  -0.034200  -0.047400  -0.060600   0.080200 
479  -0.090800  -0.102800  -0.084200  -0.092400  -0.003600  -0.008600  -0.042800  -0.028000   0.058600  -0.033200  -0.047800  -0.061400   0.080200 
480  -0.092400  -0.104400  -0.085600  -0.094000  -0.004400  -0.007400  -0.042400  -0.028600   0.060200  -0.034200  -0.049400  -0.060600   0.079200 
481  -0.090200  -0.104400  -0.084000  -0.093800  -0.005800  -0.008200  -0.043000  -0.027400   0.060600  -0.034000  -0.049400  -0.062600   0.079600 
482  -0.090800  -0.104200  -0.085200  -0.094600  -0.004800  -0.008800  -0.043600  -0.026400   0.059600  -0.034200  -0.051800  -0.063200   0.081800 
483  -0.091200  -0.103400  -0.086200  -0.094800  -0.005600  -0.008800  -0.044200  -0.027800   0.060800  -0.033600  -0.052800  -0.063200   0.082400 
484  -0.092200  -0.103600  -0.085600  -0.096800  -0.005800  -0.008200  -0.044200  -0.027600   0.061800  -0.034800  -0.052200  -0.063200   0.079400 
485  -0.092200  -0.104800  -0.085800  -0.097600  -0.008200  -0.008000  -0.044400  -0.029000   0.061000  -0.033800  -0.053600  -0.064600   0.082000 
486  -0.091600  -0.103200  -0.084800  -0.098200  -0.007600  -0.008600  -0.045600  -0.029800   0.062200  -0.033200  -0.056400  -0.065000   0.082600 
487  -0.090600  -0.104800  -0.086200  -0.098000  -0.008800  -0.009000  -0.046000  -0.028200   0.062400  -0.034000  -0.057000  -0.064800   0.080800 
488  -0.091000  -0.105000  -0.087200  -0.098000  -0.008000  -0.007600  -0.046200  -0.027200   0.063000  -0.035000  -0.057400  -0.063000   0.079800 
489  -0.091800  -0.105000  -0.089400  -0.098600  -0.010200  -0.008400  -0.045800  -0.026400   0.064000  -0.033000  -0.055400  -0.063200   0.080600 
490  -0.092800  -0.106600  -0.090000  -0.098400  -0.008600  -0.007800  -0.046000  -0.026200   0.063800  -0.033200  -0.058400  -0.063000   0.080400 
491  -0.092000  -0.105400  -0.091000  -0.099600  -0.008400  -0.008200  -0.045400  -0.027400   0.061800  -0.032800  -0.059000  -0.063400   0.080400 
492  -0.093600  -0.106400  -0.092600  -0.098200  -0.010000  -0.007200  -0.046400  -0.027200   0.062600  -0.032600  -0.059200  -0.062600   0.081800 
493  -0.092800  -0.105600  -0.091800  -0.100000  -0.008000  -0.008000  -0.046400  -0.027600   0.064800  -0.031000  -0.060400  -0.061200   0.080800 
494  -0.095000  -0.106400  -0.092400  -0.098800  -0.008800  -0.006800  -0.046600  -0.027800   0.062600  -0.030400  -0.059200  -0.062200   0.081800 
495  -0.093200  -0.106600  -0.093000  -0.100800  -0.009600  -0.007400  -0.048000  -0.026600   0.063200  -0.031400  -0.060000  -0.063000   0.081800 
496  -0.095000  -0.105200  -0.094400  -0.102000  -0.010600  -0.008000  -0.046400  -0.027000   0.063200  -0.030000  -0.060800  -0.064400   0.080400 
497  -0.095200  -0.105600  -0.094600  -0.100400  -0.010800  -0.007800  -0.047400  -0.027400   0.062000  -0.030000  -0.060800  -0.065400   0.080600 
498  -0.095200  -0.105800  -0.092200  -0.099800  -0.010400  -0.008800  -0.048800  -0.027000   0.064000  -0.030800  -0.060400  -0.064800   0.081400 
499  -0.095000  -0.105800  -0.093600  -0.100800  -0.010200  -0.008600  -0.048400  -0.027200   0.062600  -0.030800  -0.062600  -0.064800   0.081400 
