0   0.616940
1   0.614710
2   0.612436
3   0.610074
4   0.607724
5   0.605408
6   0.603148
7   0.600920
8   0.598618
9   0.596342
10   0.594050
11   0.591730
12   0.589416
13   0.587250
14   0.585000
15   0.582788
16   0.580516
17   0.578254
18   0.575968
19   0.573730
20   0.571514
21   0.569364
22   0.567114
23   0.564830
24   0.562398
25   0.560022
26   0.557528
27   0.555018
28   0.552296
29   0.549516
30   0.546802
31   0.544130
32   0.541554
33   0.538874
34   0.536092
35   0.533262
36   0.530308
37   0.527580
38   0.524928
39   0.522276
40   0.519806
41   0.517226
42   0.514744
43   0.512214
44   0.509786
45   0.507508
46   0.505354
47   0.503008
48   0.500718
49   0.498446
50   0.495996
51   0.493662
52   0.491390
53   0.488882
54   0.486628
55   0.484286
56   0.482202
57   0.479956
58   0.477790
59   0.475598
60   0.473444
61   0.471388
62   0.469316
63   0.467188
64   0.464974
65   0.462792
66   0.460704
67   0.458798
68   0.456906
69   0.454960
70   0.453136
71   0.451314
72   0.449472
73   0.447656
74   0.445980
75   0.444412
76   0.442882
77   0.441412
78   0.439900
79   0.438294
80   0.436660
81   0.435024
82   0.433390
83   0.431878
84   0.430460
85   0.428984
86   0.427556
87   0.426314
88   0.424986
89   0.423702
90   0.422448
91   0.421244
92   0.420080
93   0.418804
94   0.417524
95   0.416384
96   0.415362
97   0.414322
98   0.413198
99   0.411984
100   0.410830
101   0.409644
102   0.408460
103   0.407330
104   0.406160
105   0.405090
106   0.403946
107   0.402718
108   0.401524
109   0.400270
110   0.399074
111   0.397848
112   0.396696
113   0.395558
114   0.394444
115   0.393274
116   0.391902
117   0.390456
118   0.388888
119   0.387362
120   0.385810
121   0.384162
122   0.382620
123   0.381114
124   0.379746
125   0.378310
126   0.376854
127   0.375400
128   0.373986
129   0.372800
130   0.371522
131   0.370322
132   0.369108
133   0.367926
134   0.366802
135   0.365692
136   0.364778
137   0.363776
138   0.362920
139   0.362124
140   0.361316
141   0.360500
142   0.359540
143   0.358638
144   0.357658
145   0.356784
146   0.355850
147   0.354846
148   0.353834
149   0.352662
150   0.351576
151   0.350450
152   0.349242
153   0.348118
154   0.346934
155   0.345800
156   0.344566
157   0.343360
158   0.341972
159   0.340612
160   0.339198
161   0.337614
162   0.335948
163   0.334414
164   0.333056
165   0.331562
166   0.330256
167   0.328808
168   0.327318
169   0.325880
170   0.324366
171   0.322882
172   0.321370
173   0.319716
174   0.318280
175   0.316636
176   0.314914
177   0.313200
178   0.311622
179   0.310078
180   0.308484
181   0.307004
182   0.305470
183   0.304118
184   0.302800
185   0.301668
186   0.300364
187   0.299112
188   0.297910
189   0.296700
190   0.295664
191   0.294556
192   0.293508
193   0.292616
194   0.291740
195   0.290996
196   0.290278
197   0.289700
198   0.289096
199   0.288494
200   0.287962
201   0.287300
202   0.286744
203   0.285972
204   0.285296
205   0.284692
206   0.284026
207   0.283408
208   0.282938
209   0.282414
210   0.281866
211   0.281398
212   0.281018
213   0.280534
214   0.280148
215   0.279596
216   0.279074
217   0.278640
218   0.278098
219   0.277726
220   0.277258
221   0.276946
222   0.276782
223   0.276594
224   0.276404
225   0.276114
226   0.275922
227   0.275668
228   0.275404
229   0.275060
230   0.274902
231   0.274720
232   0.274426
233   0.274002
234   0.273554
235   0.273214
236   0.272694
237   0.272158
238   0.271702
239   0.271212
240   0.270932
241   0.270540
242   0.270104
243   0.269676
244   0.269304
245   0.268922
246   0.268462
247   0.268034
248   0.267348
249   0.266800
250   0.266320
251   0.266086
252   0.265768
253   0.265540
254   0.265266
255   0.264990
256   0.264736
257   0.264424
258   0.264090
259   0.263868
260   0.263614
261   0.263346
262   0.263102
263   0.263032
264   0.263028
265   0.262842
266   0.262692
267   0.262534
268   0.262392
269   0.262304
270   0.262114
271   0.261946
272   0.261570
273   0.261264
274   0.261016
275   0.260562
276   0.260084
277   0.259536
278   0.259030
279   0.258442
280   0.257960
281   0.257428
282   0.256928
283   0.256134
284   0.255314
285   0.254380
286   0.253358
287   0.252538
288   0.251488
289   0.250476
290   0.249472
291   0.248362
292   0.247264
293   0.246190
294   0.245282
295   0.244478
296   0.243662
297   0.242686
298   0.241796
299   0.240964
300   0.240034
301   0.239090
302   0.238098
303   0.237104
304   0.236048
305   0.235058
306   0.233994
307   0.233074
308   0.232100
309   0.231052
310   0.230080
311   0.229162
312   0.228148
313   0.226992
314   0.225816
315   0.224504
316   0.223146
317   0.221810
318   0.220382
319   0.219074
320   0.217744
321   0.216500
322   0.215392
323   0.214240
324   0.213122
325   0.212086
326   0.210966
327   0.209934
328   0.208776
329   0.207640
330   0.206328
331   0.205016
332   0.203760
333   0.202422
334   0.200988
335   0.199596
336   0.198140
337   0.196576
338   0.195124
339   0.193594
340   0.192128
341   0.190858
342   0.189498
343   0.188326
344   0.187134
345   0.186070
346   0.185034
347   0.183874
348   0.182604
349   0.181208
350   0.179856
351   0.178464
352   0.176718
353   0.175208
354   0.173662
355   0.172316
356   0.170842
357   0.169330
358   0.167844
359   0.166338
360   0.164972
361   0.163480
362   0.162056
363   0.160640
364   0.159194
365   0.157806
366   0.156268
367   0.154850
368   0.153286
369   0.151736
370   0.150344
371   0.148846
372   0.147492
373   0.146186
374   0.144686
375   0.143244
376   0.141934
377   0.140650
378   0.139486
379   0.138300
380   0.137194
381   0.136024
382   0.135084
383   0.134078
384   0.133172
385   0.132172
386   0.131276
387   0.130538
388   0.129762
389   0.129066
390   0.128316
391   0.127508
392   0.126566
393   0.125636
394   0.124682
395   0.123834
396   0.123100
397   0.122344
398   0.121494
399   0.120756
400   0.119976
401   0.119388
402   0.118902
403   0.118504
404   0.118210
405   0.117740
406   0.117158
407   0.116698
408   0.116252
409   0.115630
410   0.115100
411   0.114612
412   0.114256
413   0.113794
414   0.113432
415   0.113194
416   0.112812
417   0.112382
418   0.112136
419   0.112034
420   0.111824
421   0.111580
422   0.111506
423   0.111372
424   0.111284
425   0.111288
426   0.111408
427   0.111576
428   0.111670
429   0.111718
430   0.111602
431   0.111524
432   0.111372
433   0.111170
434   0.110928
435   0.110708
436   0.110532
437   0.110212
438   0.109958
439   0.109712
440   0.109460
441   0.109252
442   0.108994
443   0.108930
444   0.108652
445   0.108482
446   0.108220
447   0.108186
448   0.108100
449   0.107858
450   0.107546
451   0.107306
452   0.107056
453   0.106724
454   0.106394
455   0.106116
456   0.105814
457   0.105518
458   0.105322
459   0.105088
460   0.104830
461   0.104556
462   0.104190
463   0.103734
464   0.103304
465   0.102822
466   0.102268
467   0.101880
468   0.101386
469   0.100930
470   0.100552
471   0.100138
472   0.099816
473   0.099408
474   0.098978
475   0.098732
476   0.098352
477   0.098060
478   0.097698
479   0.097438
480   0.097246
481   0.097042
482   0.096840
483   0.096642
484   0.096418
485   0.096100
486   0.095990
487   0.095854
488   0.095812
489   0.095956
490   0.095782
491   0.095662
492   0.095456
493   0.095386
494   0.095528
495   0.095496
496   0.095660
497   0.095778
498   0.095776
499   0.095806
500   0.095828
-499   0.095772
-498   0.095714
-497   0.095750
-496   0.095570
-495   0.095358
-494   0.095258
-493   0.095230
-492   0.095120
-491   0.094980
-490   0.094926
-489   0.094982
-488   0.095114
-487   0.095148
-486   0.095364
-485   0.095606
-484   0.095796
-483   0.096210
-482   0.096680
-481   0.097190
-480   0.097802
-479   0.098232
-478   0.098572
-477   0.099014
-476   0.099266
-475   0.099432
-474   0.099524
-473   0.099760
-472   0.100030
-471   0.100376
-470   0.100656
-469   0.100852
-468   0.101092
-467   0.101180
-466   0.101234
-465   0.101414
-464   0.101598
-463   0.101648
-462   0.101752
-461   0.101798
-460   0.101680
-459   0.101572
-458   0.101506
-457   0.101486
-456   0.101402
-455   0.101242
-454   0.101058
-453   0.100864
-452   0.100478
-451   0.099916
-450   0.099528
-449   0.099152
-448   0.098964
-447   0.098812
-446   0.098764
-445   0.098812
-444   0.098856
-443   0.098922
-442   0.098894
-441   0.098854
-440   0.098652
-439   0.098558
-438   0.098370
-437   0.098298
-436   0.098218
-435   0.098258
-434   0.098448
-433   0.098742
-432   0.099154
-431   0.099578
-430   0.099994
-429   0.100444
-428   0.100870
-427   0.101390
-426   0.101726
-425   0.101978
-424   0.102048
-423   0.102100
-422   0.102070
-421   0.102032
-420   0.102082
-419   0.102254
-418   0.102228
-417   0.102478
-416   0.102658
-415   0.103006
-414   0.103540
-413   0.104166
-412   0.104870
-411   0.105504
-410   0.106008
-409   0.106622
-408   0.107350
-407   0.108016
-406   0.108582
-405   0.108996
-404   0.109268
-403   0.109456
-402   0.109864
-401   0.110174
-400   0.110422
-399   0.110638
-398   0.110636
-397   0.110780
-396   0.110664
-395   0.110536
-394   0.110370
-393   0.109986
-392   0.109620
-391   0.109286
-390   0.109086
-389   0.108942
-388   0.108588
-387   0.108094
-386   0.107848
-385   0.107422
-384   0.106872
-383   0.106256
-382   0.105402
-381   0.104508
-380   0.103404
-379   0.102566
-378   0.101670
-377   0.100686
-376   0.099714
-375   0.098826
-374   0.097864
-373   0.096988
-372   0.096056
-371   0.095176
-370   0.094334
-369   0.093452
-368   0.092612
-367   0.091914
-366   0.091172
-365   0.090456
-364   0.089696
-363   0.088726
-362   0.087674
-361   0.086546
-360   0.085408
-359   0.084292
-358   0.083182
-357   0.082212
-356   0.081360
-355   0.080258
-354   0.079230
-353   0.078182
-352   0.077230
-351   0.076218
-350   0.075276
-349   0.074040
-348   0.072806
-347   0.071510
-346   0.070152
-345   0.069058
-344   0.068012
-343   0.066980
-342   0.066122
-341   0.065326
-340   0.064824
-339   0.064338
-338   0.063750
-337   0.063278
-336   0.062796
-335   0.062380
-334   0.062140
-333   0.061762
-332   0.061394
-331   0.061350
-330   0.061130
-329   0.060996
-328   0.060728
-327   0.060378
-326   0.060000
-325   0.059712
-324   0.059628
-323   0.059330
-322   0.059174
-321   0.058884
-320   0.058746
-319   0.058368
-318   0.057938
-317   0.057466
-316   0.057310
-315   0.057008
-314   0.056726
-313   0.056558
-312   0.056342
-311   0.056136
-310   0.056128
-309   0.056106
-308   0.055960
-307   0.056044
-306   0.056138
-305   0.056230
-304   0.056310
-303   0.056366
-302   0.056294
-301   0.056332
-300   0.056420
-299   0.056384
-298   0.056222
-297   0.056062
-296   0.055932
-295   0.055834
-294   0.055838
-293   0.055770
-292   0.055816
-291   0.055802
-290   0.055782
-289   0.055786
-288   0.055968
-287   0.056126
-286   0.056138
-285   0.056184
-284   0.056156
-283   0.056326
-282   0.056436
-281   0.056710
-280   0.056934
-279   0.057276
-278   0.057550
-277   0.057588
-276   0.057524
-275   0.057436
-274   0.057234
-273   0.056938
-272   0.056636
-271   0.056260
-270   0.055840
-269   0.055468
-268   0.055278
-267   0.054942
-266   0.054634
-265   0.054622
-264   0.054696
-263   0.054688
-262   0.054742
-261   0.054726
-260   0.054778
-259   0.054700
-258   0.054722
-257   0.054804
-256   0.055022
-255   0.055220
-254   0.055460
-253   0.055734
-252   0.056200
-251   0.056786
-250   0.057534
-249   0.058314
-248   0.059132
-247   0.059894
-246   0.060862
-245   0.061950
-244   0.063210
-243   0.064186
-242   0.065364
-241   0.066568
-240   0.067800
-239   0.068916
-238   0.069986
-237   0.071086
-236   0.072308
-235   0.073628
-234   0.074954
-233   0.076362
-232   0.077614
-231   0.079010
-230   0.080374
-229   0.081870
-228   0.083306
-227   0.084800
-226   0.086180
-225   0.087734
-224   0.089100
-223   0.090636
-222   0.092236
-221   0.093770
-220   0.095360
-219   0.097014
-218   0.098612
-217   0.100204
-216   0.101756
-215   0.103194
-214   0.104626
-213   0.106094
-212   0.107546
-211   0.109138
-210   0.110698
-209   0.112096
-208   0.113540
-207   0.114918
-206   0.116364
-205   0.117862
-204   0.119212
-203   0.120632
-202   0.121948
-201   0.123286
-200   0.124494
-199   0.125966
-198   0.127352
-197   0.128696
-196   0.130196
-195   0.131712
-194   0.133210
-193   0.134692
-192   0.136172
-191   0.137728
-190   0.139420
-189   0.141228
-188   0.143088
-187   0.144812
-186   0.146528
-185   0.148114
-184   0.149882
-183   0.151402
-182   0.152992
-181   0.154626
-180   0.156578
-179   0.158516
-178   0.160520
-177   0.162498
-176   0.164358
-175   0.166348
-174   0.168312
-173   0.170458
-172   0.172574
-171   0.174814
-170   0.176960
-169   0.179306
-168   0.181562
-167   0.183752
-166   0.185908
-165   0.187932
-164   0.189954
-163   0.191936
-162   0.193790
-161   0.195644
-160   0.197448
-159   0.199412
-158   0.201386
-157   0.203254
-156   0.205040
-155   0.206892
-154   0.208614
-153   0.210272
-152   0.211912
-151   0.213524
-150   0.215268
-149   0.217130
-148   0.218902
-147   0.220652
-146   0.222366
-145   0.224204
-144   0.225988
-143   0.227812
-142   0.229392
-141   0.231038
-140   0.232632
-139   0.234252
-138   0.236006
-137   0.237826
-136   0.239556
-135   0.241290
-134   0.243254
-133   0.245198
-132   0.247174
-131   0.249082
-130   0.251126
-129   0.253226
-128   0.255292
-127   0.257488
-126   0.259642
-125   0.261848
-124   0.264048
-123   0.266358
-122   0.268448
-121   0.270550
-120   0.272638
-119   0.274848
-118   0.276970
-117   0.279340
-116   0.281796
-115   0.284190
-114   0.286510
-113   0.288870
-112   0.291194
-111   0.293458
-110   0.295720
-109   0.297776
-108   0.299742
-107   0.301726
-106   0.303670
-105   0.305692
-104   0.307752
-103   0.310050
-102   0.312188
-101   0.314326
-100   0.316626
-99   0.318862
-98   0.320882
-97   0.323030
-96   0.325450
-95   0.327738
-94   0.330002
-93   0.332234
-92   0.334450
-91   0.336752
-90   0.339224
-89   0.341456
-88   0.343712
-87   0.346216
-86   0.348710
-85   0.351222
-84   0.353790
-83   0.356252
-82   0.358736
-81   0.361108
-80   0.363634
-79   0.366428
-78   0.369310
-77   0.372204
-76   0.375154
-75   0.378146
-74   0.381102
-73   0.384030
-72   0.386862
-71   0.389416
-70   0.391998
-69   0.394634
-68   0.397286
-67   0.399840
-66   0.402514
-65   0.405188
-64   0.407878
-63   0.410690
-62   0.413516
-61   0.416468
-60   0.419428
-59   0.422406
-58   0.425428
-57   0.428188
-56   0.431190
-55   0.434114
-54   0.437166
-53   0.440102
-52   0.442828
-51   0.445606
-50   0.448442
-49   0.451322
-48   0.454084
-47   0.456902
-46   0.459886
-45   0.462962
-44   0.466200
-43   0.469490
-42   0.472614
-41   0.475716
-40   0.479032
-39   0.482262
-38   0.485408
-37   0.488620
-36   0.491938
-35   0.495302
-34   0.498840
-33   0.502484
-32   0.506196
-31   0.509642
-30   0.513184
-29   0.516606
-28   0.519836
-27   0.523062
-26   0.526178
-25   0.529568
-24   0.533166
-23   0.536678
-22   0.540100
-21   0.543466
-20   0.547012
-19   0.550384
-18   0.553776
-17   0.557190
-16   0.560478
-15   0.563854
-14   0.567274
-13   0.570578
-12   0.574162
-11   0.577788
-10   0.581390
-9   0.585002
-8   0.588586
-7   0.592252
-6   0.595896
-5   0.599522
-4   0.603092
-3   0.606684
-2   0.610236
-1   0.613520
