0   0.698934
1   0.697564
2   0.696408
3   0.695038
4   0.693662
5   0.692144
6   0.690710
7   0.689270
8   0.687780
9   0.686210
10   0.684522
11   0.682942
12   0.681252
13   0.679594
14   0.678062
15   0.676422
16   0.674814
17   0.673178
18   0.671414
19   0.669838
20   0.668294
21   0.666848
22   0.665320
23   0.663708
24   0.662098
25   0.660596
26   0.659086
27   0.657596
28   0.656066
29   0.654430
30   0.652920
31   0.651516
32   0.650122
33   0.648800
34   0.647506
35   0.646226
36   0.645002
37   0.643708
38   0.642382
39   0.641192
40   0.640032
41   0.638918
42   0.637774
43   0.636584
44   0.635200
45   0.633750
46   0.632286
47   0.630854
48   0.629436
49   0.628104
50   0.626764
51   0.625418
52   0.624150
53   0.623016
54   0.621918
55   0.620896
56   0.619906
57   0.618854
58   0.617804
59   0.616618
60   0.615332
61   0.613990
62   0.612526
63   0.610874
64   0.609268
65   0.607704
66   0.606094
67   0.604368
68   0.602626
69   0.601100
70   0.599662
71   0.598330
72   0.596944
73   0.595510
74   0.594034
75   0.592582
76   0.591050
77   0.589548
78   0.587796
79   0.586230
80   0.584508
81   0.582762
82   0.581020
83   0.579110
84   0.577216
85   0.575354
86   0.573526
87   0.571588
88   0.569764
89   0.567952
90   0.566364
91   0.564784
92   0.563240
93   0.561582
94   0.560132
95   0.558680
96   0.557272
97   0.555914
98   0.554592
99   0.553182
100   0.551610
101   0.550046
102   0.548504
103   0.546992
104   0.545392
105   0.543838
106   0.542236
107   0.540512
108   0.538836
109   0.537234
110   0.535524
111   0.533972
112   0.532374
113   0.530806
114   0.529106
115   0.527416
116   0.525680
117   0.523992
118   0.522248
119   0.520768
120   0.519106
121   0.517534
122   0.515786
123   0.514028
124   0.512276
125   0.510720
126   0.509104
127   0.507654
128   0.506236
129   0.504926
130   0.503798
131   0.502692
132   0.501576
133   0.500426
134   0.499142
135   0.497834
136   0.496540
137   0.495154
138   0.493720
139   0.492452
140   0.491246
141   0.490022
142   0.488910
143   0.487778
144   0.486562
145   0.485362
146   0.484098
147   0.482982
148   0.481804
149   0.480662
150   0.479352
151   0.477968
152   0.476624
153   0.475252
154   0.473842
155   0.472446
156   0.471008
157   0.469584
158   0.468058
159   0.466688
160   0.465168
161   0.463670
162   0.462302
163   0.460832
164   0.459312
165   0.457662
166   0.455924
167   0.454146
168   0.452338
169   0.450560
170   0.448754
171   0.446958
172   0.444954
173   0.442920
174   0.440694
175   0.438482
176   0.436358
177   0.434258
178   0.432342
179   0.430368
180   0.428312
181   0.426044
182   0.423960
183   0.422020
184   0.419896
185   0.417610
186   0.415310
187   0.412950
188   0.410480
189   0.408208
190   0.405984
191   0.403690
192   0.401360
193   0.399108
194   0.396826
195   0.394520
196   0.392114
197   0.389818
198   0.387486
199   0.385218
200   0.383016
201   0.381028
202   0.379022
203   0.376828
204   0.374664
205   0.372556
206   0.370272
207   0.368120
208   0.365906
209   0.363934
210   0.361920
211   0.359908
212   0.358026
213   0.356058
214   0.354128
215   0.352154
216   0.350124
217   0.348234
218   0.346232
219   0.344284
220   0.342432
221   0.340670
222   0.338936
223   0.337198
224   0.335408
225   0.333626
226   0.331638
227   0.329682
228   0.327590
229   0.325708
230   0.323994
231   0.322162
232   0.320392
233   0.318812
234   0.317312
235   0.315884
236   0.314406
237   0.313146
238   0.311730
239   0.310392
240   0.309032
241   0.307568
242   0.306056
243   0.304500
244   0.302886
245   0.301470
246   0.300194
247   0.298796
248   0.297336
249   0.295968
250   0.294438
251   0.292934
252   0.291540
253   0.290162
254   0.288772
255   0.287338
256   0.285894
257   0.284510
258   0.283074
259   0.281528
260   0.279712
261   0.277822
262   0.275876
263   0.273980
264   0.272278
265   0.270444
266   0.268682
267   0.267000
268   0.265160
269   0.263242
270   0.261276
271   0.259354
272   0.257318
273   0.255442
274   0.253624
275   0.251954
276   0.250148
277   0.248362
278   0.246702
279   0.245034
280   0.243338
281   0.241664
282   0.240028
283   0.238348
284   0.236622
285   0.234852
286   0.233274
287   0.231748
288   0.230144
289   0.228366
290   0.226512
291   0.224750
292   0.222868
293   0.220912
294   0.218970
295   0.216922
296   0.214972
297   0.212950
298   0.210846
299   0.208772
300   0.206814
301   0.204798
302   0.202900
303   0.200916
304   0.198896
305   0.196832
306   0.194810
307   0.192684
308   0.190674
309   0.188736
310   0.186784
311   0.184962
312   0.183166
313   0.181436
314   0.179720
315   0.178136
316   0.176296
317   0.174438
318   0.172440
319   0.170504
320   0.168814
321   0.167144
322   0.165540
323   0.163972
324   0.162338
325   0.160664
326   0.158888
327   0.157092
328   0.155384
329   0.153916
330   0.152248
331   0.150704
332   0.148986
333   0.147392
334   0.145826
335   0.144308
336   0.142972
337   0.141604
338   0.140204
339   0.138824
340   0.137450
341   0.135876
342   0.134454
343   0.133064
344   0.131698
345   0.130272
346   0.128802
347   0.127316
348   0.125858
349   0.124546
350   0.123230
351   0.122004
352   0.120854
353   0.119892
354   0.118840
355   0.117728
356   0.116606
357   0.115326
358   0.114080
359   0.112814
360   0.111632
361   0.110656
362   0.109780
363   0.108646
364   0.107424
365   0.106484
366   0.105490
367   0.104460
368   0.103360
369   0.102474
370   0.101706
371   0.100898
372   0.100162
373   0.099248
374   0.098208
375   0.097290
376   0.096380
377   0.095434
378   0.094566
379   0.093672
380   0.092902
381   0.092022
382   0.090986
383   0.090000
384   0.089064
385   0.088236
386   0.087520
387   0.086896
388   0.086152
389   0.085488
390   0.084710
391   0.084026
392   0.083292
393   0.082556
394   0.081758
395   0.080950
396   0.080050
397   0.079300
398   0.078374
399   0.077302
400   0.076336
401   0.075584
402   0.074936
403   0.074480
404   0.074198
405   0.073872
406   0.073398
407   0.072850
408   0.072298
409   0.071878
410   0.071266
411   0.070448
412   0.069598
413   0.068746
414   0.067890
415   0.066968
416   0.066168
417   0.065472
418   0.065010
419   0.064330
420   0.063832
421   0.063278
422   0.062684
423   0.061974
424   0.061208
425   0.060432
426   0.059634
427   0.058914
428   0.058108
429   0.057220
430   0.056244
431   0.055240
432   0.054248
433   0.053354
434   0.052378
435   0.051550
436   0.050926
437   0.050326
438   0.049926
439   0.049534
440   0.049122
441   0.048798
442   0.048396
443   0.048068
444   0.047778
445   0.047492
446   0.047392
447   0.047348
448   0.047202
449   0.047074
450   0.046998
451   0.046818
452   0.046856
453   0.046936
454   0.047096
455   0.047330
456   0.047584
457   0.047866
458   0.048238
459   0.048720
460   0.049072
461   0.049460
462   0.050090
463   0.050798
464   0.051472
465   0.052174
466   0.052892
467   0.053656
468   0.054432
469   0.055230
470   0.055968
471   0.056636
472   0.057222
473   0.057892
474   0.058526
475   0.059136
476   0.059750
477   0.060192
478   0.060760
479   0.061448
480   0.062136
481   0.062794
482   0.063512
483   0.064194
484   0.064932
485   0.065702
486   0.066442
487   0.067284
488   0.068094
489   0.068816
490   0.069510
491   0.070328
492   0.071178
493   0.071838
494   0.072598
495   0.073388
496   0.074184
497   0.074950
498   0.075814
499   0.076680
500   0.077538
-499   0.078306
-498   0.079064
-497   0.079776
-496   0.080322
-495   0.080924
-494   0.081510
-493   0.082122
-492   0.082666
-491   0.083174
-490   0.083828
-489   0.084532
-488   0.085248
-487   0.085890
-486   0.086380
-485   0.086804
-484   0.087276
-483   0.087812
-482   0.088292
-481   0.088708
-480   0.089250
-479   0.089816
-478   0.090600
-477   0.091432
-476   0.092376
-475   0.093266
-474   0.094132
-473   0.095032
-472   0.095936
-471   0.096810
-470   0.097596
-469   0.098640
-468   0.099670
-467   0.100830
-466   0.102112
-465   0.103398
-464   0.104624
-463   0.105934
-462   0.107524
-461   0.108930
-460   0.110404
-459   0.111754
-458   0.113070
-457   0.114360
-456   0.115588
-455   0.116976
-454   0.118240
-453   0.119404
-452   0.120564
-451   0.121814
-450   0.123110
-449   0.124276
-448   0.125486
-447   0.126678
-446   0.127948
-445   0.129420
-444   0.130982
-443   0.132506
-442   0.133906
-441   0.135346
-440   0.136878
-439   0.138466
-438   0.140156
-437   0.141698
-436   0.143184
-435   0.144714
-434   0.146320
-433   0.148012
-432   0.149734
-431   0.151566
-430   0.153398
-429   0.155192
-428   0.156864
-427   0.158528
-426   0.160312
-425   0.162116
-424   0.163966
-423   0.165488
-422   0.167136
-421   0.168852
-420   0.170760
-419   0.172394
-418   0.173984
-417   0.175556
-416   0.176956
-415   0.178248
-414   0.179380
-413   0.180458
-412   0.181500
-411   0.182456
-410   0.183384
-409   0.184430
-408   0.185488
-407   0.186632
-406   0.187808
-405   0.189008
-404   0.190236
-403   0.191254
-402   0.192462
-401   0.193634
-400   0.194628
-399   0.195546
-398   0.196388
-397   0.197430
-396   0.198386
-395   0.199186
-394   0.200036
-393   0.200826
-392   0.201602
-391   0.202238
-390   0.202912
-389   0.203516
-388   0.204160
-387   0.204984
-386   0.205872
-385   0.206752
-384   0.207464
-383   0.208472
-382   0.209464
-381   0.210466
-380   0.211484
-379   0.212402
-378   0.213408
-377   0.214408
-376   0.215506
-375   0.216718
-374   0.217814
-373   0.218962
-372   0.219870
-371   0.220792
-370   0.221512
-369   0.222236
-368   0.223066
-367   0.223982
-366   0.224882
-365   0.225902
-364   0.226956
-363   0.228122
-362   0.229066
-361   0.230234
-360   0.231500
-359   0.232632
-358   0.233756
-357   0.234782
-356   0.235656
-355   0.236604
-354   0.237506
-353   0.238332
-352   0.239222
-351   0.240146
-350   0.241024
-349   0.241738
-348   0.242660
-347   0.243566
-346   0.244308
-345   0.245154
-344   0.245840
-343   0.246530
-342   0.247152
-341   0.247578
-340   0.247914
-339   0.248138
-338   0.248510
-337   0.248766
-336   0.249072
-335   0.249552
-334   0.250076
-333   0.250590
-332   0.251252
-331   0.251770
-330   0.252290
-329   0.252892
-328   0.253486
-327   0.254138
-326   0.254672
-325   0.255346
-324   0.255930
-323   0.256644
-322   0.257260
-321   0.257982
-320   0.258750
-319   0.259588
-318   0.260400
-317   0.260940
-316   0.261418
-315   0.261980
-314   0.262452
-313   0.263026
-312   0.263546
-311   0.264178
-310   0.264848
-309   0.265490
-308   0.266076
-307   0.266568
-306   0.267242
-305   0.267754
-304   0.268074
-303   0.268590
-302   0.269156
-301   0.269658
-300   0.270278
-299   0.270884
-298   0.271496
-297   0.272114
-296   0.272696
-295   0.273272
-294   0.273844
-293   0.274630
-292   0.275586
-291   0.276562
-290   0.277760
-289   0.278750
-288   0.280074
-287   0.281432
-286   0.283116
-285   0.284604
-284   0.286008
-283   0.287222
-282   0.288460
-281   0.289564
-280   0.290548
-279   0.291554
-278   0.292528
-277   0.293372
-276   0.294258
-275   0.295122
-274   0.296174
-273   0.297346
-272   0.298390
-271   0.299430
-270   0.300258
-269   0.301268
-268   0.302384
-267   0.303714
-266   0.305026
-265   0.306224
-264   0.307514
-263   0.308716
-262   0.309964
-261   0.311180
-260   0.312424
-259   0.313598
-258   0.314954
-257   0.316268
-256   0.317784
-255   0.319246
-254   0.320400
-253   0.321676
-252   0.322872
-251   0.324174
-250   0.325336
-249   0.326606
-248   0.327904
-247   0.328982
-246   0.330266
-245   0.331332
-244   0.332434
-243   0.333432
-242   0.334288
-241   0.335146
-240   0.336118
-239   0.336960
-238   0.337656
-237   0.338404
-236   0.339316
-235   0.340226
-234   0.341220
-233   0.342122
-232   0.343058
-231   0.344096
-230   0.345128
-229   0.346130
-228   0.346882
-227   0.347922
-226   0.348932
-225   0.349926
-224   0.351004
-223   0.351962
-222   0.353174
-221   0.354412
-220   0.355636
-219   0.356864
-218   0.358050
-217   0.359044
-216   0.360146
-215   0.361276
-214   0.362446
-213   0.363572
-212   0.364804
-211   0.366054
-210   0.367108
-209   0.368112
-208   0.369252
-207   0.370414
-206   0.371362
-205   0.372476
-204   0.373516
-203   0.374562
-202   0.375428
-201   0.376104
-200   0.376852
-199   0.377810
-198   0.378650
-197   0.379528
-196   0.380416
-195   0.381392
-194   0.382324
-193   0.383332
-192   0.384150
-191   0.384830
-190   0.385490
-189   0.386126
-188   0.386576
-187   0.387152
-186   0.387720
-185   0.388258
-184   0.388972
-183   0.389650
-182   0.390400
-181   0.391362
-180   0.392396
-179   0.393366
-178   0.394200
-177   0.395114
-176   0.395990
-175   0.396994
-174   0.398266
-173   0.399518
-172   0.400748
-171   0.401948
-170   0.403170
-169   0.404466
-168   0.405648
-167   0.406932
-166   0.408112
-165   0.409332
-164   0.410658
-163   0.411834
-162   0.413116
-161   0.414476
-160   0.415668
-159   0.417014
-158   0.418382
-157   0.419578
-156   0.420818
-155   0.421918
-154   0.423010
-153   0.424292
-152   0.425676
-151   0.427192
-150   0.428746
-149   0.430326
-148   0.431844
-147   0.433390
-146   0.434988
-145   0.436494
-144   0.437838
-143   0.439058
-142   0.440524
-141   0.442200
-140   0.443954
-139   0.445722
-138   0.447264
-137   0.448912
-136   0.450736
-135   0.452490
-134   0.454438
-133   0.456406
-132   0.458496
-131   0.460476
-130   0.462368
-129   0.464206
-128   0.465996
-127   0.467654
-126   0.469204
-125   0.470748
-124   0.472280
-123   0.473842
-122   0.475426
-121   0.476988
-120   0.478552
-119   0.480150
-118   0.481700
-117   0.483426
-116   0.485074
-115   0.486648
-114   0.488114
-113   0.489590
-112   0.491072
-111   0.492582
-110   0.494366
-109   0.496310
-108   0.498278
-107   0.500244
-106   0.501972
-105   0.503588
-104   0.505344
-103   0.506972
-102   0.508592
-101   0.510338
-100   0.511960
-99   0.513694
-98   0.515270
-97   0.516858
-96   0.518632
-95   0.520352
-94   0.521974
-93   0.523506
-92   0.525048
-91   0.526670
-90   0.528436
-89   0.530252
-88   0.531980
-87   0.533674
-86   0.535324
-85   0.537034
-84   0.538782
-83   0.540568
-82   0.542272
-81   0.543928
-80   0.545792
-79   0.547658
-78   0.549536
-77   0.551272
-76   0.552946
-75   0.554740
-74   0.556594
-73   0.558320
-72   0.560030
-71   0.561736
-70   0.563650
-69   0.565764
-68   0.567698
-67   0.569634
-66   0.571374
-65   0.573080
-64   0.574802
-63   0.576442
-62   0.578188
-61   0.580028
-60   0.581930
-59   0.583688
-58   0.585398
-57   0.587040
-56   0.588608
-55   0.590058
-54   0.591672
-53   0.593332
-52   0.595016
-51   0.596760
-50   0.598498
-49   0.600182
-48   0.601870
-47   0.603608
-46   0.605480
-45   0.607298
-44   0.609340
-43   0.611376
-42   0.613504
-41   0.615700
-40   0.617728
-39   0.619830
-38   0.621960
-37   0.624172
-36   0.626424
-35   0.628648
-34   0.630970
-33   0.633280
-32   0.635508
-31   0.637836
-30   0.639992
-29   0.642248
-28   0.644564
-27   0.646746
-26   0.648702
-25   0.650628
-24   0.652634
-23   0.654664
-22   0.656686
-21   0.658546
-20   0.660426
-19   0.662256
-18   0.664102
-17   0.666122
-16   0.668010
-15   0.669822
-14   0.671792
-13   0.673544
-12   0.675392
-11   0.677114
-10   0.678770
-9   0.680524
-8   0.682264
-7   0.684194
-6   0.686180
-5   0.688268
-4   0.690384
-3   0.692438
-2   0.694644
-1   0.696760
