r MCS_10 MCS_20 MCS_40 MCS_80 MCS_160 MCS_320 MCS_640 MCS_1280 MCS_2560 MCS_5120 MCS_10240 MCS_20480 MCS_40960 
0   1.000000   1.000000   1.000000   1.000000   1.000000   1.000000   1.000000   1.000000   1.000000   1.000000   1.000000   1.000000   1.000000 
1   0.995200   0.995200   0.995200   0.995200   0.995400   0.995600   0.995600   0.996000   0.996200   0.996200   0.997000   0.997400   0.998200 
2   0.990400   0.990400   0.990400   0.990400   0.990800   0.991200   0.991200   0.992000   0.992400   0.992400   0.994000   0.994800   0.996400 
3   0.985600   0.985600   0.985600   0.985600   0.986200   0.986800   0.986800   0.988000   0.988600   0.988600   0.991000   0.992200   0.994600 
4   0.980800   0.980800   0.980800   0.980800   0.981600   0.982400   0.982400   0.984000   0.984800   0.984800   0.988000   0.989600   0.992800 
5   0.976000   0.976000   0.976000   0.976000   0.977000   0.978000   0.978000   0.980000   0.981000   0.981000   0.985000   0.987000   0.991000 
6   0.971200   0.971200   0.971200   0.971200   0.972400   0.973600   0.973600   0.976000   0.977200   0.977200   0.982000   0.984400   0.989200 
7   0.966400   0.966400   0.966400   0.966400   0.967800   0.969200   0.969200   0.972000   0.973400   0.973400   0.979000   0.981800   0.987400 
8   0.961600   0.961600   0.961600   0.961600   0.963200   0.964800   0.964800   0.968000   0.969600   0.969600   0.976000   0.979200   0.985600 
9   0.956800   0.956800   0.956800   0.956800   0.958600   0.960400   0.960400   0.964000   0.965800   0.965800   0.973000   0.976600   0.983800 
10   0.952000   0.952000   0.952000   0.952000   0.954000   0.956000   0.956000   0.960000   0.962000   0.962000   0.970000   0.974000   0.982000 
11   0.947200   0.947200   0.947200   0.947200   0.949400   0.951600   0.951600   0.956000   0.958200   0.958200   0.967000   0.971400   0.980200 
12   0.942400   0.942400   0.942400   0.942400   0.944800   0.947200   0.947200   0.952000   0.954400   0.954400   0.964000   0.968800   0.978400 
13   0.937600   0.937600   0.937600   0.937600   0.940200   0.942800   0.942800   0.948000   0.950600   0.950600   0.961000   0.966200   0.976600 
14   0.932800   0.932800   0.932800   0.932800   0.935600   0.938400   0.938400   0.944000   0.946800   0.946800   0.958000   0.963600   0.974800 
15   0.928000   0.928000   0.928000   0.928000   0.931000   0.934000   0.934000   0.940000   0.943000   0.943000   0.955000   0.961000   0.973000 
16   0.923200   0.923200   0.923200   0.923200   0.926400   0.929600   0.929600   0.936000   0.939200   0.939200   0.952000   0.958400   0.971200 
17   0.918400   0.918400   0.918400   0.918400   0.921800   0.925200   0.925200   0.932000   0.935400   0.935400   0.949000   0.955800   0.969400 
18   0.913600   0.913600   0.913600   0.913800   0.917200   0.920800   0.920800   0.928000   0.931600   0.931600   0.946000   0.953200   0.967600 
19   0.908800   0.908800   0.908800   0.909200   0.912600   0.916400   0.916400   0.924000   0.927800   0.927800   0.943000   0.950600   0.965800 
20   0.904000   0.904000   0.904000   0.904600   0.908000   0.912000   0.912000   0.920000   0.924000   0.924000   0.940000   0.948000   0.964000 
21   0.899200   0.899200   0.899200   0.900000   0.903400   0.907600   0.907600   0.916000   0.920200   0.920200   0.937000   0.945400   0.962200 
22   0.894400   0.894400   0.894600   0.895400   0.898800   0.903200   0.903200   0.912000   0.916400   0.916400   0.934000   0.942800   0.960400 
23   0.889600   0.889600   0.890000   0.890800   0.894400   0.898800   0.898800   0.908000   0.912600   0.912600   0.931000   0.940200   0.958600 
24   0.884800   0.884800   0.885400   0.886200   0.890000   0.894400   0.894400   0.904000   0.908800   0.908800   0.928000   0.937600   0.956800 
25   0.880000   0.880000   0.880800   0.881600   0.885600   0.890000   0.890000   0.900000   0.905000   0.905000   0.925000   0.935000   0.955000 
26   0.875200   0.875200   0.876200   0.877000   0.881200   0.885600   0.885600   0.896000   0.901200   0.901200   0.922000   0.932400   0.953200 
27   0.870400   0.870400   0.871600   0.872400   0.876800   0.881200   0.881200   0.892000   0.897400   0.897400   0.919000   0.929800   0.951400 
28   0.865600   0.865600   0.867000   0.867800   0.872400   0.876800   0.876800   0.888000   0.893600   0.893600   0.916000   0.927200   0.949600 
29   0.860800   0.860800   0.862400   0.863200   0.868000   0.872400   0.872400   0.884000   0.889800   0.889800   0.913000   0.924600   0.947800 
30   0.856000   0.856200   0.857800   0.858600   0.863600   0.868000   0.868000   0.880000   0.886000   0.886000   0.910000   0.922000   0.946000 
31   0.851200   0.851600   0.853200   0.854000   0.859200   0.863600   0.863600   0.876000   0.882200   0.882200   0.907000   0.919400   0.944200 
32   0.846400   0.847000   0.848600   0.849400   0.854800   0.859200   0.859200   0.872000   0.878400   0.878400   0.904000   0.916800   0.942400 
33   0.841600   0.842400   0.844000   0.844800   0.850400   0.854800   0.854800   0.868000   0.874600   0.874600   0.901000   0.914200   0.940600 
34   0.836800   0.837800   0.839400   0.840200   0.846000   0.850400   0.850400   0.864000   0.870800   0.870800   0.898000   0.911600   0.938800 
35   0.832000   0.833200   0.834800   0.835600   0.841600   0.846000   0.846000   0.860000   0.867000   0.867000   0.895000   0.909000   0.937000 
36   0.827200   0.828600   0.830200   0.831000   0.837200   0.841600   0.841600   0.856000   0.863200   0.863200   0.892000   0.906400   0.935200 
37   0.822600   0.824000   0.825600   0.826400   0.832800   0.837200   0.837200   0.852000   0.859400   0.859400   0.889000   0.903800   0.933400 
38   0.818000   0.819400   0.821000   0.821800   0.828400   0.832800   0.832800   0.848000   0.855600   0.855600   0.886000   0.901200   0.931600 
39   0.813400   0.814800   0.816400   0.817200   0.824000   0.828400   0.828400   0.844000   0.851800   0.851800   0.883000   0.898600   0.929800 
40   0.808800   0.810200   0.811800   0.812600   0.819600   0.824000   0.824000   0.840000   0.848000   0.848000   0.880000   0.896000   0.928000 
41   0.804200   0.805600   0.807200   0.808000   0.815200   0.819600   0.819600   0.836000   0.844200   0.844200   0.877000   0.893400   0.926200 
42   0.799600   0.801000   0.802600   0.803400   0.810800   0.815200   0.815200   0.832000   0.840400   0.840400   0.874000   0.890800   0.924400 
43   0.795000   0.796400   0.798000   0.798800   0.806400   0.810800   0.810800   0.828000   0.836600   0.836600   0.871000   0.888200   0.922600 
44   0.790400   0.791800   0.793400   0.794200   0.802000   0.806400   0.806400   0.824000   0.832800   0.832800   0.868000   0.885600   0.920800 
45   0.785800   0.787200   0.788800   0.789600   0.797600   0.802000   0.802000   0.820000   0.829000   0.829000   0.865000   0.883000   0.919000 
46   0.781200   0.782600   0.784200   0.785000   0.793200   0.797600   0.797600   0.816000   0.825200   0.825200   0.862000   0.880400   0.917200 
47   0.776600   0.778000   0.779600   0.780400   0.788800   0.793200   0.793200   0.812000   0.821400   0.821400   0.859000   0.877800   0.915400 
48   0.772000   0.773400   0.775000   0.775800   0.784400   0.788800   0.789000   0.808000   0.817600   0.817800   0.856000   0.875200   0.913600 
49   0.767600   0.768800   0.770400   0.771200   0.780000   0.784400   0.784800   0.804000   0.813800   0.814200   0.853000   0.872600   0.911800 
50   0.763200   0.764200   0.765800   0.766800   0.775600   0.780000   0.780600   0.800000   0.810000   0.810600   0.850000   0.870000   0.910000 
51   0.758800   0.759600   0.761200   0.762400   0.771200   0.775600   0.776400   0.796000   0.806200   0.807000   0.847000   0.867400   0.908200 
52   0.754400   0.755000   0.756600   0.758000   0.766800   0.771200   0.772200   0.792000   0.802400   0.803400   0.844000   0.864800   0.906400 
53   0.750000   0.750400   0.752000   0.753600   0.762400   0.766800   0.768000   0.788000   0.798600   0.799800   0.841000   0.862200   0.904600 
54   0.745600   0.745800   0.747600   0.749200   0.758000   0.762400   0.763800   0.784000   0.794800   0.796200   0.838000   0.859600   0.902800 
55   0.741200   0.741200   0.743200   0.744800   0.753600   0.758000   0.759600   0.780000   0.791000   0.792600   0.835200   0.857000   0.901000 
56   0.736800   0.736600   0.738800   0.740400   0.749200   0.753600   0.755400   0.776000   0.787200   0.789000   0.832400   0.854400   0.899200 
57   0.732400   0.732000   0.734400   0.736000   0.744800   0.749200   0.751200   0.772000   0.783400   0.785400   0.829600   0.851800   0.897400 
58   0.728000   0.727400   0.730000   0.731600   0.740400   0.744800   0.747000   0.768000   0.779600   0.781800   0.826800   0.849200   0.895600 
59   0.723600   0.722800   0.725600   0.727200   0.736000   0.740400   0.742800   0.764000   0.775800   0.778200   0.824000   0.846600   0.893800 
60   0.719200   0.718200   0.721200   0.722800   0.731600   0.736000   0.738600   0.760000   0.772000   0.774600   0.821200   0.844000   0.892000 
61   0.714800   0.713600   0.716800   0.718400   0.727200   0.731600   0.734400   0.756000   0.768200   0.771000   0.818400   0.841400   0.890200 
62   0.710400   0.709200   0.712400   0.714000   0.722800   0.727200   0.730200   0.752000   0.764400   0.767400   0.815600   0.838800   0.888400 
63   0.706000   0.704800   0.708200   0.709800   0.718400   0.722800   0.726000   0.748000   0.760600   0.763800   0.812800   0.836200   0.886600 
64   0.701600   0.700400   0.704000   0.705600   0.714000   0.718400   0.721800   0.744000   0.756800   0.760200   0.810000   0.833600   0.884800 
65   0.697200   0.696000   0.699800   0.701400   0.709600   0.714000   0.717600   0.740000   0.753000   0.756600   0.807200   0.831000   0.883000 
66   0.692800   0.691600   0.695600   0.697200   0.705200   0.709600   0.713400   0.736000   0.749200   0.753000   0.804400   0.828400   0.881200 
67   0.688400   0.687200   0.691400   0.693000   0.700800   0.705200   0.709200   0.732000   0.745400   0.749400   0.801600   0.825800   0.879400 
68   0.684000   0.682800   0.687200   0.688800   0.696400   0.700800   0.705000   0.728000   0.741600   0.745800   0.798800   0.823200   0.877600 
69   0.679600   0.678400   0.683000   0.684600   0.692000   0.696400   0.700800   0.724000   0.737800   0.742200   0.796000   0.820600   0.875800 
70   0.675400   0.674000   0.678800   0.680400   0.687800   0.692000   0.696600   0.720000   0.734000   0.738600   0.793200   0.818000   0.874000 
71   0.671200   0.669600   0.674600   0.676200   0.683600   0.687600   0.692400   0.716000   0.730200   0.735000   0.790600   0.815400   0.872200 
72   0.667000   0.665200   0.670400   0.672000   0.679400   0.683200   0.688200   0.712000   0.726400   0.731400   0.788000   0.812800   0.870400 
73   0.662800   0.661000   0.666200   0.667800   0.675200   0.678800   0.684000   0.708000   0.722600   0.727800   0.785400   0.810200   0.868600 
74   0.658600   0.656800   0.662000   0.663600   0.671000   0.674400   0.679800   0.704000   0.718800   0.724200   0.782800   0.807600   0.866800 
75   0.654400   0.652600   0.657800   0.659400   0.666800   0.670000   0.675600   0.700000   0.715000   0.720600   0.780200   0.805000   0.865000 
76   0.650200   0.648400   0.653600   0.655200   0.662600   0.665600   0.671400   0.696000   0.711200   0.717000   0.777600   0.802400   0.863200 
77   0.646000   0.644200   0.649400   0.651200   0.658400   0.661200   0.667200   0.692000   0.707400   0.713400   0.775000   0.799800   0.861400 
78   0.641800   0.640000   0.645200   0.647200   0.654200   0.656800   0.663000   0.688000   0.703600   0.709800   0.772400   0.797200   0.859600 
79   0.637600   0.635800   0.641000   0.643200   0.650000   0.652400   0.658800   0.684000   0.699800   0.706200   0.769800   0.794600   0.857800 
80   0.633400   0.631800   0.636800   0.639200   0.645800   0.648000   0.654600   0.680000   0.696000   0.702600   0.767200   0.792000   0.856000 
81   0.629200   0.627800   0.632600   0.635200   0.641600   0.643600   0.650400   0.676000   0.692200   0.699000   0.764600   0.789400   0.854200 
82   0.625000   0.623800   0.628400   0.631200   0.637400   0.639200   0.646200   0.672000   0.688400   0.695400   0.762000   0.786800   0.852400 
83   0.621000   0.619800   0.624200   0.627200   0.633200   0.634800   0.642000   0.668000   0.684600   0.691800   0.759400   0.784200   0.850600 
84   0.617000   0.615800   0.620000   0.623200   0.629000   0.630400   0.637800   0.664000   0.680800   0.688200   0.756800   0.781600   0.848800 
85   0.613000   0.611800   0.615800   0.619200   0.624800   0.626000   0.633600   0.660000   0.677000   0.684600   0.754200   0.779000   0.847000 
86   0.609000   0.607800   0.611600   0.615200   0.620600   0.621600   0.629400   0.656000   0.673200   0.681000   0.751600   0.776400   0.845200 
87   0.605000   0.603800   0.607400   0.611200   0.616400   0.617200   0.625200   0.652000   0.669400   0.677400   0.749000   0.773800   0.843400 
88   0.601000   0.599800   0.603400   0.607200   0.612400   0.612800   0.621000   0.648000   0.665600   0.673800   0.746400   0.771200   0.841600 
89   0.597000   0.595800   0.599400   0.603400   0.608400   0.608600   0.616800   0.644000   0.661800   0.670200   0.743800   0.768600   0.839800 
90   0.593000   0.591800   0.595400   0.599600   0.604400   0.604400   0.612600   0.640000   0.658000   0.666600   0.741200   0.766000   0.838000 
91   0.589000   0.587800   0.591400   0.595800   0.600400   0.600200   0.608400   0.636000   0.654200   0.663000   0.738600   0.763400   0.836200 
92   0.585000   0.583800   0.587400   0.592000   0.596400   0.596000   0.604200   0.632000   0.650400   0.659400   0.736000   0.760800   0.834400 
93   0.581000   0.579800   0.583400   0.588200   0.592400   0.591800   0.600200   0.628000   0.646600   0.656000   0.733400   0.758200   0.832600 
94   0.577000   0.575800   0.579400   0.584400   0.588400   0.587600   0.596200   0.624000   0.642800   0.652600   0.730800   0.755600   0.830800 
95   0.573000   0.571800   0.575400   0.580600   0.584400   0.583400   0.592200   0.620000   0.639000   0.649200   0.728200   0.753000   0.829000 
96   0.569000   0.567800   0.571400   0.576800   0.580400   0.579200   0.588200   0.616000   0.635200   0.645800   0.725600   0.750400   0.827200 
97   0.565000   0.563800   0.567400   0.573000   0.576400   0.575000   0.584200   0.612000   0.631400   0.642600   0.723000   0.747800   0.825400 
98   0.561000   0.559800   0.563400   0.569200   0.572400   0.570800   0.580200   0.608000   0.627600   0.639400   0.720400   0.745200   0.823600 
99   0.557000   0.555800   0.559400   0.565400   0.568400   0.566600   0.576200   0.604000   0.623800   0.636200   0.717800   0.742600   0.821800 
100   0.553000   0.551800   0.555400   0.561600   0.564400   0.562400   0.572200   0.600000   0.620000   0.633000   0.715200   0.740000   0.820000 
101   0.549000   0.547800   0.551400   0.557800   0.560400   0.558200   0.568200   0.596200   0.616200   0.629800   0.712600   0.737400   0.818200 
102   0.545000   0.543800   0.547400   0.554000   0.556400   0.554000   0.564200   0.592400   0.612400   0.626600   0.710000   0.734800   0.816400 
103   0.541000   0.539800   0.543400   0.550200   0.552600   0.549800   0.560200   0.588600   0.608600   0.623400   0.707400   0.732200   0.814600 
104   0.537000   0.535800   0.539400   0.546400   0.548800   0.545600   0.556200   0.584800   0.604800   0.620200   0.704800   0.729600   0.812800 
105   0.533000   0.531800   0.535400   0.542600   0.545000   0.541400   0.552200   0.581000   0.601000   0.617000   0.702200   0.727000   0.811000 
106   0.529000   0.527800   0.531400   0.538800   0.541200   0.537200   0.548200   0.577200   0.597200   0.613800   0.699600   0.724400   0.809200 
107   0.525000   0.523800   0.527400   0.535000   0.537400   0.533000   0.544200   0.573400   0.593400   0.610600   0.697000   0.721800   0.807400 
108   0.521000   0.519800   0.523400   0.531200   0.533600   0.529000   0.540200   0.569600   0.589600   0.607400   0.694400   0.719200   0.805600 
109   0.517000   0.515800   0.519600   0.527400   0.529800   0.525000   0.536200   0.565800   0.585800   0.604200   0.691800   0.716600   0.804000 
110   0.513000   0.511800   0.515800   0.523600   0.526000   0.521000   0.532200   0.562000   0.582000   0.601000   0.689200   0.714000   0.802400 
111   0.509000   0.507800   0.512000   0.519800   0.522200   0.517000   0.528200   0.558200   0.578200   0.597800   0.686600   0.711400   0.800800 
112   0.505000   0.503800   0.508200   0.516000   0.518400   0.513000   0.524200   0.554400   0.574400   0.594600   0.684000   0.708800   0.799200 
113   0.501000   0.499800   0.504400   0.512200   0.514600   0.509000   0.520200   0.550600   0.570600   0.591400   0.681400   0.706200   0.797600 
114   0.497000   0.495800   0.500600   0.508400   0.510800   0.505200   0.516400   0.546800   0.566800   0.588200   0.678800   0.703600   0.796000 
115   0.493000   0.491800   0.496800   0.504600   0.507000   0.501400   0.512600   0.543000   0.563000   0.585000   0.676200   0.701000   0.794400 
116   0.489000   0.487800   0.493000   0.500800   0.503200   0.497600   0.508800   0.539200   0.559200   0.581800   0.673600   0.698400   0.792800 
117   0.485000   0.483800   0.489200   0.497000   0.499400   0.493800   0.505000   0.535400   0.555400   0.578600   0.671000   0.695800   0.791200 
118   0.481000   0.479800   0.485400   0.493200   0.495600   0.490000   0.501200   0.531600   0.551600   0.575400   0.668400   0.693200   0.789600 
119   0.477200   0.476000   0.481600   0.489600   0.491800   0.486200   0.497400   0.527800   0.547800   0.572200   0.665800   0.690600   0.788000 
120   0.473400   0.472200   0.477800   0.486000   0.488000   0.482400   0.493600   0.524000   0.544000   0.569000   0.663200   0.688000   0.786400 
121   0.469600   0.468400   0.474000   0.482400   0.484200   0.478600   0.490000   0.520200   0.540200   0.565800   0.660600   0.685400   0.784800 
122   0.465800   0.464600   0.470200   0.478800   0.480400   0.474800   0.486400   0.516400   0.536400   0.562600   0.658000   0.682800   0.783200 
123   0.462000   0.460800   0.466400   0.475200   0.476600   0.471000   0.482800   0.512600   0.532600   0.559400   0.655400   0.680200   0.781600 
124   0.458200   0.457000   0.462800   0.471600   0.472800   0.467400   0.479200   0.508800   0.528800   0.556200   0.652800   0.677600   0.780000 
125   0.454600   0.453200   0.459200   0.468000   0.469000   0.464000   0.475600   0.505000   0.525000   0.553000   0.650200   0.675000   0.778400 
126   0.451200   0.449600   0.455600   0.464400   0.465200   0.460600   0.472000   0.501200   0.521200   0.549800   0.647600   0.672400   0.776800 
127   0.447800   0.446200   0.452000   0.460800   0.461400   0.457200   0.468600   0.497400   0.517400   0.546600   0.645000   0.669800   0.775200 
128   0.444400   0.442800   0.448400   0.457200   0.457600   0.453800   0.465200   0.493600   0.513600   0.543400   0.642400   0.667200   0.773600 
129   0.441000   0.439400   0.444800   0.453600   0.453800   0.450600   0.461800   0.489800   0.509800   0.540200   0.639800   0.664600   0.772000 
130   0.437600   0.436000   0.441200   0.450000   0.450200   0.447400   0.458400   0.486000   0.506000   0.537000   0.637200   0.662000   0.770400 
131   0.434200   0.432600   0.437600   0.446400   0.446600   0.444200   0.455000   0.482200   0.502200   0.533800   0.634600   0.659400   0.768800 
132   0.430800   0.429200   0.434200   0.442800   0.443000   0.441000   0.451800   0.478400   0.498400   0.530600   0.632200   0.656800   0.767200 
133   0.427400   0.425800   0.430800   0.439200   0.439400   0.437800   0.448600   0.474600   0.494600   0.527400   0.629800   0.654200   0.765600 
134   0.424000   0.422400   0.427400   0.435600   0.435800   0.434600   0.445400   0.470800   0.490800   0.524200   0.627400   0.651600   0.764000 
135   0.420600   0.419000   0.424000   0.432000   0.432200   0.431400   0.442200   0.467200   0.487000   0.521000   0.625000   0.649000   0.762400 
136   0.417200   0.415600   0.420600   0.428400   0.428600   0.428200   0.439000   0.463600   0.483200   0.517800   0.622600   0.646400   0.761000 
137   0.413800   0.412200   0.417200   0.425200   0.425000   0.425000   0.435800   0.460000   0.479400   0.514600   0.620200   0.643800   0.759600 
138   0.410400   0.408800   0.413800   0.422000   0.421400   0.421800   0.432600   0.456400   0.475600   0.511400   0.617800   0.641200   0.758200 
139   0.407000   0.405400   0.410400   0.418800   0.417800   0.418600   0.429400   0.453000   0.471800   0.508200   0.615400   0.638600   0.756800 
140   0.403600   0.402000   0.407000   0.415600   0.414200   0.415400   0.426200   0.449600   0.468000   0.505000   0.613000   0.636000   0.755400 
141   0.400200   0.398600   0.403600   0.412400   0.410600   0.412200   0.423000   0.446200   0.464200   0.501800   0.610600   0.633400   0.754000 
142   0.396800   0.395200   0.400200   0.409200   0.407200   0.409000   0.419800   0.442800   0.460400   0.498600   0.608200   0.630800   0.752600 
143   0.393600   0.391800   0.397000   0.406000   0.403800   0.405800   0.416600   0.439400   0.456600   0.495400   0.605800   0.628200   0.751200 
144   0.390400   0.388400   0.393800   0.402800   0.400600   0.402600   0.413400   0.436200   0.452800   0.492200   0.603400   0.625600   0.749800 
145   0.387200   0.385200   0.390800   0.399600   0.397400   0.399400   0.410200   0.433000   0.449000   0.489000   0.601000   0.623000   0.748400 
146   0.384000   0.382000   0.387800   0.396400   0.394200   0.396200   0.407000   0.429800   0.445200   0.485800   0.598600   0.620400   0.747000 
147   0.380800   0.378800   0.384800   0.393200   0.391000   0.393000   0.403800   0.426600   0.441400   0.482600   0.596200   0.617800   0.745600 
148   0.377600   0.375600   0.381800   0.390000   0.387800   0.389800   0.400600   0.423400   0.437600   0.479400   0.593800   0.615200   0.744200 
149   0.374400   0.372400   0.378800   0.386800   0.384600   0.386600   0.397400   0.420200   0.433800   0.476200   0.591400   0.612600   0.742800 
150   0.371200   0.369200   0.375800   0.383600   0.381400   0.383400   0.394200   0.417000   0.430000   0.473000   0.589000   0.610000   0.741400 
151   0.368000   0.366200   0.372800   0.380400   0.378600   0.380400   0.391000   0.414000   0.426200   0.469800   0.586600   0.607400   0.740000 
152   0.364800   0.363200   0.369800   0.377400   0.375800   0.377400   0.387800   0.411000   0.422400   0.466600   0.584200   0.604800   0.738600 
153   0.361600   0.360200   0.366800   0.374400   0.373000   0.374400   0.384600   0.408000   0.418600   0.463400   0.581800   0.602200   0.737200 
154   0.358400   0.357200   0.363800   0.371400   0.370200   0.371400   0.381400   0.405000   0.414800   0.460200   0.579400   0.599600   0.735800 
155   0.355200   0.354200   0.360800   0.368400   0.367400   0.368400   0.378200   0.402000   0.411000   0.457000   0.577000   0.597000   0.734400 
156   0.352200   0.351200   0.357800   0.365400   0.364600   0.365400   0.375000   0.399200   0.407200   0.453800   0.574600   0.594400   0.733000 
157   0.349200   0.348200   0.354800   0.362400   0.361800   0.362400   0.371800   0.396400   0.403400   0.450600   0.572200   0.591800   0.731600 
158   0.346200   0.345200   0.351800   0.359400   0.359000   0.359400   0.368600   0.393600   0.399600   0.447400   0.569800   0.589200   0.730200 
159   0.343200   0.342200   0.348800   0.356400   0.356200   0.356400   0.365400   0.390800   0.395800   0.444200   0.567400   0.586600   0.728800 
160   0.340200   0.339200   0.345800   0.353400   0.353400   0.353400   0.362200   0.388400   0.392000   0.441000   0.565000   0.584000   0.727400 
161   0.337200   0.336200   0.342800   0.350400   0.350600   0.350600   0.359000   0.386000   0.388200   0.437800   0.562600   0.581400   0.726000 
162   0.334200   0.333200   0.339800   0.347400   0.347800   0.347800   0.355800   0.383600   0.384400   0.434600   0.560200   0.578800   0.724600 
163   0.331200   0.330200   0.336800   0.344400   0.345000   0.345000   0.352600   0.381200   0.380800   0.431400   0.557800   0.576200   0.723200 
164   0.328200   0.327200   0.333800   0.341400   0.342200   0.342200   0.349400   0.378800   0.377200   0.428200   0.555400   0.573600   0.721800 
165   0.325200   0.324200   0.330800   0.338400   0.339400   0.339400   0.346200   0.376400   0.373600   0.425000   0.553000   0.571000   0.720400 
166   0.322200   0.321200   0.327800   0.335400   0.336600   0.336600   0.343000   0.374000   0.370000   0.421800   0.550600   0.568400   0.719000 
167   0.319200   0.318200   0.324800   0.332400   0.333800   0.333800   0.339800   0.371600   0.366400   0.418600   0.548200   0.565800   0.717600 
168   0.316200   0.315200   0.321800   0.329600   0.331000   0.331000   0.336800   0.369200   0.363000   0.415400   0.545800   0.563200   0.716200 
169   0.313200   0.312200   0.318800   0.327000   0.328200   0.328200   0.333800   0.366800   0.359600   0.412200   0.543400   0.560600   0.714800 
170   0.310200   0.309200   0.315800   0.324400   0.325400   0.325400   0.330800   0.364400   0.356200   0.409000   0.541000   0.558000   0.713400 
171   0.307200   0.306200   0.312800   0.321800   0.322600   0.322600   0.328000   0.362000   0.352800   0.405800   0.538600   0.555400   0.712000 
172   0.304200   0.303200   0.309800   0.319200   0.319800   0.319800   0.325200   0.359600   0.349400   0.402600   0.536200   0.552800   0.710600 
173   0.301200   0.300200   0.306800   0.316600   0.317000   0.317200   0.322600   0.357200   0.346000   0.399400   0.533800   0.550200   0.709200 
174   0.298200   0.297200   0.303800   0.314000   0.314200   0.314600   0.320000   0.354800   0.342600   0.396200   0.531400   0.547600   0.707800 
175   0.295200   0.294200   0.300800   0.311400   0.311400   0.312000   0.317400   0.352400   0.339200   0.393000   0.529000   0.545000   0.706400 
176   0.292200   0.291200   0.297800   0.308800   0.308600   0.309400   0.314800   0.350000   0.335800   0.389800   0.526600   0.542400   0.705000 
177   0.289200   0.288200   0.295000   0.306200   0.305800   0.306800   0.312200   0.347600   0.332400   0.386600   0.524200   0.539800   0.703600 
178   0.286200   0.285200   0.292200   0.303600   0.303000   0.304200   0.309600   0.345200   0.329000   0.383400   0.521800   0.537200   0.702200 
179   0.283400   0.282400   0.289400   0.301000   0.300200   0.301600   0.307000   0.342800   0.325600   0.380200   0.519400   0.534600   0.700800 
180   0.280600   0.279600   0.286600   0.298400   0.297400   0.299000   0.304400   0.340400   0.322200   0.377000   0.517000   0.532000   0.699400 
181   0.277800   0.276800   0.283800   0.295800   0.294600   0.296400   0.301800   0.338000   0.318800   0.373800   0.514600   0.529400   0.698000 
182   0.275000   0.274000   0.281000   0.293200   0.291800   0.293800   0.299200   0.335600   0.315400   0.370800   0.512200   0.526800   0.696600 
183   0.272200   0.271200   0.278200   0.290600   0.289000   0.291200   0.296600   0.333200   0.312000   0.367800   0.509800   0.524200   0.695200 
184   0.269400   0.268400   0.275600   0.288000   0.286200   0.288600   0.294000   0.330800   0.308600   0.364800   0.507400   0.521600   0.693800 
185   0.266600   0.265600   0.273000   0.285400   0.283400   0.286000   0.291400   0.328400   0.305200   0.361800   0.505000   0.519000   0.692400 
186   0.263800   0.262800   0.270200   0.282600   0.280600   0.283400   0.288800   0.326000   0.301800   0.358800   0.502600   0.516400   0.691000 
187   0.261000   0.260000   0.267400   0.279800   0.277800   0.280800   0.286200   0.323600   0.298400   0.355800   0.500200   0.513800   0.689600 
188   0.258200   0.257200   0.264600   0.277000   0.275000   0.278200   0.283600   0.321200   0.295000   0.352800   0.497800   0.511200   0.688200 
189   0.255400   0.254400   0.261800   0.274200   0.272200   0.275600   0.281000   0.318800   0.291600   0.349800   0.495400   0.508600   0.686800 
190   0.252600   0.251600   0.259000   0.271400   0.269400   0.273000   0.278400   0.316400   0.288200   0.346800   0.493000   0.506000   0.685400 
191   0.249800   0.248800   0.256200   0.268600   0.266600   0.270400   0.275800   0.314000   0.284800   0.343800   0.490600   0.503400   0.684000 
192   0.247000   0.246000   0.253400   0.265800   0.263800   0.267800   0.273200   0.311600   0.281600   0.340800   0.488200   0.500800   0.682600 
193   0.244200   0.243200   0.250600   0.263000   0.261000   0.265200   0.270600   0.309200   0.278400   0.337800   0.485800   0.498200   0.681200 
194   0.241200   0.240400   0.247800   0.260200   0.258200   0.262600   0.268000   0.306800   0.275200   0.334800   0.483400   0.495600   0.679800 
195   0.238200   0.237600   0.245000   0.257200   0.255400   0.260200   0.265400   0.304400   0.272200   0.331800   0.481000   0.493000   0.678400 
196   0.235200   0.234800   0.242200   0.254200   0.252600   0.257800   0.262800   0.302000   0.269200   0.329000   0.478600   0.490400   0.677000 
197   0.232200   0.232000   0.239400   0.251200   0.249800   0.255400   0.260200   0.299600   0.266200   0.326200   0.476200   0.487800   0.675600 
198   0.229200   0.229000   0.236400   0.248200   0.247000   0.253000   0.257600   0.297200   0.263200   0.323400   0.473800   0.485200   0.674200 
199   0.226200   0.226000   0.233400   0.245200   0.244200   0.250600   0.255000   0.294800   0.260200   0.320600   0.471400   0.482600   0.672800 
200   0.223200   0.223000   0.230400   0.242200   0.241400   0.248200   0.252400   0.292400   0.257400   0.317800   0.469000   0.480000   0.671400 
201   0.220200   0.220000   0.227400   0.239200   0.238600   0.245800   0.250000   0.290000   0.254800   0.315000   0.466600   0.477400   0.670000 
202   0.217400   0.217200   0.224400   0.236200   0.235800   0.243400   0.247600   0.287600   0.252200   0.312200   0.464200   0.474800   0.668600 
203   0.214600   0.214400   0.221400   0.233200   0.233000   0.241000   0.245200   0.285200   0.249600   0.309400   0.461800   0.472200   0.667200 
204   0.211600   0.211600   0.218400   0.230200   0.230200   0.238600   0.242800   0.282800   0.247000   0.306600   0.459400   0.469600   0.665800 
205   0.208600   0.208800   0.215400   0.227200   0.227600   0.236200   0.240400   0.280400   0.244400   0.303800   0.457000   0.467000   0.664400 
206   0.205600   0.205800   0.212400   0.224400   0.225000   0.233800   0.238000   0.278000   0.241800   0.301000   0.454600   0.464400   0.663000 
207   0.202600   0.202800   0.209400   0.221600   0.222400   0.231400   0.235600   0.275600   0.239200   0.298200   0.452200   0.461800   0.661600 
208   0.199600   0.199800   0.206400   0.218800   0.220000   0.229000   0.233200   0.273200   0.236600   0.295400   0.449800   0.459200   0.660200 
209   0.196800   0.196800   0.203400   0.216000   0.217600   0.226600   0.230800   0.270800   0.234200   0.292600   0.447400   0.456600   0.658800 
210   0.194000   0.193800   0.200400   0.213200   0.215200   0.224200   0.228400   0.268400   0.231800   0.289800   0.445000   0.454000   0.657400 
211   0.191200   0.190800   0.197400   0.210400   0.212600   0.221800   0.226000   0.266000   0.229400   0.287000   0.442800   0.451400   0.656000 
212   0.188400   0.187800   0.194400   0.207600   0.210000   0.219200   0.223600   0.263600   0.227000   0.284200   0.440600   0.448800   0.654600 
213   0.185600   0.184800   0.191600   0.204800   0.207400   0.216600   0.221200   0.261200   0.224600   0.281400   0.438400   0.446200   0.653200 
214   0.182800   0.181800   0.188800   0.201800   0.204800   0.214200   0.218800   0.258800   0.222200   0.278600   0.436200   0.443600   0.651800 
215   0.180000   0.178800   0.186000   0.198800   0.202200   0.211800   0.216200   0.256400   0.219800   0.275800   0.434000   0.441000   0.650400 
216   0.177200   0.176000   0.183200   0.196000   0.199600   0.209400   0.213600   0.254000   0.217400   0.273000   0.431800   0.438600   0.649000 
217   0.174600   0.173200   0.180400   0.193200   0.197000   0.207000   0.211000   0.251600   0.215000   0.270200   0.429600   0.436200   0.647600 
218   0.172000   0.170400   0.177600   0.190600   0.194400   0.204600   0.208400   0.249200   0.212600   0.267400   0.427400   0.433800   0.646200 
219   0.169400   0.167600   0.174800   0.188000   0.191800   0.202200   0.205800   0.246800   0.210200   0.264600   0.425200   0.431400   0.644800 
220   0.166800   0.164800   0.172000   0.185400   0.189200   0.199800   0.203200   0.244600   0.208000   0.261800   0.423000   0.429000   0.643400 
221   0.164200   0.162200   0.169400   0.182800   0.186600   0.197400   0.200800   0.242400   0.205800   0.259000   0.420800   0.426600   0.642000 
222   0.161600   0.159600   0.166800   0.180200   0.184000   0.195000   0.198400   0.240200   0.203600   0.256200   0.418800   0.424200   0.640600 
223   0.159000   0.157000   0.164400   0.177600   0.181400   0.192600   0.196000   0.238200   0.201400   0.253400   0.416800   0.421800   0.639200 
224   0.156400   0.154400   0.162000   0.175000   0.178800   0.190200   0.193600   0.236200   0.199200   0.250600   0.414800   0.419400   0.637800 
225   0.153600   0.151800   0.159600   0.172400   0.176200   0.188000   0.191200   0.234200   0.197000   0.247800   0.412800   0.417000   0.636400 
226   0.150800   0.149400   0.157200   0.169800   0.173600   0.185800   0.188800   0.232200   0.194800   0.245000   0.410800   0.414600   0.635000 
227   0.148000   0.147000   0.155000   0.167200   0.171000   0.183600   0.186600   0.230200   0.192600   0.242400   0.408800   0.412200   0.633600 
228   0.145200   0.144600   0.152800   0.164600   0.168400   0.181400   0.184400   0.228200   0.190400   0.239800   0.406800   0.409800   0.632200 
229   0.142400   0.142200   0.150600   0.162000   0.165800   0.179200   0.182400   0.226200   0.188200   0.237200   0.404800   0.407400   0.630800 
230   0.139600   0.139600   0.148200   0.159400   0.163200   0.177000   0.180400   0.224200   0.186000   0.234800   0.402800   0.405000   0.629400 
231   0.136800   0.137000   0.145800   0.156800   0.160600   0.174800   0.178400   0.222200   0.183800   0.232600   0.400800   0.402600   0.628000 
232   0.134200   0.134400   0.143400   0.154200   0.158000   0.172600   0.176400   0.220200   0.181600   0.230400   0.398800   0.400200   0.626600 
233   0.131600   0.131800   0.141000   0.151600   0.155400   0.170400   0.174400   0.218200   0.179400   0.228200   0.396800   0.397800   0.625200 
234   0.129000   0.129200   0.138600   0.149000   0.152800   0.168200   0.172400   0.216200   0.177200   0.226000   0.394800   0.395400   0.623800 
235   0.126400   0.126600   0.136200   0.146400   0.150200   0.166000   0.170400   0.214200   0.175000   0.223800   0.392800   0.393000   0.622400 
236   0.123800   0.124000   0.133800   0.143800   0.147600   0.163800   0.168400   0.212200   0.172800   0.221800   0.390800   0.390600   0.621000 
237   0.121400   0.121400   0.131400   0.141200   0.145000   0.161600   0.166400   0.210200   0.170600   0.219800   0.388800   0.388200   0.619600 
238   0.119000   0.118800   0.129000   0.138600   0.142400   0.159400   0.164400   0.208200   0.168400   0.217800   0.386800   0.385800   0.618200 
239   0.116600   0.116200   0.126600   0.136000   0.139800   0.157200   0.162400   0.206200   0.166200   0.215800   0.384800   0.383400   0.616800 
240   0.114400   0.113800   0.124200   0.133400   0.137200   0.155000   0.160400   0.204200   0.164000   0.213800   0.382800   0.381000   0.615400 
241   0.112200   0.111400   0.121800   0.130800   0.134600   0.152800   0.158400   0.202200   0.161800   0.211800   0.380800   0.378600   0.614000 
242   0.110000   0.109000   0.119400   0.128200   0.132000   0.150600   0.156400   0.200200   0.159600   0.209800   0.378800   0.376200   0.612600 
243   0.107800   0.106600   0.117000   0.125600   0.129400   0.148400   0.154400   0.198200   0.157400   0.207800   0.376800   0.373800   0.611200 
244   0.105600   0.104400   0.114600   0.123000   0.126800   0.146200   0.152400   0.196200   0.155200   0.205800   0.374800   0.371400   0.609800 
245   0.103400   0.102200   0.112200   0.120400   0.124200   0.144000   0.150600   0.194200   0.153000   0.203800   0.372800   0.369000   0.608400 
246   0.101200   0.100000   0.109800   0.117800   0.121600   0.141800   0.148800   0.192200   0.150800   0.201800   0.370800   0.366600   0.607000 
247   0.099000   0.097800   0.107400   0.115200   0.119000   0.139600   0.147000   0.190200   0.148600   0.199800   0.368800   0.364200   0.605600 
248   0.096800   0.095800   0.105200   0.112600   0.116400   0.137400   0.145200   0.188200   0.146400   0.197800   0.366800   0.361800   0.604200 
249   0.094600   0.093800   0.103000   0.110000   0.113800   0.135200   0.143400   0.186200   0.144200   0.195800   0.364800   0.359400   0.602800 
250   0.092600   0.091800   0.100800   0.107600   0.111400   0.133000   0.141600   0.184200   0.142000   0.193800   0.362800   0.357000   0.601400 
251   0.090600   0.089800   0.098600   0.105200   0.109000   0.130800   0.139800   0.182600   0.139800   0.191800   0.360800   0.354600   0.600000 
252   0.088600   0.087800   0.096400   0.102800   0.106600   0.128600   0.138000   0.181000   0.137600   0.189800   0.358800   0.352200   0.598600 
253   0.086600   0.085800   0.094400   0.100400   0.104200   0.126400   0.136200   0.179400   0.135400   0.187800   0.356800   0.349800   0.597200 
254   0.084600   0.083800   0.092600   0.098000   0.101800   0.124200   0.134400   0.177800   0.133200   0.185800   0.354800   0.347400   0.595800 
255   0.082600   0.081800   0.090800   0.095800   0.099400   0.122000   0.132600   0.176200   0.131000   0.183800   0.352800   0.345000   0.594400 
256   0.080600   0.079800   0.089000   0.093600   0.097000   0.120000   0.130800   0.174600   0.128800   0.181800   0.350800   0.342600   0.593000 
257   0.078600   0.077800   0.087200   0.091400   0.094600   0.118000   0.129000   0.173000   0.126600   0.179800   0.348800   0.340200   0.591600 
258   0.076600   0.076000   0.085400   0.089200   0.092200   0.116000   0.127200   0.171400   0.124600   0.177800   0.346800   0.337800   0.590200 
259   0.074600   0.074200   0.083600   0.087000   0.089800   0.114000   0.125400   0.169800   0.122600   0.175800   0.344800   0.335400   0.588800 
260   0.072600   0.072600   0.082000   0.085000   0.087400   0.112000   0.123600   0.168200   0.120600   0.173800   0.342800   0.333000   0.587400 
261   0.070600   0.071000   0.080400   0.083000   0.085000   0.110000   0.121800   0.166600   0.118800   0.171800   0.340800   0.330600   0.586000 
262   0.068800   0.069400   0.078800   0.081200   0.082800   0.108000   0.120000   0.165000   0.117000   0.170000   0.338800   0.328200   0.584600 
263   0.067000   0.067800   0.077200   0.079400   0.080600   0.106000   0.118200   0.163400   0.115200   0.168200   0.336800   0.325800   0.583200 
264   0.065200   0.066200   0.075600   0.077600   0.078400   0.104000   0.116400   0.161800   0.113400   0.166400   0.334800   0.323400   0.581800 
265   0.063400   0.064600   0.074000   0.075800   0.076200   0.102000   0.114600   0.160200   0.111600   0.164600   0.332800   0.321000   0.580400 
266   0.061600   0.063000   0.072400   0.074000   0.074000   0.100000   0.112800   0.158600   0.109800   0.162800   0.330800   0.318600   0.579000 
267   0.060000   0.061400   0.070800   0.072200   0.071800   0.098000   0.111000   0.157000   0.108000   0.161000   0.328800   0.316200   0.577600 
268   0.058400   0.059800   0.069200   0.070400   0.069600   0.096000   0.109600   0.155400   0.106200   0.159200   0.326800   0.313800   0.576200 
269   0.056800   0.058200   0.067600   0.068600   0.067400   0.094000   0.108200   0.153800   0.104400   0.157400   0.324800   0.311400   0.574800 
270   0.055200   0.056600   0.066000   0.067000   0.065400   0.092000   0.106800   0.152200   0.102600   0.155600   0.322800   0.309000   0.573400 
271   0.053600   0.055000   0.064400   0.065600   0.063400   0.090200   0.105400   0.150600   0.100800   0.153800   0.321000   0.306600   0.572000 
272   0.052000   0.053400   0.062800   0.064200   0.061400   0.088600   0.104000   0.149000   0.099000   0.152000   0.319200   0.304200   0.570600 
273   0.050400   0.051800   0.061200   0.062800   0.059400   0.087000   0.102600   0.147400   0.097200   0.150200   0.317400   0.301800   0.569200 
274   0.048800   0.050200   0.059600   0.061400   0.057800   0.085200   0.101200   0.145800   0.095400   0.148400   0.315600   0.299400   0.568000 
275   0.047200   0.048600   0.058000   0.060000   0.056400   0.083400   0.099800   0.144200   0.093600   0.146600   0.313800   0.297000   0.566800 
276   0.045600   0.047000   0.056400   0.058600   0.055000   0.081600   0.098400   0.142600   0.091800   0.144800   0.312000   0.294600   0.565600 
277   0.044000   0.045400   0.054800   0.057200   0.053600   0.080000   0.097000   0.141000   0.090000   0.143000   0.310200   0.292200   0.564400 
278   0.042400   0.043800   0.053400   0.055800   0.052200   0.078400   0.095600   0.139400   0.088200   0.141400   0.308400   0.289800   0.563200 
279   0.040800   0.042200   0.052000   0.054400   0.050800   0.076800   0.094200   0.137800   0.086400   0.139800   0.306600   0.287400   0.562000 
280   0.039200   0.040600   0.050600   0.053000   0.049400   0.075200   0.092800   0.136200   0.084600   0.138200   0.304800   0.285000   0.560800 
281   0.037600   0.039000   0.049200   0.051600   0.048000   0.073600   0.091400   0.134600   0.082800   0.136600   0.303000   0.282600   0.559600 
282   0.036000   0.037400   0.047800   0.050200   0.046600   0.072000   0.090000   0.133000   0.081200   0.135200   0.301200   0.280400   0.558400 
283   0.034400   0.035800   0.046400   0.049000   0.045400   0.070400   0.088600   0.131400   0.079600   0.133800   0.299400   0.278400   0.557200 
284   0.032800   0.034200   0.045200   0.048000   0.044200   0.068800   0.087200   0.129800   0.078000   0.132400   0.297600   0.276400   0.556000 
285   0.031200   0.032600   0.044000   0.047000   0.043000   0.067200   0.085800   0.128200   0.076400   0.131000   0.295800   0.274400   0.554800 
286   0.029600   0.031000   0.042800   0.046000   0.041800   0.065600   0.084400   0.126600   0.074800   0.129600   0.294000   0.272600   0.553600 
287   0.028200   0.029400   0.041600   0.045000   0.040600   0.064000   0.083000   0.125000   0.073200   0.128200   0.292400   0.270800   0.552400 
288   0.027000   0.028200   0.040600   0.044000   0.039400   0.062400   0.081600   0.123400   0.071600   0.126800   0.290800   0.269000   0.551200 
289   0.025800   0.027000   0.039600   0.043000   0.038200   0.060800   0.080200   0.121600   0.070200   0.125400   0.289200   0.267200   0.550000 
290   0.024600   0.026000   0.038600   0.042000   0.037000   0.059200   0.078800   0.119800   0.068800   0.124000   0.287600   0.265400   0.548800 
291   0.023600   0.025200   0.037600   0.041000   0.035800   0.057600   0.077400   0.118000   0.067400   0.122800   0.286000   0.263600   0.547600 
292   0.022600   0.024400   0.036600   0.040000   0.034600   0.056000   0.076000   0.116200   0.066000   0.121800   0.284400   0.261800   0.546400 
293   0.021600   0.023600   0.035600   0.039000   0.033400   0.054400   0.074600   0.114600   0.064600   0.120800   0.282800   0.260200   0.545200 
294   0.020600   0.022800   0.034600   0.038000   0.032200   0.052800   0.073200   0.113000   0.063200   0.119800   0.281200   0.258600   0.544000 
295   0.019600   0.022000   0.033600   0.037000   0.031000   0.051200   0.071800   0.111400   0.061800   0.118800   0.279600   0.257000   0.542800 
296   0.018600   0.021200   0.032600   0.036000   0.029800   0.049600   0.070400   0.109800   0.060400   0.117800   0.278000   0.255400   0.541600 
297   0.017600   0.020400   0.031600   0.035000   0.028600   0.048000   0.069000   0.108200   0.059000   0.116800   0.276400   0.253800   0.540400 
298   0.016600   0.019600   0.030600   0.034000   0.027400   0.046400   0.067600   0.106400   0.057600   0.115800   0.274800   0.252200   0.539200 
299   0.015600   0.018800   0.029600   0.033000   0.026400   0.044800   0.066200   0.104600   0.056200   0.114800   0.273200   0.250600   0.538000 
300   0.014800   0.018000   0.028600   0.032000   0.025400   0.043200   0.064800   0.102800   0.054800   0.113800   0.271600   0.249000   0.536800 
301   0.014000   0.017200   0.027600   0.031000   0.024400   0.041600   0.063400   0.101000   0.053400   0.112800   0.270000   0.247600   0.535600 
302   0.013200   0.016400   0.026600   0.030000   0.023400   0.040000   0.062000   0.099200   0.052000   0.111800   0.268400   0.246200   0.534400 
303   0.012400   0.015600   0.025600   0.029000   0.022400   0.038600   0.060600   0.097400   0.050800   0.110800   0.266800   0.245000   0.533200 
304   0.011600   0.014800   0.024600   0.028000   0.021400   0.037200   0.059200   0.095600   0.049600   0.109800   0.265200   0.243800   0.532000 
305   0.010800   0.014000   0.023600   0.027000   0.020400   0.035800   0.057800   0.093800   0.048400   0.108800   0.263600   0.242600   0.530800 
306   0.010000   0.013200   0.022600   0.026000   0.019400   0.034400   0.056400   0.092000   0.047200   0.107800   0.262000   0.241400   0.529600 
307   0.009200   0.012400   0.021600   0.025000   0.018400   0.033000   0.055000   0.090200   0.046000   0.106800   0.260400   0.240200   0.528400 
308   0.008400   0.011600   0.020600   0.024000   0.017600   0.031600   0.053600   0.088400   0.044800   0.105800   0.258800   0.239000   0.527200 
309   0.007600   0.010800   0.019600   0.023000   0.016800   0.030200   0.052200   0.086800   0.043600   0.104800   0.257200   0.237800   0.526000 
310   0.006800   0.010000   0.018600   0.022000   0.016000   0.028800   0.050800   0.085200   0.042600   0.103800   0.255600   0.236600   0.524800 
311   0.006000   0.009200   0.017600   0.021000   0.015200   0.027400   0.049400   0.083600   0.041600   0.102800   0.254000   0.235400   0.523600 
312   0.005200   0.008400   0.016800   0.020200   0.014400   0.026200   0.048000   0.082200   0.040600   0.101800   0.252400   0.234200   0.522400 
313   0.004400   0.007600   0.016000   0.019400   0.013600   0.025000   0.046600   0.080800   0.039600   0.100800   0.250800   0.233000   0.521200 
314   0.003600   0.006800   0.015200   0.018600   0.012800   0.024000   0.045400   0.079400   0.038800   0.099800   0.249200   0.231800   0.520000 
315   0.002800   0.006000   0.014400   0.017800   0.012000   0.023000   0.044200   0.078000   0.038000   0.098800   0.247600   0.230600   0.518800 
316   0.002000   0.005200   0.013600   0.017000   0.011200   0.022000   0.043000   0.076600   0.037200   0.097800   0.246200   0.229400   0.517600 
317   0.001200   0.004400   0.012800   0.016200   0.010400   0.021000   0.042000   0.075200   0.036400   0.096800   0.244800   0.228200   0.516400 
318   0.000400   0.003600   0.012000   0.015400   0.009600   0.020000   0.041000   0.073800   0.035600   0.095800   0.243400   0.227000   0.515200 
319  -0.000400   0.002800   0.011200   0.014600   0.008800   0.019000   0.040000   0.072400   0.034800   0.094800   0.242000   0.225800   0.514000 
320  -0.001200   0.002000   0.010400   0.013800   0.008000   0.018000   0.039200   0.071000   0.034000   0.093800   0.240600   0.224600   0.512800 
321  -0.002000   0.001200   0.009600   0.013000   0.007200   0.017000   0.038400   0.069800   0.033200   0.092800   0.239200   0.223400   0.511600 
322  -0.002800   0.000400   0.008800   0.012200   0.006400   0.016000   0.037600   0.068600   0.032400   0.091800   0.237800   0.222400   0.510400 
323  -0.003600  -0.000400   0.008000   0.011400   0.005600   0.015000   0.036800   0.067400   0.031600   0.090800   0.236400   0.221400   0.509200 
324  -0.004400  -0.001200   0.007200   0.010600   0.004800   0.014000   0.036200   0.066200   0.030800   0.089800   0.235200   0.220600   0.508000 
325  -0.005200  -0.002000   0.006400   0.009800   0.004000   0.013000   0.035800   0.065000   0.030200   0.088800   0.234000   0.219800   0.506800 
326  -0.005800  -0.002800   0.005600   0.009000   0.003200   0.012000   0.035400   0.063800   0.029600   0.087800   0.232800   0.219000   0.505600 
327  -0.006400  -0.003600   0.004800   0.008200   0.002400   0.011000   0.035000   0.062800   0.029000   0.086800   0.231600   0.218200   0.504400 
328  -0.007000  -0.004200   0.004000   0.007400   0.001600   0.010200   0.034600   0.062000   0.028400   0.085800   0.230400   0.217400   0.503200 
329  -0.007600  -0.004800   0.003200   0.006600   0.000800   0.009400   0.034200   0.061200   0.027800   0.084800   0.229200   0.216600   0.502000 
330  -0.008200  -0.005400   0.002400   0.005800  -0.000000   0.008600   0.033800   0.060400   0.027200   0.083800   0.228200   0.215800   0.500800 
331  -0.008800  -0.006000   0.001600   0.005000  -0.000800   0.007800   0.033400   0.059600   0.026600   0.082800   0.227200   0.215000   0.499600 
332  -0.009400  -0.006600   0.001000   0.004200  -0.001600   0.007000   0.033000   0.058800   0.026000   0.081800   0.226200   0.214200   0.498400 
333  -0.010000  -0.007200   0.000400   0.003400  -0.002400   0.006200   0.032600   0.058000   0.025400   0.080800   0.225200   0.213400   0.497200 
334  -0.010600  -0.007800  -0.000200   0.002600  -0.003200   0.005400   0.032200   0.057200   0.024800   0.079800   0.224200   0.212600   0.496000 
335  -0.011200  -0.008400  -0.000800   0.001800  -0.004000   0.004600   0.031800   0.056400   0.024200   0.078800   0.223200   0.211800   0.494800 
336  -0.011800  -0.009000  -0.001400   0.001000  -0.004800   0.003800   0.031400   0.055600   0.023600   0.077800   0.222200   0.211000   0.493600 
337  -0.012400  -0.009600  -0.002000   0.000200  -0.005600   0.003200   0.031000   0.054800   0.023000   0.076800   0.221400   0.210200   0.492400 
338  -0.013000  -0.010200  -0.002600  -0.000600  -0.006400   0.002600   0.030600   0.054000   0.022400   0.075800   0.220600   0.209400   0.491200 
339  -0.013600  -0.010800  -0.003200  -0.001400  -0.007200   0.002000   0.030200   0.053200   0.021800   0.074800   0.219800   0.208600   0.490000 
340  -0.014200  -0.011400  -0.003800  -0.002000  -0.008000   0.001400   0.029800   0.052400   0.021200   0.073800   0.219000   0.207800   0.488800 
341  -0.014800  -0.012000  -0.004400  -0.002600  -0.008800   0.000800   0.029400   0.051800   0.020600   0.072800   0.218200   0.207000   0.487600 
342  -0.015400  -0.012600  -0.005000  -0.003200  -0.009600   0.000200   0.029000   0.051200   0.020000   0.071800   0.217200   0.206200   0.486400 
343  -0.016000  -0.013200  -0.005600  -0.003800  -0.010400  -0.000400   0.028600   0.050600   0.019400   0.070800   0.216200   0.205400   0.485200 
344  -0.016600  -0.013800  -0.006200  -0.004400  -0.011200  -0.001000   0.028200   0.050000   0.018800   0.069800   0.215200   0.204800   0.484000 
345  -0.017000  -0.014400  -0.006800  -0.005000  -0.012000  -0.001600   0.027800   0.049400   0.018200   0.068800   0.214200   0.204200   0.482800 
346  -0.017400  -0.014800  -0.007400  -0.005600  -0.012800  -0.002200   0.027400   0.048800   0.017600   0.067800   0.213200   0.203600   0.481600 
347  -0.017800  -0.015200  -0.008000  -0.006200  -0.013600  -0.002800   0.027000   0.048200   0.017000   0.066800   0.212200   0.203000   0.480400 
348  -0.018200  -0.015600  -0.008600  -0.006800  -0.014400  -0.003400   0.026600   0.047600   0.016400   0.065800   0.211200   0.202400   0.479200 
349  -0.018600  -0.016000  -0.009200  -0.007400  -0.015200  -0.004000   0.026200   0.047000   0.015800   0.064800   0.210200   0.201800   0.478000 
350  -0.019000  -0.016400  -0.009800  -0.008000  -0.016000  -0.004600   0.025800   0.046400   0.015200   0.063800   0.209200   0.201200   0.476800 
351  -0.019400  -0.016800  -0.010400  -0.008600  -0.016600  -0.005200   0.025400   0.045800   0.014600   0.062800   0.208200   0.200600   0.475600 
352  -0.019800  -0.017200  -0.011000  -0.009200  -0.017200  -0.005800   0.025000   0.045200   0.014000   0.061800   0.207200   0.200000   0.474400 
353  -0.020200  -0.017600  -0.011600  -0.009800  -0.017800  -0.006400   0.024600   0.044600   0.013400   0.060800   0.206200   0.199400   0.473200 
354  -0.020600  -0.018000  -0.012200  -0.010200  -0.018400  -0.007000   0.024200   0.044000   0.012800   0.059800   0.205200   0.198800   0.472000 
355  -0.021000  -0.018400  -0.012800  -0.010600  -0.019000  -0.007600   0.023800   0.043400   0.012200   0.058800   0.204200   0.198200   0.470800 
356  -0.021400  -0.018800  -0.013200  -0.011000  -0.019600  -0.008200   0.023400   0.042800   0.011600   0.057800   0.203200   0.197600   0.469600 
357  -0.021800  -0.019200  -0.013600  -0.011400  -0.020200  -0.008800   0.023000   0.042200   0.011000   0.056800   0.202200   0.197000   0.468400 
358  -0.022200  -0.019600  -0.014000  -0.011800  -0.020800  -0.009400   0.022600   0.041600   0.010400   0.055600   0.201200   0.196400   0.467200 
359  -0.022600  -0.020000  -0.014400  -0.012200  -0.021400  -0.010000   0.022200   0.041000   0.010000   0.054400   0.200200   0.195800   0.466000 
360  -0.023000  -0.020400  -0.014800  -0.012600  -0.022000  -0.010600   0.021800   0.040400   0.009600   0.053200   0.199200   0.195400   0.465000 
361  -0.023400  -0.020800  -0.015200  -0.013000  -0.022600  -0.011000   0.021400   0.039800   0.009200   0.052000   0.198200   0.195000   0.464000 
362  -0.023800  -0.021200  -0.015600  -0.013400  -0.023200  -0.011400   0.021000   0.039200   0.008600   0.050800   0.197200   0.194600   0.463000 
363  -0.024200  -0.021600  -0.016000  -0.013800  -0.023800  -0.011800   0.020600   0.038600   0.008000   0.049600   0.196200   0.194200   0.462000 
364  -0.024600  -0.022000  -0.016400  -0.014200  -0.024400  -0.012200   0.020200   0.038000   0.007400   0.048400   0.195200   0.193800   0.461000 
365  -0.025000  -0.022400  -0.016800  -0.014600  -0.024800  -0.012600   0.019800   0.037400   0.006800   0.047200   0.194200   0.193400   0.460000 
366  -0.025400  -0.022800  -0.017200  -0.015000  -0.025200  -0.013000   0.019400   0.036800   0.006200   0.046200   0.193200   0.193000   0.459000 
367  -0.025800  -0.023200  -0.017600  -0.015400  -0.025600  -0.013400   0.019000   0.036200   0.005600   0.045400   0.192200   0.192600   0.458000 
368  -0.026200  -0.023600  -0.018000  -0.015800  -0.025800  -0.013800   0.018600   0.035600   0.005000   0.044600   0.191200   0.192200   0.457000 
369  -0.026600  -0.024000  -0.018400  -0.016200  -0.026000  -0.014200   0.018200   0.035000   0.004400   0.043800   0.190200   0.191800   0.456000 
370  -0.027000  -0.024400  -0.018800  -0.016600  -0.026200  -0.014400   0.017800   0.034600   0.003800   0.043000   0.189200   0.191400   0.455000 
371  -0.027400  -0.024800  -0.019200  -0.017000  -0.026400  -0.014600   0.017400   0.034200   0.003200   0.042200   0.188200   0.191000   0.454000 
372  -0.027800  -0.025000  -0.019600  -0.017400  -0.026600  -0.014800   0.017000   0.033800   0.002600   0.041400   0.187200   0.190600   0.453000 
373  -0.028200  -0.025200  -0.020000  -0.017800  -0.026800  -0.015000   0.016600   0.033400   0.002000   0.040600   0.186200   0.190200   0.452000 
374  -0.028600  -0.025400  -0.020400  -0.018200  -0.027000  -0.015200   0.016200   0.033000   0.001400   0.039800   0.185200   0.189800   0.451000 
375  -0.029000  -0.025600  -0.020800  -0.018600  -0.027200  -0.015400   0.015800   0.032600   0.000800   0.039000   0.184200   0.189400   0.450000 
376  -0.029400  -0.025800  -0.021200  -0.019000  -0.027400  -0.015600   0.015400   0.032200   0.000200   0.038200   0.183200   0.189000   0.449000 
377  -0.029800  -0.025800  -0.021600  -0.019000  -0.027600  -0.015800   0.015000   0.031800  -0.000400   0.037200   0.182200   0.188600   0.448000 
378  -0.030200  -0.025800  -0.022000  -0.019000  -0.027800  -0.016000   0.014600   0.031400  -0.001000   0.036200   0.181200   0.188200   0.447000 
379  -0.030600  -0.025800  -0.022400  -0.019000  -0.028000  -0.016200   0.014200   0.031000  -0.001600   0.035200   0.180200   0.187800   0.446000 
380  -0.031000  -0.025800  -0.022800  -0.019000  -0.028200  -0.016400   0.013800   0.030600  -0.002200   0.034200   0.179400   0.187400   0.445000 
381  -0.031400  -0.025800  -0.023200  -0.019000  -0.028400  -0.016600   0.013400   0.030200  -0.002800   0.033200   0.178600   0.187000   0.444000 
382  -0.031600  -0.025800  -0.023600  -0.019000  -0.028600  -0.016800   0.013000   0.029800  -0.003400   0.032400   0.177800   0.186600   0.443000 
383  -0.031800  -0.025800  -0.024000  -0.019000  -0.028800  -0.017000   0.012600   0.029400  -0.004000   0.031600   0.177000   0.186200   0.442000 
384  -0.032000  -0.025600  -0.024200  -0.019000  -0.029000  -0.017200   0.012200   0.029000  -0.004600   0.030800   0.176200   0.185800   0.441000 
385  -0.032200  -0.025400  -0.024400  -0.019000  -0.029000  -0.017400   0.011800   0.028600  -0.005200   0.030000   0.175400   0.185600   0.440000 
386  -0.032200  -0.025200  -0.024600  -0.019000  -0.028800  -0.017600   0.011400   0.028200  -0.005800   0.029200   0.174600   0.185400   0.439000 
387  -0.032200  -0.025000  -0.024800  -0.019000  -0.028600  -0.017800   0.011000   0.027800  -0.006400   0.028400   0.173800   0.185200   0.438000 
388  -0.032200  -0.024800  -0.025000  -0.019000  -0.028400  -0.018000   0.010600   0.027400  -0.007000   0.027600   0.173000   0.185000   0.437000 
389  -0.032000  -0.024600  -0.025000  -0.019000  -0.028200  -0.018200   0.010200   0.027000  -0.007600   0.026800   0.172200   0.184800   0.436000 
390  -0.031800  -0.024400  -0.024800  -0.019000  -0.028000  -0.018400   0.009800   0.026600  -0.008200   0.026200   0.171400   0.184600   0.435000 
391  -0.031600  -0.024200  -0.024600  -0.019000  -0.027800  -0.018600   0.009400   0.026200  -0.008800   0.025600   0.170600   0.184400   0.434000 
392  -0.031400  -0.024000  -0.024400  -0.019000  -0.027600  -0.018600   0.009000   0.025800  -0.009400   0.025000   0.169800   0.184200   0.433000 
393  -0.031200  -0.023800  -0.024200  -0.018800  -0.027400  -0.018600   0.008800   0.025400  -0.010000   0.024400   0.169000   0.184000   0.432000 
394  -0.031000  -0.023600  -0.024000  -0.018600  -0.027200  -0.018600   0.008600   0.025000  -0.010600   0.023800   0.168200   0.183800   0.431000 
395  -0.030800  -0.023400  -0.023800  -0.018400  -0.027000  -0.018800   0.008600   0.024600  -0.011200   0.023200   0.167400   0.183600   0.430000 
396  -0.030600  -0.023200  -0.023600  -0.018200  -0.026800  -0.019000   0.008600   0.024200  -0.011800   0.022600   0.166600   0.183400   0.429000 
397  -0.030400  -0.023000  -0.023400  -0.018000  -0.026600  -0.019000   0.008600   0.023800  -0.012400   0.022000   0.165800   0.183200   0.428000 
398  -0.030200  -0.022800  -0.023200  -0.017800  -0.026400  -0.019000   0.008600   0.023400  -0.013000   0.021400   0.165000   0.183000   0.427000 
399  -0.030000  -0.022600  -0.023000  -0.017600  -0.026200  -0.019000   0.008600   0.023000  -0.013600   0.020800   0.164200   0.182800   0.426000 
400  -0.029800  -0.022400  -0.022800  -0.017400  -0.026000  -0.019000   0.008600   0.022600  -0.014400   0.020200   0.163400   0.182600   0.425000 
401  -0.029600  -0.022200  -0.022400  -0.017200  -0.025400  -0.019000   0.008400   0.022200  -0.015200   0.019600   0.162600   0.182400   0.424000 
402  -0.029400  -0.022000  -0.022000  -0.017000  -0.024800  -0.019000   0.008200   0.021800  -0.016000   0.019000   0.161800   0.182200   0.423000 
403  -0.029200  -0.021800  -0.021600  -0.016800  -0.024200  -0.019000   0.008200   0.021400  -0.016800   0.018400   0.161000   0.182000   0.422000 
404  -0.029000  -0.021600  -0.021000  -0.016600  -0.023600  -0.019000   0.008200   0.021000  -0.017600   0.017800   0.160200   0.181800   0.421000 
405  -0.028800  -0.021400  -0.020400  -0.016400  -0.023000  -0.018800   0.008200   0.020600  -0.018400   0.017200   0.159400   0.181600   0.420000 
406  -0.028600  -0.021200  -0.019800  -0.016000  -0.022400  -0.018600   0.008200   0.020200  -0.019200   0.016600   0.158600   0.181400   0.419000 
407  -0.028400  -0.021000  -0.019200  -0.015600  -0.021800  -0.018400   0.008200   0.019800  -0.020000   0.016000   0.157800   0.181200   0.418000 
408  -0.028200  -0.020800  -0.018600  -0.015200  -0.021200  -0.018200   0.008200   0.019400  -0.020800   0.015400   0.157200   0.181000   0.417000 
409  -0.028000  -0.020600  -0.018000  -0.014800  -0.020600  -0.018000   0.008400   0.019000  -0.021600   0.014800   0.156600   0.180800   0.416000 
410  -0.027600  -0.020400  -0.017400  -0.014400  -0.020000  -0.017800   0.008600   0.018400  -0.022400   0.014200   0.156000   0.180600   0.415000 
411  -0.027200  -0.020000  -0.016800  -0.014000  -0.019400  -0.017600   0.008800   0.017800  -0.023200   0.013600   0.155400   0.180400   0.414000 
412  -0.026800  -0.019600  -0.016200  -0.013600  -0.018800  -0.017400   0.009200   0.017200  -0.024000   0.013000   0.154800   0.180200   0.413000 
413  -0.026200  -0.019000  -0.015600  -0.013200  -0.018200  -0.017200   0.009600   0.016600  -0.024600   0.012400   0.154200   0.180000   0.412000 
414  -0.025600  -0.018400  -0.015000  -0.012800  -0.017600  -0.017000   0.010000   0.016000  -0.025200   0.012000   0.153600   0.179800   0.411000 
415  -0.025000  -0.017800  -0.014400  -0.012400  -0.017200  -0.016800   0.010400   0.015400  -0.025800   0.011600   0.153000   0.179600   0.410000 
416  -0.024400  -0.017200  -0.013800  -0.012000  -0.016800  -0.016600   0.010800   0.014800  -0.026400   0.011200   0.152400   0.179400   0.409000 
417  -0.023800  -0.016600  -0.013000  -0.011600  -0.016400  -0.016400   0.011200   0.014200  -0.027000   0.010600   0.151800   0.179200   0.408000 
418  -0.023200  -0.016000  -0.012200  -0.011200  -0.016000  -0.016200   0.011600   0.013600  -0.027600   0.010000   0.151200   0.179000   0.407200 
419  -0.022600  -0.015400  -0.011400  -0.010800  -0.015600  -0.016200   0.012000   0.013000  -0.028200   0.009400   0.150600   0.178800   0.406400 
420  -0.022000  -0.014600  -0.010600  -0.010400  -0.015200  -0.016200   0.012400   0.012600  -0.028800   0.008800   0.150000   0.178600   0.405600 
421  -0.021400  -0.013800  -0.009800  -0.010000  -0.014800  -0.016200   0.012600   0.012200  -0.029400   0.008200   0.149400   0.178400   0.404800 
422  -0.020800  -0.013000  -0.009000  -0.009600  -0.014400  -0.016200   0.012800   0.011800  -0.030000   0.007600   0.148800   0.178200   0.404000 
423  -0.020200  -0.012200  -0.008200  -0.009200  -0.014000  -0.016200   0.013000   0.011400  -0.030600   0.007000   0.148200   0.178000   0.403200 
424  -0.019600  -0.011400  -0.007400  -0.008600  -0.013600  -0.016200   0.013200   0.011000  -0.031200   0.006400   0.147600   0.177800   0.402400 
425  -0.019000  -0.010600  -0.006600  -0.008000  -0.013200  -0.016200   0.013400   0.010600  -0.031800   0.005800   0.147000   0.177600   0.401600 
426  -0.018400  -0.009800  -0.005800  -0.007400  -0.012800  -0.016200   0.013600   0.010200  -0.032400   0.005200   0.146400   0.177400   0.400800 
427  -0.017600  -0.009000  -0.005000  -0.006800  -0.012400  -0.016000   0.013800   0.009800  -0.033000   0.004600   0.146000   0.177200   0.400000 
428  -0.016800  -0.008200  -0.004200  -0.006200  -0.012000  -0.015800   0.014000   0.009400  -0.033600   0.004000   0.145600   0.177000   0.399200 
429  -0.015800  -0.007400  -0.003400  -0.005600  -0.011600  -0.015600   0.014200   0.009000  -0.034200   0.003400   0.145200   0.176800   0.398400 
430  -0.014800  -0.006600  -0.002800  -0.005000  -0.011200  -0.015400   0.014400   0.008600  -0.034800   0.002800   0.144800   0.176600   0.397600 
431  -0.013800  -0.005800  -0.002200  -0.004200  -0.010800  -0.015200   0.014600   0.008200  -0.035400   0.002200   0.144400   0.176400   0.396800 
432  -0.012800  -0.005000  -0.001600  -0.003400  -0.010400  -0.015000   0.014800   0.007800  -0.036000   0.001600   0.144000   0.176200   0.396000 
433  -0.012000  -0.004000  -0.000800  -0.002600  -0.009800  -0.014600   0.015000   0.007400  -0.036600   0.001000   0.143600   0.176000   0.395200 
434  -0.011400  -0.003000  -0.000000  -0.002000  -0.009200  -0.014200   0.015200   0.007000  -0.037200   0.000400   0.143200   0.175800   0.394400 
435  -0.010800  -0.002000   0.000800  -0.001400  -0.008600  -0.013800   0.015400   0.006600  -0.037800  -0.000200   0.142800   0.175600   0.393600 
436  -0.010200  -0.001000   0.001600  -0.000600  -0.008000  -0.013400   0.015600   0.006200  -0.038400  -0.000800   0.142400   0.175400   0.392800 
437  -0.009600   0.000000   0.002400   0.000200  -0.007400  -0.013000   0.015800   0.005800  -0.039000  -0.001400   0.142000   0.175200   0.392000 
438  -0.009000   0.000800   0.003200   0.001000  -0.006800  -0.012600   0.016000   0.005400  -0.039600  -0.002000   0.141600   0.175000   0.391200 
439  -0.008400   0.001800   0.004000   0.001800  -0.006200  -0.012200   0.016200   0.005000  -0.040200  -0.002600   0.141200   0.174800   0.390400 
440  -0.007800   0.002800   0.004800   0.002600  -0.005600  -0.011800   0.016200   0.004600  -0.040800  -0.003200   0.140800   0.174600   0.389600 
441  -0.007200   0.003800   0.005600   0.003400  -0.005000  -0.011400   0.016200   0.004200  -0.041400  -0.003800   0.140400   0.174400   0.388800 
442  -0.006600   0.004800   0.006400   0.004000  -0.004400  -0.011000   0.016200   0.003800  -0.042000  -0.004400   0.140200   0.174200   0.388000 
443  -0.005800   0.005800   0.007200   0.004600  -0.003800  -0.010600   0.016200   0.003400  -0.042600  -0.005000   0.140000   0.174000   0.387200 
444  -0.005000   0.006600   0.008000   0.005200  -0.003200  -0.010200   0.016200   0.003000  -0.043000  -0.005600   0.139800   0.173800   0.386400 
445  -0.004200   0.007200   0.008800   0.005800  -0.002400  -0.009800   0.016400   0.002600  -0.043400  -0.006200   0.139600   0.173600   0.385600 
446  -0.003400   0.007800   0.009400   0.006400  -0.001600  -0.009400   0.016600   0.002200  -0.043800  -0.006800   0.139400   0.173400   0.384800 
447  -0.002600   0.008400   0.010000   0.007000  -0.000800  -0.009000   0.016800   0.002000  -0.044200  -0.007400   0.139200   0.173200   0.384000 
448  -0.001800   0.009000   0.010600   0.007600  -0.000000  -0.008600   0.017000   0.002000  -0.044600  -0.008000   0.139000   0.173000   0.383200 
449  -0.001000   0.009600   0.011200   0.008200   0.000800  -0.008200   0.017200   0.002000  -0.045000  -0.008600   0.138800   0.172800   0.382400 
450  -0.000200   0.010200   0.011800   0.008800   0.001600  -0.008000   0.017400   0.002000  -0.045400  -0.009200   0.138600   0.172600   0.381600 
451   0.000400   0.010800   0.012400   0.009400   0.002400  -0.007800   0.017400   0.002000  -0.045800  -0.009800   0.138400   0.172400   0.380800 
452   0.001000   0.011400   0.013000   0.010000   0.003200  -0.007600   0.017400   0.002000  -0.046200  -0.010400   0.138200   0.172200   0.380200 
453   0.001600   0.012000   0.013600   0.010400   0.004000  -0.007200   0.017400   0.002000  -0.046600  -0.011000   0.138000   0.172000   0.379600 
454   0.002200   0.012600   0.014200   0.010800   0.004800  -0.006800   0.017400   0.002200  -0.047000  -0.011600   0.137800   0.171800   0.379000 
455   0.002800   0.013200   0.014800   0.011200   0.005600  -0.006400   0.017400   0.002200  -0.047400  -0.012200   0.137600   0.171600   0.378400 
456   0.003400   0.013800   0.015400   0.011600   0.006400  -0.006000   0.017200   0.002200  -0.047800  -0.012800   0.137400   0.171400   0.377800 
457   0.004000   0.014400   0.015800   0.012000   0.007200  -0.005600   0.017000   0.002200  -0.048200  -0.013400   0.137200   0.171200   0.377200 
458   0.004600   0.015000   0.016400   0.012400   0.008000  -0.005200   0.016800   0.002200  -0.048600  -0.014000   0.137000   0.171000   0.376600 
459   0.005200   0.015600   0.017000   0.012800   0.008800  -0.004800   0.016600   0.002200  -0.049000  -0.014600   0.136800   0.170800   0.376000 
460   0.005800   0.016200   0.017600   0.013200   0.009600  -0.004400   0.016400   0.002200  -0.049400  -0.015200   0.136600   0.170600   0.375600 
461   0.006400   0.016800   0.018200   0.013600   0.010400  -0.004000   0.016200   0.002200  -0.049800  -0.015600   0.136400   0.170400   0.375200 
462   0.007000   0.017400   0.018800   0.014000   0.011200  -0.003600   0.016000   0.002000  -0.050200  -0.016000   0.136200   0.170200   0.374800 
463   0.007600   0.018000   0.019400   0.014400   0.012000  -0.003200   0.015800   0.001800  -0.050600  -0.016400   0.136000   0.170200   0.374400 
464   0.008200   0.018600   0.020000   0.015000   0.012800  -0.002800   0.015600   0.001600  -0.051000  -0.016800   0.135800   0.170200   0.374000 
465   0.008800   0.019200   0.020600   0.015600   0.013600  -0.002400   0.015400   0.001400  -0.051400  -0.017200   0.135600   0.170200   0.373600 
466   0.009200   0.019800   0.021200   0.016200   0.014200  -0.002000   0.015200   0.001200  -0.051800  -0.017600   0.135400   0.170200   0.373200 
467   0.009600   0.020400   0.021800   0.016800   0.014800  -0.001600   0.015000   0.001000  -0.052200  -0.018000   0.135200   0.170200   0.372800 
468   0.010000   0.020800   0.022200   0.017400   0.015400  -0.001200   0.014600   0.000800  -0.052600  -0.018200   0.134800   0.170200   0.372400 
469   0.010400   0.021200   0.022600   0.018000   0.016000  -0.000800   0.014200   0.000600  -0.053000  -0.018400   0.134400   0.170200   0.372200 
470   0.010800   0.021600   0.022800   0.018600   0.016600  -0.000400   0.013800   0.000400  -0.053200  -0.018600   0.134000   0.170200   0.372000 
471   0.011200   0.022000   0.023000   0.019200   0.017200  -0.000000   0.013400   0.000200  -0.053400  -0.018800   0.133600   0.170200   0.371800 
472   0.011600   0.022400   0.023000   0.019600   0.017600   0.000400   0.013000  -0.000000  -0.053600  -0.019000   0.133200   0.170200   0.371600 
473   0.012000   0.022800   0.023000   0.020000   0.018000   0.000800   0.012600  -0.000400  -0.053800  -0.019200   0.132800   0.170200   0.371400 
474   0.012400   0.023200   0.023000   0.020400   0.018400   0.001200   0.012200  -0.000600  -0.054000  -0.019200   0.132400   0.170200   0.371200 
475   0.012600   0.023400   0.023000   0.020600   0.018800   0.001400   0.011800  -0.000800  -0.054200  -0.019200   0.132000   0.170200   0.371000 
476   0.012800   0.023600   0.023000   0.020800   0.019200   0.001600   0.011400  -0.001000  -0.054400  -0.019200   0.131600   0.170200   0.370800 
477   0.013000   0.023800   0.023000   0.020800   0.019600   0.001800   0.011200  -0.001200  -0.054600  -0.019200   0.131400   0.170200   0.370600 
478   0.013200   0.024000   0.023000   0.020800   0.020000   0.002000   0.011000  -0.001400  -0.054800  -0.019200   0.131200   0.170200   0.370400 
479   0.013400   0.024200   0.023000   0.020800   0.020400   0.002200   0.010800  -0.001600  -0.055000  -0.019200   0.131000   0.170200   0.370200 
480   0.013600   0.024400   0.023000   0.020800   0.020800   0.002200   0.010600  -0.001800  -0.055000  -0.019200   0.130800   0.170200   0.370000 
481   0.013800   0.024600   0.023000   0.020800   0.021200   0.002200   0.010600  -0.002000  -0.055200  -0.019200   0.130600   0.170200   0.369800 
482   0.014000   0.024800   0.023000   0.020800   0.021600   0.002200   0.010600  -0.002000  -0.055400  -0.019200   0.130400   0.170200   0.369600 
483   0.014200   0.025000   0.023000   0.020800   0.022000   0.002400   0.010600  -0.002000  -0.055600  -0.019200   0.130200   0.170200   0.369400 
484   0.014400   0.025200   0.023000   0.020800   0.022600   0.002600   0.010600  -0.002000  -0.055800  -0.019200   0.130000   0.170200   0.369200 
485   0.014600   0.025600   0.023200   0.020600   0.023200   0.002800   0.010600  -0.002000  -0.056000  -0.019200   0.129800   0.170200   0.369000 
486   0.014600   0.026000   0.023400   0.020400   0.023800   0.002800   0.010600  -0.002000  -0.056200  -0.019200   0.129600   0.170200   0.368800 
487   0.014800   0.026400   0.023600   0.020200   0.024200   0.002800   0.010600  -0.002000  -0.056400  -0.019200   0.129400   0.170200   0.368600 
488   0.015000   0.026800   0.023800   0.020000   0.024600   0.002800   0.010600  -0.002000  -0.056600  -0.019200   0.129200   0.170200   0.368400 
489   0.015200   0.027200   0.024000   0.019800   0.025000   0.002800   0.010600  -0.002000  -0.056800  -0.019200   0.129000   0.170200   0.368200 
490   0.015400   0.027600   0.024000   0.019600   0.025200   0.002800   0.010600  -0.002000  -0.057000  -0.019200   0.128800   0.170200   0.368000 
491   0.015600   0.027800   0.024000   0.019400   0.025200   0.002800   0.010600  -0.002000  -0.057200  -0.019000   0.128600   0.170200   0.367800 
492   0.015800   0.028000   0.024000   0.019200   0.025200   0.002800   0.010600  -0.002000  -0.057400  -0.019000   0.128400   0.170200   0.367600 
493   0.016000   0.028200   0.024000   0.019000   0.025200   0.002800   0.010600  -0.002000  -0.057400  -0.019000   0.128200   0.170200   0.367400 
494   0.016200   0.028400   0.024000   0.018800   0.025200   0.002800   0.010600  -0.002000  -0.057400  -0.019000   0.128000   0.170200   0.367200 
495   0.016400   0.028600   0.024000   0.018600   0.025200   0.002800   0.010600  -0.002000  -0.057400  -0.019000   0.127800   0.170200   0.367000 
496   0.016400   0.028800   0.024000   0.018600   0.025200   0.002800   0.010600  -0.002000  -0.057400  -0.019000   0.127600   0.170200   0.366800 
497   0.016400   0.029000   0.024000   0.018600   0.025200   0.002800   0.010600  -0.002000  -0.057600  -0.019000   0.127400   0.170200   0.366800 
498   0.016400   0.029200   0.024000   0.018600   0.025200   0.002800   0.010600  -0.002000  -0.057800  -0.019000   0.127400   0.170200   0.366800 
499   0.016400   0.029200   0.024000   0.018600   0.025200   0.002800   0.010600  -0.002000  -0.057800  -0.019000   0.127400   0.170200   0.366800 
