r MCS_10 MCS_20 MCS_40 MCS_80 MCS_160 MCS_320 MCS_640 MCS_1280 MCS_2560 MCS_5120 MCS_10240 MCS_20480 MCS_40960 
0   1.000000   1.000000   1.000000   1.000000   1.000000   1.000000   1.000000   1.000000   1.000000   1.000000   1.000000   1.000000   1.000000 
1   0.475200   0.489200   0.458800   0.473000   0.483400   0.468800   0.474400   0.463000   0.486800   0.471400   0.454600   0.473800   0.474800 
2   0.405600   0.418400   0.395400   0.399200   0.415000   0.397200   0.400200   0.393600   0.417400   0.412000   0.388000   0.401600   0.402600 
3   0.337600   0.354400   0.334000   0.336200   0.349000   0.347200   0.338200   0.332800   0.355400   0.344800   0.332200   0.337600   0.335400 
4   0.297200   0.299600   0.281200   0.282200   0.299000   0.296000   0.292600   0.294800   0.300200   0.297800   0.282400   0.284200   0.296600 
5   0.252800   0.263200   0.244600   0.250600   0.258400   0.252200   0.250800   0.245600   0.250400   0.248600   0.238600   0.239600   0.251200 
6   0.217000   0.220000   0.196000   0.213600   0.217600   0.216800   0.222000   0.214000   0.218400   0.215200   0.207400   0.197600   0.217200 
7   0.184400   0.190800   0.177200   0.173200   0.183000   0.185200   0.191200   0.175200   0.186200   0.179400   0.180000   0.161800   0.187200 
8   0.150400   0.156400   0.147400   0.149200   0.152400   0.163200   0.170000   0.143800   0.148200   0.150600   0.156000   0.141800   0.158200 
9   0.132600   0.142600   0.128800   0.132400   0.137400   0.141800   0.151800   0.132200   0.136400   0.126000   0.139800   0.117400   0.127600 
10   0.111200   0.117800   0.103200   0.123600   0.113600   0.123600   0.129000   0.108400   0.113200   0.100200   0.115200   0.098800   0.117000 
11   0.094200   0.108200   0.093800   0.104000   0.097200   0.101200   0.114600   0.096000   0.095600   0.083400   0.096000   0.086600   0.099600 
12   0.080000   0.088200   0.080400   0.093400   0.075200   0.088200   0.100400   0.089000   0.077200   0.071200   0.078200   0.070600   0.086800 
13   0.072800   0.086400   0.069600   0.075200   0.066800   0.079400   0.084800   0.080000   0.066400   0.057200   0.071000   0.060600   0.075000 
14   0.058400   0.080200   0.061000   0.069400   0.064200   0.068400   0.077400   0.069200   0.054800   0.048400   0.055200   0.055400   0.064400 
15   0.054400   0.077200   0.051800   0.048000   0.054400   0.059200   0.075800   0.066200   0.042200   0.038400   0.060400   0.051400   0.055000 
16   0.053200   0.060400   0.035000   0.040800   0.048800   0.046400   0.061600   0.056400   0.035800   0.036200   0.050000   0.034400   0.053000 
17   0.043200   0.053400   0.028800   0.044200   0.046400   0.040000   0.053000   0.044200   0.030000   0.028400   0.041800   0.030200   0.039000 
18   0.029200   0.045800   0.032200   0.036200   0.037800   0.032400   0.047600   0.027600   0.017000   0.023400   0.039400   0.029000   0.036800 
19   0.027400   0.044600   0.026600   0.035400   0.031800   0.022400   0.036000   0.028800   0.018200   0.023800   0.036600   0.026600   0.033200 
20   0.016800   0.032800   0.032000   0.024200   0.029200   0.015000   0.029600   0.015200   0.022000   0.023000   0.028200   0.023200   0.028400 
21   0.017200   0.028400   0.023200   0.019200   0.013200   0.007600   0.029600   0.012200   0.014800   0.018600   0.022000   0.017400   0.034400 
22   0.009400   0.019600   0.021600   0.015600   0.015800   0.005000   0.031600   0.007400   0.016400   0.020000   0.024000   0.023200   0.035200 
23   0.004200   0.013000   0.016000   0.018800   0.022600   0.007600   0.030800   0.009600   0.022000   0.009800   0.013800   0.016800   0.027400 
24   0.004000   0.003400   0.015800   0.021800   0.018600   0.005600   0.021200  -0.000800   0.018600   0.009600   0.010800   0.019200   0.024600 
25   0.003000   0.001600   0.002200   0.013600   0.013000   0.005200   0.014600  -0.010600   0.014600   0.011200   0.008600   0.010600   0.019600 
26   0.015400   0.006800   0.005200   0.015000   0.014800   0.002600   0.019600  -0.003600   0.021000  -0.000800   0.000200   0.009200   0.020000 
27   0.014800   0.008000   0.004400   0.021200   0.013800  -0.010000   0.015800  -0.012200   0.014200   0.001000   0.007000   0.008800   0.022200 
28   0.005800   0.005600   0.005600   0.014400   0.007600  -0.004000   0.014400  -0.008600   0.010400   0.003600   0.007400   0.011000   0.013600 
29   0.003800   0.007400   0.011400   0.019600   0.009800  -0.011600   0.017400  -0.011400   0.006800   0.000600  -0.001800   0.003400   0.015000 
30   0.002200   0.008600   0.001400   0.016400   0.004400  -0.005800   0.016600  -0.009200   0.010800   0.000800  -0.003400   0.005000   0.015200 
31   0.008000   0.007600   0.014000   0.020800   0.002600   0.004200   0.016800  -0.016800   0.001600  -0.001600  -0.002800   0.012400   0.023200 
32   0.002800   0.012200   0.005000   0.016200  -0.002000   0.001800   0.015400  -0.008600  -0.002200  -0.005200   0.002200  -0.000600   0.018400 
33  -0.008400   0.019400   0.008600   0.012800   0.000200   0.006600   0.014200  -0.014000  -0.003000  -0.002800  -0.009200   0.002800   0.023600 
34  -0.018000   0.014800   0.006200   0.018000  -0.006200   0.003800   0.016400  -0.020400  -0.004200  -0.000000  -0.004000  -0.000400   0.015000 
35  -0.023200   0.013600   0.006200   0.016600   0.001000   0.004400   0.009800  -0.024000  -0.000200  -0.008800  -0.005000   0.009400   0.019200 
36  -0.014200   0.014200   0.004600   0.019800   0.004200   0.009600   0.005200  -0.021000  -0.005000  -0.012200  -0.003800   0.007200   0.020400 
37  -0.018400   0.011400   0.005800   0.010600  -0.000200  -0.000400  -0.001000  -0.025800  -0.000400  -0.008400  -0.007000   0.003200   0.018000 
38  -0.016600   0.015000   0.011000   0.010000  -0.002200   0.007200  -0.000600  -0.027200   0.000400  -0.005200  -0.005600   0.003000   0.018000 
39  -0.021400   0.021200   0.013000   0.007200  -0.010200   0.006800   0.004000  -0.019000  -0.002600  -0.004400  -0.000000  -0.003800   0.017200 
40  -0.021200   0.020200   0.008200  -0.000600   0.000400   0.009800   0.002200  -0.018600  -0.008400   0.001600   0.000200  -0.003000   0.019600 
41  -0.018800   0.018200   0.006400   0.008600  -0.003000   0.009400   0.004400  -0.012800  -0.005200   0.004200   0.004200  -0.007800   0.019200 
42  -0.015200   0.016600  -0.000600   0.006200  -0.005200   0.009400   0.008200  -0.011000  -0.006200  -0.008000   0.011000  -0.002400   0.013000 
43  -0.012400   0.015800   0.009800   0.009400  -0.004000   0.009600   0.011400  -0.006000  -0.004600   0.000400   0.009400  -0.003800   0.015400 
44  -0.016200   0.017600   0.004600  -0.006400  -0.005800   0.006600   0.009600  -0.003200  -0.005000  -0.009600   0.004600  -0.000000   0.015400 
45  -0.011400   0.013000   0.002000   0.000200  -0.003600   0.009000   0.002400  -0.005000  -0.006200  -0.007800   0.006200  -0.002400   0.023800 
46  -0.004600   0.018400   0.010000   0.000400   0.001000   0.010800  -0.001800  -0.000600  -0.011400  -0.014000   0.003200  -0.007200   0.018400 
47   0.004600   0.012200   0.007800   0.003600  -0.003000   0.016800   0.006800  -0.004200  -0.011600  -0.002600   0.002800  -0.010400   0.019600 
48   0.009200   0.010400   0.009600   0.003800  -0.007200   0.020800  -0.000400  -0.000200  -0.002800  -0.000200   0.010000  -0.003400   0.014800 
49   0.001200   0.016800   0.010000  -0.011000  -0.017000   0.023200   0.003400   0.002800  -0.009000  -0.003400   0.006000  -0.007400   0.019600 
50   0.005600   0.014800   0.010200  -0.012000  -0.020000   0.028800   0.004400   0.000800  -0.006400  -0.004400   0.001200  -0.010000   0.020200 
51   0.005200   0.019200   0.020000  -0.010200  -0.020200   0.029200   0.001400   0.007800  -0.009000  -0.004600   0.008600  -0.013800   0.013600 
52   0.017000   0.025400   0.016000  -0.007000  -0.021000   0.025800   0.003200   0.003400   0.000200  -0.006600   0.009200  -0.015800   0.002200 
53   0.009400   0.014600   0.013000   0.002400  -0.004400   0.016600   0.000600   0.002400  -0.011600  -0.008400   0.002400  -0.010600   0.001200 
54   0.006600   0.017200   0.006600   0.003800  -0.008200   0.014200   0.003000   0.013200  -0.011600  -0.011200  -0.006000  -0.008000   0.007000 
55   0.006000   0.009400   0.010200   0.004400  -0.011800   0.013600  -0.003400   0.012400  -0.011600  -0.005400  -0.002600  -0.012000   0.005600 
56   0.011200   0.011600   0.007800   0.001800  -0.006600   0.010600  -0.005600   0.015800  -0.009000  -0.008000  -0.005600  -0.000800   0.014200 
57   0.009000   0.009600   0.014000   0.001200  -0.008400   0.013000  -0.004600   0.011600  -0.008600  -0.010200  -0.002200   0.003400   0.013000 
58   0.008400   0.010000   0.012800   0.003000  -0.009800   0.008200  -0.008800   0.013400  -0.013600  -0.019600  -0.001600  -0.000200   0.008600 
59   0.009400   0.012200   0.010200   0.005800  -0.000600   0.008400  -0.005800   0.006400  -0.013800  -0.012200  -0.008800  -0.000600   0.006200 
60   0.005000   0.007800   0.008000   0.006400  -0.002800   0.008400  -0.009400   0.003000  -0.021200  -0.008800  -0.014400   0.000400   0.010400 
61   0.003800   0.011400   0.004000   0.006600  -0.005200   0.001800  -0.017000   0.014800  -0.019400  -0.014400  -0.008800   0.002800   0.008800 
62   0.005800   0.019200   0.006600   0.010200   0.000000   0.013200  -0.013600   0.005800  -0.010800   0.001200   0.001400   0.015600   0.011600 
63   0.010000   0.017000  -0.002800   0.001200  -0.001200   0.011600  -0.011600   0.001400  -0.016200  -0.004600   0.005200   0.012800   0.017000 
64   0.005600   0.014200   0.001400  -0.000400   0.003400   0.011200  -0.004200   0.004800  -0.018800  -0.009600   0.006000   0.017400   0.012600 
65  -0.000000   0.012200   0.005200   0.000800   0.011800   0.009600  -0.010800   0.004200  -0.019200  -0.003000   0.003800   0.009400   0.020400 
66  -0.006000   0.013400   0.012800   0.011600   0.010200   0.009800  -0.007200   0.007000  -0.008800   0.003800   0.008600   0.009600   0.018800 
67  -0.007800   0.016200   0.006000  -0.001600   0.017200   0.014000  -0.009800   0.006000  -0.009800   0.004200   0.010200   0.013600   0.013200 
68  -0.005600   0.014400   0.008000  -0.002000   0.007600   0.011800  -0.010000   0.010600  -0.010200  -0.004400  -0.001600   0.014200   0.020200 
69  -0.013000   0.010600   0.009200  -0.006000   0.009200   0.006800  -0.013400   0.005400  -0.000800   0.004000  -0.001800   0.007400   0.019200 
70   0.000200   0.006800   0.003800   0.000600   0.005200   0.007800  -0.009800   0.013600   0.002800  -0.004400   0.000000   0.005200   0.017200 
71  -0.003600   0.016400   0.003800   0.001800   0.006000   0.005600  -0.014400  -0.006400   0.003000  -0.002200  -0.004400   0.009200   0.010600 
72   0.003400   0.016400   0.002400   0.000800   0.011200   0.002400  -0.016000  -0.002200   0.003800   0.000800  -0.004400   0.004400   0.014200 
73   0.003800   0.015800   0.001000  -0.000600   0.007200  -0.002000  -0.015200  -0.001600  -0.003400  -0.006200  -0.013400  -0.004400   0.022600 
74   0.006800   0.015200  -0.002800   0.001800   0.006400  -0.007000  -0.016200   0.003800  -0.003400  -0.008000  -0.006400   0.001200   0.016600 
75   0.007800   0.014400  -0.001200   0.004400   0.003600  -0.006000  -0.016600   0.004200  -0.004600  -0.006600  -0.000200  -0.002200   0.013000 
76   0.017000   0.019400  -0.002800   0.004800   0.002200  -0.003600  -0.005000  -0.002000  -0.003400  -0.009200   0.007000   0.003600   0.007000 
77   0.006800   0.020000  -0.004000   0.006000   0.006000  -0.004400  -0.002400  -0.007200  -0.002800  -0.012400   0.005400   0.002200   0.018400 
78   0.001600   0.018600   0.001000   0.007600   0.007600  -0.005800   0.009800  -0.010400  -0.001600  -0.013200   0.011400   0.001600   0.015000 
79   0.008800   0.017800   0.006200   0.003600   0.009200  -0.004600   0.010800  -0.006200  -0.010600  -0.014600   0.012400  -0.004400   0.010200 
80   0.007000   0.017600   0.006000   0.004600   0.011600  -0.009600   0.015200  -0.001000  -0.003600  -0.015400   0.011000   0.004400   0.002600 
81   0.002200   0.008000   0.001800   0.007000   0.005800  -0.011400   0.014400  -0.001600  -0.007800  -0.009400  -0.000000  -0.000600   0.001200 
82  -0.007000   0.007600   0.007600   0.013200   0.004800  -0.000800   0.016200  -0.011400  -0.006600  -0.009800   0.002800   0.001800  -0.004600 
83  -0.007800   0.015000   0.009200   0.016800   0.010600  -0.003400   0.001600  -0.010200  -0.013600  -0.002400   0.004200  -0.002400   0.003600 
84  -0.004800   0.009200   0.017800   0.016200   0.001600  -0.000000   0.009800  -0.006000  -0.005200  -0.002000  -0.000200   0.007800   0.005600 
85  -0.004200   0.014800   0.015400   0.014200   0.008200  -0.002400   0.004800  -0.004800  -0.005000  -0.006200   0.002000   0.006000   0.007400 
86  -0.001400   0.009600   0.021200   0.025600   0.004800  -0.001800   0.006400  -0.009200   0.000200  -0.003600   0.004000   0.009200  -0.004000 
87   0.000000   0.008200   0.020400   0.011400   0.004200   0.001800   0.011400  -0.010200   0.000200  -0.007400  -0.004000   0.003000  -0.007600 
88  -0.001600  -0.000400   0.016800   0.013200   0.006400   0.003200  -0.000200  -0.015800  -0.009400  -0.001000  -0.009000   0.006000  -0.004400 
89  -0.005800  -0.004600   0.011000   0.021000   0.010200  -0.000200   0.003800  -0.002800  -0.002400  -0.008600  -0.007800  -0.000200  -0.008000 
90  -0.006600  -0.007400   0.005400   0.017200   0.006800   0.004600   0.004800  -0.011600  -0.002200  -0.014200  -0.006800   0.000800  -0.013000 
91  -0.004000  -0.007600   0.005400   0.013000   0.016000   0.002800   0.001000  -0.002800   0.003200  -0.017000  -0.010600   0.007200  -0.016600 
92  -0.009000  -0.008800  -0.001600   0.014600   0.007400   0.003600  -0.003800  -0.006200  -0.000400  -0.012800  -0.007000   0.005000  -0.019400 
93   0.003600  -0.012000  -0.007600   0.007200   0.004000   0.004800  -0.002800   0.002600  -0.006200  -0.015600  -0.015800   0.007000  -0.006200 
94  -0.001800  -0.004200  -0.008400   0.007600   0.010000  -0.000200   0.000200   0.008000  -0.009400  -0.014600  -0.024200   0.004600  -0.012800 
95  -0.003200  -0.012000  -0.005200   0.013000   0.014200   0.004200   0.005400   0.015400  -0.009000  -0.011200  -0.026400   0.005800  -0.013600 
96  -0.000400  -0.012800  -0.012600   0.006000   0.002600   0.003000  -0.003800   0.008800  -0.009600  -0.004400  -0.022800  -0.002000  -0.013600 
97   0.006400  -0.008600  -0.007400   0.007200   0.010200   0.001000  -0.006000   0.012800  -0.002200  -0.000200  -0.017200   0.013400  -0.010400 
98   0.009000  -0.006000  -0.005200   0.004000   0.006200   0.006400   0.002200   0.004600   0.001400   0.000200  -0.010400   0.008600  -0.012600 
99   0.013000  -0.009200  -0.013200   0.003400   0.006800  -0.001800  -0.011200   0.002000   0.001200   0.005400  -0.005800   0.010600  -0.007800 
100   0.007200  -0.009200  -0.019800  -0.003200   0.000600  -0.003800  -0.009800   0.006200  -0.000200   0.010400  -0.008400   0.010800  -0.014800 
101   0.016200  -0.002200  -0.004000  -0.015000   0.007000  -0.005800  -0.007000   0.000800  -0.000200   0.003600  -0.009800  -0.003600  -0.010200 
102   0.018200  -0.001000  -0.012600  -0.006400   0.011800   0.001200  -0.008200  -0.000600   0.007200   0.003600  -0.012600   0.003600  -0.019400 
103   0.021000  -0.002400  -0.019200  -0.001400   0.000400   0.003800  -0.009600  -0.008000  -0.005800   0.000600  -0.010200  -0.003200  -0.010600 
104   0.018600  -0.009000  -0.005800  -0.004000  -0.008400   0.001400  -0.010600  -0.010800  -0.006400  -0.005800  -0.009200  -0.003800  -0.013000 
105   0.013400  -0.002800  -0.016200  -0.006200   0.007200   0.004400  -0.008400  -0.003400  -0.011000  -0.010200  -0.007000  -0.003400  -0.011400 
106   0.018000  -0.014200  -0.009200  -0.003600  -0.004000   0.008600  -0.025200   0.000200  -0.012800  -0.005800   0.002000   0.005400  -0.004400 
107   0.012800  -0.015200  -0.006600   0.005600  -0.001000   0.007800  -0.014000   0.002600   0.000600  -0.004600   0.006600  -0.002000  -0.013200 
108   0.014600  -0.013400   0.000400  -0.000400   0.000400   0.006400  -0.020200   0.005600  -0.002600  -0.003000  -0.002400  -0.000400  -0.010200 
109   0.013200  -0.010800  -0.003400   0.006000   0.004800   0.014000  -0.021800   0.006000  -0.003600  -0.007400  -0.000200   0.000000  -0.007800 
110   0.002200  -0.007600  -0.003400  -0.002800   0.012200   0.008000  -0.026000   0.006200  -0.002000  -0.002800   0.002000   0.006400   0.004400 
111   0.010800  -0.002600  -0.002200   0.001200   0.008000   0.022200  -0.020000   0.011800  -0.000200  -0.012400   0.004400   0.002800   0.010400 
112   0.013000  -0.007200  -0.003200  -0.001200   0.011400   0.022400  -0.014000   0.001000   0.001400  -0.008800  -0.001000   0.002000   0.010400 
113   0.013600   0.006200  -0.000200   0.011200   0.015000   0.022200  -0.020600   0.005800   0.002600  -0.002200  -0.007200   0.000200   0.011200 
114   0.008000   0.010400  -0.004400   0.004800   0.018200   0.019200  -0.024800   0.008800   0.004400  -0.007000  -0.008400   0.002400   0.016200 
115   0.006000   0.013200  -0.001600   0.006000   0.012400   0.016400  -0.021600   0.012600   0.006800  -0.000400  -0.008000  -0.001200   0.007400 
116   0.002400   0.011400  -0.000200  -0.002000   0.006400   0.017800  -0.018600   0.012800   0.004600  -0.006800  -0.011000   0.000000   0.004600 
117   0.002000   0.012800  -0.008600   0.009400  -0.003600   0.015800  -0.012800   0.005400   0.007600  -0.008800  -0.012600  -0.001600   0.010200 
118   0.008400   0.018200  -0.007200   0.005000  -0.003800   0.024000  -0.022600   0.007800   0.005600  -0.002000  -0.013600  -0.003400   0.006800 
119  -0.001400   0.017800  -0.001400   0.008800  -0.003800   0.027600  -0.026000   0.003600   0.004800  -0.002200  -0.024800  -0.017200   0.007800 
120  -0.001000   0.012800  -0.009400   0.013000  -0.007800   0.022600  -0.018400  -0.008000   0.004800  -0.000000  -0.019400  -0.019600   0.006200 
121  -0.008000   0.006800  -0.004200   0.004400  -0.005600   0.022800  -0.015200  -0.002200   0.000800   0.000800  -0.014600  -0.017600  -0.002200 
122  -0.008000   0.008800  -0.000200   0.016400  -0.012400   0.023800  -0.016400  -0.008000   0.003400   0.010800  -0.023000  -0.007200   0.006800 
123  -0.007600   0.003800  -0.003400   0.007600  -0.011600   0.015400  -0.007800  -0.005000   0.004400   0.010400  -0.015600  -0.010200  -0.001400 
124  -0.025600  -0.001600  -0.004400   0.011600  -0.008200   0.016200  -0.012400  -0.001000   0.002400   0.018000  -0.016000  -0.003000  -0.004000 
125  -0.020600  -0.001000   0.002000   0.010600  -0.015000   0.014400  -0.010400  -0.004400  -0.007400   0.011400  -0.004800   0.000800  -0.005600 
126  -0.021400  -0.005800   0.008200   0.003800  -0.018400   0.015400  -0.002800  -0.002000  -0.008400   0.017400  -0.010600   0.008800  -0.009600 
127  -0.012600  -0.008200   0.006400   0.005600  -0.022200   0.020600  -0.006000  -0.007600  -0.008200   0.013800  -0.009600   0.000000  -0.009400 
128  -0.014200  -0.007800  -0.002600   0.003000  -0.025000   0.012800  -0.009200   0.002200  -0.010400   0.012600   0.000800   0.000000  -0.010200 
129  -0.015600  -0.013000   0.008200  -0.002200  -0.029200   0.018000  -0.011000   0.002000  -0.010800   0.007600   0.003800   0.002400  -0.011400 
130  -0.015000  -0.004800   0.006400   0.004000  -0.017800   0.024400  -0.007400   0.010000  -0.003400   0.005000   0.002800   0.004400  -0.011200 
131  -0.008000  -0.013200  -0.003800   0.012800  -0.021200   0.008400  -0.009400   0.010000  -0.008200  -0.001200   0.000400   0.002000  -0.005800 
132  -0.004200  -0.014400  -0.010000   0.009000  -0.025600   0.009800  -0.006800   0.015000  -0.004600   0.003800  -0.001600  -0.002000   0.000200 
133  -0.010200  -0.018800  -0.005200   0.007400  -0.014000   0.018200  -0.008000   0.010600  -0.001000  -0.004400  -0.000600   0.001600   0.004800 
134  -0.010200  -0.011800  -0.003200   0.010600  -0.013600   0.015000  -0.009600   0.013800   0.000800  -0.012000   0.001000   0.002400  -0.002000 
135  -0.014200  -0.014000  -0.016600   0.015600  -0.008400   0.012600  -0.011000   0.004800  -0.004200  -0.014000  -0.008400  -0.003600   0.007400 
136  -0.012000  -0.015600  -0.007800   0.011000  -0.009200   0.009000  -0.009400  -0.009400  -0.012600  -0.009600   0.005600  -0.007000   0.001800 
137  -0.008400  -0.013200  -0.013000   0.007000  -0.003000   0.015200  -0.008600  -0.012400  -0.008000  -0.003200   0.000800  -0.008600   0.013800 
138  -0.014600  -0.016800  -0.011800  -0.001000  -0.008600   0.012000  -0.009800  -0.008000  -0.014000  -0.010400   0.006600  -0.004400   0.012000 
139  -0.013800  -0.015000  -0.016600  -0.008400  -0.008800   0.011200  -0.007600  -0.017200  -0.005200  -0.014000   0.008400  -0.008200   0.007000 
140  -0.005400  -0.014600  -0.016200  -0.003800  -0.011000   0.012200  -0.004800  -0.013600   0.000000  -0.009800   0.019600  -0.008000   0.005200 
141  -0.001200  -0.016200  -0.015000  -0.004600  -0.013800   0.022200  -0.002600  -0.025400   0.005600  -0.011000   0.009800  -0.006200   0.011000 
142  -0.001800  -0.015200  -0.012200  -0.006600  -0.017600   0.018400  -0.012600  -0.026800  -0.007600  -0.015400   0.022000  -0.006000   0.007200 
143  -0.006400  -0.010400  -0.023400  -0.007200  -0.005200   0.021000  -0.003600  -0.034200  -0.004200  -0.017000   0.031000  -0.012200   0.006400 
144  -0.007800  -0.005000  -0.024200   0.000000  -0.004800   0.022200  -0.004200  -0.032600   0.002600  -0.015600   0.024600  -0.007400   0.009400 
145  -0.006800  -0.003000  -0.017400  -0.008000   0.002400   0.020200  -0.005000  -0.035400   0.000800  -0.011600   0.022600  -0.006000  -0.001400 
146  -0.007400  -0.001200  -0.015800  -0.006000  -0.010600   0.015400  -0.000200  -0.031600  -0.004000  -0.014000   0.029400  -0.010600   0.000000 
147   0.001200  -0.005400  -0.012400  -0.008000  -0.011400   0.018000  -0.009000  -0.031000   0.006400  -0.016400   0.029600   0.001000   0.000600 
148  -0.007600  -0.008400  -0.016200  -0.011200  -0.013400   0.017200  -0.006800  -0.039000   0.002400  -0.010200   0.034800   0.009800   0.002000 
149  -0.000000  -0.007400  -0.018600  -0.012200  -0.013800   0.013400  -0.003000  -0.025600   0.007000  -0.009800   0.036200   0.008000  -0.006400 
150   0.007400  -0.005000  -0.015200  -0.012600  -0.011200   0.009800  -0.002800  -0.023800   0.001600  -0.008200   0.035800  -0.001800  -0.009600 
151   0.001600  -0.000800  -0.016400  -0.012000  -0.006400   0.013800  -0.008400  -0.016800  -0.002600  -0.005200   0.029200   0.000600  -0.013800 
152   0.001400  -0.000400  -0.014800  -0.008400  -0.010000   0.013600  -0.010400  -0.015000   0.002800  -0.008000   0.019000   0.002800  -0.013000 
153  -0.002000  -0.011000  -0.008200  -0.002600  -0.009400   0.019800  -0.011800  -0.005000   0.002400  -0.011800   0.024200  -0.004200  -0.026600 
154  -0.001400  -0.010000  -0.011400  -0.008800  -0.013000   0.016000  -0.019400  -0.003000   0.001200  -0.012000   0.022600   0.003200  -0.022600 
155   0.003000  -0.002200  -0.009800  -0.002800  -0.007400   0.019400  -0.021400   0.000800  -0.004000  -0.009000   0.016800   0.000600  -0.017400 
156  -0.002200  -0.002800  -0.005000  -0.000000  -0.007000   0.019600  -0.014200   0.005800  -0.008800  -0.012000   0.021800   0.010000  -0.021800 
157  -0.002200  -0.004600  -0.011400  -0.001000  -0.005200   0.020600  -0.009000   0.006200  -0.010000  -0.012600   0.019600   0.000600  -0.023000 
158  -0.011200  -0.005800  -0.010200   0.002800  -0.008800   0.023800  -0.015400   0.003800  -0.010000  -0.021000   0.017400   0.002200  -0.009200 
159  -0.004600  -0.000600  -0.013800   0.003200   0.001400   0.020200  -0.012200   0.011600  -0.015600  -0.021800   0.017400   0.003200  -0.001800 
160  -0.000000   0.000000  -0.014600   0.003200   0.007400   0.025400  -0.010600   0.000600  -0.016600  -0.018000   0.011800   0.002000  -0.003400 
161  -0.004400   0.000400  -0.014400   0.000000   0.008400   0.033000  -0.005000   0.006800  -0.015200  -0.026800   0.015000   0.003000  -0.001200 
162  -0.006600   0.002600  -0.015200  -0.001400   0.013200   0.035800  -0.004200   0.008600  -0.016200  -0.017600   0.006600   0.003200  -0.008600 
163  -0.008200  -0.001000  -0.008800  -0.000800   0.020800   0.026000  -0.005600   0.000200  -0.008200  -0.017600   0.006400  -0.004400  -0.015400 
164  -0.011600   0.009000  -0.015600   0.005400   0.015400   0.021800  -0.004400  -0.000000  -0.010200  -0.013800   0.012800  -0.001000  -0.005200 
165  -0.010800   0.014600  -0.013600   0.001400   0.015000   0.024800  -0.007000  -0.001400  -0.011000  -0.008200   0.011400  -0.011800  -0.009400 
166  -0.015400   0.006400  -0.017200   0.002200   0.023000   0.025000  -0.003600  -0.003400  -0.010400  -0.011600   0.007200  -0.010400  -0.005000 
167  -0.014200   0.007000  -0.017600  -0.002600   0.020600   0.023400   0.002600  -0.004800  -0.004600  -0.021400   0.009200  -0.010800   0.001400 
168  -0.012400   0.004000  -0.009200  -0.010600   0.023400   0.028400   0.001200  -0.002800  -0.011400  -0.011600   0.011800  -0.012000   0.003800 
169  -0.010800   0.004000  -0.014600  -0.010200   0.017600   0.028200  -0.003800  -0.004600   0.000400  -0.015600   0.018600  -0.011200   0.000600 
170  -0.016800   0.003600  -0.009200  -0.013600   0.014400   0.014000   0.002000   0.001400  -0.009400  -0.019400   0.017800  -0.014400   0.006400 
171  -0.012400  -0.004600  -0.013000  -0.004800   0.016800   0.015600  -0.001000  -0.002200  -0.005600  -0.012400   0.020400  -0.007800   0.006800 
172  -0.018200  -0.004600  -0.019200  -0.012800   0.014600   0.010400  -0.002800  -0.004000  -0.006200  -0.013400   0.014800  -0.011600   0.011200 
173  -0.005800  -0.000200  -0.019400   0.001600   0.008200   0.015200  -0.007400   0.010600  -0.008800  -0.010600   0.019600  -0.013200   0.012200 
174   0.001600  -0.003600  -0.014000  -0.006800   0.015000   0.009600   0.003800  -0.001600  -0.001400  -0.005400   0.022200  -0.008200   0.006200 
175  -0.007000   0.001000  -0.012200  -0.001400   0.012400   0.004200   0.003000   0.002800  -0.003400  -0.004400   0.022200  -0.010000   0.006000 
176  -0.008600   0.001600  -0.008000   0.003600   0.013800   0.005800   0.007000   0.001800  -0.001600  -0.002400   0.015400  -0.003000   0.011000 
177  -0.004400   0.006200  -0.009000   0.009400   0.009800   0.005000  -0.001400  -0.001200  -0.005000  -0.009600   0.015200  -0.004600   0.009400 
178  -0.005400   0.002800  -0.013600   0.011800   0.014000   0.016000  -0.006600  -0.004600  -0.004800  -0.012000   0.016600  -0.000600   0.012800 
179  -0.007600  -0.004200  -0.008200   0.011000   0.003000   0.012400  -0.008800  -0.004200  -0.006000  -0.009800   0.013400   0.000200   0.018600 
180  -0.001400  -0.002200   0.000600   0.009400   0.004600   0.008000  -0.012800  -0.008600  -0.010200  -0.010000   0.011400  -0.001400   0.012600 
181   0.005000  -0.002600   0.008000   0.020600   0.010200   0.012200   0.000600  -0.014800  -0.004000  -0.010600   0.015200  -0.008600   0.024400 
182  -0.001600  -0.003200   0.001800   0.007800   0.003400   0.012400  -0.007200  -0.002800  -0.012400  -0.006200   0.009200   0.002000   0.022800 
183   0.001600  -0.002600   0.007800   0.011000   0.010200   0.004200  -0.006000  -0.009000  -0.006400  -0.004600   0.007800   0.002800   0.027000 
184   0.007000   0.000400   0.009600   0.014800   0.005000   0.000200  -0.011600  -0.012400   0.002600  -0.009200   0.009200   0.004800   0.019000 
185   0.002200  -0.000800   0.013000   0.017200   0.016200   0.004200  -0.007800  -0.009200   0.007000  -0.007600   0.009000   0.000600   0.011600 
186   0.010800  -0.001200   0.008600   0.013800   0.010400   0.006200  -0.019400  -0.009400   0.009400  -0.012200   0.012400   0.007000   0.011800 
187   0.004000  -0.008000   0.013800   0.009800   0.011200  -0.006000  -0.011800  -0.011800   0.012600  -0.013800   0.015800   0.000000   0.019400 
188   0.004000  -0.006800   0.012600   0.006600   0.014200  -0.007600  -0.011600  -0.004200   0.008800  -0.015000   0.009600   0.004600   0.025200 
189   0.002000  -0.012600   0.007600   0.007000   0.026000  -0.003800  -0.007600  -0.003800   0.003400  -0.015800   0.004600  -0.000600   0.017600 
190   0.012000  -0.017200  -0.000600   0.015800   0.020600  -0.009200  -0.011800  -0.008800   0.002400  -0.020000  -0.001400   0.001200   0.005000 
191   0.003800  -0.017800  -0.001600   0.011400   0.022400  -0.010400  -0.007400  -0.000200  -0.002400  -0.014400   0.003800  -0.006000   0.007000 
192   0.011000  -0.014400   0.004600   0.003200   0.020600  -0.013000  -0.010600  -0.001600  -0.005400  -0.016000   0.004000  -0.008200   0.005800 
193   0.016400  -0.007800   0.002400   0.000400   0.015800  -0.014200  -0.006000  -0.009600  -0.015600  -0.012600   0.001800  -0.005000   0.004400 
194   0.021400  -0.018200  -0.004600  -0.000800   0.018400  -0.007400  -0.006800  -0.010600  -0.008400  -0.009600  -0.000400  -0.006000   0.000600 
195   0.022800  -0.019400  -0.000400  -0.002200   0.018600  -0.008600  -0.012400  -0.007800  -0.011600  -0.017000   0.006000   0.000200  -0.000400 
196   0.024800  -0.019400  -0.002400  -0.009000   0.014400  -0.013800   0.002600  -0.012600  -0.014600  -0.013400   0.003200  -0.006600  -0.008200 
197   0.027200  -0.024200  -0.004000  -0.002600   0.012600  -0.016200  -0.007600  -0.016600  -0.016600  -0.010200   0.006800  -0.011000  -0.002600 
198   0.021400  -0.023800  -0.004600   0.002600   0.022400  -0.020600   0.000400  -0.009600  -0.023400  -0.012600   0.007000  -0.014400  -0.004600 
199   0.027400  -0.027800  -0.012800  -0.003400   0.017800  -0.010400  -0.002800  -0.016000  -0.016000  -0.010600  -0.001800  -0.006400  -0.008000 
200   0.017800  -0.018600  -0.004400  -0.007200   0.011600  -0.018000  -0.003400  -0.018800  -0.017200  -0.013600  -0.009000  -0.006600  -0.009000 
201   0.026400  -0.020800  -0.002200   0.008200   0.013200  -0.004400   0.003000  -0.017400  -0.011400  -0.012800  -0.005600  -0.006000  -0.009200 
202   0.020400  -0.017000   0.002800   0.004200   0.008400  -0.009800   0.002800  -0.004600  -0.013000  -0.019400  -0.000800  -0.012200  -0.005000 
203   0.025000  -0.017200   0.004800   0.001800   0.001800  -0.007200   0.006600  -0.010800  -0.013000  -0.018800  -0.006200  -0.012000  -0.003800 
204   0.027600  -0.022200   0.012200  -0.001000   0.002000  -0.009200   0.009600  -0.013800  -0.017400  -0.004800  -0.007800  -0.012400   0.002200 
205   0.024800  -0.021600  -0.001400  -0.011600   0.006400  -0.011600   0.007200  -0.018600  -0.014400  -0.011400  -0.006000  -0.017600   0.001400 
206   0.019200  -0.016800   0.004200  -0.019000   0.014800  -0.007800   0.012200  -0.018600  -0.012600  -0.008600  -0.002800  -0.005400   0.000400 
207   0.019600  -0.017400  -0.001000  -0.011800   0.010800  -0.008200  -0.001600  -0.014400  -0.016000  -0.011000   0.005200  -0.008400   0.002400 
208   0.022000  -0.011600   0.008400  -0.014000   0.009800  -0.016600   0.000400  -0.014400  -0.002800  -0.014600   0.005400  -0.009000   0.004600 
209   0.023200  -0.009800   0.008800  -0.008600   0.014000   0.001800   0.004800  -0.011400  -0.008800  -0.009400  -0.005600  -0.007400  -0.001200 
210   0.019800  -0.010800   0.009600  -0.012600   0.018800  -0.004400   0.008800  -0.011000  -0.007600  -0.017200   0.003600  -0.012200  -0.003200 
211   0.029400  -0.007600   0.006200  -0.016000   0.020600  -0.001800   0.005600  -0.011600   0.001400  -0.016000   0.004600  -0.006800  -0.007400 
212   0.030000  -0.007200   0.014800  -0.013400   0.015400  -0.006400   0.008000  -0.014000   0.004200  -0.008000   0.009600  -0.007800  -0.002400 
213   0.029800   0.000200   0.013400  -0.013200   0.015600  -0.007400   0.006200  -0.014000   0.010600  -0.002600   0.013800  -0.007600  -0.010200 
214   0.029200   0.002200   0.012400  -0.017600   0.024000  -0.012000   0.006400  -0.017800   0.004400  -0.012200   0.012400  -0.006400  -0.010200 
215   0.030000   0.009200   0.008400  -0.024200   0.014600  -0.006600  -0.001400  -0.010400   0.003000  -0.013200   0.010800  -0.007800  -0.007600 
216   0.025000   0.007800   0.015800  -0.018000   0.009200  -0.009600   0.002000  -0.008200   0.002600  -0.008200   0.011200  -0.006200  -0.010200 
217   0.033400   0.012400   0.022000  -0.013000   0.016000  -0.010400  -0.000400  -0.015000   0.008400  -0.012000   0.007600  -0.012800  -0.005600 
218   0.019600   0.018200   0.008400  -0.016400   0.017400  -0.007600   0.008400  -0.021200   0.015400  -0.013600   0.008000  -0.015600  -0.002000 
219   0.029200   0.020400   0.011600  -0.013600   0.018000  -0.002800   0.012000  -0.013000   0.017800  -0.012600   0.006200  -0.016200   0.000600 
220   0.018600   0.013000   0.019400  -0.011000   0.015400  -0.010400  -0.001200  -0.018200   0.018800  -0.007000   0.003000  -0.011400  -0.011200 
221   0.013600   0.023000   0.023200  -0.008200   0.014200  -0.003400   0.006000  -0.011000   0.014800  -0.015000  -0.009400  -0.014800  -0.008600 
222   0.011800   0.020000   0.012200  -0.018800   0.019400   0.004000   0.001200  -0.011200   0.025800  -0.010800  -0.002400  -0.014000  -0.009400 
223   0.011800   0.020400   0.012600  -0.009000   0.017000  -0.000200  -0.005600  -0.018200   0.021200  -0.010600  -0.008400  -0.014400  -0.005000 
224   0.003600   0.019200   0.009000  -0.001000   0.018000  -0.000200   0.002600  -0.020400   0.020000  -0.012800  -0.009600  -0.003400   0.001400 
225   0.011000   0.017000  -0.002200   0.000600   0.020800  -0.003400   0.000200  -0.012400   0.023200  -0.013400  -0.002400  -0.006800   0.004800 
226   0.000600   0.027600  -0.006000   0.007800   0.017000   0.001400   0.000800  -0.012600   0.012200  -0.011800  -0.010600  -0.004400   0.005600 
227  -0.002800   0.023400   0.009000   0.000800   0.005800  -0.000200  -0.004000   0.000800   0.012600  -0.022000  -0.003600  -0.002400   0.010200 
228  -0.000200   0.026000   0.001600   0.003400   0.010200   0.002000   0.004800  -0.010000   0.014200  -0.011400  -0.009800  -0.005400   0.011600 
229  -0.007400   0.023600   0.006200   0.002200   0.007600  -0.000800  -0.002000  -0.009200   0.013000  -0.012000  -0.012600  -0.014600   0.014800 
230  -0.000800   0.020400   0.009000   0.003000   0.001800  -0.004800  -0.003200   0.002800   0.006000  -0.018400  -0.003400  -0.014600   0.017800 
231  -0.007000   0.016200   0.003200  -0.004600   0.006600   0.002600  -0.009800   0.002200   0.002200  -0.012400  -0.003800  -0.008200   0.017000 
232  -0.003800   0.017000  -0.007600  -0.001800   0.005000  -0.002400  -0.005000  -0.001400   0.004800  -0.019800  -0.003200  -0.013600   0.013400 
233  -0.010200   0.010200  -0.005000  -0.002200   0.006600  -0.007800  -0.003800   0.002200  -0.001200  -0.019200  -0.009000  -0.013800   0.014600 
234  -0.004200   0.012400  -0.001400  -0.000800   0.005600  -0.004600  -0.004800  -0.003000   0.002800  -0.012600  -0.007400  -0.011600   0.009800 
235  -0.003400   0.011600  -0.001800  -0.009000  -0.001400  -0.004000  -0.010000  -0.000600   0.007200  -0.019600  -0.007600  -0.007000   0.020200 
236   0.007800   0.010200  -0.006800  -0.009600   0.000400  -0.015800  -0.010400  -0.001600  -0.001200  -0.014200  -0.014200  -0.009400   0.018400 
237   0.008400   0.009600  -0.009000  -0.005600   0.003800  -0.011000  -0.010600   0.001000  -0.004000  -0.010200  -0.019000  -0.006200   0.012800 
238   0.006400   0.007400  -0.001800  -0.006200   0.001400  -0.004000  -0.008800  -0.004000   0.002000  -0.004200  -0.016000  -0.006600   0.017800 
239   0.001200   0.013600   0.000400   0.002600  -0.003400  -0.007400  -0.007200  -0.003000   0.006400  -0.004800  -0.012000  -0.002800   0.014800 
240   0.004200   0.008400  -0.011400  -0.000000   0.008800  -0.009600  -0.008000  -0.003400  -0.002800   0.000000  -0.015600   0.000400   0.014400 
241   0.007200   0.006000  -0.002600   0.002400  -0.007400  -0.002600  -0.009600  -0.001800  -0.002600   0.001600  -0.020200  -0.007800   0.013200 
242   0.003200   0.008400  -0.003600  -0.003200  -0.001200  -0.011600  -0.003400   0.000200  -0.009000   0.002000  -0.023400  -0.000400   0.017600 
243   0.004600   0.003800  -0.003600  -0.007800  -0.005800  -0.014200  -0.005000   0.007200  -0.005800   0.009000  -0.016000  -0.005800   0.024800 
244   0.012200   0.006200  -0.001000   0.003400  -0.008600  -0.006800  -0.011000   0.008800  -0.011400   0.011400  -0.015200   0.002800   0.016600 
245   0.006000   0.009000   0.005400   0.002000  -0.003400   0.000400  -0.013200   0.013400  -0.003800   0.009800  -0.011800   0.002000   0.018600 
246   0.006000   0.010000   0.002600  -0.003200  -0.005800  -0.002200  -0.012400   0.008000  -0.008000   0.016000  -0.000000   0.003200   0.017200 
247   0.001000   0.011000   0.004000   0.000200  -0.004800  -0.003000  -0.005200   0.011000  -0.002400   0.021200  -0.000400  -0.003400   0.011400 
248  -0.001800   0.011000   0.005600  -0.002800  -0.003800   0.009000  -0.006800   0.008800  -0.009000   0.013000   0.008000   0.001400   0.010600 
249   0.006400  -0.000600   0.007400   0.011200  -0.004800   0.003000  -0.005200   0.000800  -0.005600   0.004200   0.005800   0.005000   0.017200 
250  -0.000400   0.001600   0.005600   0.009000   0.002200  -0.003800  -0.011000   0.003400  -0.002600  -0.001000   0.015600   0.009200   0.012000 
251  -0.003800  -0.002000   0.007000   0.010000   0.009800   0.003600  -0.012800  -0.008200  -0.005200  -0.003200   0.020600  -0.002400   0.011600 
252  -0.005800  -0.003800  -0.004000   0.004200   0.012000   0.003400  -0.007800   0.003000  -0.007000  -0.007600   0.010200   0.003000   0.007400 
253   0.000200  -0.005000  -0.002800   0.005800   0.005600   0.013200  -0.014200   0.006000  -0.004800  -0.011200   0.013000   0.001200  -0.006400 
254  -0.003400  -0.003200  -0.000400  -0.003400   0.009200   0.018600  -0.011600   0.005000  -0.005400  -0.010000   0.013600   0.004800  -0.009600 
255  -0.006600   0.003000  -0.001400  -0.005800   0.016200   0.014000  -0.013000   0.005400   0.007400  -0.011200   0.013200   0.003600  -0.013200 
256  -0.005800   0.008400  -0.002800  -0.008200   0.009200   0.016200  -0.018800   0.008400  -0.001200  -0.014200   0.011600   0.005400  -0.019000 
257  -0.010000   0.003800  -0.001800  -0.003800   0.004000   0.009600  -0.017800   0.007800   0.007800  -0.021800  -0.000200   0.002200  -0.017000 
258  -0.011200   0.003000   0.005400   0.000200   0.003800   0.014600  -0.021600   0.014600   0.006800  -0.019000  -0.001200   0.003600  -0.018600 
259  -0.021200   0.006600  -0.007800   0.008000   0.002400   0.008200  -0.013400   0.003200   0.001400  -0.020200   0.000200  -0.001200  -0.026200 
260  -0.016600   0.009200  -0.011600   0.004000  -0.002200   0.008600  -0.014000   0.012600   0.002000  -0.017000  -0.003000   0.001800  -0.018600 
261  -0.021400  -0.001200  -0.015600  -0.007800  -0.001800   0.000600  -0.009800   0.014200   0.010800  -0.017200  -0.002400  -0.005000  -0.022000 
262  -0.010600   0.005600  -0.012000  -0.002800  -0.001200   0.006200  -0.000400   0.010200   0.011600  -0.013000  -0.009800   0.003600  -0.020800 
263  -0.015400  -0.002800   0.006600  -0.002000  -0.009600  -0.004000  -0.001000   0.009000   0.014000  -0.013200  -0.004000   0.000400  -0.026200 
264  -0.010000  -0.007200  -0.001800  -0.007400  -0.003600  -0.003200  -0.005000   0.015000   0.012000  -0.015600  -0.007600   0.003000  -0.020800 
265  -0.003800  -0.004400  -0.003400  -0.003200   0.001600  -0.011800  -0.002600   0.013200   0.014200  -0.012800  -0.006400   0.002200  -0.014000 
266  -0.007400  -0.004600   0.004200  -0.007000   0.005200  -0.014800  -0.001400   0.010000   0.015400  -0.015200  -0.004400  -0.000400  -0.016600 
267   0.005600  -0.008400   0.001600   0.005800   0.007800  -0.013400  -0.001400   0.016800   0.014400  -0.018400  -0.009800   0.012000  -0.031200 
268   0.007600  -0.007600  -0.000800  -0.002400   0.012800  -0.011400  -0.002200   0.025800   0.005400  -0.022800  -0.012600   0.009400  -0.033200 
269   0.010400  -0.002400   0.007800   0.001400   0.000600  -0.010200   0.004000   0.022200  -0.000400  -0.021600  -0.015600  -0.000600  -0.036400 
270   0.009000  -0.007200   0.008000  -0.003200   0.003800  -0.013400  -0.001000   0.017800  -0.006600  -0.030200  -0.005800   0.005200  -0.030200 
271   0.008800  -0.007000   0.002600  -0.003200   0.004800  -0.015400   0.003400   0.022800  -0.008800  -0.025600  -0.004600   0.000600  -0.027000 
272   0.019400  -0.006200   0.019400  -0.002200  -0.000600  -0.019800   0.002000   0.011800  -0.013600  -0.018400  -0.002600   0.002600  -0.023800 
273   0.020000  -0.001800   0.011800  -0.003000  -0.001600  -0.017800   0.004800   0.025400  -0.012000  -0.015800   0.004800  -0.001000  -0.029600 
274   0.020000  -0.003200   0.001800  -0.008400  -0.008400  -0.017200   0.015000   0.027200  -0.009000  -0.017800   0.005800   0.004600  -0.023000 
275   0.021200   0.005000   0.002000  -0.010200  -0.005000  -0.010400   0.004600   0.018600  -0.018200  -0.018800   0.010600  -0.001200  -0.016600 
276   0.022400  -0.004000  -0.004000  -0.003800   0.000800  -0.005800   0.001800   0.015400  -0.026800  -0.017000  -0.000200   0.001000  -0.014800 
277   0.018000   0.003400   0.003800  -0.012000   0.006800  -0.010600   0.006200   0.020200  -0.021600  -0.005600  -0.003800  -0.001400  -0.006400 
278   0.020000   0.002600   0.007600  -0.012200   0.019000  -0.007200   0.004200   0.011000  -0.029600  -0.004600  -0.002200   0.003000   0.000400 
279   0.016600   0.007600  -0.000800  -0.010200   0.007400   0.002400   0.008200   0.004800  -0.030000  -0.001800  -0.000600  -0.004800   0.001600 
280   0.014600   0.012000  -0.008400  -0.012400  -0.004000   0.001200   0.009400   0.012000  -0.015800  -0.004800   0.002600  -0.002000  -0.002000 
281   0.013600   0.011600  -0.010000  -0.007000  -0.004200   0.008800   0.008600   0.006200  -0.011000  -0.002800   0.007400  -0.011000   0.011200 
282   0.014000   0.010400  -0.019200  -0.009400  -0.002400   0.008000   0.010200   0.005800  -0.015000  -0.000200   0.005600  -0.008200   0.012600 
283   0.010200   0.007800  -0.010200  -0.008600  -0.000400  -0.001200   0.008800   0.007000  -0.003800   0.003000   0.007800  -0.006600   0.012600 
284   0.012200   0.011800  -0.011000  -0.010000   0.006400  -0.008200   0.015000   0.009600   0.003400   0.006200  -0.000400  -0.003200   0.006200 
285   0.017200   0.005000  -0.012200  -0.012800   0.000800  -0.002000   0.022600   0.006000  -0.003400   0.005200  -0.001000  -0.004400   0.007000 
286   0.016200   0.009400  -0.009600  -0.006400   0.009800  -0.004600   0.020800   0.017200  -0.001200   0.008800   0.004600  -0.004000   0.004800 
287   0.023200   0.013200  -0.006400  -0.015800   0.010800   0.000400   0.014800   0.005800  -0.002000   0.007200  -0.003200  -0.009800   0.016800 
288   0.024400   0.010000  -0.009800  -0.017800   0.004400  -0.001600   0.014800   0.011800  -0.001000   0.004600  -0.013600  -0.013800  -0.000200 
289   0.017200   0.014800   0.003600  -0.011200  -0.005200  -0.000800   0.016400   0.012400   0.003600   0.007200  -0.005000  -0.004600   0.004200 
290   0.010400   0.013000  -0.004600  -0.011800   0.001600  -0.000600  -0.000400   0.011200  -0.000800   0.010000  -0.001000  -0.010800  -0.003200 
291   0.001800   0.012400  -0.010000  -0.011800   0.008400  -0.007000   0.002000   0.009200   0.010600   0.015000  -0.005800  -0.008400  -0.000200 
292   0.006600   0.017000  -0.004200  -0.011000  -0.000800  -0.006400   0.003400   0.005800   0.011200   0.010400   0.001000  -0.007600   0.000600 
293  -0.005000   0.015200  -0.000400  -0.006200  -0.006000  -0.009600   0.002400   0.006600   0.012000   0.023400   0.000200  -0.006600   0.006400 
294  -0.000800   0.017200  -0.004600  -0.009800  -0.013600  -0.007200   0.004200   0.007400   0.014000   0.021200   0.006000  -0.001400   0.006400 
295  -0.002600   0.017800  -0.003000  -0.006600  -0.006600  -0.017000   0.002000   0.014000   0.014000   0.023600   0.001200  -0.001400   0.006200 
296  -0.008200   0.019200  -0.004000  -0.004600  -0.009600  -0.014000   0.011800   0.011000   0.014600   0.021000   0.003400   0.002400   0.005400 
297  -0.006400   0.018200  -0.003400  -0.008000  -0.000400  -0.014400   0.009800   0.019800   0.017400   0.019200   0.003200   0.002000  -0.004200 
298  -0.003000   0.022000  -0.003200  -0.012600  -0.008400  -0.022400   0.009400   0.016800   0.016200   0.012400  -0.003000   0.006600  -0.006800 
299   0.006200   0.022800  -0.000600  -0.008000  -0.003800  -0.010600   0.011000   0.013600   0.017600   0.010600   0.003200   0.004600  -0.010200 
300   0.001400   0.020800  -0.003400  -0.000200   0.004600  -0.008400   0.003200   0.010400   0.014200   0.009800   0.003000   0.004000  -0.010800 
301   0.005400   0.028600   0.001200   0.004600   0.004400  -0.014800  -0.003800   0.004200   0.016600   0.007400  -0.000200   0.009600  -0.007800 
302   0.002000   0.020400  -0.001400   0.005400   0.000800  -0.014600   0.002400  -0.003600   0.010600   0.013200   0.000800   0.004000  -0.005400 
303   0.005200   0.025200   0.005000   0.005200  -0.007400  -0.007400   0.001800   0.000000   0.003600   0.007600  -0.001600   0.000400  -0.004400 
304   0.009800   0.021200   0.007400   0.011600   0.003000  -0.008600   0.002400  -0.002400   0.012600   0.017000  -0.002800   0.000400  -0.003800 
305   0.008200   0.017400  -0.005000   0.005800   0.005600  -0.006000  -0.004400  -0.012800   0.011800   0.013600  -0.001200  -0.016000   0.002400 
306   0.011800   0.017000  -0.004400   0.004000  -0.001000  -0.008800  -0.004400  -0.012200   0.011400   0.023200  -0.009600  -0.008400   0.002000 
307   0.002600   0.009600  -0.000600   0.008000   0.001600  -0.004800   0.001000  -0.015400   0.012800   0.013000  -0.003800   0.002200  -0.000200 
308   0.008400   0.008000   0.000200   0.008000   0.000200   0.004600   0.007000  -0.008800   0.013400   0.010800  -0.007200   0.004600   0.009600 
309   0.013800   0.009200  -0.004400  -0.008600   0.004000   0.000400   0.010000  -0.018000   0.008800   0.016800  -0.005000  -0.000800   0.003600 
310   0.011000   0.005200  -0.000200  -0.005600  -0.007000  -0.000400   0.012600  -0.016600   0.006000   0.014800  -0.004200   0.000200   0.013400 
311   0.016600   0.004400   0.007400  -0.007800  -0.004200   0.012600  -0.001000  -0.019000   0.010000   0.004400  -0.004400  -0.011200   0.013400 
312   0.023200   0.005400   0.007000  -0.002800  -0.013800   0.015200   0.001800  -0.015800  -0.001200   0.013600  -0.001400  -0.014400   0.013800 
313   0.013000   0.001200   0.008800  -0.001400  -0.017800   0.012600   0.002200  -0.013000   0.006800   0.006600  -0.007200  -0.009200   0.014400 
314   0.011600  -0.000800   0.016000   0.007600  -0.015400   0.007400  -0.003600  -0.013200   0.006000   0.010400   0.001200  -0.028200   0.011400 
315   0.005000  -0.005600   0.020000   0.010600  -0.015400   0.009000   0.000600  -0.004800   0.003800   0.011800  -0.002400  -0.013400   0.003200 
316   0.005600   0.002400   0.023000   0.002200  -0.023600   0.008600  -0.002600  -0.005000   0.004800   0.018000  -0.003400  -0.009000   0.007800 
317   0.003200   0.000400   0.015000   0.003800  -0.020000   0.000400  -0.002200   0.000800   0.008200  -0.002000  -0.008200  -0.020000   0.017800 
318   0.004000  -0.008000   0.022400  -0.008000  -0.025800   0.007800   0.001200  -0.001200   0.013000  -0.007000   0.000000  -0.018200   0.017800 
319  -0.001200  -0.004400   0.008200  -0.010400  -0.028000   0.003600   0.012000  -0.001200   0.016400  -0.003600  -0.004400  -0.011400   0.016400 
320  -0.004800  -0.005600   0.011400  -0.012600  -0.023600   0.010200   0.005400   0.001000   0.016400   0.003600  -0.008800  -0.013000   0.011600 
321  -0.006000   0.009200   0.016400  -0.013200  -0.024600   0.013200  -0.004400   0.001600   0.013000  -0.001600  -0.006400  -0.013800   0.014000 
322  -0.015800   0.010800   0.013200  -0.012200  -0.020600   0.008200  -0.002400   0.010800   0.010800   0.004000  -0.001000  -0.011200   0.012800 
323  -0.019800   0.016000   0.010000  -0.016200  -0.008600   0.012400  -0.006200   0.008000   0.009400   0.005600  -0.005200  -0.015600   0.010800 
324  -0.010400   0.021000   0.018400  -0.019400   0.000800   0.010200  -0.007000   0.016800   0.018200   0.007000  -0.008200  -0.018600   0.009000 
325  -0.019800   0.013600   0.015000  -0.015600  -0.007000   0.011200  -0.008400   0.012600   0.020600  -0.005400  -0.004800  -0.028600   0.006400 
326  -0.022000   0.011000   0.012800  -0.018800  -0.013600   0.005800  -0.007200   0.018800   0.018400   0.004600  -0.006000  -0.032200   0.006600 
327  -0.027800   0.018200   0.013400  -0.018000  -0.017600   0.001400  -0.008600   0.021400   0.027000  -0.003200  -0.008000  -0.029000   0.003600 
328  -0.032400   0.016400   0.002000  -0.016000  -0.014000   0.005000  -0.005200   0.016400   0.021400   0.002200  -0.014800  -0.030000  -0.001200 
329  -0.036400   0.011800  -0.001600  -0.015000  -0.009000   0.005600  -0.012600   0.026600   0.017600  -0.009400  -0.012800  -0.034200   0.002600 
330  -0.039800   0.010000   0.002600  -0.020800  -0.010000   0.011000  -0.014000   0.029400   0.011600  -0.002200  -0.016000  -0.025000   0.004600 
331  -0.035600   0.012800  -0.003800  -0.015400  -0.008200   0.003400  -0.015000   0.018600   0.005400  -0.011000  -0.006600  -0.022600   0.009400 
332  -0.041000   0.008400   0.000400  -0.015800  -0.006200   0.013200  -0.017200   0.019200   0.004800  -0.018400  -0.015800  -0.027000   0.006400 
333  -0.039600   0.005200  -0.005800  -0.014200  -0.006800   0.000600  -0.013600   0.009200   0.003400  -0.015800  -0.012200  -0.015800   0.003600 
334  -0.040400   0.008400  -0.008000  -0.012200  -0.006600   0.002200  -0.001800   0.005800   0.000600  -0.015200  -0.009000  -0.016600   0.003800 
335  -0.043000   0.001000  -0.010000  -0.010800  -0.003200   0.001800  -0.004400   0.011800   0.004800  -0.017200  -0.011200  -0.017600   0.008200 
336  -0.039400   0.003600  -0.008200  -0.007600  -0.001800  -0.000800  -0.003200   0.000600   0.002200  -0.022200  -0.005200  -0.013200   0.004000 
337  -0.032000   0.003200  -0.008200  -0.005600  -0.000800   0.001400   0.004600   0.000800  -0.000600  -0.025600  -0.006400  -0.014400  -0.000200 
338  -0.032400  -0.003600  -0.009800  -0.003200   0.005000  -0.005000   0.014800   0.008000  -0.004400  -0.027600  -0.005000  -0.014400   0.001400 
339  -0.027000   0.002600  -0.008200  -0.009800  -0.002400  -0.001000   0.015800   0.004400  -0.002400  -0.027800  -0.010000  -0.015600   0.003800 
340  -0.013200   0.001800  -0.011600  -0.004600  -0.005400   0.001000   0.012400   0.000000  -0.006400  -0.023600  -0.004200  -0.019200   0.001000 
341  -0.001000   0.000800  -0.016800  -0.005800   0.001800   0.000600   0.024800   0.001400  -0.004800  -0.012800  -0.011400  -0.018400   0.003400 
342   0.002600   0.000000  -0.009000  -0.004600  -0.000200   0.000800   0.014200  -0.000200  -0.001800  -0.018600  -0.011400  -0.022000   0.002400 
343  -0.001000   0.000600  -0.014800   0.004400  -0.004600   0.003000   0.020000  -0.006000   0.001800  -0.021600  -0.014400  -0.013600   0.012000 
344   0.002800  -0.000400  -0.011000  -0.000600  -0.007400  -0.003000   0.011800  -0.002800   0.002000  -0.008400  -0.010200  -0.022800   0.010600 
345   0.007400  -0.003600  -0.016200   0.008400  -0.011400   0.000400   0.009200   0.000600   0.002200  -0.009600  -0.008800  -0.029200   0.018200 
346   0.013000  -0.007800  -0.006600   0.007800  -0.011400  -0.002600   0.012000   0.002400   0.002000  -0.011200  -0.007400  -0.023600   0.006000 
347   0.007600   0.001000  -0.002200   0.005000  -0.009200   0.007400   0.013000   0.004400   0.004400  -0.013000  -0.008600  -0.014200   0.009000 
348   0.021600  -0.006200  -0.004000   0.009000  -0.023000   0.003600   0.017600   0.003400  -0.000600  -0.012200  -0.004200  -0.013000   0.012800 
349   0.024800  -0.006600  -0.004400   0.004600  -0.018800   0.003400   0.015800   0.004400   0.008400  -0.013600  -0.013800  -0.014600   0.014800 
350   0.013600  -0.011000   0.002200   0.008200  -0.013000  -0.000600   0.007800  -0.001000   0.012800  -0.009200  -0.005200  -0.009600   0.016200 
351   0.020400  -0.013400   0.000200   0.009000  -0.014600  -0.000600   0.008400   0.001200   0.010200  -0.017000  -0.004800  -0.011600   0.010400 
352   0.008200  -0.019400   0.005800   0.005600  -0.007800  -0.002000   0.010800  -0.006200   0.003200  -0.025200   0.003200  -0.011200   0.012800 
353  -0.001400  -0.015600   0.001000   0.015600  -0.007800  -0.000800   0.004400  -0.010000   0.010800  -0.014800   0.010400  -0.002400   0.008800 
354  -0.002600  -0.019200   0.005600   0.008200  -0.011800  -0.001800   0.001000  -0.003400   0.007800  -0.006800   0.013600  -0.011200   0.008400 
355  -0.003600  -0.025600   0.001200   0.008000  -0.009400  -0.005400   0.001200  -0.001200   0.006000  -0.017000   0.012000  -0.009800   0.010000 
356  -0.004600  -0.033600   0.002000   0.010000  -0.005800  -0.006000   0.000200  -0.007000   0.007200  -0.010600   0.018000  -0.014200   0.008000 
357   0.004600  -0.026600   0.002200   0.015600   0.011000   0.001200   0.007600  -0.006200   0.004200  -0.008800   0.027200  -0.012800   0.007400 
358  -0.012000  -0.029200  -0.002000   0.003200   0.000600  -0.007000   0.007200  -0.001800   0.002200  -0.014600   0.017400  -0.007400   0.011800 
359   0.002200  -0.027600  -0.004200   0.009800   0.001200  -0.007600   0.008200  -0.004600   0.005800  -0.011800   0.020600  -0.010600   0.021200 
360  -0.001000  -0.014200   0.001400   0.004000  -0.004400  -0.001200  -0.000200  -0.012000   0.009400  -0.012600   0.012600  -0.009800   0.016000 
361  -0.005800  -0.011400  -0.004600   0.006200  -0.007200   0.009200  -0.010600   0.003400   0.000600  -0.007400   0.020000   0.004400   0.013400 
362   0.001400  -0.008800  -0.001800   0.007000  -0.003200   0.003800   0.002800  -0.004600   0.007200  -0.004800   0.016400   0.003800   0.010600 
363   0.007000  -0.007200  -0.003400  -0.002200  -0.007200   0.005800  -0.009200  -0.003200   0.011200  -0.005200   0.019200   0.010400   0.012200 
364   0.008000  -0.010000   0.004600  -0.005600  -0.018000   0.012000   0.001200  -0.002400   0.008000   0.000600   0.024800   0.017800   0.020800 
365   0.003400   0.001800  -0.009200  -0.004800  -0.012600   0.019400  -0.007400  -0.006000   0.008400   0.003800   0.019000   0.015200   0.022200 
366   0.002800  -0.004600  -0.012200  -0.010000  -0.012200   0.013200  -0.005800  -0.004400   0.012800   0.008600   0.015200   0.019800   0.021000 
367   0.010400  -0.009000  -0.013200  -0.006600  -0.016400   0.018600   0.002800  -0.006000   0.011800   0.004800   0.016800   0.017000   0.016600 
368   0.005000  -0.008600  -0.011800  -0.007400  -0.024600   0.011600   0.002200  -0.000600   0.010000   0.003200   0.020800   0.016800   0.019000 
369   0.006400  -0.009000  -0.010600  -0.010800  -0.016400   0.020000   0.002400  -0.004200   0.009000   0.004600   0.011400   0.022200   0.014600 
370   0.001000  -0.011600  -0.010600  -0.012800  -0.026200   0.011200   0.007800  -0.000800   0.004800   0.011000   0.012600   0.021000   0.014200 
371   0.001200  -0.014600  -0.014800  -0.011400  -0.021800   0.011600   0.007200   0.003200   0.006000   0.004600   0.013400   0.020400   0.007400 
372   0.001200  -0.012400  -0.006400  -0.015200  -0.023600   0.009400   0.005400  -0.001000   0.003400   0.011200   0.018800   0.023400   0.011000 
373   0.003000  -0.022200   0.000800  -0.020200  -0.024800   0.015800   0.006400  -0.005800   0.009200   0.000600   0.019800   0.016000  -0.002400 
374   0.003200  -0.014800   0.001600  -0.020600  -0.028000   0.016800   0.011800  -0.009400  -0.000800   0.007200   0.015200   0.012000   0.006000 
375   0.003800  -0.016800  -0.001400  -0.018000  -0.029800   0.018000   0.006000  -0.008800   0.000800   0.006000   0.006200   0.005200   0.013800 
376   0.006200  -0.007400   0.007000  -0.007200  -0.021200   0.007800   0.008600  -0.002200  -0.008400   0.006600   0.004800   0.011400   0.013400 
377   0.009400  -0.005800   0.002000  -0.007400  -0.022200   0.015000   0.006000   0.001000  -0.011000   0.002800   0.000400   0.007800   0.007800 
378   0.005600  -0.006000   0.009600  -0.006800  -0.023400   0.011800   0.009200   0.000600  -0.015200   0.009000  -0.005600   0.008200   0.008000 
379   0.012400  -0.014000   0.005000  -0.012800  -0.028400   0.017200   0.010200  -0.015000  -0.014400   0.007600  -0.002200   0.007200   0.007000 
380   0.006400  -0.006200   0.006200  -0.009000  -0.026800   0.018400   0.004600  -0.014800  -0.012800   0.001600  -0.003800   0.007600   0.001200 
381   0.010000  -0.009400   0.013600  -0.008400  -0.018600   0.014200   0.006200  -0.009400  -0.016200   0.003400   0.002000   0.014600   0.000600 
382   0.006200  -0.007800   0.002800  -0.003600  -0.013400   0.014000   0.013600  -0.011200  -0.015000   0.002400   0.006400   0.017200   0.001400 
383   0.013400  -0.008200   0.002400  -0.011000  -0.018600   0.019400   0.012200  -0.004400  -0.013800   0.000200   0.010800   0.009600  -0.005800 
384   0.010200  -0.012800   0.002400  -0.003400  -0.016200   0.017200   0.015600  -0.001400  -0.014800   0.004800   0.003400   0.012400  -0.007600 
385   0.018200  -0.015200   0.001400  -0.005000  -0.019600   0.019000   0.017000  -0.007000  -0.011400  -0.001000   0.007400   0.011400  -0.004200 
386   0.010800  -0.019800  -0.004200  -0.008400  -0.012800   0.018600   0.013000  -0.008200  -0.013200   0.006600  -0.004600   0.001000   0.001200 
387   0.009600  -0.022400  -0.010800  -0.004400  -0.010000   0.017400   0.019600  -0.005600  -0.011600   0.000200   0.001200   0.002800  -0.000000 
388   0.011800  -0.030200  -0.011800  -0.009000  -0.012600   0.022000   0.016200  -0.010800  -0.010400   0.008000  -0.005200   0.001400   0.003600 
389   0.004600  -0.024200  -0.012200  -0.000800  -0.007800   0.018400   0.017000  -0.008200  -0.019000   0.005800   0.001800   0.000200   0.014400 
390  -0.006200  -0.020000  -0.003200  -0.000200  -0.012800   0.022200   0.017000  -0.012400  -0.016000   0.007000  -0.001600  -0.004600   0.004200 
391  -0.004600  -0.019000  -0.007800  -0.002000  -0.014800   0.015400   0.015200  -0.013400  -0.008200   0.007000   0.000800  -0.003800   0.014800 
392  -0.009800  -0.018200  -0.007200  -0.003000  -0.011600   0.022000   0.017000  -0.011400  -0.007000   0.004400   0.000400  -0.000400   0.006200 
393  -0.005800  -0.020800  -0.007600   0.000000  -0.014000   0.015600   0.016800  -0.010200  -0.004800   0.002000   0.010200  -0.008600  -0.003400 
394  -0.006400  -0.018000  -0.015000  -0.000200  -0.013200   0.003600   0.017200  -0.008200  -0.002400   0.008400   0.004800  -0.008600   0.000600 
395  -0.006800  -0.015400  -0.017400  -0.008400  -0.010200   0.006600   0.013600  -0.009000   0.007600   0.011000   0.000800  -0.009800  -0.013800 
396   0.005600  -0.007800  -0.019200  -0.003200  -0.014400   0.004600   0.012800  -0.009200   0.009600   0.002200   0.012600   0.000800  -0.009600 
397   0.000400  -0.001600  -0.019400   0.003800  -0.013200   0.006800   0.017000  -0.014800   0.008200   0.004000   0.014200  -0.002800  -0.011600 
398   0.006000  -0.006800  -0.024000  -0.006800   0.004800   0.002000   0.010800  -0.012600  -0.004400   0.004800   0.013000  -0.002800  -0.000800 
399   0.005400  -0.006800  -0.031600  -0.003000   0.000000   0.001000   0.011200  -0.007600   0.002600   0.003800   0.008600  -0.000600   0.002000 
400   0.010200   0.002800  -0.043000  -0.002600  -0.001200   0.004600   0.007800  -0.006000  -0.004200  -0.001800   0.009600   0.017000   0.000800 
401   0.014200  -0.001800  -0.036000  -0.004600  -0.002800   0.000800  -0.000600  -0.006800  -0.004800  -0.001200   0.009600   0.006400  -0.000200 
402   0.008800  -0.004800  -0.042800  -0.008200  -0.006600  -0.000400   0.007600   0.001200  -0.000600   0.008200   0.005600   0.005400  -0.000800 
403   0.010000   0.010400  -0.039200  -0.010200  -0.004600  -0.007600   0.005400   0.008200   0.003600  -0.001800   0.014200  -0.002800   0.003400 
404   0.012200  -0.003800  -0.021800  -0.007200  -0.006400  -0.002600   0.002200   0.007800  -0.008600  -0.000200   0.005200  -0.009400  -0.001200 
405   0.018800  -0.000200  -0.025600  -0.015800  -0.011400  -0.012000   0.012000   0.009400   0.001400   0.000600   0.004800  -0.016200  -0.001400 
406   0.005000  -0.010400  -0.026200  -0.005400   0.000400  -0.012000   0.006000   0.012400   0.008800  -0.001400  -0.003000  -0.021600   0.003800 
407   0.006600   0.004200  -0.035200  -0.006400  -0.006000  -0.012400  -0.002600   0.005000   0.010000  -0.008200   0.001400  -0.013000   0.008000 
408  -0.001600  -0.004000  -0.028400  -0.013400  -0.005200  -0.019400  -0.006400   0.010600   0.013800  -0.003000   0.000200  -0.020200  -0.009800 
409   0.012000  -0.002000  -0.031000  -0.011000  -0.000600  -0.019400  -0.006000   0.014200   0.015600  -0.003000   0.005200  -0.022400  -0.004600 
410   0.010400  -0.005200  -0.022000  -0.007000   0.003000  -0.024800  -0.000400   0.012000   0.017800  -0.001800   0.002600  -0.016400  -0.005000 
411   0.008600  -0.003800  -0.025000   0.000000   0.003800  -0.026800  -0.001800   0.006400   0.015200   0.006200  -0.002600  -0.017400  -0.005800 
412   0.007000   0.000400  -0.020000  -0.003000   0.004200  -0.019000   0.004200   0.007800   0.021600   0.007400   0.000600  -0.018600  -0.010800 
413   0.006000   0.002000  -0.023400  -0.004200   0.004200  -0.024000   0.005800   0.007800   0.021400   0.007400  -0.003200  -0.013200  -0.022400 
414   0.006400   0.009800  -0.020800  -0.001000   0.002400  -0.012200   0.014000  -0.000800   0.027200  -0.004800   0.004800  -0.018200  -0.021200 
415   0.003800   0.003000  -0.030400  -0.008600   0.005800  -0.014000   0.015000  -0.001800   0.020200  -0.004800   0.007400  -0.013200  -0.031200 
416   0.017000   0.003600  -0.025200  -0.011200   0.006000  -0.006000   0.010200  -0.007000   0.016400  -0.003600  -0.000800  -0.007200  -0.025400 
417   0.007800  -0.003200  -0.026600  -0.015400   0.010200  -0.007800   0.001600  -0.008600   0.023200   0.000000   0.008400  -0.011600  -0.025800 
418   0.006400  -0.015200  -0.027000  -0.016400   0.006200   0.001400   0.000600  -0.011800   0.027000  -0.002000   0.008400  -0.011000  -0.024600 
419   0.006200  -0.004400  -0.022600  -0.021400   0.007000  -0.000200   0.007600  -0.006600   0.015200  -0.004400   0.006200  -0.008000  -0.016200 
420  -0.000600  -0.007600  -0.023600  -0.018200   0.006400   0.005400   0.002000  -0.009200   0.016000  -0.011800  -0.001000  -0.010600  -0.010400 
421   0.004800   0.000200  -0.022000  -0.018200   0.004600   0.007000  -0.009400  -0.001800   0.014200  -0.018200  -0.003600  -0.007600  -0.019400 
422   0.002600  -0.000200  -0.016600  -0.012600   0.008600  -0.001000  -0.002000   0.003800   0.017800  -0.009400  -0.001400  -0.006200  -0.011800 
423  -0.008000   0.000400  -0.013800  -0.004400   0.002400   0.008400  -0.010200  -0.001600   0.021800  -0.013800  -0.003000  -0.008600  -0.025000 
424  -0.000400   0.003800  -0.014400  -0.006000   0.000200   0.013800  -0.010400   0.000600   0.014000  -0.011200  -0.006000  -0.005800  -0.022400 
425  -0.007600   0.003800  -0.009200  -0.004600   0.008600   0.012600  -0.010400   0.002400   0.015600  -0.017000  -0.005000  -0.002800  -0.016000 
426  -0.002800   0.009400  -0.007400  -0.001200   0.006000   0.013600  -0.010600   0.012000   0.016200  -0.007000  -0.004400  -0.003400  -0.013600 
427  -0.001000   0.010000  -0.006400  -0.002600  -0.003400   0.025600  -0.008800   0.003400   0.018600  -0.002200  -0.002400   0.002400  -0.014000 
428  -0.007000   0.010400  -0.001000   0.002000  -0.007600   0.024200  -0.012800   0.008600   0.018600  -0.007000  -0.000200   0.002200  -0.008200 
429  -0.000800   0.011200  -0.006600   0.001200  -0.006800   0.023600  -0.011800   0.004800   0.024200  -0.007800   0.004400  -0.006000  -0.013200 
430   0.003200   0.014200   0.003800  -0.000200  -0.017000   0.023600  -0.017200   0.011800   0.023200  -0.000800   0.004800   0.006400  -0.008800 
431   0.006000   0.009800   0.007400  -0.000600  -0.005800   0.022200  -0.021800   0.011400   0.017200   0.001600   0.002600   0.003600  -0.009000 
432  -0.000600   0.009200   0.009200   0.002000  -0.018800   0.014400  -0.027200   0.010400   0.019000   0.006400   0.006600   0.000800  -0.010600 
433   0.001200   0.007200   0.013800   0.006600  -0.025000   0.009400  -0.024800   0.004800   0.019400   0.014000  -0.000600  -0.002400  -0.011600 
434   0.002400   0.001000   0.014600   0.001800  -0.018800   0.013000  -0.021200   0.009800   0.020600   0.008000  -0.006400   0.003600  -0.011800 
435  -0.004400   0.000200   0.012400   0.002200  -0.027600   0.015800  -0.019200   0.021400   0.014200   0.007400   0.002800   0.004800  -0.012600 
436  -0.002200  -0.003400   0.015200   0.006600  -0.019600   0.014400  -0.016800   0.008800   0.018400   0.015800  -0.002200  -0.000200  -0.023000 
437  -0.003800  -0.004400   0.020800   0.002000  -0.023600   0.011400  -0.012600   0.005200   0.010800   0.015800   0.003600  -0.002400  -0.019000 
438  -0.001800  -0.008200   0.016400  -0.003800  -0.022400   0.011600  -0.015000   0.013000   0.012200   0.014400   0.001600   0.003400  -0.016200 
439   0.001000  -0.007800   0.010800  -0.006200  -0.018800   0.003800  -0.012600   0.010200   0.011200   0.012600   0.003600  -0.004200  -0.016200 
440  -0.003600  -0.007000   0.005400  -0.017400  -0.017200   0.012400  -0.014800   0.018600   0.011200   0.020200   0.002200  -0.002600  -0.013400 
441  -0.006200  -0.007000   0.008200  -0.027400  -0.012800   0.008000  -0.015400   0.013400   0.004400   0.010600   0.001000   0.000600  -0.016400 
442  -0.007200  -0.003600   0.000800  -0.026000  -0.017400   0.012000  -0.013200   0.020200   0.013400   0.015200   0.004800  -0.008600  -0.015600 
443  -0.002400  -0.004200   0.003200  -0.029200  -0.017400   0.014200  -0.005400   0.015000   0.012600   0.006000  -0.003800  -0.009400  -0.016000 
444  -0.012800   0.002800  -0.009800  -0.026000  -0.014200   0.008200  -0.013600   0.008000   0.019800  -0.002200   0.004000  -0.000200  -0.019200 
445  -0.008400  -0.001400  -0.012600  -0.026200  -0.016400   0.003000  -0.002400   0.003400   0.012000  -0.001600  -0.001400  -0.010000  -0.019800 
446  -0.005400  -0.006600  -0.016200  -0.030800  -0.019400   0.008400  -0.014200   0.003000   0.012800  -0.006000   0.001800  -0.007000  -0.012600 
447  -0.011200   0.003400  -0.014200  -0.030800  -0.021400   0.009600  -0.010400  -0.003800   0.005000  -0.009600   0.000400  -0.010400  -0.025000 
448  -0.015000   0.005800  -0.005800  -0.037800  -0.009800   0.001400  -0.006400   0.001600   0.004400  -0.001800  -0.007600  -0.001000  -0.025000 
449  -0.012600   0.004800  -0.010800  -0.029400  -0.018600  -0.003800   0.000000  -0.001800   0.012400  -0.010400   0.003000  -0.002200  -0.019600 
450  -0.014600   0.006600  -0.008400  -0.018400  -0.016400   0.002400   0.001400   0.000600   0.008000  -0.001800   0.005600   0.000800  -0.023600 
451  -0.012400   0.004200  -0.008400  -0.023600  -0.013600  -0.000400   0.001000   0.003200   0.004000  -0.005200  -0.001000  -0.002600  -0.020800 
452  -0.012400   0.001000  -0.008200  -0.022200  -0.011600   0.001800  -0.000800   0.001600   0.007600   0.008600  -0.005000  -0.005400  -0.015600 
453  -0.012400   0.019000  -0.010000  -0.017200  -0.011400  -0.004400  -0.005600   0.002800   0.011800   0.006600  -0.005000  -0.009000  -0.018400 
454  -0.016400   0.011400  -0.016800  -0.017800  -0.002200  -0.001400  -0.008400   0.004400   0.002800   0.010000  -0.008200  -0.018600  -0.008800 
455  -0.012000   0.012000  -0.016200  -0.022000  -0.001800  -0.000800  -0.003600   0.000400   0.005600   0.005600  -0.012600  -0.015200  -0.005600 
456  -0.008000   0.006400  -0.014800  -0.026000  -0.009400   0.001000  -0.012800   0.006800   0.013400   0.014400  -0.022600  -0.008000  -0.007800 
457  -0.007200   0.014200  -0.016200  -0.021400  -0.009000  -0.000400  -0.010000   0.018000   0.007000   0.013400  -0.026000  -0.007600  -0.008600 
458  -0.002600   0.002200  -0.017600  -0.024200  -0.013400  -0.003000  -0.010600   0.009200   0.014800   0.009600  -0.026200  -0.007600  -0.011600 
459  -0.003800   0.004800  -0.017400  -0.024400  -0.019400  -0.010200  -0.008400   0.007800   0.000400   0.017600  -0.034400  -0.004800  -0.009600 
460  -0.008800   0.001000  -0.016000  -0.016200  -0.016600  -0.012200   0.008400   0.009000   0.001200   0.013400  -0.038400  -0.011000  -0.009400 
461  -0.009000  -0.006800  -0.009800  -0.019200  -0.017000  -0.017800   0.000400   0.004200  -0.009400   0.013200  -0.029400  -0.006000  -0.004200 
462  -0.013000   0.005400  -0.015000  -0.011400  -0.014400  -0.010200   0.007200   0.003800  -0.006600   0.007400  -0.032200  -0.006600  -0.017400 
463  -0.017200   0.013200  -0.012800  -0.016200  -0.009200  -0.011200   0.004800   0.012400  -0.014000   0.003800  -0.031200  -0.002400  -0.012400 
464  -0.022000   0.011400  -0.029400  -0.012200  -0.015600  -0.005800   0.012800   0.014800  -0.015000   0.011800  -0.022000   0.002400  -0.011800 
465  -0.025200   0.014600  -0.027000  -0.016600  -0.005600   0.000200   0.015400   0.000600  -0.013800   0.006400  -0.022000  -0.002600  -0.021400 
466  -0.022400   0.008200  -0.020000  -0.016200  -0.001600   0.000600   0.015200   0.003400  -0.008200   0.006600  -0.017800  -0.000200  -0.015000 
467  -0.021200   0.018600  -0.023000  -0.008600   0.003400   0.000400   0.021200  -0.001400  -0.008800   0.010200  -0.009400  -0.001000  -0.021000 
468  -0.005200   0.019400  -0.022800  -0.007000   0.001200   0.011200   0.023600  -0.006600  -0.002000   0.011400  -0.010800   0.001600  -0.016400 
469  -0.016600   0.011600  -0.025400  -0.001600  -0.001200   0.009800   0.023000  -0.004600   0.003800   0.010400  -0.022800  -0.002800  -0.013600 
470  -0.012400   0.011800  -0.011000  -0.014200   0.001000   0.008800   0.023000  -0.018000   0.003800   0.007600  -0.012400  -0.001000  -0.011200 
471  -0.018200   0.000400  -0.009200  -0.011400   0.006200   0.002800   0.018800  -0.016200  -0.002800   0.011400  -0.009400  -0.007000  -0.020200 
472  -0.021600   0.000200  -0.003200  -0.009200   0.009000  -0.000400   0.012800  -0.009200  -0.004600   0.012800  -0.018000  -0.007200  -0.022800 
473  -0.023800   0.014400  -0.000000  -0.009200   0.007000   0.002800   0.015400  -0.017200   0.001000   0.017000  -0.020600  -0.014400  -0.025800 
474  -0.021800   0.011400   0.009400  -0.003400   0.003600  -0.002800   0.007000  -0.022800   0.000400   0.016000  -0.011400  -0.014200  -0.025600 
475  -0.017600   0.004800   0.009000  -0.003800   0.007000  -0.006600   0.006400  -0.013200   0.012000   0.011200  -0.001400  -0.012800  -0.020600 
476  -0.023400   0.006200   0.012200   0.000600   0.003400  -0.007000   0.009200  -0.012400   0.002000   0.013800  -0.003400  -0.010400  -0.017400 
477  -0.017400  -0.000200   0.014000  -0.006600   0.009400  -0.013400   0.009400  -0.007800   0.005200   0.009600   0.000200  -0.009600  -0.007200 
478  -0.025400   0.004800   0.011000  -0.003800   0.016200  -0.004800   0.007400  -0.005800   0.001800   0.016200   0.001000  -0.011000  -0.019400 
479  -0.023800   0.012600   0.023000  -0.002400   0.008800  -0.015400   0.009000   0.006400  -0.005200   0.011600  -0.003000  -0.008400  -0.016600 
480  -0.025400   0.017200   0.017400   0.002600   0.012200  -0.008600  -0.000200   0.003800   0.006400   0.005200  -0.000800  -0.003800  -0.015600 
481  -0.007200   0.017400   0.012600   0.006200   0.013400  -0.010400   0.001800   0.007000  -0.002800   0.010600  -0.005800  -0.000200  -0.013200 
482  -0.020200   0.014000   0.015800   0.005000   0.010400  -0.004000   0.005000   0.000200  -0.001800  -0.001800  -0.005400   0.002400  -0.004800 
483  -0.012200   0.018200   0.022200   0.004400   0.009400  -0.013800   0.009600  -0.000400  -0.003800  -0.006200  -0.004000   0.011800  -0.008600 
484  -0.014000   0.011200   0.008600  -0.000600   0.016000  -0.001400   0.006600  -0.004400  -0.000000  -0.008800  -0.003200   0.009800  -0.013400 
485  -0.016000   0.017400   0.010000  -0.003000   0.007200   0.000200   0.003000   0.002200   0.003600   0.000800  -0.010800   0.002400  -0.017800 
486  -0.012800   0.017200   0.014800  -0.005800   0.009400   0.001200   0.002200  -0.003600   0.003400  -0.001600  -0.004800   0.005400  -0.013800 
487  -0.013600   0.010800   0.011200  -0.007000   0.001200  -0.009200   0.000800  -0.010800   0.000400  -0.002800  -0.013800  -0.002200  -0.013800 
488  -0.010200   0.018200   0.008200  -0.009600   0.000200   0.001400  -0.012400  -0.007200  -0.001800  -0.007000  -0.003200  -0.003200  -0.008600 
489  -0.011800   0.007200   0.013200  -0.003000   0.010800   0.005200   0.012600  -0.009800  -0.011400  -0.007000  -0.013800  -0.012000  -0.019800 
490  -0.016000   0.001800   0.003000  -0.002000   0.008600   0.002200   0.006200   0.003800  -0.005200  -0.001200  -0.013800  -0.012600  -0.027800 
491  -0.017000   0.011200   0.005400  -0.002200   0.016000   0.004400   0.006600  -0.004800  -0.017800  -0.006200  -0.018600  -0.014400  -0.020200 
492  -0.011800   0.013200   0.014400  -0.005400   0.014400   0.004800   0.007400   0.003800  -0.013000  -0.007400  -0.019000  -0.021600  -0.026400 
493  -0.018800   0.014400   0.009400  -0.009600   0.015600   0.012000   0.008600  -0.004200  -0.015200  -0.003800  -0.020200  -0.021600  -0.030000 
494  -0.025400   0.009800   0.008200  -0.011200   0.013600   0.003200   0.005200   0.001600  -0.018400  -0.021800  -0.023800  -0.021400  -0.030400 
495  -0.026400   0.013000  -0.000600  -0.001000   0.010200   0.004200   0.000400   0.002200  -0.014400  -0.015800  -0.028000  -0.025400  -0.032200 
496  -0.024200   0.013600  -0.006600  -0.003800   0.013400   0.009400  -0.000400   0.000400  -0.017000  -0.020800  -0.028400  -0.027000  -0.027400 
497  -0.026200   0.019000  -0.002000   0.008800   0.011800   0.005400  -0.000600   0.002000  -0.017200  -0.013200  -0.024800  -0.022800  -0.035200 
498  -0.023000   0.016600  -0.005200   0.004800   0.003800   0.020400  -0.001000  -0.002600  -0.011400  -0.023600  -0.017400  -0.024800  -0.032400 
499  -0.025000   0.023400  -0.001400   0.006600   0.006200   0.019400  -0.002600  -0.000800  -0.015000  -0.015200  -0.030600  -0.032600  -0.029200 
