0   0.126608
1   0.125544
2   0.124688
3   0.123724
4   0.122858
5   0.122028
6   0.121108
7   0.120298
8   0.119430
9   0.118554
10   0.117710
11   0.116744
12   0.115740
13   0.114634
14   0.113576
15   0.112416
16   0.111092
17   0.109808
18   0.108610
19   0.107402
20   0.106236
21   0.104850
22   0.103562
23   0.102322
24   0.101036
25   0.099738
26   0.098444
27   0.097210
28   0.096072
29   0.094986
30   0.093872
31   0.092758
32   0.091728
33   0.090734
34   0.089622
35   0.088596
36   0.087552
37   0.086522
38   0.085530
39   0.084474
40   0.083512
41   0.082326
42   0.081208
43   0.080042
44   0.078986
45   0.077858
46   0.076892
47   0.075942
48   0.074782
49   0.073670
50   0.072558
51   0.071486
52   0.070546
53   0.069330
54   0.068298
55   0.067292
56   0.066252
57   0.065116
58   0.064030
59   0.063014
60   0.061970
61   0.060940
62   0.059902
63   0.058926
64   0.057996
65   0.057034
66   0.056112
67   0.055392
68   0.054634
69   0.053816
70   0.052982
71   0.052174
72   0.051292
73   0.050402
74   0.049514
75   0.048688
76   0.047778
77   0.046984
78   0.046200
79   0.045458
80   0.044720
81   0.044004
82   0.043322
83   0.042658
84   0.041972
85   0.041322
86   0.040634
87   0.039812
88   0.039058
89   0.038438
90   0.037776
91   0.037040
92   0.036402
93   0.035694
94   0.035036
95   0.034312
96   0.033550
97   0.032818
98   0.032110
99   0.031328
100   0.030540
101   0.029642
102   0.028882
103   0.028152
104   0.027352
105   0.026352
106   0.025500
107   0.024636
108   0.023754
109   0.022910
110   0.022138
111   0.021332
112   0.020410
113   0.019516
114   0.018760
115   0.017816
116   0.016930
117   0.016174
118   0.015446
119   0.014692
120   0.013960
121   0.013234
122   0.012410
123   0.011700
124   0.010988
125   0.010196
126   0.009532
127   0.008840
128   0.008110
129   0.007544
130   0.006896
131   0.006304
132   0.005616
133   0.004854
134   0.003994
135   0.003194
136   0.002292
137   0.001320
138   0.000420
139  -0.000472
140  -0.001300
141  -0.002056
142  -0.002948
143  -0.003752
144  -0.004542
145  -0.005316
146  -0.006106
147  -0.006896
148  -0.007776
149  -0.008642
150  -0.009548
151  -0.010468
152  -0.011442
153  -0.012302
154  -0.013178
155  -0.014096
156  -0.014978
157  -0.015914
158  -0.016900
159  -0.017906
160  -0.018820
161  -0.019746
162  -0.020558
163  -0.021604
164  -0.022570
165  -0.023642
166  -0.024618
167  -0.025706
168  -0.026772
169  -0.027836
170  -0.028896
171  -0.029890
172  -0.030916
173  -0.031988
174  -0.033048
175  -0.034064
176  -0.035138
177  -0.036294
178  -0.037348
179  -0.038436
180  -0.039458
181  -0.040456
182  -0.041700
183  -0.042884
184  -0.044064
185  -0.045132
186  -0.046382
187  -0.047500
188  -0.048554
189  -0.049590
190  -0.050544
191  -0.051546
192  -0.052510
193  -0.053436
194  -0.054430
195  -0.055208
196  -0.056122
197  -0.057024
198  -0.057794
199  -0.058454
200  -0.059156
201  -0.059738
202  -0.060350
203  -0.060870
204  -0.061440
205  -0.062062
206  -0.062772
207  -0.063516
208  -0.064370
209  -0.065102
210  -0.065910
211  -0.066674
212  -0.067590
213  -0.068420
214  -0.069218
215  -0.069964
216  -0.070894
217  -0.071666
218  -0.072708
219  -0.073584
220  -0.074546
221  -0.075502
222  -0.076384
223  -0.077374
224  -0.078228
225  -0.079270
226  -0.080174
227  -0.081126
228  -0.081924
229  -0.082742
230  -0.083552
231  -0.084490
232  -0.085402
233  -0.086228
234  -0.087072
235  -0.087864
236  -0.088654
237  -0.089612
238  -0.090334
239  -0.091082
240  -0.091864
241  -0.092690
242  -0.093632
243  -0.094612
244  -0.095512
245  -0.096306
246  -0.097224
247  -0.098122
248  -0.098944
249  -0.099636
250  -0.100260
251  -0.100956
252  -0.101552
253  -0.102368
254  -0.103080
255  -0.103652
256  -0.104402
257  -0.105250
258  -0.106108
259  -0.107046
260  -0.107902
261  -0.108938
262  -0.109984
263  -0.111052
264  -0.112168
265  -0.113490
266  -0.114652
267  -0.115998
268  -0.117232
269  -0.118374
270  -0.119424
271  -0.120286
272  -0.121202
273  -0.121936
274  -0.122624
275  -0.123158
276  -0.123822
277  -0.124444
278  -0.125100
279  -0.125704
280  -0.126490
281  -0.127230
282  -0.127958
283  -0.128774
284  -0.129604
285  -0.130524
286  -0.131416
287  -0.132294
288  -0.133142
289  -0.134306
290  -0.135332
291  -0.136450
292  -0.137532
293  -0.138472
294  -0.139540
295  -0.140392
296  -0.141162
297  -0.141912
298  -0.142662
299  -0.143380
300  -0.144062
301  -0.144874
302  -0.145668
303  -0.146386
304  -0.147170
305  -0.147912
306  -0.148514
307  -0.149000
308  -0.149628
309  -0.150266
310  -0.150890
311  -0.151406
312  -0.151942
313  -0.152488
314  -0.153114
315  -0.153844
316  -0.154768
317  -0.155684
318  -0.156630
319  -0.157568
320  -0.158472
321  -0.159470
322  -0.160440
323  -0.161328
324  -0.162254
325  -0.163152
326  -0.164124
327  -0.164982
328  -0.165682
329  -0.166450
330  -0.167214
331  -0.168158
332  -0.169082
333  -0.170060
334  -0.170872
335  -0.171746
336  -0.172558
337  -0.173330
338  -0.173966
339  -0.174600
340  -0.175152
341  -0.175736
342  -0.176350
343  -0.176916
344  -0.177538
345  -0.178252
346  -0.178862
347  -0.179410
348  -0.180074
349  -0.180718
350  -0.181592
351  -0.182488
352  -0.183318
353  -0.184210
354  -0.185138
355  -0.185954
356  -0.186722
357  -0.187446
358  -0.188250
359  -0.188996
360  -0.189704
361  -0.190372
362  -0.191008
363  -0.191646
364  -0.192294
365  -0.193034
366  -0.193758
367  -0.194466
368  -0.195206
369  -0.195916
370  -0.196660
371  -0.197274
372  -0.197892
373  -0.198514
374  -0.199162
375  -0.199814
376  -0.200382
377  -0.200960
378  -0.201576
379  -0.202212
380  -0.202826
381  -0.203516
382  -0.204138
383  -0.204810
384  -0.205452
385  -0.206180
386  -0.206784
387  -0.207508
388  -0.208132
389  -0.208740
390  -0.209348
391  -0.209822
392  -0.210488
393  -0.211144
394  -0.211694
395  -0.212230
396  -0.212768
397  -0.213406
398  -0.214082
399  -0.214792
400  -0.215670
401  -0.216432
402  -0.217184
403  -0.217834
404  -0.218436
405  -0.218982
406  -0.219550
407  -0.220116
408  -0.220518
409  -0.220902
410  -0.221326
411  -0.221602
412  -0.221924
413  -0.222238
414  -0.222546
415  -0.222902
416  -0.223316
417  -0.223664
418  -0.224050
419  -0.224378
420  -0.224700
421  -0.225028
422  -0.225410
423  -0.225748
424  -0.226100
425  -0.226444
426  -0.226798
427  -0.227230
428  -0.227588
429  -0.228058
430  -0.228388
431  -0.228820
432  -0.229312
433  -0.229824
434  -0.230338
435  -0.230846
436  -0.231374
437  -0.231836
438  -0.232268
439  -0.232740
440  -0.233174
441  -0.233654
442  -0.234140
443  -0.234524
444  -0.234788
445  -0.235154
446  -0.235500
447  -0.235834
448  -0.236114
449  -0.236392
450  -0.236670
451  -0.236910
452  -0.237116
453  -0.237304
454  -0.237484
455  -0.237588
456  -0.237658
457  -0.237788
458  -0.238032
459  -0.238182
460  -0.238380
461  -0.238530
462  -0.238652
463  -0.238640
464  -0.238704
465  -0.238652
466  -0.238622
467  -0.238556
468  -0.238456
469  -0.238382
470  -0.238272
471  -0.238174
472  -0.238122
473  -0.238104
474  -0.238144
475  -0.238132
476  -0.238118
477  -0.238092
478  -0.238096
479  -0.238148
480  -0.238252
481  -0.238440
482  -0.238676
483  -0.238874
484  -0.239054
485  -0.239200
486  -0.239462
487  -0.239766
488  -0.239988
489  -0.240236
490  -0.240542
491  -0.240818
492  -0.241142
493  -0.241544
494  -0.241840
495  -0.242096
496  -0.242282
497  -0.242480
498  -0.242668
499  -0.242742
500  -0.242866
-499  -0.242968
-498  -0.243208
-497  -0.243410
-496  -0.243560
-495  -0.243538
-494  -0.243628
-493  -0.243732
-492  -0.243734
-491  -0.243758
-490  -0.243652
-489  -0.243698
-488  -0.243694
-487  -0.243800
-486  -0.243940
-485  -0.244108
-484  -0.244250
-483  -0.244288
-482  -0.244426
-481  -0.244382
-480  -0.244400
-479  -0.244350
-478  -0.244380
-477  -0.244454
-476  -0.244582
-475  -0.244686
-474  -0.244734
-473  -0.244786
-472  -0.244826
-471  -0.244800
-470  -0.244812
-469  -0.244844
-468  -0.244840
-467  -0.244906
-466  -0.244904
-465  -0.244922
-464  -0.244948
-463  -0.244926
-462  -0.244782
-461  -0.244694
-460  -0.244528
-459  -0.244324
-458  -0.244014
-457  -0.243884
-456  -0.243730
-455  -0.243586
-454  -0.243486
-453  -0.243410
-452  -0.243360
-451  -0.243432
-450  -0.243280
-449  -0.243116
-448  -0.242936
-447  -0.242540
-446  -0.242178
-445  -0.241986
-444  -0.241694
-443  -0.241458
-442  -0.241290
-441  -0.241156
-440  -0.240886
-439  -0.240734
-438  -0.240544
-437  -0.240282
-436  -0.240080
-435  -0.239894
-434  -0.239714
-433  -0.239414
-432  -0.239102
-431  -0.238958
-430  -0.238566
-429  -0.238262
-428  -0.237766
-427  -0.237352
-426  -0.236852
-425  -0.236414
-424  -0.236054
-423  -0.235596
-422  -0.235186
-421  -0.234858
-420  -0.234398
-419  -0.234064
-418  -0.233684
-417  -0.233474
-416  -0.233316
-415  -0.233262
-414  -0.233194
-413  -0.233196
-412  -0.233082
-411  -0.232964
-410  -0.232816
-409  -0.232764
-408  -0.232594
-407  -0.232552
-406  -0.232374
-405  -0.232396
-404  -0.232374
-403  -0.232376
-402  -0.232502
-401  -0.232540
-400  -0.232532
-399  -0.232606
-398  -0.232548
-397  -0.232504
-396  -0.232442
-395  -0.232346
-394  -0.232200
-393  -0.232240
-392  -0.232154
-391  -0.232040
-390  -0.232004
-389  -0.231936
-388  -0.231968
-387  -0.232180
-386  -0.232368
-385  -0.232500
-384  -0.232624
-383  -0.232668
-382  -0.232676
-381  -0.232718
-380  -0.232784
-379  -0.232744
-378  -0.232846
-377  -0.232882
-376  -0.232940
-375  -0.232956
-374  -0.232994
-373  -0.232976
-372  -0.232992
-371  -0.232944
-370  -0.232986
-369  -0.232808
-368  -0.232926
-367  -0.232904
-366  -0.232950
-365  -0.233068
-364  -0.233000
-363  -0.233026
-362  -0.233036
-361  -0.232966
-360  -0.232858
-359  -0.232600
-358  -0.232402
-357  -0.232240
-356  -0.231966
-355  -0.231754
-354  -0.231602
-353  -0.231268
-352  -0.230994
-351  -0.230710
-350  -0.230550
-349  -0.230424
-348  -0.230342
-347  -0.230246
-346  -0.230208
-345  -0.230204
-344  -0.230374
-343  -0.230600
-342  -0.230786
-341  -0.231054
-340  -0.231296
-339  -0.231516
-338  -0.231638
-337  -0.231688
-336  -0.231636
-335  -0.231486
-334  -0.231306
-333  -0.231170
-332  -0.230842
-331  -0.230568
-330  -0.230132
-329  -0.229780
-328  -0.229336
-327  -0.228894
-326  -0.228572
-325  -0.228174
-324  -0.227618
-323  -0.227054
-322  -0.226638
-321  -0.226292
-320  -0.226004
-319  -0.225664
-318  -0.225390
-317  -0.225082
-316  -0.224842
-315  -0.224602
-314  -0.224324
-313  -0.224006
-312  -0.223718
-311  -0.223554
-310  -0.223296
-309  -0.223110
-308  -0.222920
-307  -0.222710
-306  -0.222498
-305  -0.222060
-304  -0.221796
-303  -0.221468
-302  -0.221066
-301  -0.220670
-300  -0.220270
-299  -0.219980
-298  -0.219552
-297  -0.219124
-296  -0.218684
-295  -0.218304
-294  -0.217978
-293  -0.217676
-292  -0.217378
-291  -0.217054
-290  -0.216704
-289  -0.216322
-288  -0.215970
-287  -0.215566
-286  -0.215228
-285  -0.214898
-284  -0.214590
-283  -0.214236
-282  -0.213888
-281  -0.213570
-280  -0.213176
-279  -0.212812
-278  -0.212530
-277  -0.212230
-276  -0.211782
-275  -0.211432
-274  -0.211082
-273  -0.210784
-272  -0.210410
-271  -0.210114
-270  -0.209684
-269  -0.209248
-268  -0.208742
-267  -0.208266
-266  -0.207656
-265  -0.206950
-264  -0.206348
-263  -0.205744
-262  -0.205154
-261  -0.204648
-260  -0.204102
-259  -0.203520
-258  -0.203042
-257  -0.202604
-256  -0.202242
-255  -0.201942
-254  -0.201762
-253  -0.201452
-252  -0.201212
-251  -0.200908
-250  -0.200546
-249  -0.200218
-248  -0.199970
-247  -0.199640
-246  -0.199258
-245  -0.198822
-244  -0.198416
-243  -0.197982
-242  -0.197484
-241  -0.196930
-240  -0.196296
-239  -0.195744
-238  -0.195012
-237  -0.194182
-236  -0.193400
-235  -0.192516
-234  -0.191626
-233  -0.190732
-232  -0.189706
-231  -0.188758
-230  -0.187776
-229  -0.186826
-228  -0.185882
-227  -0.184970
-226  -0.183966
-225  -0.182980
-224  -0.182018
-223  -0.180998
-222  -0.179856
-221  -0.178850
-220  -0.177658
-219  -0.176434
-218  -0.175096
-217  -0.173660
-216  -0.172212
-215  -0.170582
-214  -0.169022
-213  -0.167392
-212  -0.165764
-211  -0.163962
-210  -0.162260
-209  -0.160586
-208  -0.158760
-207  -0.156844
-206  -0.155020
-205  -0.153348
-204  -0.151494
-203  -0.149672
-202  -0.147870
-201  -0.146092
-200  -0.144238
-199  -0.142228
-198  -0.140294
-197  -0.138198
-196  -0.136276
-195  -0.134286
-194  -0.132378
-193  -0.130636
-192  -0.128726
-191  -0.126950
-190  -0.125244
-189  -0.123584
-188  -0.121698
-187  -0.119864
-186  -0.118138
-185  -0.116398
-184  -0.114706
-183  -0.113196
-182  -0.111648
-181  -0.110332
-180  -0.109050
-179  -0.107698
-178  -0.106456
-177  -0.104998
-176  -0.103682
-175  -0.102262
-174  -0.100816
-173  -0.099492
-172  -0.098116
-171  -0.096790
-170  -0.095410
-169  -0.094040
-168  -0.092694
-167  -0.091548
-166  -0.090254
-165  -0.088976
-164  -0.087704
-163  -0.086348
-162  -0.085020
-161  -0.083588
-160  -0.082462
-159  -0.081226
-158  -0.080148
-157  -0.079016
-156  -0.077970
-155  -0.076812
-154  -0.075608
-153  -0.074558
-152  -0.073488
-151  -0.072402
-150  -0.071222
-149  -0.070116
-148  -0.069096
-147  -0.068100
-146  -0.067190
-145  -0.066294
-144  -0.065304
-143  -0.064212
-142  -0.063158
-141  -0.062098
-140  -0.061108
-139  -0.060080
-138  -0.059196
-137  -0.058366
-136  -0.057612
-135  -0.056738
-134  -0.055852
-133  -0.054836
-132  -0.053850
-131  -0.052874
-130  -0.051936
-129  -0.051088
-128  -0.050128
-127  -0.049178
-126  -0.048194
-125  -0.047270
-124  -0.046534
-123  -0.045728
-122  -0.044920
-121  -0.044256
-120  -0.043518
-119  -0.042680
-118  -0.041872
-117  -0.041052
-116  -0.040138
-115  -0.039306
-114  -0.038486
-113  -0.037624
-112  -0.036796
-111  -0.035956
-110  -0.035028
-109  -0.034120
-108  -0.033116
-107  -0.032168
-106  -0.031288
-105  -0.030500
-104  -0.029614
-103  -0.028600
-102  -0.027502
-101  -0.026566
-100  -0.025536
-99  -0.024474
-98  -0.023412
-97  -0.022416
-96  -0.021452
-95  -0.020574
-94  -0.019752
-93  -0.018866
-92  -0.017808
-91  -0.016750
-90  -0.015720
-89  -0.014560
-88  -0.013372
-87  -0.011942
-86  -0.010682
-85  -0.009406
-84  -0.008040
-83  -0.006762
-82  -0.005428
-81  -0.004046
-80  -0.002848
-79  -0.001662
-78  -0.000562
-77   0.000448
-76   0.001656
-75   0.002792
-74   0.003878
-73   0.004948
-72   0.005856
-71   0.006828
-70   0.007630
-69   0.008718
-68   0.009862
-67   0.010964
-66   0.011850
-65   0.012744
-64   0.013666
-63   0.014666
-62   0.015546
-61   0.016706
-60   0.017678
-59   0.018620
-58   0.019620
-57   0.020684
-56   0.021882
-55   0.023088
-54   0.024314
-53   0.025522
-52   0.026894
-51   0.028314
-50   0.029580
-49   0.031140
-48   0.032486
-47   0.033766
-46   0.035156
-45   0.036532
-44   0.037826
-43   0.039268
-42   0.040630
-41   0.042138
-40   0.043668
-39   0.045102
-38   0.046894
-37   0.048524
-36   0.050152
-35   0.052006
-34   0.053862
-33   0.055674
-32   0.057560
-31   0.059586
-30   0.061530
-29   0.063578
-28   0.065672
-27   0.067780
-26   0.069730
-25   0.071686
-24   0.073736
-23   0.075902
-22   0.078004
-21   0.080264
-20   0.082434
-19   0.084774
-18   0.086936
-17   0.089048
-16   0.091362
-15   0.093552
-14   0.095856
-13   0.098066
-12   0.100274
-11   0.102402
-10   0.104410
-9   0.106574
-8   0.108754
-7   0.110870
-6   0.113012
-5   0.115178
-4   0.117342
-3   0.119762
-2   0.122018
-1   0.124210
