0   0.759968
1   0.354198
2   0.312260
3   0.274554
4   0.244606
5   0.217256
6   0.191438
7   0.168292
8   0.151076
9   0.133602
10   0.119218
11   0.105780
12   0.093474
13   0.082258
14   0.075870
15   0.067322
16   0.057956
17   0.051956
18   0.046680
19   0.040058
20   0.036040
21   0.031248
22   0.028476
23   0.024394
24   0.021790
25   0.018010
26   0.016944
27   0.014906
28   0.013342
29   0.013094
30   0.009562
31   0.009038
32   0.008632
33   0.007662
34   0.006998
35   0.007474
36   0.006002
37   0.005082
38   0.005836
39   0.005668
40   0.005844
41   0.003342
42   0.003428
43   0.002656
44   0.001352
45   0.002022
46   0.004964
47   0.004480
48   0.004028
49   0.001578
50   0.000976
51   0.001618
52   0.001596
53  -0.000208
54   0.002226
55   0.003252
56   0.002494
57   0.003778
58   0.005028
59   0.005104
60   0.004944
61   0.004948
62   0.004174
63   0.002688
64   0.002240
65   0.002242
66   0.001694
67   0.001138
68   0.002556
69   0.001158
70   0.000118
71   0.000296
72   0.000022
73  -0.001202
74  -0.001722
75  -0.001144
76  -0.000786
77  -0.001704
78  -0.001074
79  -0.000708
80  -0.000872
81  -0.000834
82  -0.000780
83  -0.002210
84  -0.000110
85  -0.001014
86  -0.002046
87  -0.002234
88  -0.003342
89  -0.004988
90  -0.005508
91  -0.004858
92  -0.002482
93  -0.003514
94  -0.005090
95  -0.005156
96  -0.004800
97  -0.003256
98  -0.003896
99  -0.005768
100  -0.005996
101  -0.004802
102  -0.004512
103  -0.002668
104  -0.006240
105  -0.004966
106  -0.002066
107  -0.001642
108  -0.001738
109  -0.000268
110   0.000272
111  -0.000190
112  -0.000808
113  -0.002018
114  -0.001362
115  -0.001082
116   0.002546
117   0.000010
118  -0.000430
119   0.000038
120  -0.000048
121  -0.000432
122   0.001658
123   0.002420
124   0.000600
125  -0.000158
126   0.001576
127   0.000646
128   0.000050
129   0.001142
130   0.000560
131   0.001676
132   0.001742
133   0.001094
134   0.000928
135  -0.001106
136  -0.000418
137  -0.001220
138  -0.002552
139   0.000194
140  -0.002734
141  -0.002724
142  -0.001368
143  -0.001168
144  -0.002212
145  -0.004366
146  -0.000992
147  -0.003684
148  -0.004594
149  -0.003458
150  -0.002062
151  -0.004128
152  -0.004832
153  -0.004370
154  -0.003994
155  -0.005938
156  -0.005822
157  -0.004970
158  -0.006912
159  -0.005056
160  -0.005392
161  -0.003336
162  -0.006522
163  -0.005208
164  -0.006072
165  -0.006210
166  -0.004852
167  -0.004856
168  -0.003964
169  -0.004306
170  -0.003742
171  -0.003744
172  -0.003580
173  -0.003354
174  -0.003028
175  -0.003122
176  -0.001668
177  -0.001932
178  -0.002670
179  -0.000876
180  -0.002034
181  -0.000482
182  -0.002430
183  -0.000816
184  -0.001762
185  -0.001150
186  -0.001156
187  -0.001542
188  -0.001136
189  -0.000492
190   0.000052
191  -0.000788
192  -0.001742
193  -0.001762
194   0.000122
195   0.001404
196   0.000320
197  -0.001224
198  -0.000862
199  -0.000548
200  -0.000548
201  -0.001022
202  -0.002206
203  -0.001384
204  -0.000906
205  -0.001562
206  -0.001236
207  -0.000546
208  -0.000956
209   0.001638
210   0.000394
211   0.000728
212   0.001328
213   0.001270
214   0.000700
215   0.001388
216  -0.000644
217   0.000548
218  -0.000142
219   0.000244
220   0.001208
221  -0.001142
222   0.000392
223  -0.001554
224  -0.001164
225  -0.002648
226  -0.002550
227  -0.001514
228   0.001462
229  -0.000668
230  -0.001038
231   0.000244
232  -0.000056
233  -0.001670
234  -0.000770
235   0.000526
236   0.001280
237   0.001348
238  -0.000514
239   0.002088
240   0.001070
241   0.002682
242   0.001920
243   0.000814
244   0.001194
245   0.002446
246   0.002428
247   0.001228
248   0.002460
249   0.002986
250   0.002270
251   0.000614
252  -0.000110
253   0.000446
254   0.000156
255   0.002360
256   0.001496
257   0.001680
258   0.001404
259   0.001712
260   0.001112
261   0.002478
262   0.002204
263   0.001928
264  -0.001320
265   0.001440
266   0.001194
267   0.000892
268   0.001658
269   0.001518
270   0.002004
271   0.001426
272   0.000186
273   0.001360
274   0.001628
275   0.002214
276   0.001268
277   0.001002
278   0.000610
279  -0.001312
280  -0.001006
281   0.001680
282   0.001590
283   0.000814
284   0.002422
285   0.002668
286   0.001970
287   0.002674
288   0.003428
289   0.003724
290   0.003670
291   0.002618
292   0.000064
293   0.000540
294   0.001686
295   0.002136
296   0.000530
297   0.000162
298  -0.000922
299  -0.001898
300   0.000196
301  -0.001150
302  -0.001896
303  -0.000520
304  -0.000874
305   0.000284
306  -0.003130
307  -0.003054
308  -0.002644
309  -0.002164
310  -0.000804
311  -0.000666
312  -0.001946
313  -0.002598
314  -0.001364
315  -0.002094
316  -0.000038
317  -0.001000
318  -0.001464
319  -0.003540
320  -0.002292
321  -0.000652
322  -0.001098
323  -0.001746
324  -0.002676
325  -0.000372
326  -0.002180
327  -0.001456
328  -0.001574
329  -0.001850
330  -0.001270
331  -0.000992
332   0.001054
333   0.001678
334   0.001054
335   0.002484
336   0.003136
337   0.004514
338   0.003324
339   0.004022
340   0.003756
341   0.004034
342   0.003816
343   0.003446
344   0.001446
345   0.001552
346   0.000346
347   0.000468
348   0.001414
349  -0.000196
350   0.001308
351   0.003072
352   0.003160
353   0.003188
354   0.004648
355   0.003260
356   0.002736
357   0.003522
358   0.003184
359   0.001616
360   0.001470
361   0.000568
362  -0.000454
363  -0.000940
364  -0.000108
365   0.000128
366   0.000616
367   0.002440
368   0.001418
369   0.002728
370   0.002962
371   0.001890
372   0.002262
373   0.003376
374   0.002368
375   0.001476
376   0.004186
377   0.002320
378   0.003090
379   0.003182
380   0.002632
381  -0.000134
382   0.000894
383   0.001772
384   0.001936
385   0.001756
386   0.002754
387   0.001816
388   0.003866
389   0.003646
390   0.002408
391   0.002768
392   0.001356
393   0.000610
394   0.001268
395  -0.001120
396  -0.001302
397  -0.000388
398   0.001222
399   0.000532
400   0.000764
401   0.001278
402   0.001116
403   0.000302
404   0.000994
405  -0.000796
406   0.000166
407  -0.000552
408   0.000536
409  -0.001554
410  -0.000270
411  -0.001754
412  -0.001638
413  -0.001508
414  -0.002202
415  -0.000244
416  -0.001802
417  -0.002100
418  -0.001498
419  -0.001092
420  -0.000014
421   0.000916
422   0.002130
423  -0.000852
424   0.001638
425   0.000052
426  -0.001010
427  -0.001028
428   0.001090
429  -0.001418
430  -0.000972
431   0.000186
432  -0.002122
433  -0.001712
434   0.001670
435   0.000586
436   0.000280
437   0.000444
438  -0.000292
439   0.000450
440   0.000512
441  -0.000684
442   0.002908
443   0.002150
444   0.002374
445   0.000944
446   0.002128
447   0.002440
448   0.002020
449   0.002398
450   0.002434
451   0.001624
452   0.001208
453   0.001662
454   0.001522
455   0.004334
456   0.000832
457  -0.001856
458  -0.000898
459  -0.002882
460  -0.002590
461  -0.003614
462  -0.001356
463  -0.001736
464  -0.003158
465  -0.002058
466  -0.002164
467  -0.001508
468  -0.001284
469  -0.001898
470  -0.000556
471  -0.000902
472  -0.002496
473  -0.001738
474   0.000646
475  -0.002020
476  -0.001006
477  -0.003280
478  -0.000226
479  -0.003280
480  -0.003564
481  -0.004992
482  -0.002570
483  -0.002904
484  -0.002936
485  -0.002568
486  -0.000936
487  -0.001246
488  -0.000162
489  -0.000454
490  -0.000564
491  -0.001328
492  -0.000326
493   0.000648
494   0.001184
495  -0.000114
496  -0.000636
497   0.000680
498   0.001988
499  -0.000070
500   0.001148
-499   0.000646
-498   0.001384
-497   0.000912
-496   0.001812
-495   0.000420
-494   0.003134
-493   0.002138
-492   0.002354
-491   0.002170
-490   0.002976
-489   0.002390
-488   0.001698
-487   0.001898
-486   0.002790
-485   0.000918
-484   0.001166
-483   0.001814
-482   0.001726
-481   0.000060
-480   0.001768
-479   0.001094
-478   0.003078
-477   0.002770
-476   0.002416
-475   0.002388
-474   0.000888
-473   0.001378
-472   0.001468
-471   0.000858
-470   0.000370
-469   0.001090
-468   0.001832
-467   0.001110
-466   0.003050
-465   0.001384
-464   0.002094
-463   0.001916
-462   0.000816
-461   0.003716
-460   0.003454
-459   0.004030
-458   0.001540
-457   0.002690
-456   0.002098
-455   0.003428
-454   0.002014
-453   0.002748
-452   0.002246
-451   0.002106
-450   0.004040
-449   0.003298
-448   0.002268
-447   0.004066
-446   0.002126
-445   0.000952
-444   0.001668
-443  -0.001610
-442   0.000016
-441  -0.001462
-440  -0.000038
-439   0.000490
-438   0.000596
-437   0.000724
-436  -0.001338
-435   0.000714
-434   0.000882
-433   0.000008
-432  -0.001186
-431  -0.000166
-430   0.000208
-429   0.000824
-428   0.000122
-427   0.000960
-426   0.002562
-425   0.000484
-424   0.000596
-423  -0.000650
-422   0.000656
-421   0.000296
-420   0.000380
-419  -0.002088
-418   0.000310
-417  -0.001922
-416  -0.000936
-415  -0.003936
-414  -0.001878
-413  -0.003524
-412  -0.004666
-411  -0.003350
-410  -0.002066
-409  -0.002510
-408  -0.002286
-407  -0.004012
-406  -0.001706
-405  -0.003124
-404  -0.002496
-403  -0.001608
-402  -0.001658
-401   0.000204
-400  -0.001336
-399   0.000326
-398  -0.000330
-397  -0.000946
-396   0.000526
-395   0.001206
-394   0.004118
-393   0.000810
-392   0.001774
-391   0.001934
-390   0.001774
-389   0.001060
-388   0.000374
-387   0.001520
-386   0.001670
-385   0.001428
-384   0.003768
-383   0.002696
-382   0.001086
-381   0.003686
-380   0.004026
-379   0.003994
-378   0.002502
-377   0.001054
-376  -0.000496
-375  -0.000264
-374   0.001786
-373  -0.000738
-372  -0.001366
-371   0.000718
-370  -0.000778
-369  -0.001674
-368  -0.000292
-367  -0.000104
-366   0.002934
-365  -0.001756
-364   0.000618
-363   0.000186
-362  -0.000666
-361   0.000626
-360  -0.000012
-359  -0.001120
-358  -0.000316
-357   0.000638
-356  -0.000144
-355   0.002340
-354   0.003926
-353   0.003046
-352   0.004432
-351   0.005336
-350   0.001676
-349   0.003040
-348   0.002430
-347   0.003668
-346   0.003114
-345   0.002938
-344   0.001272
-343   0.002140
-342   0.001020
-341   0.002364
-340   0.000792
-339  -0.000098
-338  -0.001970
-337   0.000024
-336   0.000112
-335  -0.001556
-334  -0.000308
-333  -0.001470
-332  -0.003466
-331  -0.003256
-330  -0.001628
-329  -0.002150
-328  -0.001854
-327  -0.002728
-326  -0.002722
-325  -0.005192
-324  -0.004384
-323  -0.004064
-322  -0.004896
-321  -0.002222
-320  -0.002476
-319  -0.004952
-318  -0.005294
-317  -0.002778
-316  -0.004286
-315  -0.002178
-314  -0.002200
-313  -0.002086
-312  -0.002454
-311  -0.002140
-310  -0.002756
-309  -0.001606
-308  -0.002048
-307  -0.001552
-306  -0.003102
-305  -0.004910
-304  -0.001498
-303  -0.001704
-302  -0.001694
-301  -0.001614
-300  -0.001134
-299  -0.002638
-298  -0.001844
-297  -0.003754
-296  -0.000048
-295  -0.001810
-294  -0.000294
-293  -0.000056
-292   0.000134
-291  -0.000774
-290   0.001334
-289  -0.001370
-288  -0.000122
-287   0.003696
-286   0.000478
-285   0.000656
-284   0.002470
-283   0.001238
-282   0.001300
-281   0.000084
-280   0.001180
-279   0.001546
-278   0.000866
-277   0.000790
-276   0.000022
-275   0.000060
-274   0.002546
-273   0.001980
-272   0.003464
-271   0.002706
-270   0.002572
-269   0.004530
-268   0.003294
-267   0.003082
-266   0.004198
-265   0.002976
-264   0.002396
-263   0.003818
-262   0.004078
-261   0.003294
-260   0.004188
-259   0.003142
-258   0.006488
-257   0.007124
-256   0.007426
-255   0.005488
-254   0.005630
-253   0.006024
-252   0.005492
-251   0.006530
-250   0.005740
-249   0.007220
-248   0.006644
-247   0.004646
-246   0.006814
-245   0.006442
-244   0.005204
-243   0.005964
-242   0.005254
-241   0.003912
-240   0.002562
-239   0.003826
-238   0.004674
-237   0.003768
-236   0.001558
-235   0.003240
-234   0.004532
-233   0.003386
-232   0.003594
-231   0.001838
-230   0.000968
-229   0.000022
-228   0.001748
-227  -0.000712
-226   0.000754
-225  -0.000488
-224   0.000816
-223   0.001094
-222   0.000126
-221   0.001188
-220   0.002468
-219   0.003148
-218   0.002180
-217   0.002300
-216  -0.000478
-215   0.001794
-214   0.001088
-213   0.001640
-212   0.002242
-211  -0.001332
-210   0.000840
-209   0.000568
-208   0.001968
-207   0.002530
-206   0.004242
-205   0.003198
-204   0.003074
-203   0.003120
-202   0.003872
-201   0.002448
-200   0.000902
-199   0.000332
-198   0.001052
-197   0.000430
-196   0.001850
-195   0.002054
-194  -0.000230
-193  -0.000068
-192   0.000130
-191   0.001526
-190   0.000504
-189   0.000374
-188   0.001652
-187   0.000038
-186  -0.000848
-185  -0.000188
-184  -0.001786
-183  -0.001738
-182  -0.000372
-181  -0.002122
-180  -0.003126
-179  -0.003076
-178  -0.004416
-177  -0.002774
-176  -0.003934
-175  -0.003266
-174  -0.001804
-173  -0.002414
-172  -0.003494
-171  -0.002754
-170  -0.000584
-169  -0.001142
-168  -0.000130
-167   0.000926
-166   0.000216
-165   0.001812
-164  -0.000672
-163   0.000110
-162   0.001548
-161  -0.001000
-160   0.000664
-159  -0.000598
-158   0.000962
-157   0.002142
-156   0.002712
-155   0.001212
-154  -0.000580
-153   0.000438
-152  -0.000966
-151   0.001464
-150  -0.000306
-149   0.000178
-148   0.000326
-147   0.001330
-146  -0.000304
-145  -0.000590
-144  -0.002206
-143  -0.000576
-142  -0.002026
-141  -0.001606
-140  -0.003138
-139  -0.002234
-138  -0.001920
-137  -0.001532
-136  -0.002316
-135  -0.002140
-134  -0.001968
-133  -0.001648
-132  -0.001788
-131  -0.001848
-130  -0.000462
-129  -0.002044
-128  -0.001842
-127  -0.001886
-126  -0.001610
-125  -0.003318
-124  -0.003504
-123  -0.003652
-122  -0.001974
-121  -0.000260
-120  -0.002676
-119  -0.002050
-118  -0.001530
-117  -0.000220
-116  -0.000770
-115  -0.000252
-114  -0.002054
-113  -0.000210
-112  -0.001538
-111  -0.000734
-110  -0.001332
-109  -0.003244
-108  -0.000798
-107  -0.001436
-106  -0.001684
-105  -0.003452
-104  -0.003314
-103  -0.002302
-102  -0.003702
-101  -0.005782
-100  -0.005282
-99  -0.002410
-98  -0.002630
-97  -0.004450
-96  -0.003072
-95  -0.000640
-94  -0.002318
-93  -0.000372
-92  -0.001320
-91   0.000258
-90  -0.000090
-89   0.003004
-88   0.000858
-87   0.001708
-86   0.002050
-85   0.000232
-84   0.001220
-83  -0.000166
-82   0.001652
-81   0.000010
-80   0.000564
-79   0.001226
-78  -0.000452
-77  -0.000074
-76   0.001300
-75   0.000298
-74   0.001374
-73   0.001916
-72  -0.001076
-71   0.001000
-70   0.000750
-69   0.001230
-68   0.000690
-67   0.000872
-66   0.001056
-65   0.000534
-64   0.000338
-63   0.000424
-62   0.000154
-61   0.001056
-60   0.001012
-59   0.001042
-58   0.000856
-57   0.000290
-56   0.000802
-55   0.001854
-54   0.001340
-53   0.002162
-52   0.001322
-51   0.003054
-50   0.002946
-49   0.001628
-48   0.001498
-47   0.003356
-46   0.002086
-45   0.001990
-44   0.000508
-43   0.000892
-42  -0.000854
-41   0.001066
-40   0.002162
-39   0.005382
-38   0.004430
-37   0.004318
-36   0.004620
-35   0.006146
-34   0.006196
-33   0.007700
-32   0.009470
-31   0.009578
-30   0.011292
-29   0.012054
-28   0.011722
-27   0.015272
-26   0.015528
-25   0.019258
-24   0.019560
-23   0.023330
-22   0.026738
-21   0.029546
-20   0.034256
-19   0.037422
-18   0.043194
-17   0.045838
-16   0.053450
-15   0.059338
-14   0.067826
-13   0.077792
-12   0.090966
-11   0.102532
-10   0.114356
-9   0.131556
-8   0.149574
-7   0.169048
-6   0.191482
-5   0.218600
-4   0.245010
-3   0.275920
-2   0.312836
-1   0.355188
