r MCS_10 MCS_20 MCS_40 MCS_80 MCS_160 MCS_320 MCS_640 MCS_1280 MCS_2560 MCS_5120 MCS_10240 MCS_20480 MCS_40960 
0   1.000000   1.000000   1.000000   1.000000   1.000000   1.000000   1.000000   1.000000   1.000000   1.000000   1.000000   1.000000   1.000000 
1   0.996000   0.996000   0.996200   0.996000   0.996200   0.996400   0.996800   0.996800   0.996600   0.996800   0.997400   0.998200   0.998400 
2   0.992400   0.992200   0.992400   0.992200   0.992400   0.992800   0.993600   0.993600   0.993200   0.993800   0.994800   0.996600   0.996800 
3   0.988600   0.988400   0.988600   0.988400   0.988600   0.989200   0.990400   0.990400   0.990000   0.991000   0.992200   0.995000   0.995200 
4   0.984800   0.984600   0.984800   0.984600   0.984800   0.985600   0.987200   0.987200   0.986800   0.988000   0.989600   0.993400   0.993600 
5   0.981000   0.980800   0.981000   0.980800   0.981000   0.982000   0.984000   0.984000   0.983600   0.985000   0.987000   0.991800   0.992000 
6   0.977200   0.977000   0.977200   0.977000   0.977200   0.978400   0.980800   0.980800   0.980400   0.982000   0.984400   0.990200   0.990400 
7   0.973400   0.973200   0.973400   0.973200   0.973400   0.974800   0.977600   0.977600   0.977200   0.979000   0.981800   0.988600   0.988800 
8   0.969600   0.969400   0.969600   0.969400   0.969600   0.971200   0.974400   0.974400   0.974000   0.976000   0.979200   0.987000   0.987200 
9   0.965800   0.965600   0.965800   0.965600   0.965800   0.967600   0.971200   0.971200   0.970800   0.973000   0.976600   0.985400   0.985600 
10   0.962000   0.961800   0.962000   0.961800   0.962000   0.964000   0.968000   0.968000   0.967600   0.970000   0.974000   0.983800   0.984000 
11   0.958200   0.958000   0.958200   0.958000   0.958200   0.960400   0.964800   0.964800   0.964400   0.967000   0.971400   0.982200   0.982400 
12   0.954400   0.954200   0.954400   0.954200   0.954400   0.956800   0.961600   0.961600   0.961200   0.964000   0.968800   0.980600   0.980800 
13   0.950600   0.950400   0.950600   0.950400   0.950600   0.953200   0.958400   0.958400   0.958000   0.961000   0.966200   0.979000   0.979200 
14   0.946800   0.946600   0.946800   0.946600   0.946800   0.949600   0.955200   0.955200   0.954800   0.958000   0.963600   0.977400   0.977600 
15   0.943000   0.942800   0.943000   0.942800   0.943000   0.946000   0.952000   0.952000   0.951600   0.955000   0.961000   0.975800   0.976000 
16   0.939200   0.939000   0.939200   0.939000   0.939200   0.942400   0.948800   0.948800   0.948400   0.952000   0.958400   0.974200   0.974400 
17   0.935400   0.935200   0.935400   0.935200   0.935400   0.938800   0.945600   0.945600   0.945200   0.949000   0.955800   0.972600   0.972800 
18   0.931600   0.931400   0.931600   0.931400   0.931600   0.935200   0.942400   0.942400   0.942000   0.946000   0.953200   0.971000   0.971200 
19   0.927800   0.927600   0.927800   0.927600   0.927800   0.931800   0.939200   0.939200   0.938800   0.943000   0.950600   0.969400   0.969600 
20   0.924000   0.923800   0.924000   0.923800   0.924200   0.928400   0.936000   0.936000   0.935600   0.940000   0.948000   0.967800   0.968000 
21   0.920200   0.920000   0.920200   0.920000   0.920600   0.925000   0.932800   0.932800   0.932400   0.937000   0.945400   0.966200   0.966400 
22   0.916400   0.916200   0.916400   0.916200   0.917000   0.921600   0.929600   0.929600   0.929200   0.934000   0.942800   0.964600   0.964800 
23   0.912600   0.912400   0.912600   0.912400   0.913400   0.918200   0.926400   0.926400   0.926000   0.931000   0.940200   0.963000   0.963200 
24   0.908800   0.908600   0.908800   0.908600   0.909800   0.914800   0.923200   0.923200   0.922800   0.928000   0.937600   0.961400   0.961600 
25   0.905000   0.904800   0.905000   0.904800   0.906200   0.911400   0.920000   0.920000   0.919600   0.925000   0.935000   0.959800   0.960000 
26   0.901200   0.901000   0.901200   0.901000   0.902600   0.908000   0.916800   0.916800   0.916400   0.922000   0.932400   0.958200   0.958400 
27   0.897400   0.897200   0.897400   0.897200   0.899000   0.904600   0.913600   0.913600   0.913200   0.919000   0.929800   0.956600   0.956800 
28   0.893600   0.893400   0.893600   0.893400   0.895400   0.901200   0.910400   0.910400   0.910000   0.916000   0.927200   0.955000   0.955200 
29   0.889800   0.889600   0.889800   0.889600   0.892000   0.897800   0.907200   0.907200   0.906800   0.913000   0.924600   0.953400   0.953600 
30   0.886000   0.885800   0.886000   0.885800   0.888600   0.894400   0.904000   0.904000   0.903600   0.910000   0.922000   0.951800   0.952000 
31   0.882200   0.882000   0.882200   0.882000   0.885200   0.891000   0.900800   0.900800   0.900400   0.907000   0.919400   0.950200   0.950400 
32   0.878400   0.878200   0.878400   0.878200   0.881800   0.887600   0.897600   0.897600   0.897200   0.904000   0.916800   0.948600   0.948800 
33   0.874600   0.874400   0.874600   0.874600   0.878400   0.884200   0.894400   0.894400   0.894000   0.901000   0.914200   0.947000   0.947200 
34   0.870800   0.870600   0.870800   0.871000   0.875000   0.880800   0.891200   0.891200   0.890800   0.898000   0.911600   0.945400   0.945600 
35   0.867000   0.866800   0.867200   0.867400   0.871600   0.877400   0.888000   0.888000   0.887600   0.895000   0.909000   0.943800   0.944000 
36   0.863200   0.863000   0.863600   0.863800   0.868200   0.874000   0.884800   0.884800   0.884400   0.892000   0.906400   0.942200   0.942400 
37   0.859600   0.859400   0.860000   0.860400   0.864800   0.870600   0.881600   0.881800   0.881200   0.889000   0.903800   0.940600   0.940800 
38   0.856000   0.855800   0.856400   0.857000   0.861400   0.867200   0.878400   0.878800   0.878000   0.886000   0.901200   0.939000   0.939200 
39   0.852400   0.852200   0.852800   0.853600   0.858000   0.863800   0.875200   0.875800   0.874800   0.883000   0.898600   0.937400   0.937600 
40   0.848800   0.848600   0.849200   0.850200   0.854600   0.860400   0.872000   0.872800   0.871600   0.880000   0.896000   0.935800   0.936000 
41   0.845200   0.845000   0.845600   0.846800   0.851200   0.857000   0.868800   0.869800   0.868400   0.877000   0.893400   0.934200   0.934400 
42   0.841600   0.841400   0.842000   0.843400   0.847800   0.853600   0.865600   0.866800   0.865200   0.874000   0.890800   0.932600   0.932800 
43   0.838000   0.837800   0.838400   0.840000   0.844400   0.850200   0.862400   0.863800   0.862000   0.871000   0.888200   0.931000   0.931200 
44   0.834400   0.834200   0.834800   0.836600   0.841000   0.846800   0.859200   0.860800   0.858800   0.868000   0.885600   0.929400   0.929600 
45   0.830800   0.830600   0.831200   0.833200   0.837600   0.843400   0.856000   0.857800   0.855600   0.865000   0.883000   0.927800   0.928000 
46   0.827200   0.827000   0.827800   0.829800   0.834200   0.840000   0.852800   0.854800   0.852400   0.862000   0.880400   0.926200   0.926400 
47   0.823600   0.823400   0.824400   0.826400   0.830800   0.836600   0.849600   0.851800   0.849200   0.859200   0.877800   0.924600   0.924800 
48   0.820000   0.819800   0.821000   0.823000   0.827400   0.833200   0.846600   0.848800   0.846000   0.856400   0.875200   0.923000   0.923200 
49   0.816600   0.816200   0.817600   0.819600   0.824000   0.829800   0.843600   0.845800   0.842800   0.853600   0.872600   0.921400   0.921600 
50   0.813200   0.812600   0.814200   0.816200   0.820600   0.826400   0.840600   0.842800   0.839600   0.850800   0.870000   0.919800   0.920000 
51   0.810000   0.809000   0.810800   0.812800   0.817200   0.823000   0.837600   0.839800   0.836400   0.848000   0.867400   0.918200   0.918400 
52   0.806800   0.805400   0.807400   0.809400   0.813800   0.819600   0.834600   0.836800   0.833200   0.845200   0.864800   0.916600   0.916800 
53   0.803600   0.802000   0.804000   0.806000   0.810400   0.816200   0.831600   0.833800   0.830000   0.842400   0.862200   0.915000   0.915200 
54   0.800400   0.798600   0.800600   0.802600   0.807000   0.812800   0.828600   0.830800   0.826800   0.839600   0.859600   0.913400   0.913600 
55   0.797200   0.795200   0.797200   0.799200   0.803600   0.809400   0.825600   0.827800   0.823600   0.836800   0.857000   0.911800   0.912000 
56   0.794000   0.791800   0.793800   0.795800   0.800200   0.806000   0.822600   0.824800   0.820400   0.834000   0.854400   0.910200   0.910400 
57   0.790800   0.788600   0.790400   0.792400   0.796800   0.802600   0.819600   0.821800   0.817200   0.831200   0.851800   0.908600   0.908800 
58   0.787600   0.785400   0.787000   0.789000   0.793400   0.799400   0.816600   0.818800   0.814000   0.828400   0.849200   0.907000   0.907200 
59   0.784400   0.782200   0.783800   0.785600   0.790000   0.796200   0.813600   0.815800   0.810800   0.825600   0.846600   0.905400   0.905600 
60   0.781200   0.779000   0.780600   0.782200   0.786600   0.793000   0.810600   0.812800   0.807600   0.822800   0.844000   0.903800   0.904000 
61   0.778000   0.775800   0.777400   0.779000   0.783200   0.789800   0.807600   0.809800   0.804600   0.820000   0.841400   0.902200   0.902400 
62   0.774800   0.772600   0.774200   0.775800   0.779800   0.786600   0.804600   0.806800   0.801600   0.817200   0.838800   0.900600   0.900800 
63   0.771600   0.769400   0.771000   0.772600   0.776400   0.783400   0.801600   0.803800   0.798600   0.814400   0.836200   0.899000   0.899200 
64   0.768400   0.766200   0.767800   0.769400   0.773200   0.780200   0.798600   0.800800   0.795600   0.811600   0.833600   0.897400   0.897600 
65   0.765200   0.763000   0.764600   0.766200   0.770000   0.777000   0.795600   0.797800   0.792800   0.808800   0.831000   0.895800   0.896000 
66   0.762000   0.759800   0.761400   0.763000   0.766800   0.773800   0.792600   0.794800   0.790000   0.806000   0.828400   0.894200   0.894400 
67   0.758800   0.756600   0.758200   0.759800   0.763600   0.770600   0.789600   0.791800   0.787200   0.803200   0.825800   0.892600   0.892800 
68   0.755600   0.753400   0.755000   0.756600   0.760400   0.767400   0.786600   0.788800   0.784400   0.800400   0.823200   0.891000   0.891200 
69   0.752400   0.750200   0.751800   0.753400   0.757200   0.764200   0.783600   0.785800   0.781600   0.797600   0.820600   0.889400   0.889600 
70   0.749200   0.747000   0.748600   0.750200   0.754000   0.761000   0.780600   0.782800   0.778800   0.794800   0.818000   0.887800   0.888000 
71   0.746000   0.743800   0.745400   0.747000   0.750800   0.757800   0.777600   0.779800   0.776000   0.792000   0.815400   0.886200   0.886400 
72   0.742800   0.740600   0.742200   0.743800   0.747600   0.754600   0.774600   0.776800   0.773200   0.789200   0.812800   0.884600   0.884800 
73   0.739600   0.737400   0.739000   0.740600   0.744400   0.751400   0.771600   0.773800   0.770400   0.786400   0.810200   0.883000   0.883200 
74   0.736600   0.734200   0.735800   0.737400   0.741200   0.748200   0.768600   0.770800   0.767600   0.783600   0.807600   0.881400   0.881600 
75   0.733600   0.731000   0.732600   0.734200   0.738000   0.745000   0.765600   0.767800   0.764800   0.780800   0.805000   0.879800   0.880000 
76   0.730600   0.727800   0.729400   0.731000   0.734800   0.741800   0.762600   0.764800   0.762000   0.778000   0.802400   0.878200   0.878400 
77   0.727600   0.724600   0.726200   0.727800   0.731600   0.738600   0.759600   0.761800   0.759200   0.775200   0.799800   0.876600   0.876800 
78   0.724600   0.721400   0.723000   0.724600   0.728400   0.735400   0.756600   0.758800   0.756400   0.772400   0.797200   0.875000   0.875200 
79   0.721600   0.718200   0.720000   0.721400   0.725200   0.732200   0.753600   0.755800   0.753600   0.769600   0.794600   0.873400   0.873600 
80   0.718600   0.715000   0.717000   0.718200   0.722000   0.729000   0.750600   0.752800   0.750800   0.766800   0.792000   0.871800   0.872000 
81   0.715600   0.711800   0.714000   0.715000   0.719000   0.725800   0.747600   0.749800   0.748000   0.764000   0.789400   0.870200   0.870400 
82   0.712600   0.708600   0.711000   0.711800   0.716200   0.722600   0.744600   0.746800   0.745400   0.761200   0.786800   0.868600   0.868800 
83   0.709600   0.705600   0.708000   0.708600   0.713400   0.719400   0.741600   0.743800   0.742800   0.758400   0.784200   0.867000   0.867200 
84   0.706600   0.702600   0.705000   0.705600   0.710600   0.716400   0.738600   0.740800   0.740000   0.755600   0.781600   0.865400   0.865600 
85   0.703600   0.699600   0.702000   0.702600   0.707800   0.713400   0.735600   0.737800   0.737200   0.752800   0.779000   0.863800   0.864000 
86   0.700600   0.696600   0.699000   0.699800   0.705000   0.710400   0.732600   0.734800   0.734400   0.750000   0.776400   0.862200   0.862400 
87   0.697600   0.693600   0.696000   0.697000   0.702200   0.707400   0.729600   0.731800   0.731600   0.747200   0.773800   0.860600   0.860800 
88   0.694600   0.690600   0.693000   0.694200   0.699400   0.704400   0.726600   0.728800   0.728800   0.744400   0.771200   0.859000   0.859200 
89   0.691600   0.687600   0.690000   0.691400   0.696600   0.701400   0.723600   0.725800   0.726000   0.741600   0.768600   0.857400   0.857600 
90   0.688600   0.684600   0.687000   0.688600   0.693800   0.698400   0.720600   0.722800   0.723200   0.738800   0.766000   0.855800   0.856000 
91   0.685600   0.681600   0.684000   0.685800   0.691000   0.695400   0.717600   0.719800   0.720400   0.736000   0.763400   0.854200   0.854400 
92   0.682600   0.678600   0.681000   0.683000   0.688200   0.692400   0.714600   0.716800   0.717600   0.733200   0.760800   0.852600   0.853000 
93   0.679600   0.675600   0.678000   0.680200   0.685400   0.689400   0.711600   0.713800   0.714800   0.730400   0.758200   0.851000   0.851600 
94   0.676600   0.672600   0.675000   0.677400   0.682600   0.686400   0.708600   0.710800   0.712000   0.727600   0.755600   0.849400   0.850200 
95   0.673600   0.669600   0.672000   0.674600   0.679800   0.683400   0.705600   0.707800   0.709200   0.724800   0.753000   0.847800   0.848800 
96   0.670600   0.666600   0.669000   0.671800   0.677000   0.680400   0.702800   0.704800   0.706400   0.722000   0.750600   0.846200   0.847400 
97   0.667600   0.663600   0.666000   0.669000   0.674200   0.677400   0.700000   0.701800   0.703600   0.719200   0.748200   0.844600   0.846000 
98   0.664600   0.660600   0.663000   0.666200   0.671400   0.674400   0.697200   0.698800   0.700800   0.716400   0.745800   0.843000   0.844600 
99   0.661600   0.657600   0.660000   0.663400   0.668600   0.671400   0.694400   0.695800   0.698000   0.713600   0.743400   0.841400   0.843200 
100   0.658600   0.654600   0.657000   0.660600   0.665800   0.668600   0.691600   0.692800   0.695200   0.710800   0.741000   0.839800   0.841800 
101   0.655600   0.651800   0.654000   0.657800   0.663000   0.665800   0.688800   0.689800   0.692400   0.708000   0.738600   0.838200   0.840400 
102   0.652800   0.649000   0.651000   0.655000   0.660200   0.663000   0.686000   0.686800   0.689600   0.705200   0.736200   0.836600   0.839000 
103   0.650000   0.646200   0.648000   0.652200   0.657400   0.660200   0.683200   0.683800   0.687000   0.702400   0.733800   0.835000   0.837600 
104   0.647200   0.643400   0.645200   0.649400   0.654600   0.657400   0.680400   0.680800   0.684400   0.699600   0.731400   0.833400   0.836200 
105   0.644400   0.640600   0.642400   0.646600   0.651800   0.654600   0.677600   0.677800   0.681800   0.696800   0.729000   0.831800   0.834800 
106   0.641600   0.637800   0.639600   0.643800   0.649000   0.651800   0.674800   0.674800   0.679200   0.694000   0.726600   0.830200   0.833400 
107   0.638800   0.635000   0.636800   0.641000   0.646200   0.649000   0.672000   0.671800   0.676600   0.691200   0.724200   0.828600   0.832000 
108   0.636000   0.632200   0.634000   0.638200   0.643400   0.646200   0.669200   0.668800   0.674000   0.688400   0.721800   0.827000   0.830600 
109   0.633200   0.629400   0.631200   0.635400   0.640600   0.643400   0.666400   0.665800   0.671400   0.685600   0.719400   0.825400   0.829200 
110   0.630400   0.626600   0.628400   0.632600   0.637800   0.640600   0.663600   0.662800   0.668800   0.682800   0.717000   0.823800   0.827800 
111   0.627600   0.623800   0.625600   0.629800   0.635000   0.637800   0.660800   0.659800   0.666200   0.680000   0.714600   0.822200   0.826400 
112   0.624800   0.621000   0.622800   0.627000   0.632200   0.635000   0.658000   0.656800   0.663600   0.677200   0.712200   0.820600   0.825000 
113   0.622000   0.618200   0.620000   0.624200   0.629400   0.632200   0.655200   0.653800   0.661000   0.674400   0.709800   0.819000   0.823600 
114   0.619200   0.615400   0.617200   0.621400   0.626600   0.629400   0.652400   0.650800   0.658400   0.671600   0.707400   0.817400   0.822200 
115   0.616400   0.612600   0.614400   0.618600   0.623800   0.626600   0.649600   0.647800   0.655800   0.668800   0.705000   0.815800   0.820800 
116   0.613600   0.609800   0.611600   0.615800   0.621000   0.623800   0.646800   0.644800   0.653200   0.666000   0.702600   0.814200   0.819400 
117   0.610800   0.607200   0.608800   0.613000   0.618200   0.621000   0.644000   0.641800   0.650600   0.663200   0.700200   0.812600   0.818000 
118   0.608000   0.604400   0.606000   0.610200   0.615400   0.618200   0.641200   0.638800   0.648000   0.660400   0.697800   0.811000   0.816600 
119   0.605200   0.601600   0.603200   0.607400   0.612600   0.615400   0.638400   0.635800   0.645400   0.657600   0.695400   0.809400   0.815200 
120   0.602400   0.598800   0.600400   0.604600   0.609800   0.612600   0.635600   0.632800   0.642800   0.654800   0.693000   0.807800   0.813800 
121   0.599600   0.596000   0.597600   0.601800   0.607000   0.609800   0.632800   0.629800   0.640200   0.652000   0.690600   0.806200   0.812400 
122   0.596800   0.593200   0.594800   0.599000   0.604200   0.607000   0.630000   0.626800   0.637600   0.649200   0.688200   0.804600   0.811000 
123   0.594000   0.590400   0.592000   0.596200   0.601400   0.604200   0.627200   0.624000   0.635000   0.646400   0.685800   0.803000   0.809600 
124   0.591200   0.587600   0.589200   0.593400   0.598600   0.601400   0.624400   0.621200   0.632600   0.643600   0.683400   0.801400   0.808200 
125   0.588400   0.584800   0.586400   0.590600   0.595800   0.598600   0.621600   0.618400   0.630200   0.640800   0.681000   0.799800   0.806800 
126   0.585600   0.582000   0.583600   0.587800   0.593000   0.595800   0.618800   0.615600   0.627800   0.638000   0.678600   0.798200   0.805400 
127   0.582800   0.579200   0.580800   0.585000   0.590200   0.593000   0.616000   0.612800   0.625400   0.635200   0.676200   0.796600   0.804000 
128   0.580000   0.576400   0.578000   0.582200   0.587400   0.590200   0.613200   0.610200   0.623000   0.632600   0.673800   0.795000   0.802600 
129   0.577200   0.573600   0.575200   0.579400   0.584600   0.587400   0.610400   0.607600   0.620600   0.630000   0.671400   0.793400   0.801200 
130   0.574400   0.570800   0.572400   0.576600   0.581800   0.584600   0.607600   0.605000   0.618200   0.627400   0.669000   0.791800   0.799800 
131   0.571600   0.568000   0.569600   0.573800   0.579000   0.581800   0.604800   0.602400   0.615800   0.624800   0.666600   0.790200   0.798400 
132   0.568800   0.565400   0.567000   0.571000   0.576200   0.579000   0.602000   0.599800   0.613400   0.622200   0.664200   0.788600   0.797000 
133   0.566200   0.562800   0.564400   0.568200   0.573600   0.576200   0.599200   0.597200   0.611000   0.619600   0.661800   0.787000   0.795600 
134   0.563400   0.560200   0.561800   0.565400   0.571000   0.573400   0.596400   0.594600   0.608600   0.617000   0.659400   0.785400   0.794200 
135   0.560800   0.557600   0.559200   0.562600   0.568400   0.570600   0.593600   0.592000   0.606200   0.614400   0.657000   0.783800   0.792800 
136   0.558200   0.555000   0.556600   0.560000   0.565800   0.567800   0.590800   0.589400   0.603800   0.611800   0.654600   0.782200   0.791400 
137   0.555600   0.552400   0.554000   0.557400   0.563200   0.565000   0.588000   0.586800   0.601400   0.609200   0.652200   0.780600   0.790000 
138   0.553000   0.549800   0.551400   0.554800   0.560600   0.562200   0.585200   0.584200   0.599000   0.606600   0.649800   0.779000   0.788600 
139   0.550400   0.547200   0.548800   0.552200   0.558000   0.559400   0.582400   0.581600   0.596600   0.604000   0.647400   0.777400   0.787200 
140   0.548000   0.544600   0.546200   0.549600   0.555400   0.556600   0.579600   0.579000   0.594200   0.601600   0.645000   0.775800   0.785800 
141   0.545800   0.542000   0.543800   0.547000   0.552800   0.553800   0.576800   0.576400   0.591800   0.599200   0.642600   0.774200   0.784400 
142   0.543600   0.539400   0.541400   0.544400   0.550200   0.551000   0.574000   0.573800   0.589200   0.596800   0.640200   0.772600   0.783000 
143   0.541400   0.536800   0.539000   0.541800   0.547600   0.548200   0.571200   0.571200   0.586600   0.594400   0.637800   0.771000   0.781600 
144   0.539200   0.534200   0.536600   0.539200   0.545000   0.545400   0.568400   0.568800   0.584200   0.592000   0.635400   0.769400   0.780200 
145   0.537000   0.531800   0.534200   0.536600   0.542400   0.542600   0.565600   0.566400   0.581800   0.589800   0.633000   0.767800   0.778800 
146   0.534800   0.529400   0.531800   0.534000   0.539800   0.539800   0.562800   0.564000   0.579400   0.587600   0.630600   0.766200   0.777400 
147   0.532600   0.527200   0.529400   0.531400   0.537200   0.537000   0.560000   0.561600   0.577000   0.585400   0.628200   0.764600   0.776000 
148   0.530400   0.525000   0.527000   0.528800   0.534600   0.534200   0.557200   0.559200   0.574600   0.583400   0.625800   0.763000   0.774600 
149   0.528200   0.522800   0.524600   0.526200   0.532000   0.531400   0.554400   0.556800   0.572200   0.581400   0.623400   0.761400   0.773200 
150   0.526000   0.520600   0.522200   0.523800   0.529400   0.528600   0.551600   0.554400   0.569800   0.579400   0.621000   0.759800   0.771800 
151   0.523800   0.518400   0.519800   0.521400   0.526800   0.525800   0.548800   0.552000   0.567400   0.577800   0.618600   0.758200   0.770400 
152   0.521600   0.516200   0.517400   0.519000   0.524200   0.523000   0.546000   0.549600   0.565000   0.576200   0.616200   0.756600   0.769000 
153   0.519400   0.514000   0.515000   0.516600   0.521600   0.520200   0.543200   0.547200   0.562600   0.574600   0.613800   0.755000   0.767600 
154   0.517200   0.511800   0.512600   0.514200   0.519000   0.517400   0.540400   0.544800   0.560200   0.573000   0.611400   0.753400   0.766200 
155   0.515000   0.509600   0.510200   0.511800   0.516400   0.514600   0.537600   0.542400   0.557800   0.571400   0.609000   0.751800   0.764800 
156   0.512800   0.507400   0.507800   0.509400   0.513800   0.511800   0.534800   0.540000   0.555600   0.569800   0.606600   0.750200   0.763400 
157   0.510600   0.505200   0.505400   0.507000   0.511200   0.509000   0.532000   0.537600   0.553400   0.568200   0.604200   0.748600   0.762000 
158   0.508400   0.503000   0.503000   0.504600   0.508600   0.506200   0.529200   0.535200   0.551200   0.566600   0.601800   0.747000   0.760600 
159   0.506200   0.500800   0.500600   0.502200   0.506000   0.503400   0.526400   0.532800   0.549000   0.565000   0.599600   0.745400   0.759200 
160   0.504000   0.498600   0.498200   0.499800   0.503400   0.500600   0.523600   0.530400   0.546800   0.563400   0.597400   0.743800   0.757800 
161   0.501800   0.496400   0.495800   0.497400   0.500800   0.497800   0.520800   0.528000   0.544600   0.561800   0.595200   0.742200   0.756400 
162   0.499600   0.494200   0.493400   0.495000   0.498200   0.495000   0.518000   0.525600   0.542400   0.560200   0.593000   0.740600   0.755000 
163   0.497400   0.492000   0.491000   0.492600   0.495600   0.492200   0.515200   0.523200   0.540200   0.558600   0.590800   0.739000   0.753600 
164   0.495200   0.489800   0.488600   0.490200   0.493000   0.489400   0.512400   0.520800   0.538000   0.557000   0.588600   0.737400   0.752200 
165   0.493000   0.487600   0.486200   0.487800   0.490400   0.486600   0.509600   0.518400   0.535800   0.555400   0.586400   0.735800   0.750800 
166   0.490800   0.485400   0.483800   0.485400   0.488000   0.483800   0.506800   0.516000   0.533600   0.553800   0.584200   0.734200   0.749400 
167   0.488600   0.483200   0.481400   0.483000   0.485600   0.481000   0.504000   0.513600   0.531400   0.552200   0.582000   0.732600   0.748000 
168   0.486400   0.481000   0.479000   0.480600   0.483200   0.478200   0.501200   0.511200   0.529200   0.550600   0.579800   0.731000   0.746600 
169   0.484200   0.478600   0.476600   0.478200   0.481000   0.475400   0.498400   0.508800   0.527000   0.549000   0.577800   0.729400   0.745200 
170   0.482000   0.476400   0.474200   0.475800   0.478800   0.472600   0.495600   0.506400   0.524800   0.547400   0.575800   0.727800   0.743800 
171   0.479800   0.474200   0.471800   0.473400   0.476600   0.469800   0.492800   0.504000   0.522600   0.545800   0.573800   0.726200   0.742400 
172   0.477600   0.472000   0.469400   0.471000   0.474600   0.467000   0.490000   0.501600   0.520400   0.544200   0.571800   0.724600   0.741000 
173   0.475400   0.469800   0.467000   0.468600   0.472600   0.464200   0.487400   0.499200   0.518200   0.542600   0.569800   0.723000   0.739600 
174   0.473200   0.467600   0.464600   0.466400   0.470600   0.461400   0.484800   0.496800   0.516000   0.541000   0.567800   0.721400   0.738200 
175   0.471000   0.465400   0.462400   0.464200   0.468600   0.458600   0.482200   0.494400   0.513800   0.539400   0.565800   0.719800   0.736800 
176   0.468800   0.463200   0.460200   0.462000   0.466600   0.456000   0.479600   0.492200   0.511600   0.537800   0.563800   0.718200   0.735400 
177   0.466600   0.461000   0.458000   0.459800   0.464600   0.453400   0.477000   0.490000   0.509400   0.536200   0.561800   0.716600   0.734000 
178   0.464400   0.458800   0.455800   0.457600   0.462600   0.450800   0.474400   0.487800   0.507200   0.534600   0.559800   0.715000   0.732600 
179   0.462200   0.456600   0.453600   0.455400   0.460600   0.448200   0.471800   0.485600   0.505000   0.533000   0.557800   0.713400   0.731200 
180   0.460000   0.454400   0.451400   0.453200   0.458600   0.445600   0.469200   0.483400   0.502800   0.531400   0.555800   0.711800   0.729800 
181   0.457800   0.452200   0.449200   0.451000   0.456600   0.443000   0.466600   0.481200   0.500600   0.529800   0.553800   0.710200   0.728400 
182   0.455600   0.450000   0.447000   0.448800   0.454600   0.440400   0.464200   0.479000   0.498400   0.528200   0.551800   0.708600   0.727000 
183   0.453400   0.447800   0.444800   0.446600   0.452600   0.437800   0.461800   0.476800   0.496200   0.526600   0.549800   0.707000   0.725600 
184   0.451200   0.445600   0.442600   0.444400   0.450600   0.435200   0.459400   0.474600   0.494200   0.525000   0.547800   0.705400   0.724200 
185   0.449000   0.443400   0.440400   0.442200   0.448600   0.432600   0.457000   0.472400   0.492200   0.523400   0.545800   0.703800   0.722800 
186   0.446800   0.441200   0.438200   0.440000   0.446600   0.430000   0.454600   0.470200   0.490200   0.521600   0.543800   0.702200   0.721400 
187   0.444600   0.439000   0.436000   0.437800   0.444600   0.427400   0.452200   0.468200   0.488200   0.519800   0.541800   0.700600   0.720000 
188   0.442400   0.436800   0.433800   0.435600   0.442600   0.424800   0.449800   0.466200   0.486200   0.518000   0.539800   0.699000   0.718600 
189   0.440200   0.434600   0.431600   0.433600   0.440600   0.422200   0.447400   0.464400   0.484200   0.516200   0.537800   0.697400   0.717200 
190   0.438000   0.432400   0.429400   0.431600   0.438600   0.419600   0.445000   0.462600   0.482200   0.514400   0.535800   0.695800   0.715800 
191   0.435800   0.430200   0.427200   0.429600   0.436600   0.417000   0.442600   0.460800   0.480200   0.512600   0.533800   0.694200   0.714400 
192   0.433600   0.428000   0.425000   0.427600   0.434600   0.414400   0.440200   0.459000   0.478200   0.510800   0.531800   0.692600   0.713000 
193   0.431400   0.425800   0.422800   0.425600   0.432600   0.412000   0.437800   0.457200   0.476200   0.509000   0.529800   0.691000   0.711600 
194   0.429200   0.423600   0.420600   0.423800   0.430600   0.409600   0.435400   0.455400   0.474200   0.507200   0.527800   0.689400   0.710200 
195   0.427000   0.421400   0.418400   0.422000   0.428600   0.407400   0.433000   0.453600   0.472200   0.505400   0.525800   0.687800   0.708800 
196   0.424800   0.419200   0.416200   0.420200   0.426600   0.405200   0.430600   0.451800   0.470200   0.503600   0.523800   0.686200   0.707400 
197   0.422600   0.417000   0.414000   0.418400   0.424600   0.403000   0.428200   0.450000   0.468200   0.501800   0.521800   0.684600   0.706000 
198   0.420400   0.414800   0.411800   0.416600   0.422600   0.400800   0.425800   0.448200   0.466200   0.500000   0.519800   0.683000   0.704600 
199   0.418400   0.412600   0.409600   0.414800   0.420600   0.398600   0.423400   0.446400   0.464200   0.498200   0.517800   0.681400   0.703200 
200   0.416400   0.410400   0.407400   0.413000   0.418600   0.396400   0.421000   0.444600   0.462200   0.496400   0.515800   0.679800   0.701800 
201   0.414400   0.408200   0.405200   0.411200   0.416600   0.394200   0.418600   0.442800   0.460400   0.494600   0.513800   0.678200   0.700400 
202   0.412400   0.406000   0.403200   0.409400   0.414600   0.392200   0.416200   0.441000   0.458600   0.492800   0.511800   0.676600   0.699000 
203   0.410400   0.403800   0.401400   0.407600   0.412600   0.390200   0.414000   0.439200   0.456800   0.491000   0.509800   0.675000   0.697600 
204   0.408400   0.401600   0.399600   0.405800   0.410600   0.388400   0.411800   0.437400   0.455000   0.489200   0.507800   0.673400   0.696200 
205   0.406400   0.399400   0.397800   0.404000   0.408600   0.386600   0.409600   0.435600   0.453200   0.487400   0.505800   0.671800   0.694800 
206   0.404400   0.397200   0.396000   0.402200   0.406600   0.384800   0.407400   0.433800   0.451400   0.485600   0.503800   0.670200   0.693400 
207   0.402600   0.395200   0.394200   0.400400   0.404600   0.383000   0.405200   0.432000   0.449600   0.483800   0.501800   0.668600   0.692000 
208   0.400800   0.393400   0.392400   0.398600   0.402600   0.381200   0.403000   0.430200   0.447800   0.482000   0.499800   0.667000   0.690600 
209   0.399000   0.391600   0.390600   0.396800   0.400600   0.379400   0.400800   0.428400   0.446000   0.480200   0.497800   0.665400   0.689200 
210   0.397200   0.389800   0.388800   0.395000   0.398600   0.377600   0.398600   0.426600   0.444200   0.478400   0.495800   0.663800   0.687800 
211   0.395400   0.388000   0.387000   0.393200   0.396600   0.375800   0.396400   0.424800   0.442400   0.476600   0.493800   0.662200   0.686400 
212   0.393800   0.386200   0.385200   0.391400   0.394600   0.374000   0.394200   0.423000   0.440600   0.474800   0.491800   0.660600   0.685000 
213   0.392200   0.384400   0.383400   0.389600   0.392600   0.372200   0.392000   0.421200   0.438800   0.473000   0.489800   0.659000   0.683600 
214   0.390600   0.382600   0.381600   0.387800   0.390600   0.370400   0.389800   0.419400   0.437000   0.471200   0.487800   0.657400   0.682200 
215   0.389000   0.380800   0.379800   0.386000   0.388600   0.368600   0.387600   0.417600   0.435400   0.469400   0.485800   0.655800   0.681000 
216   0.387400   0.379000   0.378000   0.384200   0.386600   0.366800   0.385400   0.415800   0.433800   0.467600   0.483800   0.654200   0.679800 
217   0.385800   0.377400   0.376200   0.382400   0.384600   0.365000   0.383200   0.414000   0.432200   0.465800   0.481800   0.652600   0.678600 
218   0.384200   0.375800   0.374600   0.380600   0.382600   0.363200   0.381000   0.412200   0.430600   0.464000   0.479800   0.651000   0.677600 
219   0.382600   0.374200   0.373000   0.378800   0.380800   0.361400   0.378800   0.410400   0.429000   0.462200   0.477800   0.649400   0.676600 
220   0.381000   0.372600   0.371400   0.377000   0.379000   0.359600   0.376600   0.408600   0.427400   0.460400   0.475800   0.647800   0.675600 
221   0.379400   0.371000   0.369800   0.375200   0.377200   0.357800   0.374400   0.406800   0.425800   0.458600   0.473800   0.646200   0.674600 
222   0.377800   0.369400   0.368200   0.373400   0.375400   0.356000   0.372200   0.405000   0.424200   0.456800   0.471800   0.644600   0.673600 
223   0.376200   0.367800   0.366600   0.371600   0.373600   0.354200   0.370000   0.403200   0.422600   0.455000   0.469800   0.643000   0.672600 
224   0.374600   0.366200   0.365000   0.370000   0.371800   0.352400   0.367800   0.401400   0.421000   0.453200   0.467800   0.641400   0.671600 
225   0.373000   0.364600   0.363400   0.368400   0.370000   0.350600   0.365600   0.399600   0.419400   0.451400   0.465800   0.639800   0.670600 
226   0.371400   0.363000   0.361800   0.366800   0.368200   0.348800   0.363400   0.397800   0.417800   0.449600   0.463800   0.638200   0.669600 
227   0.369800   0.361400   0.360200   0.365200   0.366400   0.347000   0.361200   0.396000   0.416200   0.447800   0.461800   0.636600   0.668600 
228   0.368200   0.359800   0.358600   0.363600   0.364800   0.345200   0.359000   0.394200   0.414600   0.446000   0.459800   0.635000   0.667600 
229   0.366600   0.358200   0.357000   0.362000   0.363200   0.343400   0.356800   0.392400   0.413000   0.444200   0.457800   0.633400   0.666600 
230   0.365000   0.356600   0.355400   0.360400   0.361600   0.341600   0.354600   0.390600   0.411400   0.442400   0.455800   0.631800   0.665600 
231   0.363400   0.355000   0.353800   0.358800   0.360000   0.339800   0.352400   0.388800   0.409800   0.440600   0.453800   0.630200   0.664600 
232   0.361800   0.353400   0.352200   0.357200   0.358400   0.338200   0.350400   0.387000   0.408200   0.438800   0.451800   0.628600   0.663600 
233   0.360200   0.351800   0.350600   0.355600   0.356800   0.336600   0.348400   0.385200   0.406600   0.437000   0.449800   0.627000   0.662600 
234   0.358600   0.350200   0.349000   0.354000   0.355200   0.335000   0.346400   0.383400   0.405000   0.435200   0.447800   0.625400   0.661600 
235   0.357000   0.348600   0.347400   0.352400   0.353600   0.333400   0.344400   0.381600   0.403400   0.433400   0.445800   0.623800   0.660600 
236   0.355400   0.347000   0.345800   0.350800   0.352000   0.331800   0.342400   0.379800   0.401800   0.431600   0.443800   0.622200   0.659600 
237   0.353800   0.345400   0.344200   0.349200   0.350400   0.330200   0.340400   0.378000   0.400200   0.429800   0.441800   0.620600   0.658600 
238   0.352200   0.343800   0.342600   0.347600   0.348800   0.328600   0.338400   0.376200   0.398600   0.428000   0.439800   0.619000   0.657600 
239   0.350600   0.342200   0.341000   0.346000   0.347200   0.327000   0.336600   0.374400   0.397000   0.426200   0.437800   0.617400   0.656600 
240   0.349000   0.340600   0.339400   0.344400   0.345600   0.325400   0.334800   0.372600   0.395400   0.424400   0.435800   0.615800   0.655600 
241   0.347400   0.339000   0.337800   0.342800   0.344000   0.323800   0.333000   0.370800   0.393800   0.422600   0.433800   0.614200   0.654600 
242   0.345800   0.337400   0.336200   0.341200   0.342400   0.322200   0.331200   0.369000   0.392200   0.420800   0.432000   0.612600   0.653600 
243   0.344200   0.335800   0.334600   0.339600   0.340800   0.320600   0.329400   0.367400   0.390600   0.419000   0.430200   0.611000   0.652600 
244   0.342600   0.334200   0.333000   0.338000   0.339200   0.319000   0.327600   0.365800   0.389000   0.417200   0.428400   0.609400   0.651600 
245   0.341000   0.332600   0.331400   0.336400   0.337600   0.317600   0.325800   0.364200   0.387400   0.415400   0.426600   0.607800   0.650600 
246   0.339400   0.331000   0.329800   0.334800   0.336000   0.316200   0.324200   0.362600   0.385800   0.413600   0.424800   0.606200   0.649600 
247   0.337800   0.329400   0.328200   0.333200   0.334400   0.314800   0.322600   0.361000   0.384200   0.411800   0.423000   0.604600   0.648600 
248   0.336200   0.327800   0.326600   0.331600   0.332800   0.313400   0.321000   0.359400   0.382600   0.410000   0.421200   0.603000   0.647600 
249   0.334600   0.326200   0.325000   0.330000   0.331200   0.312000   0.319400   0.357800   0.381000   0.408200   0.419400   0.601400   0.646600 
250   0.333000   0.324800   0.323600   0.328400   0.329600   0.310600   0.317800   0.356200   0.379400   0.406400   0.417600   0.599800   0.645600 
251   0.331400   0.323400   0.322200   0.326800   0.328000   0.309200   0.316200   0.354600   0.378000   0.404600   0.415800   0.598200   0.644600 
252   0.330000   0.322000   0.320800   0.325200   0.326400   0.307800   0.314600   0.353000   0.376600   0.402800   0.414000   0.596600   0.643600 
253   0.328600   0.320600   0.319400   0.323600   0.324800   0.306400   0.313000   0.351400   0.375400   0.401000   0.412200   0.595000   0.642600 
254   0.327200   0.319200   0.318000   0.322000   0.323200   0.305000   0.311400   0.349800   0.374200   0.399200   0.410400   0.593400   0.641600 
255   0.325800   0.317800   0.316600   0.320400   0.321600   0.303600   0.309800   0.348200   0.373000   0.397400   0.408600   0.591800   0.640600 
256   0.324400   0.316400   0.315200   0.318800   0.320000   0.302200   0.308200   0.346800   0.371800   0.395600   0.406800   0.590200   0.639600 
257   0.323000   0.315000   0.313800   0.317200   0.318400   0.300800   0.306600   0.345400   0.370600   0.393800   0.405000   0.588600   0.638600 
258   0.321600   0.313600   0.312400   0.315600   0.316800   0.299400   0.305000   0.344200   0.369400   0.392000   0.403200   0.587000   0.637600 
259   0.320200   0.312200   0.311000   0.314000   0.315200   0.298000   0.303400   0.343000   0.368200   0.390200   0.401400   0.585400   0.636600 
260   0.318800   0.310800   0.309600   0.312600   0.314000   0.296600   0.301800   0.341800   0.367000   0.388400   0.399600   0.583800   0.635600 
261   0.317400   0.309400   0.308200   0.311200   0.312800   0.295200   0.300200   0.340600   0.365800   0.386600   0.397800   0.582200   0.634600 
262   0.316000   0.308000   0.306800   0.309800   0.311600   0.293800   0.298600   0.339400   0.364600   0.384800   0.396000   0.580800   0.633600 
263   0.314600   0.306600   0.305400   0.308600   0.310600   0.292400   0.297000   0.338200   0.363400   0.383000   0.394200   0.579400   0.632600 
264   0.313200   0.305200   0.304000   0.307400   0.309600   0.291000   0.295400   0.337000   0.362200   0.381200   0.392400   0.578000   0.631600 
265   0.311800   0.303800   0.302600   0.306200   0.308600   0.289600   0.293800   0.335800   0.361000   0.379400   0.390600   0.576600   0.630600 
266   0.310400   0.302400   0.301200   0.305000   0.307600   0.288200   0.292200   0.334600   0.359800   0.377600   0.388800   0.575200   0.629600 
267   0.309000   0.301000   0.299800   0.303800   0.306600   0.286800   0.290600   0.333400   0.358600   0.375800   0.387000   0.573800   0.628600 
268   0.307600   0.299600   0.298400   0.302600   0.305600   0.285400   0.289000   0.332200   0.357400   0.374000   0.385200   0.572400   0.627600 
269   0.306200   0.298200   0.297000   0.301400   0.304600   0.284000   0.287400   0.331000   0.356200   0.372200   0.383400   0.571000   0.626600 
270   0.304800   0.296800   0.295600   0.300200   0.303600   0.282600   0.285800   0.329800   0.355000   0.370400   0.381600   0.569600   0.625600 
271   0.303400   0.295400   0.294200   0.299000   0.302600   0.281200   0.284200   0.328600   0.353800   0.368600   0.379800   0.568200   0.624600 
272   0.302000   0.294000   0.292800   0.297800   0.301600   0.279800   0.282600   0.327400   0.352600   0.366800   0.378000   0.566800   0.623600 
273   0.300600   0.292600   0.291400   0.296600   0.300600   0.278400   0.281000   0.326200   0.351400   0.365000   0.376200   0.565400   0.622600 
274   0.299200   0.291200   0.290000   0.295400   0.299600   0.277000   0.279600   0.325000   0.350200   0.363400   0.374400   0.564000   0.621600 
275   0.297800   0.289800   0.288600   0.294200   0.298600   0.275600   0.278200   0.323800   0.349000   0.361800   0.372600   0.562600   0.620600 
276   0.296400   0.288400   0.287200   0.293000   0.297600   0.274200   0.276800   0.322600   0.347800   0.360200   0.370800   0.561200   0.619600 
277   0.295000   0.287000   0.285800   0.291800   0.296600   0.272800   0.275400   0.321400   0.346600   0.358600   0.369000   0.559800   0.618600 
278   0.293600   0.285600   0.284400   0.290600   0.295600   0.271400   0.274000   0.320200   0.345400   0.357000   0.367200   0.558400   0.617600 
279   0.292200   0.284200   0.283000   0.289600   0.294600   0.270000   0.272600   0.319000   0.344200   0.355400   0.365400   0.557200   0.616600 
280   0.290800   0.282800   0.281600   0.288600   0.293600   0.268600   0.271200   0.317800   0.343000   0.353800   0.363600   0.556000   0.615600 
281   0.289400   0.281400   0.280200   0.287600   0.292600   0.267200   0.269800   0.316600   0.341800   0.352200   0.361800   0.554800   0.614600 
282   0.288200   0.280000   0.278800   0.286600   0.291600   0.265800   0.268400   0.315600   0.340800   0.350600   0.360000   0.553600   0.613600 
283   0.287000   0.278600   0.277400   0.285600   0.290600   0.264400   0.267000   0.314600   0.339800   0.349000   0.358200   0.552400   0.612600 
284   0.285800   0.277400   0.276000   0.284600   0.289600   0.263000   0.265600   0.313600   0.338800   0.347400   0.356400   0.551200   0.611600 
285   0.284600   0.276200   0.274600   0.283600   0.288600   0.261600   0.264200   0.312600   0.337800   0.345800   0.354600   0.550000   0.610600 
286   0.283400   0.275000   0.273200   0.282600   0.287600   0.260200   0.262800   0.311600   0.336800   0.344200   0.352800   0.548800   0.609600 
287   0.282200   0.273800   0.272000   0.281600   0.286600   0.258800   0.261400   0.310600   0.335800   0.342600   0.351000   0.547600   0.608600 
288   0.281000   0.272600   0.270800   0.280600   0.285600   0.257400   0.260000   0.309600   0.334800   0.341000   0.349200   0.546400   0.607600 
289   0.279800   0.271400   0.269600   0.279600   0.284600   0.256200   0.258800   0.308600   0.333800   0.339400   0.347400   0.545200   0.606600 
290   0.278600   0.270200   0.268400   0.278600   0.283600   0.255000   0.257600   0.307600   0.332800   0.337800   0.345600   0.544000   0.605600 
291   0.277400   0.269000   0.267200   0.277600   0.282600   0.253800   0.256400   0.306600   0.331800   0.336200   0.343800   0.542800   0.604600 
292   0.276200   0.267800   0.266000   0.276600   0.281600   0.252600   0.255200   0.305600   0.330800   0.334600   0.342000   0.541600   0.603600 
293   0.275000   0.266600   0.264800   0.275600   0.280600   0.251400   0.254200   0.304600   0.329800   0.333000   0.340200   0.540400   0.602600 
294   0.273800   0.265400   0.263600   0.274600   0.279600   0.250200   0.253200   0.303600   0.328800   0.331400   0.338400   0.539200   0.601600 
295   0.272600   0.264200   0.262400   0.273600   0.278600   0.249000   0.252200   0.302600   0.327800   0.329800   0.336600   0.538000   0.600600 
296   0.271400   0.263000   0.261400   0.272600   0.277600   0.247800   0.251200   0.301600   0.326800   0.328200   0.334800   0.536800   0.599600 
297   0.270200   0.261800   0.260400   0.271600   0.276600   0.246600   0.250200   0.300600   0.325800   0.326600   0.333000   0.535600   0.598600 
298   0.269000   0.260600   0.259400   0.270600   0.275600   0.245600   0.249200   0.299600   0.324800   0.325000   0.331200   0.534400   0.597600 
299   0.267800   0.259400   0.258400   0.269600   0.274600   0.244600   0.248400   0.298600   0.323800   0.323400   0.329400   0.533200   0.596600 
300   0.266600   0.258200   0.257400   0.268600   0.273600   0.243600   0.247600   0.297600   0.322800   0.321800   0.327600   0.532000   0.595600 
301   0.265400   0.257000   0.256400   0.267600   0.272600   0.242600   0.246800   0.296600   0.321800   0.320200   0.325800   0.530800   0.594600 
302   0.264200   0.255800   0.255400   0.266600   0.271600   0.241600   0.246000   0.295600   0.320800   0.318600   0.324000   0.529600   0.593600 
303   0.263000   0.254600   0.254400   0.265600   0.270600   0.240600   0.245200   0.294600   0.319800   0.317000   0.322200   0.528400   0.592800 
304   0.261800   0.253400   0.253400   0.264600   0.269600   0.239600   0.244400   0.293600   0.318800   0.315400   0.320400   0.527200   0.592000 
305   0.260600   0.252200   0.252400   0.263600   0.268600   0.238600   0.243600   0.292600   0.317800   0.313800   0.318600   0.526000   0.591200 
306   0.259400   0.251000   0.251400   0.262600   0.267600   0.237600   0.242800   0.291600   0.316800   0.312200   0.316800   0.524800   0.590400 
307   0.258200   0.249800   0.250400   0.261600   0.266600   0.236600   0.242000   0.290600   0.315800   0.310600   0.315000   0.523600   0.589600 
308   0.257000   0.248600   0.249400   0.260600   0.265600   0.235600   0.241200   0.289600   0.314800   0.309000   0.313400   0.522400   0.588800 
309   0.255800   0.247400   0.248400   0.259600   0.264600   0.234600   0.240400   0.288600   0.313800   0.307400   0.311800   0.521200   0.588000 
310   0.254600   0.246200   0.247400   0.258600   0.263600   0.233600   0.239800   0.287600   0.312800   0.305800   0.310200   0.520000   0.587200 
311   0.253400   0.245400   0.246400   0.257600   0.262600   0.232600   0.239200   0.286600   0.311800   0.304200   0.308600   0.518800   0.586400 
312   0.252200   0.244600   0.245400   0.256600   0.261600   0.231600   0.238600   0.285600   0.310800   0.302600   0.307000   0.517600   0.585600 
313   0.251000   0.243800   0.244400   0.255600   0.260600   0.230600   0.238000   0.284600   0.309800   0.301000   0.305400   0.516400   0.584800 
314   0.249800   0.243000   0.243400   0.254600   0.259600   0.229600   0.237400   0.283800   0.308800   0.299400   0.303800   0.515200   0.584000 
315   0.248600   0.242200   0.242400   0.253600   0.258600   0.228600   0.236800   0.283000   0.307600   0.297800   0.302200   0.514000   0.583200 
316   0.247400   0.241400   0.241400   0.252600   0.257600   0.227600   0.236200   0.282200   0.306400   0.296200   0.300600   0.512800   0.582400 
317   0.246400   0.240600   0.240400   0.251600   0.256600   0.226600   0.235800   0.281400   0.305200   0.294600   0.299000   0.511600   0.581600 
318   0.245600   0.239800   0.239600   0.250600   0.255600   0.225600   0.235400   0.280600   0.304000   0.293000   0.297400   0.510400   0.580800 
319   0.244800   0.239000   0.238800   0.249600   0.254800   0.224600   0.235000   0.279800   0.303000   0.291400   0.295800   0.509200   0.580000 
320   0.244000   0.238200   0.238000   0.248600   0.254000   0.223600   0.234600   0.279000   0.302200   0.289800   0.294200   0.508000   0.579200 
321   0.243200   0.237400   0.237200   0.247600   0.253200   0.222800   0.234200   0.278200   0.301400   0.288200   0.292600   0.506800   0.578400 
322   0.242400   0.236600   0.236400   0.246800   0.252400   0.222000   0.233800   0.277400   0.300600   0.286600   0.291000   0.505600   0.577600 
323   0.241600   0.235800   0.235600   0.246000   0.251600   0.221200   0.233400   0.276600   0.299800   0.285000   0.289400   0.504400   0.576800 
324   0.240800   0.235000   0.234800   0.245200   0.250800   0.220400   0.233000   0.275800   0.299000   0.283400   0.287800   0.503200   0.576000 
325   0.240000   0.234200   0.234000   0.244400   0.250000   0.219600   0.232600   0.275000   0.298200   0.281800   0.286200   0.502000   0.575200 
326   0.239200   0.233400   0.233200   0.243600   0.249200   0.218800   0.232200   0.274200   0.297400   0.280200   0.284600   0.500800   0.574400 
327   0.238400   0.232600   0.232400   0.242800   0.248400   0.218000   0.231800   0.273400   0.296600   0.278600   0.283000   0.499600   0.573600 
328   0.237600   0.231800   0.231600   0.242000   0.247600   0.217200   0.231400   0.272600   0.295800   0.277000   0.281400   0.498400   0.572800 
329   0.236800   0.231000   0.230800   0.241200   0.246800   0.216400   0.231000   0.272000   0.295000   0.275400   0.279800   0.497200   0.572000 
330   0.236000   0.230200   0.230000   0.240400   0.246000   0.215600   0.230800   0.271400   0.294200   0.273800   0.278200   0.496000   0.571200 
331   0.235200   0.229400   0.229200   0.239600   0.245200   0.214800   0.230600   0.270800   0.293400   0.272200   0.276600   0.494800   0.570400 
332   0.234400   0.228600   0.228400   0.238800   0.244400   0.214000   0.230400   0.270200   0.292600   0.270600   0.275000   0.493600   0.569600 
333   0.233600   0.227800   0.227600   0.238000   0.243600   0.213200   0.230200   0.269600   0.291800   0.269000   0.273400   0.492400   0.568800 
334   0.232800   0.227000   0.227000   0.237200   0.242800   0.212400   0.230000   0.269000   0.291000   0.267400   0.271800   0.491200   0.568000 
335   0.232200   0.226200   0.226600   0.236400   0.242000   0.211600   0.229800   0.268400   0.290200   0.265800   0.270200   0.490000   0.567200 
336   0.231400   0.225400   0.226200   0.235600   0.241200   0.210800   0.229600   0.267800   0.289400   0.264400   0.268600   0.488800   0.566400 
337   0.230800   0.224600   0.225800   0.234800   0.240400   0.210200   0.229400   0.267200   0.288600   0.263000   0.267000   0.487600   0.565600 
338   0.230200   0.224200   0.225400   0.234000   0.239600   0.209600   0.229200   0.266600   0.287800   0.261600   0.265400   0.486400   0.564800 
339   0.229600   0.223800   0.225000   0.233200   0.238800   0.209000   0.229000   0.266000   0.287000   0.260200   0.263800   0.485200   0.564000 
340   0.229000   0.223400   0.224600   0.232400   0.238000   0.208400   0.228800   0.265600   0.286200   0.258800   0.262200   0.484000   0.563200 
341   0.228400   0.223000   0.224200   0.231600   0.237200   0.207800   0.228600   0.265200   0.285400   0.257400   0.260600   0.483000   0.562400 
342   0.227800   0.222600   0.223800   0.230800   0.236400   0.207400   0.228400   0.264800   0.284600   0.256000   0.259000   0.482000   0.561600 
343   0.227200   0.222200   0.223400   0.230000   0.235600   0.207000   0.228200   0.264400   0.283800   0.254600   0.257400   0.481000   0.560800 
344   0.226800   0.221800   0.223000   0.229400   0.234800   0.206800   0.228000   0.264000   0.283000   0.253200   0.255800   0.480000   0.560000 
345   0.226400   0.221400   0.222600   0.229000   0.234000   0.206600   0.227800   0.263600   0.282200   0.251800   0.254200   0.479000   0.559200 
346   0.226000   0.221000   0.222200   0.228600   0.233200   0.206400   0.227600   0.263200   0.281400   0.250400   0.252800   0.478000   0.558400 
347   0.225600   0.220600   0.221800   0.228200   0.232600   0.206200   0.227400   0.262800   0.280600   0.249000   0.251600   0.477000   0.557600 
348   0.225200   0.220200   0.221400   0.228000   0.232400   0.206000   0.227200   0.262400   0.279800   0.247600   0.250400   0.476000   0.556800 
349   0.224800   0.219800   0.221000   0.227800   0.232200   0.206000   0.227000   0.262000   0.279000   0.246200   0.249200   0.475000   0.556000 
350   0.224400   0.219400   0.220800   0.227600   0.232000   0.206000   0.226800   0.261600   0.278200   0.244800   0.248000   0.474000   0.555200 
351   0.224000   0.219200   0.220600   0.227400   0.232000   0.206000   0.226600   0.261200   0.277400   0.243400   0.246800   0.473000   0.554400 
352   0.223800   0.219000   0.220400   0.227200   0.232000   0.206000   0.226400   0.260800   0.276600   0.242000   0.245800   0.472000   0.553600 
353   0.223600   0.218800   0.220200   0.227000   0.232000   0.206000   0.226200   0.260400   0.275800   0.240600   0.244800   0.471000   0.552800 
354   0.223400   0.218600   0.220000   0.226800   0.232000   0.206000   0.226000   0.260200   0.275000   0.239200   0.243800   0.470000   0.552000 
355   0.223200   0.218400   0.219800   0.226600   0.232000   0.206000   0.225800   0.260000   0.274200   0.237800   0.242800   0.469000   0.551200 
356   0.223000   0.218200   0.219600   0.226400   0.232000   0.206000   0.225600   0.259800   0.273400   0.236400   0.241800   0.468000   0.550400 
357   0.222800   0.218000   0.219400   0.226200   0.232000   0.206000   0.225400   0.259600   0.272600   0.235000   0.240800   0.467000   0.549600 
358   0.222600   0.217800   0.219200   0.226000   0.232000   0.206000   0.225200   0.259400   0.271800   0.233600   0.239800   0.466000   0.548800 
359   0.222400   0.217600   0.219000   0.225800   0.232000   0.206000   0.225000   0.259200   0.271000   0.232200   0.238800   0.465000   0.548000 
360   0.222200   0.217600   0.219000   0.225800   0.232000   0.205800   0.224800   0.259000   0.270200   0.230800   0.237800   0.464000   0.547200 
361   0.222000   0.217600   0.219000   0.225600   0.232000   0.205600   0.224600   0.258800   0.269400   0.229400   0.236800   0.463000   0.546400 
362   0.221800   0.217600   0.219000   0.225400   0.232000   0.205400   0.224400   0.258600   0.268600   0.228000   0.235800   0.462000   0.545600 
363   0.221800   0.217600   0.219000   0.225200   0.232000   0.205200   0.224200   0.258400   0.267800   0.226600   0.234800   0.461000   0.544800 
364   0.221800   0.217600   0.219000   0.225000   0.232000   0.205000   0.224000   0.258200   0.267000   0.225200   0.233800   0.460000   0.544000 
365   0.221800   0.217600   0.219000   0.225000   0.232000   0.204800   0.223800   0.258000   0.266200   0.223800   0.232800   0.459000   0.543200 
366   0.221800   0.217600   0.219000   0.225000   0.232000   0.204600   0.223600   0.257800   0.265400   0.222400   0.231800   0.458000   0.542400 
367   0.221600   0.217400   0.219000   0.225000   0.232000   0.204400   0.223400   0.257600   0.264600   0.221200   0.230800   0.457000   0.541600 
368   0.221400   0.217200   0.219000   0.225000   0.232000   0.204200   0.223200   0.257400   0.263800   0.220000   0.229800   0.456000   0.540800 
369   0.221200   0.217000   0.219000   0.225000   0.232000   0.204000   0.223000   0.257200   0.263000   0.218800   0.228800   0.455000   0.540000 
370   0.221000   0.216800   0.219000   0.225000   0.232000   0.203800   0.222800   0.257000   0.262200   0.217600   0.227800   0.454200   0.539200 
371   0.220800   0.216600   0.219000   0.225000   0.232000   0.203600   0.222600   0.256800   0.261400   0.216400   0.226800   0.453400   0.538400 
372   0.220600   0.216400   0.219000   0.225000   0.232000   0.203400   0.222400   0.256600   0.260600   0.215200   0.225800   0.452600   0.537600 
373   0.220400   0.216200   0.219000   0.225000   0.232000   0.203200   0.222200   0.256400   0.259800   0.214000   0.225000   0.451800   0.536800 
374   0.220200   0.216000   0.219000   0.225000   0.232000   0.203000   0.222000   0.256200   0.259000   0.212800   0.224200   0.451000   0.536000 
375   0.220000   0.215800   0.219000   0.225000   0.232000   0.202800   0.221800   0.256000   0.258200   0.211600   0.223600   0.450200   0.535200 
376   0.219800   0.215600   0.218800   0.225000   0.232000   0.202600   0.221600   0.255800   0.257400   0.210400   0.223000   0.449400   0.534400 
377   0.219600   0.215400   0.218600   0.225000   0.232000   0.202200   0.221400   0.255600   0.256600   0.209200   0.222400   0.448600   0.533600 
378   0.219400   0.215200   0.218400   0.225000   0.232000   0.201800   0.221200   0.255400   0.255800   0.208000   0.221800   0.447800   0.532800 
379   0.219200   0.215000   0.218200   0.225000   0.232000   0.201400   0.221000   0.255200   0.255000   0.206800   0.221200   0.447000   0.532000 
380   0.219000   0.214800   0.218000   0.225000   0.232000   0.201000   0.220800   0.255000   0.254400   0.205600   0.220600   0.446200   0.531200 
381   0.218800   0.214400   0.217600   0.225000   0.232000   0.200600   0.220600   0.254800   0.253800   0.204400   0.220000   0.445400   0.530400 
382   0.218600   0.214000   0.217200   0.224800   0.231800   0.200200   0.220400   0.254600   0.253200   0.203200   0.219400   0.444600   0.529600 
383   0.218400   0.213600   0.216800   0.224600   0.231600   0.199800   0.220200   0.254400   0.252600   0.202000   0.218800   0.443800   0.528800 
384   0.218000   0.213200   0.216400   0.224400   0.231400   0.199400   0.220000   0.254200   0.252000   0.200800   0.218200   0.443000   0.528000 
385   0.217800   0.212800   0.216000   0.224200   0.231200   0.199000   0.219800   0.254000   0.251400   0.199600   0.217600   0.442200   0.527200 
386   0.217400   0.212400   0.215600   0.224000   0.231000   0.198600   0.219600   0.253800   0.250800   0.198400   0.217000   0.441400   0.526400 
387   0.217000   0.212000   0.215200   0.223800   0.230800   0.198200   0.219400   0.253600   0.250200   0.197200   0.216400   0.440600   0.525600 
388   0.216600   0.211600   0.214800   0.223600   0.230800   0.197800   0.219200   0.253400   0.249600   0.196000   0.215800   0.440000   0.524800 
389   0.216200   0.211200   0.214400   0.223400   0.230800   0.197400   0.219000   0.253200   0.249000   0.195000   0.215200   0.439400   0.524000 
390   0.215800   0.210800   0.214000   0.223200   0.230800   0.197000   0.218800   0.253000   0.248400   0.194000   0.214600   0.438800   0.523200 
391   0.215400   0.210400   0.213600   0.223000   0.230800   0.196600   0.218600   0.252800   0.247800   0.193200   0.214000   0.438200   0.522400 
392   0.215000   0.210000   0.213200   0.222800   0.230600   0.196200   0.218400   0.252600   0.247200   0.192400   0.213400   0.437600   0.521600 
393   0.214600   0.209600   0.212800   0.222600   0.230400   0.195800   0.218200   0.252400   0.246600   0.191600   0.212800   0.437000   0.520800 
394   0.214200   0.209200   0.212400   0.222400   0.230200   0.195400   0.218000   0.252200   0.246200   0.190800   0.212200   0.436400   0.520000 
395   0.213800   0.208800   0.212000   0.222000   0.230000   0.195000   0.217800   0.252000   0.245800   0.190000   0.211600   0.435800   0.519200 
396   0.213400   0.208400   0.211600   0.221600   0.229800   0.194600   0.217600   0.251800   0.245400   0.189200   0.211000   0.435200   0.518400 
397   0.213000   0.208000   0.211200   0.221200   0.229600   0.194200   0.217400   0.251600   0.245000   0.188400   0.210400   0.434600   0.517600 
398   0.212600   0.207600   0.210800   0.220800   0.229400   0.193800   0.217200   0.251400   0.244600   0.187600   0.209800   0.434000   0.516800 
399   0.212200   0.207200   0.210400   0.220400   0.229200   0.193200   0.217000   0.251200   0.244200   0.186800   0.209200   0.433400   0.516000 
400   0.211800   0.206800   0.210000   0.220000   0.228800   0.192600   0.216800   0.251000   0.243800   0.186000   0.208600   0.432800   0.515200 
401   0.211400   0.206400   0.209600   0.219600   0.228400   0.192000   0.216600   0.250800   0.243400   0.185200   0.208000   0.432200   0.514400 
402   0.211000   0.206000   0.209200   0.219200   0.228000   0.191400   0.216400   0.250800   0.243000   0.184400   0.207400   0.431600   0.513600 
403   0.210600   0.205600   0.208800   0.218800   0.227600   0.190800   0.216200   0.250800   0.242600   0.183600   0.206800   0.431000   0.512800 
404   0.210400   0.205200   0.208400   0.218400   0.227200   0.190200   0.216000   0.250800   0.242200   0.182800   0.206200   0.430400   0.512000 
405   0.210200   0.204800   0.208000   0.217800   0.226800   0.189600   0.215800   0.250800   0.241800   0.182400   0.205600   0.429800   0.511200 
406   0.210000   0.204400   0.207600   0.217200   0.226400   0.189000   0.215600   0.250800   0.241600   0.182000   0.205000   0.429200   0.510400 
407   0.209800   0.204000   0.207200   0.216800   0.226000   0.188400   0.215400   0.250800   0.241400   0.181600   0.204400   0.428600   0.509600 
408   0.209600   0.203600   0.207000   0.216400   0.225600   0.187800   0.215200   0.250800   0.241200   0.181200   0.203800   0.428000   0.509000 
409   0.209400   0.203200   0.206800   0.216000   0.225200   0.187200   0.215000   0.250800   0.241000   0.180800   0.203200   0.427400   0.508400 
410   0.209200   0.202800   0.206600   0.215600   0.224800   0.186800   0.214800   0.250800   0.240800   0.180800   0.202600   0.426800   0.507800 
411   0.209000   0.202400   0.206400   0.215200   0.224400   0.186400   0.214400   0.250800   0.240600   0.180800   0.202000   0.426200   0.507200 
412   0.208800   0.202000   0.206200   0.214800   0.224000   0.186000   0.214000   0.250800   0.240400   0.180800   0.201400   0.425600   0.506600 
413   0.208600   0.201600   0.206000   0.214400   0.223600   0.185600   0.213600   0.250800   0.240200   0.181000   0.200800   0.425000   0.506000 
414   0.208400   0.201200   0.205800   0.214000   0.223200   0.185200   0.213200   0.250800   0.240000   0.181200   0.200200   0.424400   0.505400 
415   0.208200   0.200800   0.205600   0.213600   0.222800   0.184800   0.212800   0.250800   0.239800   0.181400   0.199600   0.423800   0.504800 
416   0.208000   0.200400   0.205400   0.213200   0.222400   0.184400   0.212400   0.250800   0.239600   0.181600   0.199000   0.423200   0.504200 
417   0.207800   0.200000   0.205200   0.212800   0.222000   0.184200   0.212000   0.250800   0.239400   0.181800   0.198400   0.422600   0.503600 
418   0.207400   0.199600   0.205000   0.212400   0.221600   0.184000   0.211600   0.250800   0.239200   0.182000   0.197800   0.422200   0.503000 
419   0.207000   0.199200   0.204800   0.212000   0.221200   0.183800   0.211200   0.250800   0.239000   0.182200   0.197400   0.421800   0.502400 
420   0.206600   0.198800   0.204600   0.211600   0.221000   0.183600   0.210800   0.250800   0.238800   0.182400   0.197000   0.421400   0.501800 
421   0.206200   0.198400   0.204200   0.211200   0.220800   0.183400   0.210400   0.250800   0.238600   0.182600   0.196600   0.421000   0.501200 
422   0.205800   0.198000   0.204000   0.210800   0.220600   0.183200   0.210000   0.250800   0.238400   0.182800   0.196200   0.420600   0.500800 
423   0.205400   0.197600   0.203800   0.210400   0.220400   0.183000   0.209600   0.250800   0.238200   0.183000   0.195800   0.420200   0.500400 
424   0.205000   0.197200   0.203600   0.210000   0.220200   0.182800   0.209200   0.250800   0.238000   0.183200   0.195400   0.419800   0.500000 
425   0.204600   0.196800   0.203400   0.209600   0.220000   0.182600   0.208800   0.250800   0.237800   0.183400   0.195000   0.419400   0.499600 
426   0.204200   0.196400   0.203200   0.209200   0.219800   0.182400   0.208400   0.250800   0.237600   0.183600   0.194600   0.419000   0.499200 
427   0.203800   0.196000   0.203000   0.208800   0.219600   0.182200   0.208000   0.250800   0.237400   0.183800   0.194200   0.418600   0.498800 
428   0.203400   0.195600   0.202800   0.208400   0.219400   0.182000   0.207600   0.250800   0.237200   0.184000   0.193800   0.418200   0.498400 
429   0.203000   0.195200   0.202600   0.208000   0.219200   0.181800   0.207200   0.250800   0.237000   0.184200   0.193400   0.417800   0.498000 
430   0.202600   0.194800   0.202400   0.207600   0.219000   0.181800   0.206800   0.250800   0.236800   0.184400   0.193000   0.417400   0.497600 
431   0.202200   0.194400   0.202200   0.207200   0.218800   0.181800   0.206400   0.250600   0.236600   0.184600   0.192600   0.417000   0.497200 
432   0.201800   0.194000   0.202000   0.206800   0.218600   0.181800   0.206000   0.250400   0.236400   0.184800   0.192200   0.416600   0.496800 
433   0.201400   0.193600   0.201800   0.206600   0.218400   0.181800   0.205600   0.250200   0.236200   0.185000   0.191800   0.416200   0.496400 
434   0.201000   0.193200   0.201600   0.206400   0.218200   0.181800   0.205200   0.250000   0.236000   0.185200   0.191400   0.415800   0.496000 
435   0.200600   0.192800   0.201400   0.206200   0.218000   0.181800   0.204800   0.249800   0.235800   0.185400   0.191000   0.415400   0.495600 
436   0.200200   0.192600   0.201200   0.206000   0.217800   0.181800   0.204400   0.249600   0.235600   0.185600   0.190600   0.415000   0.495200 
437   0.199800   0.192400   0.201000   0.205800   0.217600   0.181800   0.204000   0.249400   0.235400   0.185800   0.190200   0.414600   0.494800 
438   0.199400   0.192200   0.200800   0.205600   0.217400   0.181800   0.203600   0.249200   0.235400   0.186000   0.189800   0.414200   0.494400 
439   0.199000   0.192000   0.200600   0.205400   0.217200   0.181800   0.203200   0.249000   0.235400   0.186200   0.189400   0.413800   0.494000 
440   0.198800   0.191800   0.200400   0.205200   0.217000   0.181800   0.202800   0.248800   0.235400   0.186400   0.189000   0.413400   0.493600 
441   0.198600   0.191600   0.200200   0.205000   0.216800   0.181800   0.202400   0.248600   0.235400   0.186600   0.188600   0.413000   0.493200 
442   0.198400   0.191400   0.200000   0.204800   0.216600   0.181800   0.202000   0.248400   0.235400   0.186800   0.188200   0.412600   0.492800 
443   0.198200   0.191200   0.199800   0.204600   0.216400   0.181800   0.201600   0.248200   0.235400   0.187000   0.187800   0.412200   0.492400 
444   0.198000   0.191000   0.199600   0.204400   0.216200   0.181800   0.201400   0.248000   0.235400   0.187200   0.187600   0.411800   0.492000 
445   0.197800   0.190800   0.199400   0.204200   0.216000   0.181800   0.201200   0.247800   0.235400   0.187400   0.187400   0.411400   0.491800 
446   0.197600   0.190600   0.199200   0.204000   0.215800   0.181800   0.201000   0.247800   0.235400   0.187600   0.187200   0.411000   0.491600 
447   0.197400   0.190400   0.199000   0.203800   0.215600   0.181800   0.200800   0.247800   0.235400   0.187800   0.187000   0.410600   0.491400 
448   0.197200   0.190200   0.198800   0.203600   0.215400   0.181800   0.200600   0.247800   0.235400   0.188000   0.186800   0.410200   0.491200 
449   0.197000   0.190000   0.198600   0.203400   0.215200   0.181800   0.200600   0.247800   0.235400   0.188200   0.186600   0.409800   0.491000 
450   0.196800   0.189800   0.198400   0.203200   0.215000   0.181800   0.200600   0.247800   0.235400   0.188400   0.186400   0.409400   0.490800 
451   0.196600   0.189600   0.198200   0.203000   0.214800   0.181800   0.200600   0.247800   0.235400   0.188400   0.186200   0.409000   0.490600 
452   0.196400   0.189400   0.198000   0.202800   0.214600   0.181800   0.200600   0.247800   0.235400   0.188400   0.186000   0.408600   0.490400 
453   0.196200   0.189200   0.197800   0.202600   0.214400   0.181800   0.200600   0.247800   0.235400   0.188400   0.185800   0.408200   0.490200 
454   0.196000   0.189000   0.197600   0.202400   0.214200   0.181800   0.200600   0.247800   0.235400   0.188400   0.185600   0.407800   0.490000 
455   0.195800   0.188800   0.197400   0.202200   0.214000   0.181800   0.200600   0.247800   0.235400   0.188400   0.185400   0.407400   0.489800 
456   0.195600   0.188600   0.197200   0.202000   0.213800   0.181800   0.200600   0.247800   0.235400   0.188400   0.185200   0.407000   0.489600 
457   0.195400   0.188400   0.197000   0.201800   0.213600   0.181800   0.200600   0.247800   0.235400   0.188400   0.185000   0.406600   0.489400 
458   0.195200   0.188200   0.196800   0.201600   0.213400   0.181800   0.200600   0.247800   0.235400   0.188400   0.184800   0.406200   0.489200 
459   0.195000   0.188000   0.196600   0.201400   0.213200   0.181800   0.200600   0.247800   0.235400   0.188400   0.184600   0.405800   0.489000 
460   0.194800   0.187800   0.196400   0.201200   0.213000   0.181800   0.200600   0.247800   0.235400   0.188400   0.184400   0.405400   0.488800 
461   0.194600   0.187600   0.196200   0.201000   0.212800   0.181800   0.200600   0.247800   0.235400   0.188400   0.184200   0.405000   0.488600 
462   0.194400   0.187400   0.196000   0.200800   0.212600   0.181800   0.200600   0.247800   0.235400   0.188400   0.184000   0.404600   0.488400 
463   0.194200   0.187200   0.195800   0.200600   0.212600   0.181800   0.200600   0.247800   0.235400   0.188400   0.183800   0.404200   0.488200 
464   0.194000   0.187000   0.195600   0.200400   0.212600   0.181800   0.200600   0.247800   0.235400   0.188400   0.183600   0.403800   0.488000 
465   0.193800   0.186800   0.195400   0.200400   0.212600   0.181800   0.200600   0.247800   0.235400   0.188400   0.183400   0.403400   0.487800 
466   0.193600   0.186600   0.195000   0.200400   0.212600   0.181800   0.200600   0.247800   0.235400   0.188400   0.183200   0.403000   0.487600 
467   0.193400   0.186600   0.194600   0.200400   0.212600   0.181800   0.200600   0.247800   0.235400   0.188400   0.183000   0.402600   0.487400 
468   0.193600   0.186600   0.194200   0.200600   0.212600   0.181800   0.200600   0.247800   0.235600   0.188400   0.182800   0.402200   0.487200 
469   0.193600   0.186600   0.193800   0.200600   0.212600   0.181800   0.200600   0.247800   0.235800   0.188400   0.182600   0.401800   0.487000 
470   0.193600   0.186600   0.193400   0.200600   0.212600   0.181800   0.200600   0.247800   0.235800   0.188400   0.182400   0.401400   0.486800 
471   0.193600   0.186600   0.193000   0.200600   0.212600   0.181800   0.200400   0.247800   0.235800   0.188400   0.182200   0.401000   0.486600 
472   0.193600   0.186600   0.192800   0.200600   0.212600   0.182000   0.200200   0.247800   0.235800   0.188400   0.182000   0.400600   0.486400 
473   0.193600   0.186600   0.192600   0.200600   0.212600   0.182200   0.200000   0.247800   0.235800   0.188400   0.181800   0.400200   0.486200 
474   0.193600   0.186600   0.192400   0.200600   0.212600   0.182400   0.199800   0.247800   0.235800   0.188400   0.181600   0.399800   0.486000 
475   0.193600   0.186600   0.192200   0.200600   0.212600   0.182600   0.199600   0.247800   0.235800   0.188400   0.181400   0.399400   0.485800 
476   0.193600   0.186600   0.192000   0.200600   0.212600   0.182800   0.199400   0.247800   0.235800   0.188400   0.181200   0.399000   0.485600 
477   0.193600   0.186600   0.191800   0.200600   0.212600   0.183000   0.199200   0.247800   0.235800   0.188400   0.181000   0.398800   0.485400 
478   0.193600   0.186600   0.191600   0.200800   0.212600   0.183200   0.199000   0.247800   0.235800   0.188400   0.180800   0.398600   0.485200 
479   0.193600   0.186600   0.191600   0.201000   0.212600   0.183400   0.198800   0.247800   0.235800   0.188400   0.180600   0.398400   0.485000 
480   0.193600   0.186600   0.191600   0.201000   0.212400   0.183600   0.198600   0.247800   0.235800   0.188400   0.180600   0.398400   0.484800 
481   0.193600   0.186600   0.191600   0.201000   0.212200   0.183800   0.198400   0.247800   0.235800   0.188400   0.180600   0.398400   0.484600 
482   0.193600   0.186600   0.191600   0.201000   0.212000   0.184000   0.198200   0.247800   0.235800   0.188400   0.180600   0.398400   0.484400 
483   0.193600   0.186600   0.191600   0.201000   0.211800   0.184200   0.198000   0.247800   0.235800   0.188400   0.180600   0.398400   0.484200 
484   0.193600   0.186600   0.191600   0.201000   0.211600   0.184400   0.197800   0.248000   0.235800   0.188400   0.180600   0.398400   0.484000 
485   0.193600   0.186600   0.191600   0.201000   0.211400   0.184600   0.197600   0.248200   0.235800   0.188400   0.180600   0.398400   0.483800 
486   0.193600   0.186600   0.191600   0.201000   0.211200   0.184800   0.197400   0.248400   0.235800   0.188400   0.180600   0.398400   0.483600 
487   0.193600   0.186600   0.191600   0.201000   0.211000   0.185000   0.197200   0.248600   0.235800   0.188400   0.180600   0.398400   0.483400 
488   0.193600   0.186600   0.191600   0.201000   0.210800   0.185200   0.197000   0.248800   0.235800   0.188400   0.180600   0.398400   0.483200 
489   0.193600   0.186600   0.191600   0.201000   0.210600   0.185400   0.196800   0.249000   0.235800   0.188400   0.180600   0.398400   0.483000 
490   0.193600   0.186600   0.191600   0.201000   0.210400   0.185400   0.196600   0.249200   0.235800   0.188400   0.180600   0.398400   0.482800 
491   0.193600   0.186600   0.191600   0.201000   0.210200   0.185400   0.196400   0.249400   0.235800   0.188400   0.180600   0.398400   0.482600 
492   0.193600   0.186600   0.191600   0.201000   0.210000   0.185400   0.196400   0.249600   0.235800   0.188400   0.180600   0.398400   0.482400 
493   0.193600   0.186600   0.191600   0.201000   0.210000   0.185400   0.196400   0.249800   0.235800   0.188400   0.180600   0.398400   0.482400 
494   0.193600   0.186600   0.191600   0.201000   0.210000   0.185400   0.196400   0.250000   0.235800   0.188400   0.180600   0.398400   0.482400 
495   0.193600   0.186600   0.191600   0.201000   0.210000   0.185400   0.196400   0.250200   0.235800   0.188400   0.180600   0.398400   0.482400 
496   0.193600   0.186600   0.191600   0.201000   0.210000   0.185400   0.196400   0.250400   0.235800   0.188400   0.180600   0.398400   0.482400 
497   0.193600   0.186600   0.191600   0.201000   0.210000   0.185400   0.196400   0.250600   0.235800   0.188400   0.180600   0.398400   0.482400 
498   0.193600   0.186600   0.191600   0.201000   0.210000   0.185400   0.196400   0.250800   0.235800   0.188400   0.180600   0.398400   0.482400 
499   0.193600   0.186600   0.191600   0.201000   0.210000   0.185400   0.196400   0.251000   0.235800   0.188400   0.180600   0.398400   0.482400 
