r MCS_10 MCS_20 MCS_40 MCS_80 MCS_160 MCS_320 MCS_640 MCS_1280 MCS_2560 MCS_5120 MCS_10240 MCS_20480 MCS_40960 
0   1.000000   1.000000   1.000000   1.000000   1.000000   1.000000   1.000000   1.000000   1.000000   1.000000   1.000000   1.000000   1.000000 
1   0.995200   0.995800   0.995800   0.996000   0.995600   0.995000   0.995600   0.995400   0.996600   0.995800   0.996400   0.996800   0.998000 
2   0.993400   0.994000   0.993600   0.993600   0.993200   0.993200   0.993800   0.993000   0.994200   0.994000   0.994800   0.995400   0.997000 
3   0.990400   0.991000   0.990800   0.991000   0.990600   0.990600   0.991000   0.990600   0.991400   0.991400   0.992600   0.993800   0.995800 
4   0.988000   0.988000   0.988000   0.988000   0.988000   0.987800   0.988000   0.988000   0.988600   0.988800   0.990400   0.992000   0.994400 
5   0.985000   0.985000   0.985000   0.985000   0.984800   0.985000   0.985000   0.985000   0.986000   0.986000   0.988000   0.990000   0.993000 
6   0.982000   0.982000   0.982000   0.982000   0.982000   0.982000   0.982000   0.982000   0.983200   0.983200   0.985600   0.988000   0.991600 
7   0.979000   0.979000   0.979000   0.979000   0.979000   0.979000   0.979000   0.979000   0.980400   0.980400   0.983200   0.986000   0.990200 
8   0.976000   0.976000   0.976000   0.976000   0.976000   0.976000   0.976000   0.976000   0.977600   0.977600   0.980800   0.984000   0.988800 
9   0.973000   0.973000   0.973000   0.973000   0.973000   0.973000   0.973000   0.973000   0.974800   0.974800   0.978400   0.982000   0.987400 
10   0.970000   0.970000   0.970000   0.970000   0.970000   0.970000   0.970000   0.970000   0.972000   0.972000   0.976000   0.980000   0.986000 
11   0.967000   0.967000   0.967000   0.967000   0.967000   0.967000   0.967000   0.967000   0.969200   0.969200   0.973600   0.978000   0.984600 
12   0.964000   0.964000   0.964000   0.964000   0.964000   0.964000   0.964000   0.964000   0.966400   0.966400   0.971200   0.976000   0.983200 
13   0.961000   0.961000   0.961000   0.961000   0.961000   0.961000   0.961000   0.961000   0.963600   0.963600   0.968800   0.974000   0.981800 
14   0.958000   0.958000   0.958000   0.958000   0.958000   0.958000   0.958000   0.958000   0.960800   0.960800   0.966400   0.972000   0.980400 
15   0.955000   0.955000   0.955000   0.955000   0.955000   0.955000   0.955000   0.955000   0.958000   0.958000   0.964000   0.970000   0.979000 
16   0.952000   0.952000   0.952000   0.952000   0.952000   0.952000   0.952000   0.952000   0.955200   0.955200   0.961600   0.968000   0.977600 
17   0.949000   0.949000   0.949000   0.949000   0.949000   0.949000   0.949000   0.949000   0.952400   0.952400   0.959200   0.966000   0.976200 
18   0.946000   0.946000   0.946000   0.946000   0.946000   0.946000   0.946000   0.946000   0.949600   0.949600   0.956800   0.964000   0.974800 
19   0.943000   0.943000   0.943000   0.943000   0.943000   0.943000   0.943000   0.943000   0.946800   0.946800   0.954400   0.962000   0.973400 
20   0.940000   0.940000   0.940000   0.940000   0.940000   0.940000   0.940000   0.940000   0.944000   0.944000   0.952000   0.960000   0.972000 
21   0.937000   0.937000   0.937000   0.937000   0.937000   0.937000   0.937000   0.937000   0.941200   0.941200   0.949600   0.958000   0.970600 
22   0.934000   0.934000   0.934000   0.934000   0.934000   0.934000   0.934000   0.934000   0.938400   0.938400   0.947200   0.956000   0.969200 
23   0.931000   0.931000   0.931000   0.931000   0.931000   0.931000   0.931000   0.931000   0.935600   0.935600   0.944800   0.954000   0.967800 
24   0.928000   0.928000   0.928000   0.928000   0.928000   0.928000   0.928000   0.928000   0.932800   0.932800   0.942400   0.952000   0.966400 
25   0.925000   0.925000   0.925000   0.925000   0.925000   0.925000   0.925000   0.925000   0.930000   0.930000   0.940000   0.950000   0.965000 
26   0.922000   0.922000   0.922000   0.922000   0.922000   0.922000   0.922000   0.922000   0.927200   0.927200   0.937600   0.948000   0.963600 
27   0.919000   0.919000   0.919000   0.919000   0.919000   0.919000   0.919000   0.919000   0.924400   0.924400   0.935200   0.946000   0.962200 
28   0.916000   0.916000   0.916000   0.916000   0.916000   0.916000   0.916000   0.916000   0.921600   0.921600   0.932800   0.944000   0.960800 
29   0.913000   0.913000   0.913000   0.913000   0.913000   0.913000   0.913000   0.913000   0.918800   0.918800   0.930400   0.942000   0.959400 
30   0.910000   0.910000   0.910000   0.910000   0.910000   0.910000   0.910000   0.910000   0.916000   0.916000   0.928000   0.940000   0.958000 
31   0.907000   0.907000   0.907000   0.907000   0.907000   0.907000   0.907000   0.907000   0.913200   0.913200   0.925600   0.938000   0.956600 
32   0.904000   0.904000   0.904000   0.904000   0.904000   0.904000   0.904000   0.904000   0.910400   0.910400   0.923200   0.936000   0.955200 
33   0.901000   0.901000   0.901000   0.901000   0.901000   0.901000   0.901000   0.901000   0.907600   0.907600   0.920800   0.934000   0.953800 
34   0.898000   0.898000   0.898000   0.898000   0.898000   0.898000   0.898000   0.898000   0.904800   0.904800   0.918400   0.932000   0.952400 
35   0.895000   0.895000   0.895000   0.895000   0.895000   0.895000   0.895000   0.895000   0.902000   0.902000   0.916000   0.930000   0.951000 
36   0.892000   0.892000   0.892000   0.892000   0.892000   0.892000   0.892000   0.892000   0.899200   0.899200   0.913600   0.928000   0.949600 
37   0.889000   0.889000   0.889000   0.889000   0.889000   0.889000   0.889000   0.889000   0.896400   0.896400   0.911200   0.926000   0.948200 
38   0.886000   0.886000   0.886000   0.886000   0.886000   0.886000   0.886000   0.886000   0.893600   0.893600   0.908800   0.924000   0.946800 
39   0.883000   0.883000   0.883000   0.883000   0.883000   0.883000   0.883000   0.883000   0.890800   0.890800   0.906400   0.922000   0.945400 
40   0.880000   0.880000   0.880000   0.880000   0.880000   0.880000   0.880000   0.880000   0.888000   0.888000   0.904000   0.920000   0.944000 
41   0.877000   0.877000   0.877000   0.877000   0.877000   0.877000   0.877000   0.877000   0.885200   0.885200   0.901600   0.918000   0.942600 
42   0.874000   0.874000   0.874000   0.874000   0.874000   0.874000   0.874000   0.874000   0.882400   0.882400   0.899200   0.916000   0.941200 
43   0.871000   0.871000   0.871000   0.871000   0.871000   0.871000   0.871000   0.871000   0.879600   0.879600   0.896800   0.914000   0.939800 
44   0.868000   0.868000   0.868000   0.868000   0.868000   0.868000   0.868000   0.868000   0.876800   0.876800   0.894400   0.912000   0.938400 
45   0.865000   0.865000   0.865000   0.865000   0.865000   0.865000   0.865000   0.865000   0.874000   0.874000   0.892000   0.910000   0.937000 
46   0.862000   0.862000   0.862000   0.862000   0.862000   0.862000   0.862000   0.862000   0.871200   0.871200   0.889600   0.908000   0.935600 
47   0.859000   0.859000   0.859000   0.859000   0.859000   0.859000   0.859000   0.859000   0.868400   0.868400   0.887200   0.906000   0.934200 
48   0.856000   0.856000   0.856000   0.856000   0.856000   0.856000   0.856000   0.856000   0.865600   0.865600   0.884800   0.904000   0.932800 
49   0.853000   0.853000   0.853000   0.853000   0.853000   0.853000   0.853000   0.853000   0.862800   0.862800   0.882400   0.902000   0.931400 
50   0.850000   0.850000   0.850000   0.850000   0.850000   0.850000   0.850000   0.850000   0.860000   0.860000   0.880000   0.900000   0.930000 
51   0.847000   0.847000   0.847000   0.847000   0.847000   0.847000   0.847000   0.847000   0.857200   0.857200   0.877600   0.898000   0.928600 
52   0.844000   0.844000   0.844000   0.844000   0.844000   0.844000   0.844000   0.844000   0.854400   0.854400   0.875200   0.896000   0.927200 
53   0.841000   0.841000   0.841000   0.841000   0.841000   0.841000   0.841000   0.841000   0.851600   0.851600   0.872800   0.894000   0.925800 
54   0.838000   0.838000   0.838000   0.838000   0.838000   0.838000   0.838000   0.838000   0.848800   0.848800   0.870400   0.892000   0.924400 
55   0.835000   0.835000   0.835000   0.835000   0.835000   0.835000   0.835000   0.835000   0.846000   0.846000   0.868000   0.890000   0.923000 
56   0.832000   0.832000   0.832000   0.832000   0.832000   0.832000   0.832000   0.832000   0.843200   0.843200   0.865600   0.888000   0.921600 
57   0.829000   0.829000   0.829000   0.829000   0.829000   0.829000   0.829000   0.829000   0.840400   0.840400   0.863200   0.886000   0.920200 
58   0.826000   0.826000   0.826000   0.826000   0.826000   0.826000   0.826000   0.826000   0.837600   0.837600   0.860800   0.884000   0.918800 
59   0.823000   0.823000   0.823000   0.823000   0.823000   0.823000   0.823000   0.823000   0.834800   0.834800   0.858400   0.882000   0.917400 
60   0.820000   0.820000   0.820000   0.820000   0.820000   0.820000   0.820000   0.820000   0.832000   0.832000   0.856000   0.880000   0.916000 
61   0.817000   0.817000   0.817000   0.817000   0.817000   0.817000   0.817000   0.817000   0.829200   0.829200   0.853600   0.878000   0.914600 
62   0.814000   0.814000   0.814000   0.814000   0.814000   0.814000   0.814000   0.814000   0.826400   0.826400   0.851200   0.876000   0.913200 
63   0.811000   0.811000   0.811000   0.811000   0.811000   0.811000   0.811000   0.811000   0.823600   0.823600   0.848800   0.874000   0.911800 
64   0.808000   0.808000   0.808000   0.808000   0.808000   0.808000   0.808000   0.808000   0.820800   0.820800   0.846400   0.872000   0.910400 
65   0.805000   0.805000   0.805000   0.805000   0.805000   0.805000   0.805000   0.805000   0.818000   0.818000   0.844000   0.870000   0.909000 
66   0.802000   0.802000   0.802000   0.802000   0.802000   0.802000   0.802000   0.802000   0.815200   0.815200   0.841600   0.868000   0.907600 
67   0.799000   0.799000   0.799000   0.799000   0.799000   0.799000   0.799000   0.799000   0.812400   0.812400   0.839200   0.866000   0.906200 
68   0.796000   0.796000   0.796000   0.796000   0.796000   0.796000   0.796000   0.796000   0.809600   0.809600   0.836800   0.864000   0.904800 
69   0.793000   0.793000   0.793000   0.793000   0.793000   0.793000   0.793000   0.793000   0.806800   0.806800   0.834400   0.862000   0.903400 
70   0.790000   0.790000   0.790000   0.790000   0.790000   0.790000   0.790000   0.790000   0.804000   0.804000   0.832000   0.860000   0.902000 
71   0.787000   0.787000   0.787000   0.787000   0.787000   0.787000   0.787000   0.787000   0.801200   0.801200   0.829600   0.858000   0.900800 
72   0.784000   0.784000   0.784000   0.784000   0.784000   0.784000   0.784000   0.784000   0.798400   0.798400   0.827200   0.856000   0.899600 
73   0.781000   0.781000   0.781000   0.781000   0.781000   0.781000   0.781000   0.781000   0.795600   0.795600   0.824800   0.854000   0.898400 
74   0.778000   0.778000   0.778000   0.778000   0.778000   0.778000   0.778000   0.778000   0.792800   0.792800   0.822400   0.852000   0.897200 
75   0.775000   0.775000   0.775000   0.775000   0.775000   0.775000   0.775000   0.775000   0.790000   0.790000   0.820000   0.850000   0.896000 
76   0.772000   0.772000   0.772000   0.772000   0.772000   0.772000   0.772000   0.772000   0.787200   0.787200   0.817600   0.848000   0.894800 
77   0.769000   0.769000   0.769000   0.769000   0.769000   0.769000   0.769000   0.769200   0.784400   0.784400   0.815200   0.846000   0.893600 
78   0.766000   0.766000   0.766000   0.766000   0.766000   0.766000   0.766000   0.766400   0.781600   0.781600   0.812800   0.844000   0.892400 
79   0.763000   0.763000   0.763000   0.763000   0.763000   0.763000   0.763000   0.763600   0.778800   0.778800   0.810400   0.842000   0.891200 
80   0.760000   0.760000   0.760000   0.760000   0.760000   0.760000   0.760000   0.760800   0.776000   0.776000   0.808000   0.840000   0.890000 
81   0.757000   0.757000   0.757000   0.757000   0.757000   0.757000   0.757000   0.758000   0.773200   0.773200   0.805600   0.838000   0.888800 
82   0.754000   0.754000   0.754000   0.754000   0.754000   0.754000   0.754000   0.755200   0.770400   0.770400   0.803200   0.836000   0.887600 
83   0.751000   0.751000   0.751000   0.751000   0.751000   0.751000   0.751000   0.752400   0.767600   0.767600   0.800800   0.834000   0.886400 
84   0.748000   0.748000   0.748000   0.748000   0.748000   0.748000   0.748000   0.749600   0.764800   0.764800   0.798400   0.832000   0.885200 
85   0.745000   0.745000   0.745000   0.745000   0.745000   0.745000   0.745000   0.746800   0.762000   0.762000   0.796000   0.830000   0.884000 
86   0.742000   0.742000   0.742000   0.742000   0.742000   0.742000   0.742000   0.744000   0.759200   0.759200   0.793600   0.828000   0.882800 
87   0.739000   0.739000   0.739000   0.739000   0.739000   0.739000   0.739000   0.741200   0.756400   0.756400   0.791200   0.826000   0.881600 
88   0.736000   0.736000   0.736000   0.736000   0.736000   0.736000   0.736000   0.738400   0.753600   0.753600   0.788800   0.824000   0.880400 
89   0.733000   0.733000   0.733000   0.733000   0.733000   0.733000   0.733000   0.735600   0.750800   0.750800   0.786400   0.822000   0.879200 
90   0.730000   0.730000   0.730000   0.730000   0.730000   0.730000   0.730000   0.732800   0.748000   0.748000   0.784000   0.820000   0.878000 
91   0.727000   0.727000   0.727000   0.727000   0.727000   0.727000   0.727000   0.730000   0.745200   0.745200   0.781600   0.818000   0.876800 
92   0.724000   0.724000   0.724000   0.724000   0.724000   0.724000   0.724000   0.727200   0.742400   0.742400   0.779200   0.816000   0.875600 
93   0.721000   0.721000   0.721000   0.721000   0.721000   0.721000   0.721000   0.724400   0.739600   0.739600   0.776800   0.814000   0.874400 
94   0.718000   0.718000   0.718000   0.718000   0.718000   0.718000   0.718000   0.721600   0.736800   0.736800   0.774400   0.812000   0.873200 
95   0.715000   0.715000   0.715000   0.715000   0.715000   0.715000   0.715000   0.718800   0.734000   0.734000   0.772000   0.810000   0.872000 
96   0.712000   0.712000   0.712000   0.712000   0.712000   0.712000   0.712000   0.716000   0.731200   0.731200   0.769600   0.808000   0.870800 
97   0.709000   0.709000   0.709000   0.709000   0.709000   0.709000   0.709000   0.713200   0.728400   0.728400   0.767200   0.806000   0.869600 
98   0.706000   0.706000   0.706000   0.706000   0.706000   0.706000   0.706000   0.710400   0.725600   0.725600   0.764800   0.804000   0.868400 
99   0.703000   0.703000   0.703000   0.703000   0.703000   0.703000   0.703000   0.707600   0.722800   0.722800   0.762400   0.802000   0.867200 
100   0.700000   0.700000   0.700000   0.700000   0.700000   0.700000   0.700000   0.704800   0.720000   0.720000   0.760000   0.800000   0.866000 
101   0.697000   0.697000   0.697000   0.697000   0.697000   0.697000   0.697000   0.702000   0.717200   0.717200   0.757600   0.798000   0.864800 
102   0.694000   0.694000   0.694000   0.694000   0.694000   0.694000   0.694000   0.699200   0.714400   0.714400   0.755200   0.796000   0.863600 
103   0.691000   0.691000   0.691000   0.691000   0.691000   0.691000   0.691000   0.696400   0.711600   0.711600   0.752800   0.794000   0.862400 
104   0.688000   0.688000   0.688000   0.688000   0.688000   0.688000   0.688000   0.693600   0.708800   0.708800   0.750400   0.792000   0.861200 
105   0.685000   0.685000   0.685000   0.685000   0.685000   0.685000   0.685000   0.690800   0.706000   0.706000   0.748000   0.790000   0.860000 
106   0.682000   0.682000   0.682000   0.682000   0.682000   0.682000   0.682000   0.688000   0.703200   0.703200   0.745600   0.788000   0.858800 
107   0.679000   0.679000   0.679000   0.679000   0.679000   0.679000   0.679000   0.685200   0.700400   0.700400   0.743200   0.786000   0.857600 
108   0.676000   0.676000   0.676000   0.676000   0.676000   0.676000   0.676000   0.682400   0.697600   0.697600   0.740800   0.784000   0.856400 
109   0.673000   0.673000   0.673000   0.673000   0.673000   0.673000   0.673000   0.679600   0.694800   0.694800   0.738400   0.782000   0.855200 
110   0.670000   0.670000   0.670000   0.670000   0.670000   0.670000   0.670000   0.676800   0.692000   0.692000   0.736000   0.780000   0.854000 
111   0.667000   0.667000   0.667000   0.667000   0.667000   0.667000   0.667000   0.674000   0.689200   0.689200   0.733600   0.778000   0.852800 
112   0.664000   0.664000   0.664000   0.664000   0.664000   0.664000   0.664000   0.671200   0.686400   0.686400   0.731200   0.776000   0.851600 
113   0.661000   0.661000   0.661000   0.661000   0.661000   0.661000   0.661000   0.668400   0.683600   0.683600   0.728800   0.774000   0.850400 
114   0.658000   0.658000   0.658000   0.658000   0.658000   0.658000   0.658000   0.665600   0.680800   0.680800   0.726400   0.772000   0.849200 
115   0.655000   0.655000   0.655000   0.655000   0.655000   0.655000   0.655000   0.662800   0.678000   0.678000   0.724000   0.770000   0.848000 
116   0.652000   0.652000   0.652000   0.652000   0.652000   0.652000   0.652000   0.660000   0.675200   0.675200   0.721600   0.768000   0.846800 
117   0.649000   0.649000   0.649000   0.649000   0.649000   0.649000   0.649000   0.657200   0.672400   0.672400   0.719200   0.766000   0.845600 
118   0.646000   0.646000   0.646000   0.646000   0.646000   0.646000   0.646000   0.654400   0.669600   0.669600   0.716800   0.764000   0.844400 
119   0.643000   0.643000   0.643000   0.643000   0.643000   0.643000   0.643000   0.651600   0.666800   0.666800   0.714400   0.762000   0.843200 
120   0.640000   0.640000   0.640000   0.640000   0.640000   0.640000   0.640000   0.648800   0.664000   0.664000   0.712000   0.760000   0.842000 
121   0.637000   0.637000   0.637000   0.637000   0.637000   0.637000   0.637000   0.646000   0.661200   0.661200   0.709600   0.758000   0.840800 
122   0.634000   0.634000   0.634000   0.634000   0.634000   0.634000   0.634000   0.643200   0.658400   0.658400   0.707200   0.756000   0.839600 
123   0.631000   0.631000   0.631000   0.631000   0.631000   0.631000   0.631000   0.640400   0.655600   0.655600   0.704800   0.754000   0.838400 
124   0.628200   0.628000   0.628000   0.628000   0.628000   0.628000   0.628000   0.637600   0.652800   0.652800   0.702400   0.752000   0.837200 
125   0.625200   0.625000   0.625000   0.625000   0.625000   0.625000   0.625000   0.634800   0.650000   0.650000   0.700200   0.750000   0.836000 
126   0.622400   0.622000   0.622000   0.622000   0.622000   0.622000   0.622000   0.632000   0.647200   0.647200   0.698000   0.748000   0.834800 
127   0.619600   0.619000   0.619000   0.619000   0.619000   0.619000   0.619000   0.629200   0.644400   0.644400   0.695800   0.746000   0.833600 
128   0.616800   0.616000   0.616000   0.616000   0.616000   0.616000   0.616000   0.626400   0.641600   0.641600   0.693600   0.744000   0.832400 
129   0.614000   0.613000   0.613000   0.613000   0.613000   0.613000   0.613000   0.623600   0.638800   0.638800   0.691400   0.742000   0.831200 
130   0.611200   0.610000   0.610000   0.610000   0.610000   0.610000   0.610000   0.620800   0.636000   0.636000   0.689200   0.740000   0.830000 
131   0.608400   0.607000   0.607000   0.607000   0.607000   0.607000   0.607000   0.618000   0.633200   0.633200   0.687000   0.738000   0.828800 
132   0.605600   0.604000   0.604000   0.604000   0.604000   0.604000   0.604000   0.615200   0.630400   0.630400   0.684800   0.736000   0.827600 
133   0.602800   0.601000   0.601000   0.601000   0.601000   0.601000   0.601000   0.612400   0.627600   0.627600   0.682600   0.734000   0.826400 
134   0.600000   0.598200   0.598000   0.598000   0.598000   0.598000   0.598000   0.609600   0.624800   0.624800   0.680400   0.732000   0.825200 
135   0.597200   0.595400   0.595000   0.595000   0.595000   0.595000   0.595000   0.606800   0.622000   0.622000   0.678200   0.730000   0.824000 
136   0.594400   0.592600   0.592000   0.592000   0.592000   0.592000   0.592000   0.604000   0.619200   0.619200   0.676000   0.728000   0.822800 
137   0.591600   0.589800   0.589000   0.589000   0.589000   0.589000   0.589000   0.601200   0.616400   0.616400   0.673800   0.726000   0.821600 
138   0.588800   0.587000   0.586000   0.586000   0.586000   0.586000   0.586000   0.598400   0.613600   0.613600   0.671600   0.724000   0.820400 
139   0.586000   0.584200   0.583000   0.583200   0.583000   0.583000   0.583000   0.595600   0.610800   0.610800   0.669400   0.722000   0.819200 
140   0.583200   0.581400   0.580000   0.580400   0.580200   0.580000   0.580000   0.592800   0.608000   0.608000   0.667200   0.720000   0.818000 
141   0.580400   0.578600   0.577000   0.577600   0.577400   0.577000   0.577000   0.590000   0.605200   0.605200   0.665000   0.718200   0.816800 
142   0.577600   0.575800   0.574000   0.574800   0.574600   0.574000   0.574000   0.587200   0.602400   0.602400   0.662800   0.716200   0.815600 
143   0.574800   0.573000   0.571000   0.572000   0.571600   0.571000   0.571000   0.584400   0.599600   0.599600   0.660600   0.714200   0.814400 
144   0.572000   0.570200   0.568000   0.569200   0.568800   0.568000   0.568000   0.581600   0.596800   0.596800   0.658400   0.712200   0.813200 
145   0.569200   0.567400   0.565000   0.566400   0.566000   0.565000   0.565000   0.578800   0.594000   0.594000   0.656200   0.710400   0.812000 
146   0.566400   0.564600   0.562000   0.563600   0.563200   0.562000   0.562000   0.576000   0.591200   0.591200   0.654000   0.708600   0.810800 
147   0.563600   0.561800   0.559000   0.560800   0.560400   0.559000   0.559000   0.573200   0.588400   0.588400   0.651800   0.706800   0.809600 
148   0.560800   0.559000   0.556000   0.558000   0.557600   0.556000   0.556000   0.570400   0.585600   0.585600   0.649600   0.705000   0.808400 
149   0.558000   0.556200   0.553000   0.555200   0.554800   0.553000   0.553000   0.567600   0.582800   0.582800   0.647400   0.703200   0.807200 
150   0.555200   0.553400   0.550000   0.552400   0.552000   0.550000   0.550000   0.564800   0.580000   0.580000   0.645200   0.701400   0.806000 
151   0.552400   0.550600   0.547000   0.549600   0.549200   0.547000   0.547000   0.562000   0.577200   0.577200   0.643000   0.699600   0.804800 
152   0.549600   0.547800   0.544200   0.546800   0.546400   0.544000   0.544000   0.559200   0.574400   0.574400   0.640800   0.697800   0.803600 
153   0.546800   0.545000   0.541400   0.544000   0.543600   0.541000   0.541000   0.556400   0.571600   0.571600   0.638600   0.696000   0.802400 
154   0.544000   0.542200   0.538600   0.541200   0.540800   0.538000   0.538000   0.553600   0.568800   0.568800   0.636400   0.694200   0.801200 
155   0.541200   0.539400   0.535800   0.538400   0.538000   0.535000   0.535000   0.550800   0.566000   0.566000   0.634200   0.692400   0.800000 
156   0.538400   0.536600   0.533000   0.535600   0.535200   0.532000   0.532200   0.548000   0.563200   0.563200   0.632000   0.690600   0.798800 
157   0.535600   0.533800   0.530200   0.532800   0.532400   0.529000   0.529200   0.545200   0.560400   0.560400   0.629800   0.688800   0.797600 
158   0.532800   0.531000   0.527400   0.530000   0.529600   0.526000   0.526400   0.542400   0.557600   0.557600   0.627600   0.687000   0.796400 
159   0.530000   0.528200   0.524600   0.527200   0.526800   0.523000   0.523600   0.539600   0.554800   0.554800   0.625400   0.685200   0.795200 
160   0.527200   0.525400   0.521800   0.524400   0.524000   0.520000   0.520800   0.536800   0.552000   0.552000   0.623200   0.683400   0.794000 
161   0.524400   0.522600   0.519000   0.521600   0.521200   0.517000   0.518000   0.534000   0.549200   0.549200   0.621000   0.681600   0.792800 
162   0.521600   0.519800   0.516200   0.518800   0.518400   0.514000   0.515200   0.531200   0.546400   0.546400   0.618800   0.679800   0.791600 
163   0.518800   0.517000   0.513400   0.516000   0.515600   0.511000   0.512400   0.528400   0.543600   0.543600   0.616600   0.678200   0.790400 
164   0.516000   0.514200   0.510600   0.513200   0.512800   0.508000   0.509600   0.525600   0.540800   0.540800   0.614400   0.676400   0.789200 
165   0.513200   0.511400   0.507800   0.510400   0.510000   0.505000   0.506800   0.522800   0.538000   0.538000   0.612200   0.674800   0.788000 
166   0.510400   0.508600   0.505000   0.507600   0.507200   0.502000   0.504000   0.520000   0.535200   0.535200   0.610000   0.673200   0.786800 
167   0.507600   0.505800   0.502200   0.504800   0.504400   0.499000   0.501200   0.517200   0.532400   0.532400   0.607800   0.671600   0.785600 
168   0.504800   0.503000   0.499400   0.502000   0.501600   0.496000   0.498400   0.514400   0.529600   0.529600   0.605600   0.670000   0.784400 
169   0.502000   0.500200   0.496600   0.499200   0.498800   0.493000   0.495600   0.511600   0.526800   0.526800   0.603400   0.668400   0.783200 
170   0.499200   0.497400   0.493800   0.496400   0.496000   0.490000   0.492800   0.508800   0.524000   0.524000   0.601200   0.666800   0.782000 
171   0.496400   0.494600   0.491000   0.493600   0.493200   0.487000   0.490000   0.506000   0.521200   0.521200   0.599000   0.665200   0.780800 
172   0.493600   0.491800   0.488200   0.490800   0.490400   0.484000   0.487200   0.503200   0.518600   0.518400   0.596800   0.663600   0.779600 
173   0.490800   0.489000   0.485400   0.488000   0.487600   0.481000   0.484400   0.500400   0.516000   0.515600   0.594600   0.662000   0.778400 
174   0.488000   0.486200   0.482600   0.485200   0.484800   0.478000   0.481600   0.497600   0.513400   0.512800   0.592400   0.660400   0.777200 
175   0.485200   0.483400   0.479800   0.482400   0.482000   0.475200   0.478800   0.494800   0.510800   0.510000   0.590200   0.658800   0.776000 
176   0.482400   0.480600   0.477000   0.479600   0.479200   0.472200   0.476000   0.492000   0.508200   0.507200   0.588000   0.657200   0.774800 
177   0.479600   0.477800   0.474200   0.476800   0.476400   0.469200   0.473200   0.489200   0.505600   0.504400   0.585800   0.655600   0.773600 
178   0.476800   0.475000   0.471400   0.474000   0.473600   0.466400   0.470400   0.486400   0.503000   0.501600   0.583600   0.654000   0.772400 
179   0.474000   0.472200   0.468600   0.471200   0.470800   0.463600   0.467600   0.483600   0.500400   0.498800   0.581400   0.652400   0.771200 
180   0.471200   0.469400   0.465800   0.468400   0.468000   0.460800   0.464800   0.480800   0.497800   0.496000   0.579200   0.650800   0.770000 
181   0.468400   0.466600   0.463000   0.465600   0.465200   0.458000   0.462000   0.478000   0.495200   0.493200   0.577000   0.649200   0.768800 
182   0.465600   0.463800   0.460200   0.462800   0.462400   0.455200   0.459200   0.475200   0.492600   0.490400   0.574800   0.647600   0.767600 
183   0.462800   0.461000   0.457400   0.460000   0.459600   0.452400   0.456400   0.472400   0.490000   0.487600   0.572600   0.646000   0.766400 
184   0.460000   0.458200   0.454600   0.457200   0.456800   0.449600   0.453600   0.469600   0.487400   0.485000   0.570400   0.644400   0.765200 
185   0.457200   0.455400   0.451800   0.454400   0.454000   0.446800   0.450800   0.466800   0.484800   0.482400   0.568200   0.642800   0.764000 
186   0.454400   0.452600   0.449000   0.451600   0.451200   0.444000   0.448000   0.464000   0.482200   0.479800   0.566000   0.641400   0.762800 
187   0.451600   0.449800   0.446200   0.448800   0.448400   0.441200   0.445200   0.461200   0.479600   0.477200   0.563800   0.640000   0.761600 
188   0.448800   0.447000   0.443400   0.446000   0.445600   0.438400   0.442400   0.458400   0.477000   0.474600   0.561600   0.638600   0.760400 
189   0.446000   0.444200   0.440600   0.443200   0.442800   0.435600   0.439600   0.455600   0.474400   0.472200   0.559600   0.637200   0.759200 
190   0.443200   0.441400   0.437800   0.440400   0.440000   0.432800   0.436800   0.452800   0.471800   0.469800   0.557600   0.635800   0.758000 
191   0.440400   0.438600   0.435000   0.437600   0.437200   0.430000   0.434000   0.450000   0.469200   0.467400   0.555600   0.634400   0.756800 
192   0.437600   0.435800   0.432200   0.434800   0.434400   0.427200   0.431200   0.447200   0.466600   0.465000   0.553600   0.633000   0.755600 
193   0.434800   0.433000   0.429400   0.432000   0.431600   0.424400   0.428400   0.444400   0.464000   0.462600   0.551600   0.631600   0.754400 
194   0.432000   0.430200   0.426600   0.429200   0.428800   0.421600   0.425600   0.441600   0.461400   0.460200   0.549600   0.630200   0.753200 
195   0.429200   0.427400   0.423800   0.426400   0.426000   0.418800   0.422800   0.438800   0.458800   0.457800   0.547600   0.628800   0.752000 
196   0.426400   0.424600   0.421000   0.423600   0.423200   0.416000   0.420000   0.436000   0.456200   0.455400   0.545600   0.627400   0.750800 
197   0.423600   0.421800   0.418200   0.420800   0.420400   0.413200   0.417200   0.433200   0.453600   0.453000   0.543600   0.626000   0.749600 
198   0.420800   0.419000   0.415400   0.418000   0.417600   0.410400   0.414400   0.430400   0.451000   0.450600   0.541600   0.624600   0.748400 
199   0.418000   0.416200   0.412600   0.415200   0.414800   0.407600   0.411800   0.427600   0.448400   0.448200   0.539600   0.623200   0.747200 
200   0.415200   0.413400   0.409800   0.412400   0.412000   0.404800   0.409200   0.424800   0.445800   0.445800   0.537600   0.621800   0.746000 
201   0.412400   0.410600   0.407000   0.409600   0.409200   0.402000   0.406600   0.422000   0.443200   0.443400   0.535600   0.620400   0.744800 
202   0.409600   0.407800   0.404200   0.406800   0.406400   0.399200   0.404000   0.419200   0.440600   0.441000   0.533600   0.619000   0.743600 
203   0.406800   0.405000   0.401400   0.404000   0.403600   0.396400   0.401400   0.416400   0.438000   0.438600   0.531600   0.617600   0.742400 
204   0.404000   0.402200   0.398600   0.401200   0.400800   0.393600   0.398800   0.413600   0.435400   0.436200   0.529600   0.616200   0.741200 
205   0.401200   0.399400   0.395800   0.398400   0.398000   0.390800   0.396200   0.410800   0.432800   0.433800   0.527600   0.614800   0.740000 
206   0.398400   0.396600   0.393000   0.395600   0.395200   0.388000   0.393600   0.408000   0.430200   0.431400   0.525600   0.613400   0.738800 
207   0.395600   0.393800   0.390200   0.392800   0.392400   0.385200   0.391000   0.405200   0.427600   0.429000   0.523600   0.612000   0.737600 
208   0.392800   0.391000   0.387400   0.390000   0.389600   0.382400   0.388400   0.402400   0.425000   0.426600   0.521600   0.610600   0.736400 
209   0.390000   0.388200   0.384600   0.387200   0.386800   0.379600   0.385800   0.399600   0.422400   0.424200   0.519600   0.609200   0.735200 
210   0.387200   0.385400   0.381800   0.384400   0.384000   0.376800   0.383200   0.396800   0.419800   0.422000   0.517600   0.607800   0.734000 
211   0.384400   0.382600   0.379000   0.381600   0.381200   0.374000   0.380600   0.394000   0.417200   0.419600   0.515600   0.606400   0.732800 
212   0.381600   0.379800   0.376200   0.378800   0.378400   0.371200   0.378000   0.391200   0.414600   0.417400   0.513600   0.605000   0.731600 
213   0.378800   0.377000   0.373400   0.376000   0.375600   0.368400   0.375400   0.388400   0.412000   0.415200   0.511600   0.603600   0.730400 
214   0.376000   0.374200   0.370600   0.373200   0.372800   0.365600   0.372800   0.385600   0.409400   0.413000   0.509600   0.602200   0.729200 
215   0.373200   0.371400   0.367800   0.370400   0.370000   0.362800   0.370200   0.382800   0.406800   0.410800   0.507600   0.600800   0.728000 
216   0.370400   0.368600   0.365000   0.367600   0.367200   0.360000   0.367600   0.380000   0.404200   0.408600   0.505600   0.599400   0.726800 
217   0.367600   0.365800   0.362200   0.364800   0.364400   0.357200   0.365000   0.377200   0.401600   0.406400   0.503600   0.598000   0.725600 
218   0.364800   0.363000   0.359400   0.362000   0.361600   0.354400   0.362400   0.374400   0.399000   0.404200   0.501600   0.596600   0.724400 
219   0.362000   0.360200   0.356600   0.359200   0.358800   0.351600   0.359800   0.371600   0.396400   0.402000   0.499600   0.595200   0.723200 
220   0.359200   0.357400   0.353800   0.356400   0.356000   0.348800   0.357200   0.368800   0.393800   0.399800   0.497600   0.593800   0.722000 
221   0.356400   0.354600   0.351000   0.353600   0.353200   0.346000   0.354800   0.366000   0.391200   0.397800   0.495600   0.592400   0.720800 
222   0.353600   0.351800   0.348200   0.350800   0.350400   0.343200   0.352400   0.363200   0.388600   0.395600   0.493600   0.591000   0.719600 
223   0.350800   0.349000   0.345400   0.348000   0.347600   0.340400   0.350000   0.360400   0.386000   0.393600   0.491600   0.589600   0.718400 
224   0.348000   0.346200   0.342600   0.345200   0.344800   0.337600   0.347600   0.357600   0.383400   0.391600   0.489600   0.588200   0.717200 
225   0.345200   0.343400   0.339800   0.342400   0.342000   0.334800   0.345200   0.354800   0.380800   0.389600   0.487600   0.586800   0.716000 
226   0.342400   0.340600   0.337000   0.339600   0.339400   0.332000   0.342800   0.352000   0.378200   0.387600   0.485600   0.585400   0.714800 
227   0.339600   0.337800   0.334200   0.336800   0.336800   0.329200   0.340400   0.349200   0.375600   0.385600   0.483600   0.584000   0.713600 
228   0.336800   0.335000   0.331400   0.334000   0.334200   0.326400   0.338000   0.346400   0.373000   0.383600   0.481600   0.582600   0.712400 
229   0.334200   0.332200   0.328600   0.331200   0.331600   0.323600   0.335600   0.343600   0.370400   0.381600   0.479600   0.581200   0.711200 
230   0.331400   0.329400   0.325800   0.328400   0.329000   0.320800   0.333200   0.341000   0.367800   0.379600   0.477600   0.579800   0.710000 
231   0.328800   0.326600   0.323000   0.325600   0.326400   0.318000   0.330800   0.338200   0.365200   0.377600   0.475600   0.578400   0.708800 
232   0.326200   0.323800   0.320200   0.322800   0.323800   0.315200   0.328400   0.335400   0.362600   0.375600   0.473600   0.577000   0.707600 
233   0.323600   0.321000   0.317400   0.320000   0.321200   0.312400   0.326000   0.332800   0.360000   0.373600   0.471600   0.575600   0.706400 
234   0.321000   0.318400   0.314600   0.317200   0.318600   0.309600   0.323600   0.330200   0.357400   0.371600   0.469600   0.574200   0.705200 
235   0.318400   0.315600   0.311800   0.314400   0.316000   0.306800   0.321200   0.327600   0.354800   0.369600   0.467600   0.572800   0.704000 
236   0.315800   0.313000   0.309000   0.311600   0.313400   0.304000   0.318800   0.325000   0.352200   0.367600   0.465600   0.571400   0.702800 
237   0.313200   0.310400   0.306200   0.308800   0.310800   0.301200   0.316400   0.322400   0.349600   0.365600   0.463600   0.570000   0.701800 
238   0.310600   0.307800   0.303400   0.306000   0.308200   0.298400   0.314000   0.319800   0.347000   0.363600   0.461600   0.568600   0.700800 
239   0.308000   0.305200   0.300600   0.303200   0.305600   0.295600   0.311600   0.317200   0.344400   0.361600   0.459600   0.567200   0.699800 
240   0.305400   0.302600   0.297800   0.300400   0.303000   0.292800   0.309200   0.314600   0.341800   0.359600   0.457600   0.565800   0.698800 
241   0.302800   0.300000   0.295000   0.297600   0.300400   0.290000   0.306800   0.312000   0.339200   0.357600   0.455600   0.564400   0.697800 
242   0.300200   0.297400   0.292200   0.294800   0.297800   0.287200   0.304400   0.309400   0.336600   0.355600   0.453600   0.563000   0.696800 
243   0.297600   0.294800   0.289400   0.292000   0.295200   0.284400   0.302000   0.306800   0.334000   0.353600   0.451800   0.561600   0.696000 
244   0.295000   0.292200   0.286600   0.289200   0.292800   0.281600   0.299600   0.304200   0.331600   0.351600   0.450000   0.560200   0.695200 
245   0.292400   0.289600   0.283800   0.286600   0.290400   0.278800   0.297200   0.301600   0.329200   0.349600   0.448200   0.558800   0.694400 
246   0.289800   0.287000   0.281200   0.284000   0.288000   0.276000   0.294800   0.299000   0.326800   0.347600   0.446400   0.557400   0.693600 
247   0.287200   0.284600   0.278400   0.281400   0.285600   0.273200   0.292400   0.296400   0.324400   0.345600   0.444600   0.556000   0.692800 
248   0.284600   0.282000   0.275800   0.278800   0.283200   0.270400   0.290000   0.293800   0.322000   0.343600   0.442800   0.554600   0.692000 
249   0.282000   0.279600   0.273200   0.276200   0.280800   0.267600   0.287600   0.291200   0.319600   0.341600   0.441000   0.553200   0.691200 
250   0.279400   0.277200   0.270600   0.273800   0.278400   0.264800   0.285200   0.288600   0.317200   0.339600   0.439200   0.551800   0.690400 
251   0.276800   0.274800   0.268200   0.271400   0.276000   0.262000   0.282800   0.286000   0.314800   0.337600   0.437400   0.550400   0.689600 
252   0.274200   0.272400   0.265800   0.269000   0.273600   0.259200   0.280400   0.283400   0.312400   0.335600   0.435600   0.549000   0.688800 
253   0.271800   0.270000   0.263400   0.266600   0.271200   0.256600   0.278000   0.280800   0.310000   0.333600   0.433800   0.547600   0.688000 
254   0.269400   0.267600   0.261000   0.264200   0.268800   0.254000   0.275600   0.278200   0.307600   0.331600   0.432000   0.546200   0.687200 
255   0.267000   0.265200   0.258600   0.261800   0.266400   0.251400   0.273200   0.275600   0.305200   0.329600   0.430200   0.544800   0.686400 
256   0.264600   0.262800   0.256200   0.259400   0.264000   0.248800   0.270800   0.273000   0.302800   0.327600   0.428400   0.543400   0.685600 
257   0.262200   0.260400   0.253800   0.257000   0.261600   0.246400   0.268400   0.270400   0.300400   0.325600   0.426600   0.542000   0.684800 
258   0.259800   0.258000   0.251400   0.254600   0.259200   0.244000   0.266000   0.267800   0.298000   0.323600   0.424800   0.540600   0.684000 
259   0.257400   0.255800   0.249000   0.252200   0.256800   0.241600   0.263600   0.265200   0.295600   0.321600   0.423000   0.539200   0.683200 
260   0.255000   0.253400   0.246600   0.249800   0.254400   0.239200   0.261200   0.262600   0.293200   0.319600   0.421200   0.537800   0.682400 
261   0.252600   0.251200   0.244200   0.247400   0.252000   0.236800   0.258800   0.260000   0.290800   0.317600   0.419400   0.536400   0.681600 
262   0.250200   0.249000   0.241800   0.245000   0.249600   0.234400   0.256400   0.257400   0.288400   0.315600   0.417600   0.535000   0.680800 
263   0.247800   0.246800   0.239400   0.242600   0.247200   0.232000   0.254000   0.254800   0.286000   0.313600   0.415800   0.533600   0.680000 
264   0.245400   0.244600   0.237200   0.240200   0.244800   0.229600   0.251600   0.252200   0.283600   0.311600   0.414000   0.532200   0.679200 
265   0.243000   0.242400   0.235000   0.237800   0.242400   0.227200   0.249200   0.249600   0.281400   0.309600   0.412200   0.530800   0.678400 
266   0.240600   0.240200   0.232800   0.235600   0.240000   0.224800   0.246800   0.247000   0.279200   0.307600   0.410400   0.529400   0.677600 
267   0.238400   0.238000   0.230600   0.233400   0.237600   0.222400   0.244400   0.244400   0.277000   0.305600   0.408600   0.528000   0.676800 
268   0.236200   0.235800   0.228400   0.231200   0.235200   0.220000   0.242000   0.241800   0.274800   0.303600   0.406800   0.526600   0.676000 
269   0.234000   0.233600   0.226200   0.229000   0.232800   0.217600   0.239600   0.239400   0.272600   0.301600   0.405000   0.525200   0.675200 
270   0.231800   0.231400   0.224000   0.226800   0.230400   0.215200   0.237200   0.236800   0.270400   0.299600   0.403400   0.523800   0.674400 
271   0.229600   0.229200   0.221800   0.224600   0.228000   0.212800   0.234800   0.234400   0.268200   0.297600   0.401800   0.522400   0.673600 
272   0.227400   0.227000   0.219600   0.222400   0.225600   0.210400   0.232400   0.232000   0.266000   0.295600   0.400200   0.521000   0.672800 
273   0.225200   0.224800   0.217400   0.220200   0.223200   0.208000   0.230000   0.229600   0.263800   0.293600   0.398600   0.519600   0.672000 
274   0.223000   0.222600   0.215200   0.218000   0.220800   0.205600   0.227600   0.227200   0.261600   0.291600   0.397000   0.518200   0.671200 
275   0.220800   0.220400   0.213000   0.215800   0.218400   0.203200   0.225200   0.224800   0.259400   0.289600   0.395400   0.516800   0.670400 
276   0.218600   0.218200   0.210800   0.213600   0.216000   0.200800   0.222800   0.222400   0.257200   0.287600   0.393800   0.515400   0.669600 
277   0.216400   0.216000   0.208600   0.211400   0.213800   0.198400   0.220400   0.220000   0.255000   0.285600   0.392200   0.514000   0.668800 
278   0.214200   0.213800   0.206400   0.209200   0.211600   0.196000   0.218000   0.217600   0.252800   0.283600   0.390600   0.512600   0.668000 
279   0.212000   0.211600   0.204200   0.207000   0.209400   0.193600   0.215600   0.215200   0.250600   0.281600   0.389000   0.511200   0.667200 
280   0.209800   0.209400   0.202000   0.204800   0.207200   0.191200   0.213200   0.212800   0.248400   0.279600   0.387400   0.509800   0.666400 
281   0.207600   0.207200   0.199800   0.202600   0.205000   0.188800   0.210800   0.210400   0.246200   0.277600   0.385800   0.508400   0.665600 
282   0.205400   0.205000   0.197600   0.200400   0.202800   0.186400   0.208400   0.208000   0.244000   0.275600   0.384200   0.507000   0.664800 
283   0.203200   0.202800   0.195400   0.198200   0.200600   0.184000   0.206000   0.205600   0.241800   0.273600   0.382600   0.505600   0.664000 
284   0.201000   0.200600   0.193200   0.196000   0.198400   0.181600   0.203600   0.203200   0.239600   0.271600   0.381000   0.504200   0.663200 
285   0.198800   0.198400   0.191000   0.193800   0.196200   0.179200   0.201200   0.200800   0.237400   0.269600   0.379400   0.502800   0.662400 
286   0.196600   0.196200   0.188800   0.191600   0.194000   0.176800   0.199000   0.198400   0.235200   0.267600   0.377800   0.501400   0.661600 
287   0.194400   0.194000   0.186600   0.189400   0.191800   0.174400   0.196800   0.196000   0.233000   0.265600   0.376200   0.500000   0.660800 
288   0.192200   0.191800   0.184400   0.187200   0.189600   0.172200   0.194600   0.193600   0.230800   0.263800   0.374600   0.498600   0.660000 
289   0.190000   0.189600   0.182200   0.185000   0.187400   0.170000   0.192400   0.191200   0.228600   0.262000   0.373000   0.497200   0.659200 
290   0.187800   0.187400   0.180000   0.182800   0.185200   0.167800   0.190200   0.188800   0.226400   0.260200   0.371400   0.495800   0.658400 
291   0.185600   0.185200   0.177800   0.180600   0.183000   0.165600   0.188000   0.186400   0.224200   0.258400   0.369800   0.494400   0.657800 
292   0.183400   0.183000   0.175600   0.178400   0.180800   0.163400   0.185800   0.184200   0.222000   0.256600   0.368200   0.493000   0.657200 
293   0.181200   0.180800   0.173400   0.176200   0.178600   0.161200   0.183600   0.182000   0.219800   0.254800   0.366600   0.491600   0.656400 
294   0.179000   0.178600   0.171200   0.174000   0.176400   0.159000   0.181400   0.179800   0.217600   0.253000   0.365000   0.490400   0.655800 
295   0.176800   0.176400   0.169000   0.171800   0.174200   0.156800   0.179200   0.177600   0.215400   0.251200   0.363600   0.489200   0.655200 
296   0.174600   0.174200   0.166800   0.169600   0.172000   0.154800   0.177000   0.175400   0.213200   0.249400   0.362000   0.488000   0.654600 
297   0.172400   0.172000   0.164600   0.167400   0.169800   0.152800   0.174800   0.173200   0.211000   0.247600   0.360600   0.486800   0.654000 
298   0.170200   0.169800   0.162400   0.165200   0.167600   0.150800   0.172600   0.171000   0.208800   0.245800   0.359200   0.485600   0.653400 
299   0.168000   0.167600   0.160200   0.163000   0.165400   0.148800   0.170400   0.168800   0.206600   0.244000   0.358000   0.484400   0.652800 
300   0.165800   0.165400   0.158000   0.160800   0.163200   0.146800   0.168200   0.166600   0.204400   0.242200   0.356800   0.483200   0.652200 
301   0.163600   0.163200   0.155800   0.158600   0.161000   0.144800   0.166000   0.164400   0.202200   0.240400   0.355600   0.482000   0.651600 
302   0.161400   0.161000   0.153600   0.156400   0.158800   0.142800   0.163800   0.162200   0.200000   0.238600   0.354400   0.480800   0.651000 
303   0.159200   0.158800   0.151400   0.154200   0.156600   0.140800   0.161600   0.160000   0.197800   0.236800   0.353200   0.479600   0.650400 
304   0.157000   0.156600   0.149200   0.152000   0.154400   0.138800   0.159400   0.157800   0.195600   0.235000   0.352000   0.478400   0.649800 
305   0.154800   0.154400   0.147000   0.149800   0.152200   0.136800   0.157200   0.155600   0.193400   0.233200   0.350800   0.477200   0.649200 
306   0.152600   0.152200   0.144800   0.147600   0.150000   0.134800   0.155000   0.153400   0.191200   0.231400   0.349600   0.476000   0.648600 
307   0.150400   0.150000   0.142600   0.145400   0.147800   0.132800   0.152800   0.151200   0.189000   0.229600   0.348400   0.474800   0.648000 
308   0.148200   0.147800   0.140400   0.143200   0.145600   0.130800   0.150600   0.149000   0.186800   0.227800   0.347200   0.473600   0.647400 
309   0.146000   0.145600   0.138200   0.141000   0.143400   0.128800   0.148400   0.146800   0.184600   0.226000   0.346000   0.472400   0.646800 
310   0.143800   0.143400   0.136000   0.138800   0.141400   0.126800   0.146200   0.144600   0.182400   0.224200   0.344800   0.471200   0.646200 
311   0.141600   0.141200   0.133800   0.136600   0.139400   0.124800   0.144000   0.142400   0.180200   0.222400   0.343600   0.470000   0.645600 
312   0.139400   0.139000   0.131600   0.134400   0.137400   0.122800   0.141800   0.140200   0.178000   0.220600   0.342400   0.468800   0.645000 
313   0.137200   0.136800   0.129400   0.132200   0.135400   0.120800   0.139600   0.138000   0.175800   0.219000   0.341200   0.467600   0.644400 
314   0.135000   0.134600   0.127200   0.130000   0.133400   0.118800   0.137400   0.135800   0.173600   0.217400   0.340000   0.466400   0.643800 
315   0.132800   0.132400   0.125000   0.127800   0.131400   0.116800   0.135200   0.133600   0.171400   0.215800   0.338800   0.465200   0.643200 
316   0.130600   0.130200   0.122800   0.125600   0.129400   0.114800   0.133000   0.131400   0.169200   0.214000   0.337600   0.464000   0.642600 
317   0.128400   0.128000   0.120600   0.123600   0.127400   0.112800   0.131000   0.129200   0.167000   0.212400   0.336400   0.462800   0.642000 
318   0.126200   0.125800   0.118400   0.121600   0.125400   0.110800   0.128800   0.127000   0.164800   0.210800   0.335200   0.461600   0.641400 
319   0.124000   0.123600   0.116200   0.119600   0.123400   0.108800   0.126800   0.124800   0.162600   0.209200   0.334000   0.460400   0.641000 
320   0.121800   0.121400   0.114000   0.117600   0.121400   0.106800   0.124800   0.122600   0.160400   0.207600   0.332800   0.459200   0.640400 
321   0.119600   0.119200   0.111800   0.115600   0.119400   0.104800   0.122800   0.120600   0.158200   0.206000   0.331600   0.458000   0.640000 
322   0.117400   0.117200   0.109600   0.113600   0.117400   0.102800   0.120800   0.118600   0.156000   0.204400   0.330400   0.456800   0.639600 
323   0.115200   0.115200   0.107400   0.111600   0.115400   0.100800   0.118800   0.116600   0.153800   0.202800   0.329200   0.455600   0.639200 
324   0.113000   0.113200   0.105200   0.109600   0.113400   0.098800   0.116800   0.114600   0.151600   0.201200   0.328000   0.454400   0.638800 
325   0.110800   0.111200   0.103000   0.107600   0.111400   0.096800   0.115000   0.112600   0.149400   0.199600   0.326800   0.453200   0.638400 
326   0.108600   0.109200   0.100800   0.105600   0.109400   0.094800   0.113000   0.110600   0.147200   0.198000   0.325600   0.452000   0.638000 
327   0.106400   0.107200   0.098600   0.103600   0.107400   0.092800   0.111200   0.108600   0.145000   0.196400   0.324400   0.450800   0.637600 
328   0.104200   0.105200   0.096400   0.101600   0.105400   0.090800   0.109400   0.106800   0.142800   0.194800   0.323200   0.449600   0.637200 
329   0.102200   0.103200   0.094200   0.099600   0.103400   0.088800   0.107600   0.105000   0.140800   0.193200   0.322000   0.448600   0.636800 
330   0.100200   0.101200   0.092000   0.097600   0.101400   0.086800   0.105800   0.103200   0.138800   0.191600   0.320800   0.447800   0.636400 
331   0.098000   0.099200   0.090000   0.095600   0.099400   0.084800   0.104000   0.101400   0.136800   0.190000   0.319600   0.447000   0.636000 
332   0.096000   0.097200   0.087800   0.093600   0.097400   0.082800   0.102200   0.099600   0.134800   0.188400   0.318400   0.446000   0.635600 
333   0.094000   0.095200   0.085600   0.091600   0.095400   0.080800   0.100400   0.097800   0.132800   0.186800   0.317200   0.445200   0.635200 
334   0.092000   0.093200   0.083600   0.089600   0.093400   0.078800   0.098600   0.096000   0.130800   0.185200   0.316000   0.444400   0.634800 
335   0.090000   0.091200   0.081600   0.087600   0.091400   0.076800   0.096800   0.094200   0.128800   0.183600   0.314800   0.443600   0.634400 
336   0.088000   0.089200   0.079600   0.085600   0.089400   0.074800   0.095000   0.092400   0.126800   0.182000   0.313600   0.442800   0.634000 
337   0.086000   0.087200   0.077600   0.083600   0.087600   0.072800   0.093200   0.090600   0.124800   0.180400   0.312400   0.442000   0.633600 
338   0.084000   0.085200   0.075600   0.081600   0.085400   0.070800   0.091400   0.088800   0.122800   0.178800   0.311200   0.441200   0.633200 
339   0.082000   0.083200   0.073600   0.079600   0.083800   0.068800   0.089600   0.087000   0.120800   0.177200   0.310000   0.440400   0.632800 
340   0.080000   0.081200   0.071600   0.077600   0.081800   0.066800   0.087800   0.085200   0.118800   0.175600   0.308800   0.439600   0.632400 
341   0.078000   0.079200   0.069600   0.075600   0.080000   0.064800   0.086000   0.083400   0.116800   0.174200   0.307600   0.438800   0.632000 
342   0.076000   0.077200   0.067600   0.073600   0.078000   0.062800   0.084200   0.081600   0.114800   0.172800   0.306400   0.438200   0.631600 
343   0.074000   0.075200   0.065600   0.071600   0.076400   0.060800   0.082400   0.079800   0.113000   0.171400   0.305200   0.437600   0.631200 
344   0.072000   0.073200   0.063600   0.069600   0.074400   0.058800   0.080600   0.078200   0.111200   0.170000   0.304000   0.437000   0.630800 
345   0.070000   0.071200   0.061600   0.067600   0.072600   0.056800   0.078800   0.076400   0.109600   0.168600   0.302800   0.436400   0.630400 
346   0.068000   0.069200   0.059600   0.065600   0.070800   0.054800   0.077000   0.074600   0.108000   0.167400   0.301600   0.435800   0.630000 
347   0.066000   0.067200   0.057600   0.063600   0.069000   0.052800   0.075200   0.072800   0.106400   0.166200   0.300400   0.435200   0.629600 
348   0.064000   0.065200   0.055600   0.061600   0.067200   0.050800   0.073400   0.071200   0.104800   0.165000   0.299200   0.434600   0.629200 
349   0.062000   0.063200   0.053600   0.059800   0.065400   0.048800   0.071600   0.069600   0.103200   0.163800   0.298000   0.434000   0.628800 
350   0.060000   0.061200   0.051600   0.058000   0.063600   0.046800   0.069800   0.068000   0.101600   0.162600   0.296800   0.433400   0.628400 
351   0.058000   0.059200   0.049600   0.056000   0.061800   0.044800   0.068000   0.066400   0.100000   0.161400   0.295600   0.432800   0.628000 
352   0.056000   0.057200   0.047600   0.054200   0.060000   0.042800   0.066200   0.064800   0.098400   0.160200   0.294400   0.432200   0.627600 
353   0.054000   0.055200   0.045600   0.052400   0.058200   0.040800   0.064400   0.063200   0.096800   0.159000   0.293200   0.431600   0.627200 
354   0.052000   0.053200   0.043600   0.050600   0.056400   0.039000   0.062600   0.061800   0.095200   0.157800   0.292000   0.431000   0.626800 
355   0.050000   0.051200   0.041600   0.048800   0.054600   0.037200   0.060800   0.060200   0.093600   0.156600   0.290800   0.430400   0.626400 
356   0.048000   0.049200   0.039600   0.047000   0.052800   0.035400   0.059000   0.058800   0.092000   0.155400   0.289600   0.429800   0.626000 
357   0.046000   0.047200   0.037600   0.045200   0.051200   0.033600   0.057200   0.057400   0.090400   0.154200   0.288400   0.429200   0.625600 
358   0.044000   0.045200   0.035600   0.043400   0.049600   0.031800   0.055400   0.056000   0.088800   0.153000   0.287200   0.428600   0.625200 
359   0.042000   0.043200   0.033600   0.041600   0.048000   0.030000   0.053800   0.054600   0.087200   0.151800   0.286000   0.428000   0.624800 
360   0.040000   0.041200   0.031600   0.039800   0.046400   0.028200   0.052200   0.053200   0.085600   0.150600   0.284800   0.427400   0.624400 
361   0.038000   0.039200   0.029600   0.038000   0.044800   0.026400   0.050400   0.051800   0.084000   0.149400   0.283600   0.426800   0.624000 
362   0.036000   0.037200   0.027600   0.036200   0.043200   0.024600   0.048800   0.050400   0.082400   0.148200   0.282400   0.426200   0.623600 
363   0.034000   0.035200   0.025600   0.034400   0.041600   0.022800   0.047200   0.049000   0.080800   0.147000   0.281200   0.425600   0.623200 
364   0.032000   0.033400   0.023600   0.032600   0.040000   0.021000   0.045600   0.047600   0.079200   0.145800   0.280000   0.425000   0.622800 
365   0.030000   0.031600   0.021600   0.030800   0.038400   0.019200   0.044000   0.046200   0.077600   0.144600   0.278800   0.424400   0.622400 
366   0.028200   0.029800   0.019600   0.029000   0.036800   0.017400   0.042400   0.044800   0.076000   0.143400   0.277600   0.423800   0.622000 
367   0.026400   0.028000   0.017600   0.027200   0.035200   0.015600   0.041000   0.043400   0.074400   0.142200   0.276400   0.423200   0.621600 
368   0.024600   0.026200   0.015600   0.025400   0.033600   0.013800   0.039400   0.042000   0.072800   0.141000   0.275200   0.422600   0.621200 
369   0.022600   0.024400   0.013800   0.023600   0.032000   0.012000   0.038000   0.040600   0.071200   0.139800   0.274000   0.422000   0.620800 
370   0.020800   0.022600   0.012000   0.022000   0.030400   0.010200   0.036600   0.039200   0.069600   0.138600   0.272800   0.421400   0.620400 
371   0.019000   0.020800   0.010200   0.020400   0.028800   0.008400   0.035200   0.037800   0.068000   0.137400   0.271600   0.420800   0.620000 
372   0.017200   0.019000   0.008400   0.018800   0.027200   0.006600   0.033800   0.036400   0.066600   0.136200   0.270400   0.420200   0.619600 
373   0.015600   0.017200   0.006600   0.017200   0.025600   0.004800   0.032400   0.035000   0.065200   0.135000   0.269200   0.419600   0.619400 
374   0.014000   0.015400   0.005000   0.015600   0.024000   0.003000   0.031000   0.033600   0.063600   0.133800   0.268000   0.419000   0.619200 
375   0.012400   0.013600   0.003400   0.014000   0.022400   0.001200   0.029600   0.032200   0.062200   0.132600   0.266800   0.418400   0.619000 
376   0.010800   0.011800   0.001800   0.012400   0.020800  -0.000600   0.028200   0.030800   0.060600   0.131400   0.265600   0.417800   0.618800 
377   0.009200   0.010000   0.000200   0.010800   0.019200  -0.002400   0.026800   0.029400   0.059200   0.130200   0.264400   0.417200   0.618600 
378   0.007600   0.008200  -0.001400   0.009200   0.017600  -0.004200   0.025400   0.028000   0.057800   0.129000   0.263200   0.416600   0.618400 
379   0.006000   0.006400  -0.003000   0.007600   0.016000  -0.006000   0.024000   0.026600   0.056400   0.127800   0.262000   0.416000   0.618200 
380   0.004400   0.004600  -0.004600   0.006000   0.014400  -0.007600   0.022600   0.025200   0.055000   0.126600   0.260800   0.415400   0.618000 
381   0.002800   0.002800  -0.006200   0.004400   0.012800  -0.009400   0.021200   0.023800   0.053600   0.125400   0.259600   0.414800   0.617800 
382   0.001200   0.001000  -0.007800   0.002800   0.011200  -0.011000   0.019800   0.022400   0.052200   0.124200   0.258400   0.414200   0.617600 
383  -0.000400  -0.000800  -0.009400   0.001200   0.009600  -0.012600   0.018600   0.021000   0.050800   0.123000   0.257200   0.413600   0.617400 
384  -0.002000  -0.002400  -0.011000  -0.000400   0.008000  -0.014200   0.017200   0.019600   0.049400   0.121800   0.256000   0.413000   0.617200 
385  -0.003600  -0.004000  -0.012600  -0.002000   0.006400  -0.015800   0.016000   0.018400   0.048000   0.120600   0.254800   0.412400   0.617000 
386  -0.005200  -0.005400  -0.014000  -0.003600   0.004800  -0.017400   0.014800   0.017200   0.046600   0.119400   0.253600   0.412000   0.616800 
387  -0.006800  -0.006800  -0.015400  -0.005200   0.003200  -0.019000   0.013600   0.016000   0.045200   0.118200   0.252400   0.411400   0.616600 
388  -0.008400  -0.008200  -0.016800  -0.006800   0.001600  -0.020600   0.012400   0.014800   0.043800   0.117000   0.251200   0.410800   0.616400 
389  -0.010000  -0.009600  -0.018200  -0.008200  -0.000000  -0.022200   0.011200   0.013600   0.042400   0.115800   0.250000   0.410400   0.616200 
390  -0.011400  -0.011000  -0.019600  -0.009800  -0.001600  -0.023800   0.010000   0.012400   0.041000   0.114600   0.248800   0.410000   0.616000 
391  -0.012800  -0.012400  -0.021000  -0.011200  -0.003200  -0.025400   0.008800   0.011200   0.039600   0.113400   0.247600   0.409600   0.615800 
392  -0.014200  -0.013800  -0.022400  -0.012600  -0.004800  -0.027000   0.007600   0.010000   0.038200   0.112200   0.246400   0.409200   0.615600 
393  -0.015600  -0.015200  -0.023800  -0.014000  -0.006400  -0.028600   0.006400   0.008800   0.036800   0.111000   0.245200   0.408800   0.615400 
394  -0.017000  -0.016600  -0.025200  -0.015400  -0.008000  -0.030200   0.005200   0.007600   0.035400   0.109800   0.244000   0.408400   0.615200 
395  -0.018400  -0.018000  -0.026600  -0.016800  -0.009400  -0.031800   0.004000   0.006600   0.034000   0.108600   0.242800   0.408000   0.615000 
396  -0.019800  -0.019400  -0.027800  -0.018200  -0.010800  -0.033400   0.002800   0.005400   0.032600   0.107400   0.241600   0.407600   0.614800 
397  -0.021200  -0.020800  -0.029200  -0.019600  -0.012200  -0.035000   0.001600   0.004400   0.031200   0.106200   0.240400   0.407200   0.614600 
398  -0.022600  -0.022200  -0.030400  -0.020800  -0.013600  -0.036600   0.000400   0.003400   0.029800   0.105000   0.239200   0.406800   0.614400 
399  -0.024000  -0.023600  -0.031600  -0.022200  -0.015000  -0.038200  -0.000800   0.002400   0.028400   0.103800   0.238000   0.406400   0.614200 
400  -0.025400  -0.025000  -0.032800  -0.023600  -0.016400  -0.039800  -0.002000   0.001400   0.027000   0.102800   0.236800   0.406000   0.614000 
401  -0.026800  -0.026400  -0.034000  -0.024800  -0.017800  -0.041400  -0.003200   0.000400   0.025600   0.101600   0.235600   0.405600   0.613800 
402  -0.028200  -0.027800  -0.035200  -0.026000  -0.019200  -0.043000  -0.004400  -0.000600   0.024200   0.100600   0.234400   0.405200   0.613600 
403  -0.029600  -0.029200  -0.036400  -0.027200  -0.020600  -0.044600  -0.005600  -0.001600   0.022800   0.099600   0.233200   0.404800   0.613400 
404  -0.031000  -0.030600  -0.037600  -0.028400  -0.022000  -0.046200  -0.006600  -0.002600   0.021400   0.098600   0.232200   0.404400   0.613200 
405  -0.032400  -0.032000  -0.038800  -0.029600  -0.023200  -0.047800  -0.007600  -0.003600   0.020000   0.097600   0.231000   0.404000   0.613000 
406  -0.033800  -0.033400  -0.040000  -0.030800  -0.024400  -0.049400  -0.008600  -0.004600   0.018600   0.096600   0.229800   0.403600   0.612800 
407  -0.035200  -0.034800  -0.041200  -0.032000  -0.025800  -0.051000  -0.009600  -0.005600   0.017200   0.095600   0.228800   0.403200   0.612600 
408  -0.036600  -0.036200  -0.042400  -0.033200  -0.027000  -0.052600  -0.010600  -0.006600   0.015800   0.094600   0.227800   0.402800   0.612400 
409  -0.038000  -0.037600  -0.043600  -0.034400  -0.028200  -0.054200  -0.011600  -0.007600   0.014400   0.093600   0.226800   0.402400   0.612400 
410  -0.039400  -0.039000  -0.044800  -0.035600  -0.029400  -0.055800  -0.012600  -0.008600   0.013000   0.092600   0.225800   0.402000   0.612200 
411  -0.040800  -0.040400  -0.046000  -0.036800  -0.030600  -0.057400  -0.013600  -0.009400   0.011600   0.091600   0.224800   0.401600   0.612200 
412  -0.042200  -0.041800  -0.047200  -0.038000  -0.031800  -0.059000  -0.014600  -0.010400   0.010200   0.090600   0.223800   0.401200   0.612200 
413  -0.043400  -0.043200  -0.048400  -0.039200  -0.033000  -0.060600  -0.015400  -0.011400   0.008800   0.089600   0.222800   0.400800   0.612200 
414  -0.044600  -0.044600  -0.049600  -0.040400  -0.034200  -0.062200  -0.016200  -0.012200   0.007400   0.088600   0.221800   0.400400   0.612200 
415  -0.045800  -0.046000  -0.050800  -0.041600  -0.035400  -0.063800  -0.016800  -0.013000   0.006000   0.087600   0.220800   0.400000   0.612200 
416  -0.047000  -0.047400  -0.052000  -0.042800  -0.036600  -0.065400  -0.017400  -0.013800   0.004600   0.086600   0.219800   0.399600   0.612200 
417  -0.048200  -0.048600  -0.053200  -0.044000  -0.037800  -0.067000  -0.018000  -0.014600   0.003200   0.085600   0.218800   0.399200   0.612200 
418  -0.049400  -0.050000  -0.054400  -0.045200  -0.039000  -0.068400  -0.018600  -0.015400   0.001800   0.084600   0.217800   0.398800   0.612200 
419  -0.050600  -0.051200  -0.055400  -0.046400  -0.040200  -0.070000  -0.019200  -0.016200   0.000400   0.083600   0.216800   0.398400   0.612200 
420  -0.051800  -0.052400  -0.056400  -0.047600  -0.041400  -0.071400  -0.019800  -0.017000  -0.001000   0.082600   0.215800   0.398000   0.612200 
421  -0.053000  -0.053600  -0.057400  -0.048800  -0.042600  -0.072800  -0.020400  -0.017800  -0.002400   0.081600   0.214800   0.397600   0.612200 
422  -0.054200  -0.054800  -0.058400  -0.049800  -0.043800  -0.074200  -0.021000  -0.018600  -0.003800   0.080600   0.213800   0.397200   0.612200 
423  -0.055400  -0.056000  -0.059400  -0.051000  -0.045000  -0.075600  -0.021600  -0.019400  -0.005200   0.079600   0.213000   0.397000   0.612200 
424  -0.056600  -0.057200  -0.060400  -0.052000  -0.046200  -0.076800  -0.022200  -0.020200  -0.006600   0.078600   0.212200   0.396800   0.612200 
425  -0.057800  -0.058400  -0.061400  -0.053000  -0.047400  -0.078000  -0.022800  -0.020800  -0.008000   0.077600   0.211600   0.396600   0.612200 
426  -0.059000  -0.059600  -0.062400  -0.054000  -0.048600  -0.079200  -0.023400  -0.021400  -0.009400   0.076600   0.210800   0.396400   0.612200 
427  -0.060200  -0.060800  -0.063400  -0.055000  -0.049800  -0.080400  -0.024000  -0.022000  -0.010600   0.075600   0.210200   0.396200   0.612200 
428  -0.061400  -0.062000  -0.064400  -0.056000  -0.051000  -0.081600  -0.024600  -0.022600  -0.011800   0.074600   0.209600   0.396000   0.612200 
429  -0.062600  -0.063200  -0.065400  -0.057000  -0.052200  -0.082800  -0.025200  -0.023200  -0.013000   0.073600   0.209000   0.395800   0.612200 
430  -0.063800  -0.064400  -0.066400  -0.058000  -0.053400  -0.084000  -0.025800  -0.023800  -0.014200   0.072600   0.208400   0.395600   0.612200 
431  -0.064600  -0.065400  -0.067400  -0.059000  -0.054600  -0.085200  -0.026400  -0.024400  -0.015400   0.071600   0.207800   0.395400   0.612200 
432  -0.065600  -0.066400  -0.068400  -0.060000  -0.055800  -0.086400  -0.027000  -0.025000  -0.016600   0.070600   0.207200   0.395200   0.612200 
433  -0.066400  -0.067400  -0.069400  -0.061000  -0.057000  -0.087600  -0.027400  -0.025600  -0.017800   0.069600   0.206600   0.395000   0.612200 
434  -0.067400  -0.068400  -0.070400  -0.062000  -0.058200  -0.088800  -0.027800  -0.026200  -0.018800   0.068600   0.206000   0.394800   0.612200 
435  -0.068200  -0.069400  -0.071400  -0.063000  -0.059400  -0.090000  -0.028200  -0.026800  -0.019800   0.067600   0.205400   0.394600   0.612200 
436  -0.068800  -0.070400  -0.072400  -0.064000  -0.060600  -0.091200  -0.028600  -0.027400  -0.020800   0.066600   0.204800   0.394400   0.612200 
437  -0.069400  -0.071400  -0.073400  -0.065000  -0.061800  -0.092400  -0.029000  -0.028000  -0.021800   0.065600   0.204200   0.394200   0.612200 
438  -0.070000  -0.072000  -0.074400  -0.066000  -0.063000  -0.093600  -0.029400  -0.028600  -0.022800   0.064600   0.203600   0.394000   0.612200 
439  -0.070600  -0.072800  -0.075400  -0.067000  -0.064200  -0.094800  -0.029800  -0.029200  -0.023600   0.063600   0.203000   0.393800   0.612200 
440  -0.071200  -0.073400  -0.076200  -0.067800  -0.065400  -0.096000  -0.030200  -0.029800  -0.024600   0.062600   0.202400   0.393600   0.612200 
441  -0.071800  -0.074000  -0.077200  -0.068800  -0.066600  -0.097200  -0.030600  -0.030400  -0.025400   0.061600   0.202000   0.393400   0.612200 
442  -0.072400  -0.074600  -0.078000  -0.069600  -0.067800  -0.098400  -0.031000  -0.031000  -0.026200   0.060600   0.201400   0.393200   0.612200 
443  -0.073000  -0.075200  -0.078800  -0.070400  -0.069000  -0.099600  -0.031400  -0.031600  -0.027000   0.059600   0.201000   0.393000   0.612200 
444  -0.073600  -0.075800  -0.079600  -0.071200  -0.070200  -0.100800  -0.031800  -0.032000  -0.027800   0.058600   0.200600   0.392800   0.612200 
445  -0.074200  -0.076400  -0.080400  -0.072000  -0.071400  -0.102000  -0.032200  -0.032400  -0.028600   0.057800   0.200200   0.392600   0.612200 
446  -0.074800  -0.077000  -0.081200  -0.072800  -0.072600  -0.103200  -0.032600  -0.032800  -0.029400   0.057000   0.199800   0.392400   0.612200 
447  -0.075400  -0.077600  -0.082000  -0.073600  -0.073800  -0.104400  -0.033000  -0.033400  -0.030200   0.056200   0.199400   0.392200   0.612200 
448  -0.076000  -0.078200  -0.082800  -0.074400  -0.075000  -0.105400  -0.033400  -0.033800  -0.031000   0.055400   0.199000   0.392000   0.612200 
449  -0.076600  -0.078800  -0.083600  -0.075200  -0.076200  -0.106400  -0.033800  -0.034200  -0.031800   0.054600   0.198600   0.391800   0.612200 
450  -0.077200  -0.079400  -0.084400  -0.076000  -0.077400  -0.107400  -0.034000  -0.034400  -0.032600   0.053800   0.198200   0.391600   0.612200 
451  -0.077800  -0.080000  -0.085200  -0.076800  -0.078600  -0.108200  -0.034200  -0.034400  -0.033400   0.053000   0.197800   0.391400   0.612200 
452  -0.078400  -0.080600  -0.086000  -0.077600  -0.079800  -0.109000  -0.034400  -0.034600  -0.034200   0.052200   0.197400   0.391200   0.612200 
453  -0.079000  -0.081200  -0.086800  -0.078400  -0.081000  -0.109800  -0.034600  -0.034800  -0.035000   0.051400   0.197000   0.391000   0.612200 
454  -0.079600  -0.081800  -0.087400  -0.079200  -0.082200  -0.110600  -0.034800  -0.034800  -0.035800   0.050600   0.196600   0.390800   0.612200 
455  -0.080200  -0.082400  -0.088000  -0.080000  -0.083400  -0.111400  -0.035000  -0.034800  -0.036600   0.049800   0.196200   0.390600   0.612200 
456  -0.080800  -0.083000  -0.088600  -0.080800  -0.084600  -0.112200  -0.035200  -0.034800  -0.037400   0.049000   0.195800   0.390400   0.612200 
457  -0.081400  -0.083600  -0.089200  -0.081600  -0.085800  -0.113000  -0.035400  -0.034800  -0.038200   0.048200   0.195400   0.390400   0.612200 
458  -0.082000  -0.084200  -0.089800  -0.082400  -0.087000  -0.113800  -0.035600  -0.034800  -0.039000   0.047400   0.195000   0.390000   0.612200 
459  -0.082600  -0.084800  -0.090400  -0.083200  -0.088200  -0.114600  -0.035800  -0.034800  -0.039800   0.046600   0.194600   0.390200   0.612200 
460  -0.083200  -0.085400  -0.091000  -0.084000  -0.089400  -0.115400  -0.036000  -0.034800  -0.040400   0.045800   0.194200   0.390000   0.612200 
461  -0.083800  -0.086000  -0.091600  -0.084800  -0.090600  -0.116200  -0.036200  -0.034800  -0.041000   0.045000   0.193800   0.390000   0.612200 
462  -0.084400  -0.086600  -0.092200  -0.085600  -0.091800  -0.116800  -0.036400  -0.034800  -0.041600   0.044400   0.193400   0.390000   0.612200 
463  -0.085000  -0.087200  -0.092800  -0.086400  -0.093000  -0.117600  -0.036600  -0.034800  -0.042200   0.043600   0.193000   0.390000   0.612200 
464  -0.085600  -0.087800  -0.093400  -0.087200  -0.094000  -0.118000  -0.036600  -0.034800  -0.042800   0.043000   0.192600   0.390000   0.612200 
465  -0.086200  -0.088400  -0.094000  -0.088000  -0.095200  -0.118400  -0.036800  -0.034800  -0.043400   0.042600   0.192200   0.390000   0.612200 
466  -0.086800  -0.089000  -0.094600  -0.088800  -0.096200  -0.118800  -0.036800  -0.034800  -0.043800   0.042000   0.191800   0.390000   0.612200 
467  -0.087400  -0.089600  -0.095200  -0.089600  -0.097000  -0.119400  -0.036800  -0.034800  -0.044200   0.041600   0.191400   0.390000   0.612200 
468  -0.088000  -0.090200  -0.095800  -0.090400  -0.097800  -0.119800  -0.036800  -0.034800  -0.044600   0.041200   0.191000   0.390000   0.612200 
469  -0.088600  -0.090800  -0.096400  -0.091200  -0.098600  -0.120200  -0.036800  -0.034800  -0.045000   0.040800   0.190600   0.390000   0.612200 
470  -0.089200  -0.091400  -0.097000  -0.092000  -0.099200  -0.120600  -0.036800  -0.034800  -0.045200   0.040400   0.190200   0.390000   0.612200 
471  -0.089800  -0.092000  -0.097600  -0.092800  -0.099800  -0.121000  -0.036800  -0.034800  -0.045400   0.040200   0.189800   0.390000   0.612200 
472  -0.090400  -0.092600  -0.098200  -0.093400  -0.100400  -0.121400  -0.036800  -0.034800  -0.045600   0.040000   0.189400   0.390000   0.612200 
473  -0.091000  -0.093200  -0.098800  -0.093800  -0.101000  -0.121800  -0.036800  -0.034800  -0.045800   0.039800   0.189000   0.390000   0.612200 
474  -0.091600  -0.093800  -0.099400  -0.094200  -0.101600  -0.122200  -0.036800  -0.034800  -0.046000   0.039600   0.188600   0.390000   0.612200 
475  -0.092200  -0.094400  -0.100000  -0.094600  -0.102200  -0.122600  -0.036800  -0.034800  -0.046200   0.039400   0.188200   0.390000   0.612200 
476  -0.092800  -0.095000  -0.100600  -0.095000  -0.102800  -0.123000  -0.036800  -0.034800  -0.046400   0.039200   0.187800   0.390000   0.612200 
477  -0.093400  -0.095600  -0.101200  -0.095400  -0.103400  -0.123400  -0.036800  -0.034800  -0.046600   0.039000   0.187400   0.390000   0.612200 
478  -0.094000  -0.096000  -0.101800  -0.095800  -0.104000  -0.123800  -0.036800  -0.034800  -0.046800   0.038800   0.187000   0.390000   0.612200 
479  -0.094600  -0.096400  -0.102400  -0.096200  -0.104600  -0.124200  -0.036800  -0.034800  -0.047000   0.038600   0.186600   0.390000   0.612200 
480  -0.095000  -0.096800  -0.103000  -0.096600  -0.105200  -0.124600  -0.036800  -0.034800  -0.047200   0.038400   0.186400   0.390000   0.612200 
481  -0.095600  -0.097200  -0.103600  -0.097000  -0.105800  -0.125000  -0.036800  -0.034800  -0.047400   0.038200   0.186200   0.390000   0.612200 
482  -0.096000  -0.097600  -0.104200  -0.097400  -0.106400  -0.125400  -0.036800  -0.034800  -0.047600   0.038000   0.186000   0.390000   0.612200 
483  -0.096400  -0.098000  -0.104800  -0.097800  -0.107000  -0.125800  -0.036800  -0.034800  -0.047800   0.037800   0.185800   0.390000   0.612200 
484  -0.096800  -0.098400  -0.105400  -0.098200  -0.107600  -0.126200  -0.036800  -0.034800  -0.048000   0.037600   0.185600   0.390000   0.612200 
485  -0.097200  -0.098800  -0.106000  -0.098600  -0.108200  -0.126600  -0.036800  -0.034800  -0.048200   0.037600   0.185400   0.390000   0.612200 
486  -0.097600  -0.099200  -0.106600  -0.099000  -0.108800  -0.127000  -0.036800  -0.034800  -0.048400   0.037400   0.185200   0.390000   0.612200 
487  -0.098000  -0.099600  -0.107200  -0.099200  -0.109400  -0.127400  -0.036800  -0.034800  -0.048600   0.037200   0.185000   0.390000   0.612200 
488  -0.098400  -0.100000  -0.107800  -0.099400  -0.110000  -0.127800  -0.036800  -0.034800  -0.048600   0.037200   0.184800   0.390000   0.612200 
489  -0.098800  -0.100400  -0.108400  -0.099600  -0.110200  -0.128200  -0.036800  -0.034800  -0.048600   0.037200   0.184600   0.390000   0.612200 
490  -0.099200  -0.100800  -0.108800  -0.099800  -0.110600  -0.128600  -0.036800  -0.034800  -0.048600   0.037200   0.184400   0.390000   0.612200 
491  -0.099600  -0.101200  -0.109400  -0.100000  -0.111000  -0.129000  -0.036800  -0.034800  -0.048600   0.037200   0.184200   0.390000   0.612200 
492  -0.100000  -0.101600  -0.109800  -0.100200  -0.111200  -0.129400  -0.036800  -0.034800  -0.048600   0.037200   0.184200   0.390000   0.612200 
493  -0.100400  -0.101800  -0.110400  -0.100400  -0.111400  -0.129600  -0.036800  -0.034800  -0.048600   0.037200   0.183800   0.390000   0.612200 
494  -0.100400  -0.102000  -0.110600  -0.100400  -0.111600  -0.129800  -0.036800  -0.034800  -0.048600   0.037200   0.184000   0.390000   0.612200 
495  -0.100400  -0.102200  -0.111200  -0.100400  -0.111600  -0.130000  -0.036800  -0.034800  -0.048600   0.037200   0.183800   0.390000   0.612200 
496  -0.100400  -0.102200  -0.111400  -0.100400  -0.111600  -0.130200  -0.036800  -0.034800  -0.048600   0.037200   0.183800   0.390000   0.612200 
497  -0.100400  -0.102200  -0.111400  -0.100400  -0.111600  -0.130200  -0.036800  -0.034800  -0.048600   0.037200   0.183800   0.390000   0.612200 
498  -0.100400  -0.102200  -0.111400  -0.100400  -0.111600  -0.130200  -0.036800  -0.034800  -0.048600   0.037200   0.183800   0.390000   0.612200 
499  -0.100400  -0.102200  -0.111400  -0.100400  -0.111600  -0.130200  -0.036800  -0.034800  -0.048600   0.037200   0.183800   0.390000   0.612200 
