0   0.320276
1   0.081390
2   0.061900
3   0.045934
4   0.034226
5   0.025974
6   0.020146
7   0.016566
8   0.012568
9   0.008038
10   0.003868
11   0.003604
12   0.003460
13   0.001176
14   0.000430
15  -0.000298
16  -0.000546
17   0.001016
18   0.000176
19  -0.001666
20   0.000768
21  -0.001190
22  -0.001152
23   0.000756
24  -0.001108
25   0.001042
26  -0.001092
27  -0.000054
28   0.001728
29   0.003082
30   0.000388
31  -0.001154
32   0.000066
33  -0.000352
34   0.000382
35   0.002244
36   0.001664
37   0.004118
38   0.002480
39   0.003240
40   0.003564
41   0.002588
42   0.003966
43  -0.000392
44   0.002324
45   0.002066
46   0.001854
47   0.002750
48   0.001466
49   0.000986
50   0.001446
51   0.001142
52  -0.000544
53   0.001450
54   0.000742
55   0.000610
56  -0.000082
57   0.000328
58   0.001228
59   0.000238
60  -0.001614
61  -0.001024
62  -0.000850
63  -0.001562
64   0.000036
65   0.000910
66  -0.000692
67  -0.001124
68  -0.001572
69  -0.000378
70   0.000122
71  -0.000866
72   0.002562
73  -0.001248
74   0.001988
75   0.000090
76  -0.001228
77  -0.001824
78  -0.001592
79  -0.001034
80  -0.001704
81  -0.002490
82  -0.002664
83  -0.001622
84  -0.000480
85   0.000322
86  -0.001830
87  -0.000280
88  -0.001864
89   0.000102
90  -0.001628
91  -0.000010
92  -0.000252
93  -0.000718
94  -0.001468
95   0.000536
96   0.001000
97  -0.000358
98   0.000338
99  -0.000554
100   0.000852
101   0.000444
102   0.001270
103  -0.000754
104   0.000868
105   0.000870
106   0.001486
107   0.001506
108   0.001224
109   0.002132
110   0.000752
111   0.002110
112   0.000936
113   0.001754
114  -0.000090
115  -0.001084
116  -0.001026
117  -0.000920
118  -0.000546
119  -0.000260
120  -0.000168
121  -0.000020
122  -0.001064
123  -0.002010
124  -0.000102
125  -0.000660
126   0.000116
127   0.000644
128   0.001336
129   0.001970
130   0.001792
131   0.002316
132   0.000686
133   0.001006
134   0.000604
135   0.002310
136   0.000474
137  -0.000014
138   0.001192
139  -0.001372
140   0.001208
141  -0.000748
142  -0.000898
143   0.001528
144   0.002264
145  -0.000194
146   0.001244
147   0.002418
148   0.001332
149   0.001436
150   0.000964
151   0.001790
152   0.001630
153   0.002372
154   0.000470
155  -0.001464
156   0.000330
157   0.001894
158   0.001040
159   0.001282
160  -0.000208
161  -0.001210
162   0.000006
163  -0.001536
164  -0.001054
165  -0.000980
166  -0.000286
167  -0.002148
168  -0.000776
169  -0.001562
170   0.000274
171  -0.000012
172  -0.000770
173  -0.000454
174   0.000196
175   0.001514
176   0.000838
177   0.000498
178   0.000178
179  -0.000978
180  -0.000976
181  -0.000390
182   0.001004
183  -0.000122
184   0.000650
185   0.000058
186   0.001028
187   0.001294
188   0.000704
189   0.000616
190   0.000260
191   0.002216
192   0.001222
193  -0.001648
194   0.000266
195  -0.000558
196  -0.000944
197   0.000310
198   0.001240
199   0.001176
200  -0.000150
201  -0.000326
202   0.000240
203  -0.000404
204  -0.000186
205  -0.001370
206  -0.001234
207  -0.001166
208   0.000458
209  -0.000052
210   0.000320
211  -0.000034
212  -0.000528
213  -0.000312
214   0.000372
215   0.000166
216   0.001192
217   0.001392
218   0.000174
219   0.001908
220   0.001734
221   0.001966
222   0.001964
223   0.002990
224  -0.001296
225   0.000428
226   0.000100
227  -0.001978
228  -0.002776
229  -0.002134
230  -0.001394
231  -0.001998
232  -0.000606
233  -0.002594
234  -0.001408
235  -0.000806
236   0.000364
237   0.000422
238  -0.002802
239  -0.000846
240  -0.000354
241   0.001714
242   0.001818
243  -0.001182
244   0.000662
245   0.001506
246   0.001316
247   0.001806
248   0.000312
249  -0.001762
250  -0.001574
251  -0.000478
252  -0.001128
253   0.000436
254  -0.000416
255  -0.001620
256  -0.002370
257   0.000092
258  -0.000996
259  -0.000984
260  -0.001362
261   0.000806
262   0.000666
263   0.001602
264   0.001480
265  -0.000590
266  -0.002506
267   0.001100
268   0.000780
269   0.000328
270   0.002678
271   0.000184
272   0.001106
273   0.000852
274  -0.000294
275   0.000312
276  -0.000810
277  -0.001554
278  -0.000232
279   0.002420
280   0.000852
281   0.003866
282   0.002144
283   0.002554
284   0.002658
285   0.001836
286   0.001328
287   0.000292
288   0.001160
289  -0.000244
290  -0.001784
291  -0.000886
292  -0.000630
293   0.000564
294  -0.000652
295  -0.002210
296  -0.000798
297  -0.002970
298  -0.000428
299  -0.001042
300  -0.000944
301  -0.000416
302  -0.002050
303  -0.001748
304  -0.002424
305  -0.002960
306   0.000240
307  -0.001864
308  -0.001366
309  -0.000348
310  -0.001850
311  -0.000262
312   0.000078
313  -0.001686
314   0.000658
315   0.001474
316  -0.001238
317  -0.000554
318   0.002652
319   0.001370
320   0.001826
321   0.000436
322  -0.001188
323   0.000280
324  -0.000200
325   0.000866
326   0.000394
327  -0.000758
328  -0.000634
329   0.000436
330  -0.001726
331  -0.001804
332  -0.001102
333  -0.000318
334  -0.001652
335  -0.000500
336  -0.000636
337   0.000070
338   0.001124
339   0.001570
340  -0.000678
341   0.000136
342   0.000688
343  -0.002764
344  -0.001510
345   0.000504
346   0.000322
347  -0.000808
348   0.000108
349   0.000558
350  -0.000258
351   0.002772
352  -0.000416
353  -0.001068
354  -0.000188
355  -0.000008
356  -0.001938
357  -0.000802
358  -0.001628
359  -0.000472
360  -0.000900
361  -0.000958
362  -0.000924
363  -0.000312
364   0.000816
365  -0.000970
366  -0.001246
367   0.000358
368   0.001450
369   0.000102
370   0.000210
371   0.000162
372  -0.001886
373   0.000322
374  -0.000558
375  -0.002486
376  -0.001014
377  -0.001480
378   0.000602
379   0.000896
380  -0.001622
381  -0.000822
382  -0.000986
383   0.000668
384  -0.000520
385  -0.000304
386  -0.002634
387   0.001350
388  -0.000244
389   0.000936
390   0.001382
391   0.000554
392   0.001478
393  -0.000164
394   0.001556
395  -0.002028
396  -0.002022
397  -0.001434
398  -0.000870
399   0.000718
400  -0.001676
401  -0.001170
402  -0.000874
403   0.000336
404  -0.001206
405  -0.001208
406  -0.000120
407   0.000386
408   0.000434
409  -0.003036
410  -0.002804
411  -0.002516
412  -0.003142
413  -0.000592
414  -0.001728
415   0.000264
416   0.000102
417  -0.000072
418  -0.001564
419  -0.001750
420  -0.002396
421  -0.000986
422  -0.002768
423  -0.000540
424  -0.004026
425  -0.002426
426  -0.004050
427  -0.002468
428  -0.001692
429  -0.001312
430  -0.001582
431   0.000510
432  -0.000972
433  -0.001538
434   0.000636
435   0.000278
436  -0.001858
437  -0.001094
438  -0.002048
439  -0.001204
440  -0.000312
441   0.000576
442   0.000590
443   0.000852
444   0.001620
445   0.001178
446   0.000530
447  -0.001426
448   0.000580
449   0.000122
450  -0.001172
451  -0.001108
452   0.001098
453   0.000248
454  -0.000062
455   0.001464
456   0.001418
457   0.001376
458  -0.000522
459  -0.000488
460   0.000526
461   0.001534
462   0.001538
463   0.001158
464  -0.000440
465   0.000050
466   0.000204
467  -0.000362
468  -0.001250
469  -0.000292
470  -0.000578
471   0.000032
472   0.000064
473   0.001022
474  -0.000222
475  -0.000832
476  -0.000290
477  -0.001316
478   0.000196
479   0.000228
480  -0.001400
481  -0.000560
482  -0.000316
483  -0.000032
484  -0.001356
485   0.000230
486  -0.002456
487   0.000132
488  -0.000994
489  -0.002746
490  -0.002494
491  -0.000342
492   0.001320
493  -0.001140
494   0.000618
495   0.000456
496   0.000048
497   0.000484
498  -0.000010
499   0.000194
500  -0.001250
-499  -0.002234
-498  -0.000700
-497   0.000724
-496   0.000158
-495  -0.000088
-494   0.002726
-493   0.002688
-492   0.001534
-491  -0.000058
-490   0.003406
-489   0.003320
-488   0.000070
-487  -0.001698
-486   0.000530
-485   0.000774
-484   0.000278
-483  -0.001524
-482  -0.000500
-481   0.001460
-480   0.000860
-479  -0.000682
-478  -0.001436
-477  -0.000350
-476  -0.001480
-475  -0.003322
-474  -0.000482
-473  -0.001176
-472  -0.002048
-471  -0.002374
-470  -0.002388
-469  -0.002644
-468  -0.002480
-467  -0.002776
-466  -0.000410
-465  -0.001392
-464  -0.002864
-463   0.000628
-462  -0.001510
-461  -0.001314
-460   0.000110
-459  -0.001614
-458  -0.000928
-457   0.000780
-456   0.000632
-455  -0.000490
-454  -0.001554
-453  -0.000708
-452  -0.000220
-451  -0.002556
-450  -0.001106
-449   0.002252
-448  -0.000236
-447  -0.001078
-446  -0.000974
-445  -0.000238
-444  -0.000024
-443  -0.001214
-442  -0.000652
-441  -0.000838
-440   0.001214
-439  -0.001330
-438   0.000508
-437  -0.001524
-436  -0.000146
-435   0.001030
-434   0.000220
-433  -0.001540
-432  -0.000910
-431   0.001364
-430   0.000232
-429  -0.000440
-428  -0.000748
-427   0.001194
-426   0.000696
-425   0.000508
-424  -0.000920
-423  -0.001158
-422   0.002624
-421   0.001938
-420  -0.000204
-419  -0.001778
-418   0.001700
-417   0.000738
-416   0.000392
-415   0.000108
-414   0.000428
-413   0.001138
-412   0.002704
-411   0.001538
-410  -0.001622
-409   0.000936
-408   0.000320
-407  -0.002616
-406  -0.001098
-405   0.000108
-404  -0.000932
-403  -0.000574
-402  -0.000276
-401  -0.000290
-400   0.000656
-399   0.001700
-398   0.000188
-397   0.002620
-396  -0.000614
-395   0.002138
-394   0.000358
-393   0.001166
-392  -0.000220
-391  -0.000630
-390   0.000254
-389   0.001940
-388   0.000554
-387   0.001402
-386   0.000952
-385   0.002930
-384   0.000024
-383  -0.000242
-382   0.000430
-381  -0.000528
-380   0.001012
-379  -0.000888
-378   0.000438
-377   0.001574
-376  -0.001594
-375  -0.001112
-374  -0.000486
-373   0.000946
-372  -0.000914
-371   0.000946
-370  -0.001172
-369   0.001352
-368  -0.000130
-367   0.000530
-366   0.002490
-365  -0.000376
-364   0.000412
-363   0.002242
-362   0.000648
-361  -0.001980
-360   0.000078
-359  -0.000802
-358  -0.002302
-357  -0.002028
-356  -0.002332
-355  -0.000004
-354   0.000072
-353   0.000556
-352   0.000412
-351  -0.000464
-350   0.000126
-349  -0.000982
-348  -0.001074
-347   0.001530
-346   0.000956
-345  -0.000926
-344  -0.000586
-343   0.000532
-342  -0.000674
-341   0.000232
-340   0.002834
-339   0.001376
-338   0.003406
-337   0.002554
-336   0.001354
-335  -0.000572
-334   0.000210
-333   0.000976
-332   0.000836
-331  -0.000660
-330  -0.000158
-329   0.000528
-328   0.000732
-327   0.000480
-326   0.000288
-325   0.000996
-324   0.000674
-323   0.000370
-322  -0.001380
-321   0.002156
-320  -0.000446
-319   0.000774
-318   0.001666
-317  -0.001882
-316  -0.000746
-315   0.001654
-314  -0.000754
-313  -0.000966
-312   0.000424
-311  -0.002280
-310  -0.000396
-309   0.000086
-308  -0.002282
-307  -0.000924
-306  -0.001292
-305  -0.002540
-304  -0.002394
-303  -0.003270
-302   0.001146
-301   0.002088
-300  -0.000516
-299  -0.000100
-298  -0.001098
-297   0.000238
-296   0.000638
-295  -0.000698
-294   0.000794
-293   0.000644
-292   0.000304
-291  -0.001104
-290  -0.002056
-289   0.000266
-288  -0.000244
-287  -0.000402
-286  -0.001110
-285   0.001728
-284  -0.000786
-283  -0.001876
-282  -0.000296
-281  -0.001768
-280   0.000930
-279   0.000520
-278  -0.000906
-277   0.000076
-276  -0.000662
-275  -0.002014
-274  -0.001892
-273  -0.001750
-272  -0.000638
-271   0.000064
-270  -0.000652
-269  -0.001484
-268  -0.002824
-267  -0.002686
-266  -0.004166
-265  -0.002972
-264  -0.003156
-263  -0.000036
-262  -0.000600
-261  -0.001000
-260  -0.000656
-259  -0.001194
-258  -0.003554
-257  -0.001246
-256   0.001420
-255  -0.004008
-254  -0.001984
-253  -0.001270
-252  -0.002290
-251  -0.002858
-250   0.000312
-249  -0.000760
-248  -0.001068
-247  -0.002656
-246   0.000102
-245  -0.001822
-244  -0.001048
-243   0.000486
-242  -0.000002
-241  -0.000874
-240   0.000428
-239   0.001744
-238   0.000414
-237  -0.000682
-236  -0.000250
-235  -0.001138
-234   0.000342
-233  -0.002466
-232   0.000218
-231  -0.000010
-230   0.000652
-229   0.000142
-228  -0.000706
-227  -0.000764
-226  -0.000402
-225  -0.000254
-224   0.000172
-223  -0.000014
-222   0.001678
-221   0.000074
-220  -0.001558
-219  -0.003100
-218  -0.001322
-217  -0.001698
-216   0.000052
-215   0.002038
-214  -0.000522
-213  -0.000754
-212   0.000070
-211   0.000054
-210  -0.001376
-209  -0.001484
-208  -0.002306
-207   0.000604
-206   0.001348
-205  -0.001448
-204  -0.001654
-203   0.000708
-202   0.000442
-201   0.000166
-200  -0.001572
-199  -0.000068
-198  -0.000322
-197  -0.000360
-196  -0.000762
-195   0.000010
-194   0.001226
-193   0.000726
-192   0.000102
-191  -0.000924
-190  -0.001838
-189  -0.001428
-188  -0.002074
-187   0.000358
-186   0.001484
-185   0.001248
-184   0.000608
-183   0.002034
-182   0.001036
-181  -0.000752
-180   0.000126
-179  -0.001238
-178  -0.000724
-177  -0.000834
-176   0.000942
-175  -0.000480
-174   0.000188
-173  -0.000714
-172  -0.000894
-171  -0.000668
-170  -0.001556
-169  -0.000854
-168  -0.001206
-167  -0.004256
-166  -0.002370
-165  -0.000830
-164  -0.002672
-163  -0.002454
-162  -0.002758
-161  -0.001416
-160   0.000070
-159  -0.001934
-158  -0.000186
-157   0.000390
-156   0.001304
-155   0.001442
-154  -0.001478
-153  -0.000454
-152  -0.000900
-151  -0.001476
-150   0.000066
-149   0.000912
-148   0.001616
-147   0.001230
-146   0.001406
-145  -0.001260
-144  -0.001160
-143   0.001462
-142  -0.001626
-141  -0.002246
-140  -0.003320
-139  -0.002508
-138  -0.002208
-137  -0.001436
-136  -0.000816
-135  -0.001444
-134  -0.001528
-133  -0.000308
-132   0.001356
-131   0.001280
-130   0.001304
-129  -0.000580
-128  -0.001826
-127  -0.000404
-126   0.000136
-125   0.000482
-124  -0.002826
-123  -0.000364
-122  -0.001774
-121  -0.000512
-120   0.000286
-119   0.000074
-118  -0.000258
-117   0.000046
-116  -0.001006
-115   0.001510
-114   0.001532
-113   0.001660
-112   0.002860
-111   0.000618
-110   0.000470
-109  -0.000778
-108   0.000762
-107   0.000328
-106  -0.001008
-105  -0.001800
-104  -0.000456
-103  -0.001036
-102   0.001068
-101   0.000084
-100   0.000094
-99  -0.000068
-98   0.001824
-97   0.001090
-96   0.000718
-95   0.001220
-94   0.002244
-93   0.001152
-92   0.001558
-91   0.000886
-90  -0.000844
-89   0.000338
-88   0.000184
-87  -0.000266
-86  -0.000500
-85   0.000814
-84   0.000198
-83   0.001422
-82   0.000202
-81  -0.000422
-80  -0.000170
-79  -0.001406
-78  -0.000684
-77  -0.000654
-76  -0.000786
-75   0.000268
-74   0.001634
-73   0.001070
-72   0.001334
-71  -0.000318
-70   0.000220
-69   0.001444
-68  -0.000026
-67  -0.000690
-66  -0.000614
-65   0.000414
-64   0.001286
-63   0.000120
-62  -0.000392
-61   0.000192
-60  -0.001226
-59   0.000734
-58  -0.000590
-57  -0.001366
-56   0.000052
-55  -0.003524
-54  -0.001924
-53  -0.001974
-52  -0.002020
-51  -0.001874
-50  -0.002240
-49  -0.001064
-48  -0.002400
-47  -0.003800
-46  -0.002794
-45  -0.003244
-44  -0.001492
-43  -0.001638
-42  -0.000264
-41   0.001460
-40  -0.002024
-39  -0.001640
-38   0.000246
-37  -0.000208
-36   0.001740
-35   0.000300
-34  -0.000528
-33   0.000240
-32   0.002080
-31   0.001574
-30   0.000774
-29   0.002186
-28   0.001962
-27   0.002624
-26   0.000426
-25   0.001284
-24  -0.000316
-23  -0.000558
-22  -0.000186
-21   0.000674
-20   0.000664
-19   0.000504
-18   0.000516
-17  -0.001476
-16  -0.000956
-15  -0.001440
-14  -0.001216
-13   0.000172
-12  -0.000038
-11   0.001244
-10   0.002898
-9   0.006710
-8   0.009580
-7   0.015466
-6   0.018308
-5   0.025614
-4   0.034962
-3   0.046004
-2   0.061944
-1   0.081678
