0   0.904990
1   0.444852
2   0.329800
3   0.245364
4   0.183684
5   0.137542
6   0.101844
7   0.075364
8   0.055904
9   0.041198
10   0.028840
11   0.022570
12   0.017638
13   0.013576
14   0.011730
15   0.010992
16   0.010180
17   0.009148
18   0.009708
19   0.007608
20   0.005390
21   0.006162
22   0.004836
23   0.002180
24  -0.000504
25  -0.002724
26  -0.003396
27  -0.001532
28  -0.004084
29  -0.000670
30  -0.000462
31  -0.000942
32  -0.001064
33  -0.001088
34  -0.002240
35  -0.001366
36  -0.000704
37  -0.002166
38  -0.003406
39  -0.002234
40  -0.004066
41  -0.002584
42  -0.003204
43  -0.003492
44  -0.002878
45  -0.002200
46  -0.001860
47  -0.000764
48   0.000716
49  -0.000144
50  -0.000898
51  -0.002998
52  -0.003124
53  -0.002640
54  -0.003350
55  -0.002390
56  -0.003214
57  -0.002720
58  -0.000118
59   0.000374
60   0.001732
61   0.005536
62   0.003258
63   0.006170
64   0.005706
65   0.004712
66   0.004526
67   0.003810
68   0.000342
69   0.000220
70   0.000806
71  -0.000628
72  -0.000902
73  -0.002530
74  -0.002818
75  -0.002784
76  -0.001760
77  -0.003668
78  -0.001290
79  -0.002086
80  -0.001772
81  -0.002018
82  -0.001132
83   0.000712
84  -0.000248
85  -0.000384
86   0.000022
87  -0.001156
88  -0.002818
89  -0.002150
90  -0.001968
91   0.000422
92  -0.000426
93   0.000840
94  -0.001284
95   0.001076
96   0.001730
97   0.000124
98   0.001046
99   0.001086
100   0.000346
101  -0.000112
102   0.001072
103  -0.000452
104  -0.000238
105  -0.000546
106  -0.001792
107  -0.001912
108  -0.003192
109  -0.003374
110  -0.003012
111  -0.003098
112  -0.002526
113   0.000384
114   0.000366
115  -0.000338
116  -0.000300
117  -0.001058
118  -0.004758
119  -0.004468
120  -0.005580
121  -0.005492
122  -0.002772
123  -0.002262
124  -0.003064
125  -0.004508
126  -0.004660
127  -0.004446
128  -0.004978
129  -0.003284
130  -0.003214
131  -0.003910
132  -0.004398
133  -0.003024
134  -0.003312
135  -0.002722
136  -0.002312
137  -0.001316
138  -0.001444
139  -0.001340
140  -0.001280
141  -0.000032
142   0.001792
143   0.001582
144   0.002094
145   0.001290
146  -0.000646
147  -0.003236
148  -0.003624
149  -0.003600
150  -0.004744
151  -0.001626
152  -0.002520
153  -0.002406
154  -0.000280
155  -0.001128
156  -0.001170
157  -0.001884
158  -0.002462
159  -0.002966
160  -0.001622
161  -0.001826
162  -0.002302
163  -0.002900
164  -0.003626
165  -0.003160
166  -0.001568
167  -0.001178
168   0.000102
169   0.000402
170  -0.000166
171  -0.000976
172   0.001468
173   0.002078
174   0.000954
175   0.000144
176   0.000788
177   0.000960
178   0.001314
179   0.001384
180   0.000562
181   0.000456
182   0.002642
183   0.001322
184   0.000920
185   0.001622
186   0.000684
187  -0.001162
188  -0.001482
189   0.001546
190  -0.000154
191  -0.000620
192  -0.002530
193  -0.002580
194  -0.003002
195  -0.002244
196  -0.002578
197  -0.002412
198  -0.000414
199   0.000558
200  -0.000258
201   0.000472
202   0.001742
203   0.002172
204   0.003882
205   0.001996
206   0.002290
207   0.002730
208   0.003174
209   0.002458
210   0.000790
211   0.000258
212   0.000312
213   0.000368
214   0.000962
215  -0.000804
216  -0.003702
217  -0.000478
218  -0.000606
219  -0.000320
220  -0.000708
221  -0.001208
222  -0.001908
223  -0.003582
224  -0.002086
225  -0.000596
226   0.000642
227   0.000010
228  -0.001266
229   0.000270
230  -0.002418
231   0.000846
232  -0.001266
233  -0.000822
234  -0.002302
235   0.000436
236  -0.001428
237   0.000492
238  -0.002838
239  -0.002840
240  -0.001160
241   0.000420
242  -0.000004
243   0.000328
244   0.000154
245   0.000444
246  -0.001182
247  -0.000926
248  -0.000978
249   0.001062
250  -0.001170
251  -0.001740
252  -0.003786
253  -0.004844
254  -0.004566
255  -0.004804
256  -0.004540
257  -0.005522
258  -0.004570
259  -0.004256
260  -0.003836
261  -0.004302
262  -0.001066
263   0.000264
264  -0.001080
265  -0.000760
266   0.000840
267   0.000698
268   0.002072
269   0.000384
270   0.001354
271   0.000888
272   0.002942
273   0.001718
274   0.000970
275   0.000970
276   0.000748
277   0.000440
278  -0.002260
279  -0.002010
280  -0.001654
281  -0.000166
282  -0.000096
283  -0.000334
284   0.000460
285  -0.000408
286  -0.000466
287  -0.001142
288   0.000306
289   0.000794
290   0.002132
291   0.003064
292   0.003680
293   0.001980
294   0.001830
295  -0.000398
296   0.000122
297   0.002026
298   0.001918
299   0.000356
300   0.002176
301   0.001410
302   0.002160
303   0.001982
304   0.002488
305   0.002180
306   0.001550
307   0.000016
308  -0.000684
309  -0.000246
310   0.001452
311   0.002012
312   0.001182
313   0.000992
314   0.002796
315   0.002268
316  -0.000148
317   0.002142
318   0.001264
319   0.001706
320   0.002474
321   0.002032
322   0.003346
323   0.004848
324   0.004428
325   0.004046
326   0.001212
327   0.001042
328   0.001260
329   0.001500
330   0.000638
331   0.001742
332   0.000792
333   0.002306
334   0.001988
335   0.002276
336   0.003652
337   0.002216
338   0.001046
339   0.000118
340  -0.000214
341   0.000082
342   0.002162
343   0.002968
344   0.003290
345   0.003746
346   0.001812
347   0.000576
348   0.000474
349   0.000536
350   0.001016
351  -0.000392
352   0.001404
353  -0.000774
354  -0.003150
355  -0.001492
356  -0.001086
357  -0.000312
358  -0.000696
359  -0.000834
360   0.000446
361  -0.000704
362  -0.001260
363  -0.002464
364  -0.001168
365  -0.001564
366  -0.002090
367  -0.002222
368  -0.000668
369   0.000120
370  -0.000546
371  -0.000566
372  -0.001322
373   0.000314
374  -0.000928
375  -0.002388
376  -0.000526
377  -0.000612
378  -0.000302
379   0.001496
380  -0.001026
381  -0.000594
382   0.001588
383  -0.001500
384   0.000208
385   0.001284
386   0.001068
387   0.001306
388   0.005226
389   0.002842
390   0.004818
391   0.003056
392   0.002938
393   0.001250
394  -0.000218
395  -0.000856
396  -0.001644
397  -0.000034
398   0.000098
399  -0.000226
400  -0.002316
401  -0.001200
402  -0.001942
403  -0.002790
404  -0.000450
405  -0.000416
406  -0.002232
407   0.000070
408  -0.000696
409  -0.000700
410  -0.000850
411  -0.002510
412   0.000468
413  -0.000070
414   0.000558
415   0.000236
416   0.001092
417  -0.000420
418  -0.002296
419  -0.003114
420  -0.003480
421  -0.003608
422  -0.002626
423  -0.002548
424  -0.003952
425  -0.002922
426  -0.002258
427  -0.002704
428  -0.001554
429  -0.000848
430  -0.001190
431  -0.003348
432  -0.001038
433   0.000030
434   0.001178
435  -0.000142
436   0.001316
437   0.003708
438   0.002362
439   0.002310
440   0.002140
441   0.001084
442   0.002874
443   0.004736
444   0.004068
445   0.003212
446   0.003746
447   0.004354
448   0.002432
449   0.001216
450  -0.001234
451  -0.000094
452  -0.000314
453  -0.000760
454  -0.000682
455  -0.000472
456  -0.000110
457   0.001124
458   0.001958
459   0.001024
460   0.000016
461  -0.001850
462  -0.002984
463  -0.005328
464  -0.004822
465  -0.005212
466  -0.004608
467  -0.003388
468  -0.003852
469  -0.004456
470  -0.004394
471  -0.004006
472  -0.001602
473  -0.001960
474   0.000610
475  -0.000608
476  -0.001340
477  -0.002098
478  -0.000860
479  -0.002780
480  -0.004434
481  -0.005292
482  -0.003418
483  -0.002590
484  -0.001376
485  -0.000034
486  -0.002368
487  -0.002844
488   0.000290
489  -0.000270
490   0.000290
491   0.000698
492   0.000736
493  -0.001006
494  -0.000204
495   0.000204
496   0.000562
497   0.001668
498   0.003066
499   0.002818
500   0.002890
-499   0.003218
-498   0.002546
-497   0.001126
-496  -0.000232
-495  -0.000098
-494   0.002082
-493   0.000734
-492  -0.000028
-491   0.000360
-490   0.000082
-489   0.000296
-488  -0.001424
-487  -0.002234
-486  -0.003808
-485  -0.000768
-484  -0.001022
-483  -0.000142
-482   0.002278
-481   0.002012
-480   0.004152
-479   0.002954
-478   0.002064
-477   0.001350
-476   0.002100
-475   0.000810
-474   0.002762
-473   0.002704
-472   0.001148
-471   0.001102
-470  -0.001294
-469   0.000182
-468  -0.001384
-467  -0.001854
-466  -0.001658
-465   0.000218
-464   0.001176
-463   0.000856
-462   0.002132
-461   0.002076
-460   0.002840
-459   0.001904
-458   0.002182
-457   0.000962
-456   0.000652
-455   0.001316
-454   0.000248
-453  -0.001454
-452  -0.002094
-451  -0.000694
-450   0.001324
-449   0.002272
-448   0.000364
-447   0.000208
-446   0.001926
-445  -0.000904
-444   0.000104
-443  -0.001154
-442  -0.001574
-441   0.000642
-440  -0.000506
-439   0.001242
-438   0.000830
-437  -0.000144
-436   0.001794
-435   0.001394
-434   0.001402
-433   0.001670
-432   0.002934
-431   0.001904
-430   0.000876
-429   0.000774
-428   0.000720
-427   0.002446
-426   0.001962
-425   0.002966
-424   0.001590
-423   0.002178
-422   0.001758
-421   0.000670
-420  -0.000428
-419   0.000992
-418   0.002860
-417   0.001048
-416   0.000982
-415   0.000658
-414   0.001194
-413   0.000926
-412   0.002826
-411  -0.000170
-410   0.001844
-409   0.003198
-408   0.002432
-407   0.002778
-406   0.003602
-405   0.002992
-404   0.002640
-403   0.002834
-402   0.002614
-401   0.002976
-400   0.002728
-399   0.003290
-398   0.001914
-397   0.002692
-396   0.001140
-395   0.000940
-394   0.003322
-393   0.002486
-392   0.001084
-391   0.002496
-390   0.003814
-389   0.002894
-388   0.002978
-387   0.001304
-386  -0.001010
-385  -0.002234
-384  -0.002582
-383  -0.005150
-382  -0.005588
-381  -0.006504
-380  -0.003878
-379  -0.003178
-378  -0.002284
-377  -0.000176
-376   0.000906
-375   0.001722
-374  -0.000198
-373   0.000218
-372  -0.000406
-371  -0.002792
-370  -0.002272
-369  -0.002654
-368  -0.002688
-367  -0.003616
-366  -0.002466
-365  -0.001616
-364  -0.001838
-363  -0.002914
-362  -0.001932
-361  -0.002258
-360  -0.001112
-359  -0.001838
-358  -0.000790
-357  -0.001878
-356  -0.001124
-355   0.000932
-354   0.000336
-353   0.000724
-352   0.001216
-351   0.001230
-350   0.001136
-349  -0.000150
-348   0.000198
-347   0.000782
-346   0.000390
-345   0.000878
-344  -0.001896
-343  -0.000048
-342   0.000040
-341  -0.001122
-340  -0.001542
-339  -0.002128
-338  -0.001524
-337  -0.001218
-336  -0.001670
-335  -0.000978
-334  -0.000402
-333   0.000048
-332  -0.001638
-331  -0.002072
-330  -0.002794
-329   0.000116
-328   0.000260
-327  -0.000252
-326   0.001342
-325   0.001612
-324  -0.000318
-323  -0.000848
-322  -0.003090
-321  -0.002308
-320  -0.001314
-319  -0.000588
-318   0.000758
-317   0.000632
-316   0.000998
-315   0.002872
-314   0.002856
-313   0.004530
-312   0.002662
-311   0.002992
-310   0.003338
-309   0.003692
-308   0.001176
-307   0.000496
-306   0.000750
-305  -0.001862
-304  -0.002912
-303  -0.002504
-302  -0.001744
-301  -0.001706
-300  -0.002272
-299  -0.001024
-298  -0.000830
-297   0.000132
-296  -0.000994
-295  -0.000742
-294  -0.000712
-293  -0.003654
-292  -0.005236
-291  -0.005174
-290  -0.006002
-289  -0.003648
-288  -0.004278
-287  -0.002562
-286  -0.002954
-285  -0.002854
-284   0.000734
-283   0.002878
-282   0.000754
-281   0.004528
-280   0.002462
-279   0.000264
-278  -0.000032
-277  -0.000042
-276   0.000404
-275  -0.000288
-274   0.001168
-273  -0.000124
-272   0.002538
-271   0.001272
-270   0.001002
-269   0.001552
-268   0.000112
-267   0.001372
-266   0.002950
-265   0.001752
-264   0.001954
-263   0.002766
-262   0.000644
-261   0.001658
-260   0.003500
-259   0.002440
-258   0.002844
-257   0.003670
-256   0.001500
-255   0.000412
-254   0.000700
-253  -0.000706
-252  -0.002088
-251  -0.000980
-250  -0.003310
-249  -0.002762
-248  -0.004528
-247  -0.003166
-246  -0.003746
-245  -0.003070
-244  -0.003368
-243  -0.003940
-242  -0.004298
-241  -0.004650
-240  -0.004150
-239  -0.005066
-238  -0.003514
-237  -0.002154
-236  -0.001952
-235  -0.000010
-234  -0.001786
-233  -0.001392
-232  -0.002468
-231  -0.001906
-230  -0.001064
-229  -0.000740
-228  -0.000266
-227  -0.000056
-226  -0.000072
-225   0.000626
-224   0.000252
-223  -0.000324
-222   0.000228
-221  -0.000282
-220   0.000644
-219  -0.000404
-218  -0.001308
-217   0.000868
-216   0.001428
-215   0.001766
-214   0.002208
-213   0.001174
-212   0.000852
-211   0.001172
-210   0.001474
-209   0.000752
-208   0.000426
-207  -0.000976
-206  -0.000384
-205  -0.001182
-204  -0.000166
-203  -0.002092
-202  -0.000372
-201  -0.000422
-200  -0.002420
-199  -0.001694
-198  -0.001568
-197  -0.001470
-196  -0.000592
-195  -0.000728
-194  -0.000518
-193  -0.000902
-192   0.000996
-191   0.001232
-190   0.000584
-189   0.002128
-188   0.001742
-187  -0.000228
-186  -0.000584
-185  -0.000742
-184  -0.000430
-183   0.000724
-182   0.004668
-181   0.003614
-180   0.003534
-179   0.001926
-178   0.001478
-177   0.001580
-176   0.002372
-175   0.001272
-174  -0.000244
-173   0.000538
-172   0.000712
-171   0.000256
-170  -0.000470
-169  -0.000222
-168  -0.000936
-167  -0.001974
-166  -0.001192
-165   0.000960
-164   0.000326
-163   0.001388
-162   0.000758
-161  -0.000012
-160   0.000782
-159   0.000040
-158   0.001082
-157  -0.000670
-156  -0.000494
-155  -0.002436
-154  -0.001420
-153  -0.002122
-152  -0.004042
-151  -0.002828
-150  -0.002404
-149  -0.000512
-148  -0.000564
-147  -0.001780
-146   0.000176
-145   0.000270
-144   0.000996
-143   0.001534
-142   0.001414
-141   0.000924
-140   0.001158
-139   0.000154
-138   0.002918
-137   0.002296
-136   0.002474
-135   0.001450
-134   0.000002
-133   0.000582
-132   0.000102
-131  -0.000496
-130  -0.001656
-129  -0.001830
-128  -0.002872
-127  -0.003732
-126  -0.000056
-125  -0.000202
-124   0.000186
-123   0.000496
-122  -0.000694
-121   0.000528
-120  -0.000356
-119  -0.000918
-118  -0.003224
-117  -0.001408
-116  -0.001344
-115  -0.000418
-114   0.002522
-113   0.002086
-112   0.003722
-111   0.003376
-110   0.003632
-109   0.003770
-108   0.002296
-107   0.000406
-106   0.000890
-105  -0.001006
-104  -0.000680
-103   0.000236
-102   0.001976
-101  -0.000094
-100  -0.000082
-99   0.001312
-98   0.002226
-97   0.001730
-96   0.001722
-95   0.000224
-94   0.000578
-93  -0.001160
-92  -0.001166
-91  -0.000540
-90  -0.000126
-89  -0.000962
-88  -0.000388
-87   0.000988
-86   0.001010
-85   0.001410
-84   0.002660
-83   0.002062
-82   0.001908
-81   0.002352
-80  -0.000186
-79  -0.000900
-78  -0.001152
-77  -0.000884
-76  -0.001682
-75  -0.000878
-74  -0.000394
-73  -0.001212
-72  -0.001816
-71  -0.000442
-70  -0.000556
-69   0.000772
-68   0.000980
-67  -0.000586
-66  -0.000238
-65   0.000432
-64   0.000366
-63   0.001002
-62   0.001958
-61   0.001552
-60   0.001300
-59   0.000306
-58   0.000682
-57   0.001632
-56  -0.000942
-55   0.000036
-54  -0.000374
-53  -0.000038
-52  -0.001930
-51  -0.002750
-50  -0.003030
-49  -0.002804
-48  -0.000252
-47   0.000514
-46   0.000642
-45   0.000182
-44  -0.001148
-43   0.000144
-42  -0.000094
-41   0.000416
-40   0.000046
-39   0.000340
-38   0.002412
-37   0.002572
-36   0.002724
-35   0.000512
-34   0.000832
-33   0.002718
-32   0.001382
-31   0.000322
-30   0.000462
-29   0.000676
-28  -0.000568
-27  -0.000710
-26  -0.002196
-25  -0.002502
-24  -0.001194
-23  -0.001448
-22  -0.001460
-21   0.000928
-20   0.000754
-19   0.001132
-18   0.000802
-17   0.002348
-16   0.002932
-15   0.005792
-14   0.007520
-13   0.011912
-12   0.016648
-11   0.022278
-10   0.030270
-9   0.041544
-8   0.055772
-7   0.076082
-6   0.102010
-5   0.136102
-4   0.181896
-3   0.244872
-2   0.330566
-1   0.446626
