0   0.999222
1   0.994646
2   0.991524
3   0.988686
4   0.985480
5   0.982508
6   0.979462
7   0.976406
8   0.973228
9   0.970096
10   0.967094
11   0.964466
12   0.961582
13   0.958636
14   0.955980
15   0.953196
16   0.950568
17   0.947986
18   0.945502
19   0.943062
20   0.940718
21   0.938152
22   0.935602
23   0.932812
24   0.930006
25   0.927370
26   0.924810
27   0.921926
28   0.918836
29   0.915852
30   0.912388
31   0.908968
32   0.905680
33   0.902218
34   0.898408
35   0.894588
36   0.890948
37   0.887380
38   0.883578
39   0.880018
40   0.876234
41   0.872584
42   0.869012
43   0.865334
44   0.861732
45   0.858062
46   0.854362
47   0.850866
48   0.847140
49   0.843454
50   0.839788
51   0.836072
52   0.832614
53   0.829398
54   0.825800
55   0.822554
56   0.819470
57   0.816310
58   0.813358
59   0.810204
60   0.807290
61   0.804404
62   0.801850
63   0.799000
64   0.796036
65   0.793272
66   0.790448
67   0.787834
68   0.785284
69   0.782442
70   0.779902
71   0.777384
72   0.774828
73   0.771966
74   0.768984
75   0.766070
76   0.763324
77   0.760642
78   0.758158
79   0.755664
80   0.753342
81   0.750568
82   0.747864
83   0.745178
84   0.742512
85   0.739782
86   0.736848
87   0.733988
88   0.731296
89   0.728662
90   0.725796
91   0.723306
92   0.720600
93   0.718194
94   0.715646
95   0.712788
96   0.710258
97   0.707176
98   0.704332
99   0.701388
100   0.698200
101   0.695382
102   0.692340
103   0.689160
104   0.686096
105   0.683124
106   0.680174
107   0.677132
108   0.674396
109   0.671360
110   0.668286
111   0.665262
112   0.662296
113   0.658990
114   0.655536
115   0.652230
116   0.648658
117   0.645176
118   0.641708
119   0.638832
120   0.635658
121   0.632532
122   0.629470
123   0.626290
124   0.623206
125   0.620062
126   0.617158
127   0.614772
128   0.612336
129   0.609920
130   0.607724
131   0.605252
132   0.602778
133   0.600550
134   0.598130
135   0.595630
136   0.593374
137   0.590996
138   0.588834
139   0.586468
140   0.584304
141   0.582344
142   0.579960
143   0.577796
144   0.575646
145   0.573850
146   0.572160
147   0.570238
148   0.568672
149   0.567130
150   0.565988
151   0.564668
152   0.564000
153   0.563188
154   0.562664
155   0.561504
156   0.560742
157   0.559578
158   0.558220
159   0.556990
160   0.555626
161   0.554246
162   0.553270
163   0.552066
164   0.550574
165   0.549392
166   0.548186
167   0.547078
168   0.545726
169   0.544198
170   0.542694
171   0.541092
172   0.539602
173   0.537688
174   0.536008
175   0.534102
176   0.532430
177   0.530476
178   0.528748
179   0.526332
180   0.523942
181   0.521642
182   0.519384
183   0.517358
184   0.515164
185   0.512978
186   0.510302
187   0.507752
188   0.505288
189   0.502800
190   0.500578
191   0.498006
192   0.495268
193   0.492794
194   0.490286
195   0.487552
196   0.484940
197   0.482262
198   0.479656
199   0.477400
200   0.474876
201   0.472524
202   0.469964
203   0.467750
204   0.465524
205   0.463270
206   0.460676
207   0.458210
208   0.455896
209   0.453624
210   0.451220
211   0.448678
212   0.446148
213   0.443838
214   0.441198
215   0.438644
216   0.436186
217   0.433570
218   0.430990
219   0.428688
220   0.426258
221   0.423596
222   0.420624
223   0.417808
224   0.414782
225   0.411926
226   0.408850
227   0.406104
228   0.403452
229   0.400452
230   0.397792
231   0.394934
232   0.391834
233   0.388850
234   0.385816
235   0.382832
236   0.379960
237   0.376900
238   0.373858
239   0.371314
240   0.368692
241   0.366306
242   0.363828
243   0.361020
244   0.358336
245   0.355984
246   0.353464
247   0.350816
248   0.347718
249   0.344908
250   0.342014
251   0.339514
252   0.336964
253   0.334204
254   0.331400
255   0.329190
256   0.326880
257   0.324426
258   0.322132
259   0.319752
260   0.317480
261   0.315218
262   0.313264
263   0.311110
264   0.308720
265   0.306482
266   0.304054
267   0.301802
268   0.299572
269   0.297220
270   0.294442
271   0.291748
272   0.288992
273   0.286654
274   0.284114
275   0.281580
276   0.278654
277   0.276106
278   0.273500
279   0.270808
280   0.268390
281   0.265954
282   0.263438
283   0.261128
284   0.258746
285   0.256906
286   0.254658
287   0.252334
288   0.250182
289   0.248224
290   0.246280
291   0.244298
292   0.241788
293   0.239112
294   0.236702
295   0.234218
296   0.232082
297   0.229618
298   0.227388
299   0.225420
300   0.223292
301   0.221226
302   0.219128
303   0.217084
304   0.215292
305   0.213144
306   0.210952
307   0.208828
308   0.206536
309   0.204482
310   0.202512
311   0.200686
312   0.198890
313   0.197050
314   0.195222
315   0.193132
316   0.191058
317   0.189108
318   0.187112
319   0.185592
320   0.184172
321   0.182574
322   0.180682
323   0.178898
324   0.176994
325   0.175144
326   0.173128
327   0.171276
328   0.169366
329   0.167770
330   0.165992
331   0.164496
332   0.163250
333   0.161994
334   0.160750
335   0.159280
336   0.157600
337   0.155554
338   0.153612
339   0.152020
340   0.150484
341   0.149460
342   0.148174
343   0.147018
344   0.145564
345   0.144324
346   0.143248
347   0.142190
348   0.140844
349   0.139328
350   0.137886
351   0.136298
352   0.134950
353   0.133070
354   0.131238
355   0.129398
356   0.127640
357   0.125890
358   0.124282
359   0.123186
360   0.122258
361   0.121378
362   0.120392
363   0.119760
364   0.118994
365   0.118184
366   0.117300
367   0.116510
368   0.115466
369   0.114682
370   0.113888
371   0.113240
372   0.112432
373   0.111688
374   0.110808
375   0.110274
376   0.110026
377   0.109508
378   0.109226
379   0.108842
380   0.108818
381   0.108416
382   0.108308
383   0.108148
384   0.107926
385   0.107764
386   0.107518
387   0.107316
388   0.107070
389   0.106758
390   0.106528
391   0.106610
392   0.106690
393   0.106498
394   0.106698
395   0.106528
396   0.106230
397   0.106182
398   0.106302
399   0.106554
400   0.106804
401   0.107076
402   0.107338
403   0.107692
404   0.107616
405   0.107814
406   0.108144
407   0.108010
408   0.108278
409   0.108422
410   0.108688
411   0.109096
412   0.109062
413   0.109524
414   0.109876
415   0.110020
416   0.110206
417   0.110540
418   0.110714
419   0.111044
420   0.111368
421   0.111848
422   0.112174
423   0.112528
424   0.112742
425   0.113122
426   0.113572
427   0.114176
428   0.114602
429   0.115152
430   0.115726
431   0.116190
432   0.116700
433   0.117184
434   0.117772
435   0.118002
436   0.118306
437   0.118966
438   0.119356
439   0.119964
440   0.120738
441   0.121316
442   0.122402
443   0.123652
444   0.124696
445   0.125362
446   0.126238
447   0.127272
448   0.127958
449   0.128702
450   0.129486
451   0.130338
452   0.131294
453   0.132322
454   0.133046
455   0.134062
456   0.135064
457   0.136068
458   0.137210
459   0.138184
460   0.139248
461   0.140066
462   0.140938
463   0.141720
464   0.142546
465   0.143450
466   0.144300
467   0.145338
468   0.146240
469   0.146942
470   0.147480
471   0.148224
472   0.148916
473   0.149420
474   0.150204
475   0.150798
476   0.151610
477   0.152476
478   0.153498
479   0.154262
480   0.155264
481   0.156506
482   0.157550
483   0.158998
484   0.160370
485   0.161552
486   0.162998
487   0.164566
488   0.165926
489   0.167104
490   0.168668
491   0.170328
492   0.172174
493   0.173862
494   0.175750
495   0.177402
496   0.179174
497   0.180870
498   0.182232
499   0.183888
500   0.185080
-499   0.186528
-498   0.187548
-497   0.188622
-496   0.189776
-495   0.190764
-494   0.192000
-493   0.192900
-492   0.193732
-491   0.194418
-490   0.195082
-489   0.195842
-488   0.196382
-487   0.196986
-486   0.197308
-485   0.197430
-484   0.197830
-483   0.198310
-482   0.198842
-481   0.199568
-480   0.200246
-479   0.200916
-478   0.201570
-477   0.202402
-476   0.203120
-475   0.204140
-474   0.205056
-473   0.205800
-472   0.206576
-471   0.207232
-470   0.207952
-469   0.208562
-468   0.209096
-467   0.209592
-466   0.210544
-465   0.211274
-464   0.212004
-463   0.212850
-462   0.213418
-461   0.213918
-460   0.214162
-459   0.214426
-458   0.214638
-457   0.214836
-456   0.215194
-455   0.215396
-454   0.216078
-453   0.216548
-452   0.217304
-451   0.218024
-450   0.218844
-449   0.219656
-448   0.220338
-447   0.221264
-446   0.221960
-445   0.222736
-444   0.223386
-443   0.224402
-442   0.225094
-441   0.225982
-440   0.226626
-439   0.227434
-438   0.227760
-437   0.228014
-436   0.228494
-435   0.228598
-434   0.229032
-433   0.229238
-432   0.229652
-431   0.230064
-430   0.230200
-429   0.230926
-428   0.231440
-427   0.232164
-426   0.232718
-425   0.233322
-424   0.233768
-423   0.234352
-422   0.234804
-421   0.235050
-420   0.235524
-419   0.235970
-418   0.236446
-417   0.237048
-416   0.237672
-415   0.238362
-414   0.239026
-413   0.239694
-412   0.239934
-411   0.240758
-410   0.241162
-409   0.241794
-408   0.242436
-407   0.242802
-406   0.243364
-405   0.243730
-404   0.244304
-403   0.244818
-402   0.245068
-401   0.245810
-400   0.246262
-399   0.246874
-398   0.247112
-397   0.247460
-396   0.247946
-395   0.248812
-394   0.249426
-393   0.250338
-392   0.251250
-391   0.252114
-390   0.252734
-389   0.253742
-388   0.254050
-387   0.254722
-386   0.255194
-385   0.255876
-384   0.256592
-383   0.257280
-382   0.258318
-381   0.259140
-380   0.260044
-379   0.260948
-378   0.261762
-377   0.262668
-376   0.263754
-375   0.265132
-374   0.266424
-373   0.267756
-372   0.269352
-371   0.270964
-370   0.272578
-369   0.274364
-368   0.276034
-367   0.277440
-366   0.278802
-365   0.280068
-364   0.281404
-363   0.282378
-362   0.283254
-361   0.284226
-360   0.284938
-359   0.285412
-358   0.286196
-357   0.286768
-356   0.287546
-355   0.288184
-354   0.288654
-353   0.289096
-352   0.289470
-351   0.289836
-350   0.290310
-349   0.290632
-348   0.291280
-347   0.291970
-346   0.292688
-345   0.293608
-344   0.294426
-343   0.295300
-342   0.296096
-341   0.296976
-340   0.297820
-339   0.298566
-338   0.299312
-337   0.300004
-336   0.300400
-335   0.300854
-334   0.301346
-333   0.301282
-332   0.301378
-331   0.301272
-330   0.301232
-329   0.300996
-328   0.300962
-327   0.300780
-326   0.300638
-325   0.300420
-324   0.300494
-323   0.300528
-322   0.300220
-321   0.300288
-320   0.299860
-319   0.299634
-318   0.299678
-317   0.299814
-316   0.300142
-315   0.300384
-314   0.300614
-313   0.301362
-312   0.301550
-311   0.301588
-310   0.301560
-309   0.301626
-308   0.301964
-307   0.302208
-306   0.302406
-305   0.302742
-304   0.303328
-303   0.303882
-302   0.304400
-301   0.304756
-300   0.305284
-299   0.305606
-298   0.306360
-297   0.307150
-296   0.307730
-295   0.308350
-294   0.308954
-293   0.309342
-292   0.309864
-291   0.310312
-290   0.310810
-289   0.311288
-288   0.312018
-287   0.312728
-286   0.313412
-285   0.314448
-284   0.315374
-283   0.316328
-282   0.317460
-281   0.318566
-280   0.319744
-279   0.321192
-278   0.322654
-277   0.324142
-276   0.325262
-275   0.326378
-274   0.327516
-273   0.328772
-272   0.330024
-271   0.331358
-270   0.332418
-269   0.333604
-268   0.334852
-267   0.336178
-266   0.337380
-265   0.338316
-264   0.339388
-263   0.340068
-262   0.341262
-261   0.342612
-260   0.343578
-259   0.344874
-258   0.346314
-257   0.347770
-256   0.349414
-255   0.350698
-254   0.351948
-253   0.353218
-252   0.354342
-251   0.355506
-250   0.356588
-249   0.357856
-248   0.358912
-247   0.359976
-246   0.360996
-245   0.362124
-244   0.363432
-243   0.364734
-242   0.366042
-241   0.367110
-240   0.368380
-239   0.369688
-238   0.370894
-237   0.372004
-236   0.373290
-235   0.374608
-234   0.376096
-233   0.377306
-232   0.378414
-231   0.379622
-230   0.380564
-229   0.382170
-228   0.383298
-227   0.384784
-226   0.386050
-225   0.387458
-224   0.388846
-223   0.390384
-222   0.391778
-221   0.393368
-220   0.394980
-219   0.396096
-218   0.397474
-217   0.398788
-216   0.400222
-215   0.402004
-214   0.403568
-213   0.405004
-212   0.406828
-211   0.408440
-210   0.410038
-209   0.411812
-208   0.413336
-207   0.414698
-206   0.415980
-205   0.417090
-204   0.418374
-203   0.419422
-202   0.420604
-201   0.421844
-200   0.422988
-199   0.424290
-198   0.425428
-197   0.426580
-196   0.427620
-195   0.428780
-194   0.429622
-193   0.430676
-192   0.431640
-191   0.432826
-190   0.434270
-189   0.435926
-188   0.437274
-187   0.438628
-186   0.439742
-185   0.441134
-184   0.442570
-183   0.443804
-182   0.445236
-181   0.446522
-180   0.447794
-179   0.449258
-178   0.450502
-177   0.451590
-176   0.452770
-175   0.453964
-174   0.455224
-173   0.456476
-172   0.457646
-171   0.458918
-170   0.460030
-169   0.461620
-168   0.462982
-167   0.464198
-166   0.465654
-165   0.466996
-164   0.468662
-163   0.470170
-162   0.471668
-161   0.473172
-160   0.474490
-159   0.476042
-158   0.477420
-157   0.478724
-156   0.480316
-155   0.481814
-154   0.483220
-153   0.484758
-152   0.486184
-151   0.487576
-150   0.489164
-149   0.490966
-148   0.492654
-147   0.494338
-146   0.495996
-145   0.497850
-144   0.499838
-143   0.501738
-142   0.503868
-141   0.505924
-140   0.508328
-139   0.510810
-138   0.513394
-137   0.516104
-136   0.518356
-135   0.520776
-134   0.523234
-133   0.525510
-132   0.528158
-131   0.530814
-130   0.533558
-129   0.536274
-128   0.538800
-127   0.541348
-126   0.543998
-125   0.546670
-124   0.549202
-123   0.552042
-122   0.554946
-121   0.557690
-120   0.560506
-119   0.563368
-118   0.566330
-117   0.569166
-116   0.571928
-115   0.574578
-114   0.577610
-113   0.580426
-112   0.582976
-111   0.585518
-110   0.588174
-109   0.590528
-108   0.592838
-107   0.595090
-106   0.597444
-105   0.599800
-104   0.602076
-103   0.604450
-102   0.606578
-101   0.608576
-100   0.610960
-99   0.613112
-98   0.615108
-97   0.617352
-96   0.619656
-95   0.622046
-94   0.624444
-93   0.626966
-92   0.629464
-91   0.632080
-90   0.634268
-89   0.636626
-88   0.639160
-87   0.641620
-86   0.643994
-85   0.646478
-84   0.648822
-83   0.651178
-82   0.653268
-81   0.655186
-80   0.657470
-79   0.659402
-78   0.661756
-77   0.664062
-76   0.666516
-75   0.668818
-74   0.671338
-73   0.673876
-72   0.676444
-71   0.679256
-70   0.682022
-69   0.684682
-68   0.687354
-67   0.689860
-66   0.692606
-65   0.695304
-64   0.697928
-63   0.700714
-62   0.703450
-61   0.706278
-60   0.709160
-59   0.712266
-58   0.715284
-57   0.718072
-56   0.721118
-55   0.724096
-54   0.726936
-53   0.730128
-52   0.733220
-51   0.736148
-50   0.739376
-49   0.742512
-48   0.745810
-47   0.748940
-46   0.752158
-45   0.755762
-44   0.759318
-43   0.763058
-42   0.767160
-41   0.771394
-40   0.775832
-39   0.780112
-38   0.784426
-37   0.788928
-36   0.793742
-35   0.798402
-34   0.803322
-33   0.808204
-32   0.813204
-31   0.818286
-30   0.823418
-29   0.828670
-28   0.833540
-27   0.838378
-26   0.843358
-25   0.848546
-24   0.853786
-23   0.858918
-22   0.864236
-21   0.869608
-20   0.875264
-19   0.881144
-18   0.887080
-17   0.892806
-16   0.899100
-15   0.905678
-14   0.911808
-13   0.917886
-12   0.924142
-11   0.929956
-10   0.936268
-9   0.942426
-8   0.948396
-7   0.954562
-6   0.960842
-5   0.967074
-4   0.973418
-3   0.979436
-2   0.985480
-1   0.991464
