0   0.936010
1   0.930878
2   0.928796
3   0.927116
4   0.925500
5   0.923790
6   0.922266
7   0.920690
8   0.919058
9   0.917664
10   0.916230
11   0.914546
12   0.912784
13   0.911258
14   0.909560
15   0.907966
16   0.906128
17   0.904452
18   0.902848
19   0.901384
20   0.899852
21   0.898294
22   0.896874
23   0.895338
24   0.893568
25   0.891960
26   0.890392
27   0.888844
28   0.887292
29   0.885680
30   0.884336
31   0.883022
32   0.881500
33   0.880024
34   0.878572
35   0.877066
36   0.875618
37   0.874130
38   0.872448
39   0.870992
40   0.869514
41   0.867874
42   0.866098
43   0.864446
44   0.862910
45   0.861468
46   0.859970
47   0.858462
48   0.857012
49   0.855602
50   0.854166
51   0.852890
52   0.851756
53   0.850634
54   0.849424
55   0.848370
56   0.847476
57   0.846154
58   0.845196
59   0.844112
60   0.842892
61   0.841752
62   0.840526
63   0.839590
64   0.838808
65   0.837938
66   0.837002
67   0.836254
68   0.835278
69   0.834264
70   0.833268
71   0.832502
72   0.831578
73   0.830754
74   0.829864
75   0.828970
76   0.828024
77   0.827020
78   0.826100
79   0.824980
80   0.823888
81   0.822702
82   0.821476
83   0.820288
84   0.819216
85   0.818058
86   0.817130
87   0.816288
88   0.815280
89   0.814386
90   0.813706
91   0.812910
92   0.811938
93   0.811202
94   0.810726
95   0.810084
96   0.809440
97   0.808692
98   0.807886
99   0.806878
100   0.805976
101   0.805046
102   0.804250
103   0.803488
104   0.802856
105   0.802184
106   0.801580
107   0.800814
108   0.800078
109   0.799524
110   0.798910
111   0.798294
112   0.797584
113   0.797006
114   0.796316
115   0.795508
116   0.794904
117   0.794328
118   0.793720
119   0.793210
120   0.792948
121   0.792242
122   0.791894
123   0.791674
124   0.791332
125   0.791212
126   0.791010
127   0.790522
128   0.790172
129   0.789676
130   0.789080
131   0.788570
132   0.787634
133   0.786878
134   0.786066
135   0.785212
136   0.784416
137   0.783874
138   0.783056
139   0.782628
140   0.781682
141   0.780860
142   0.780176
143   0.779290
144   0.778528
145   0.777642
146   0.776928
147   0.776002
148   0.775136
149   0.774202
150   0.772984
151   0.771892
152   0.770742
153   0.769782
154   0.768778
155   0.767524
156   0.766382
157   0.765110
158   0.763828
159   0.762758
160   0.761540
161   0.760442
162   0.759214
163   0.758064
164   0.756902
165   0.755806
166   0.754468
167   0.753106
168   0.751898
169   0.750554
170   0.749144
171   0.747940
172   0.746612
173   0.745244
174   0.744110
175   0.742972
176   0.741760
177   0.740456
178   0.739246
179   0.738042
180   0.736822
181   0.735434
182   0.734294
183   0.733052
184   0.731774
185   0.730452
186   0.729070
187   0.727814
188   0.726516
189   0.725034
190   0.723642
191   0.722372
192   0.720922
193   0.719864
194   0.718674
195   0.717548
196   0.716534
197   0.715386
198   0.714320
199   0.713410
200   0.712478
201   0.711248
202   0.710086
203   0.708962
204   0.708016
205   0.706934
206   0.705886
207   0.704880
208   0.703814
209   0.702512
210   0.701474
211   0.700638
212   0.699794
213   0.698758
214   0.697790
215   0.696946
216   0.696104
217   0.695158
218   0.694294
219   0.693272
220   0.692366
221   0.691564
222   0.690632
223   0.689792
224   0.688864
225   0.688046
226   0.687084
227   0.686166
228   0.685352
229   0.684172
230   0.682830
231   0.681522
232   0.680450
233   0.679188
234   0.677846
235   0.676506
236   0.675034
237   0.673722
238   0.672218
239   0.670862
240   0.669576
241   0.668312
242   0.667104
243   0.665864
244   0.664544
245   0.663158
246   0.661796
247   0.660430
248   0.659206
249   0.658006
250   0.656712
251   0.655434
252   0.654250
253   0.653182
254   0.651846
255   0.650492
256   0.649154
257   0.647562
258   0.645870
259   0.644218
260   0.642632
261   0.641196
262   0.639916
263   0.638810
264   0.637508
265   0.636352
266   0.635136
267   0.633802
268   0.632584
269   0.631410
270   0.630244
271   0.629188
272   0.628118
273   0.626886
274   0.625808
275   0.624472
276   0.623178
277   0.621896
278   0.620674
279   0.619094
280   0.617364
281   0.615746
282   0.614152
283   0.612592
284   0.610990
285   0.609416
286   0.607928
287   0.606388
288   0.605028
289   0.603654
290   0.602344
291   0.600980
292   0.599304
293   0.597844
294   0.596232
295   0.594630
296   0.592744
297   0.590858
298   0.589352
299   0.587772
300   0.586042
301   0.584358
302   0.582880
303   0.581372
304   0.579792
305   0.578196
306   0.576598
307   0.575166
308   0.573758
309   0.572562
310   0.571258
311   0.570322
312   0.569504
313   0.568532
314   0.567580
315   0.566658
316   0.565810
317   0.564800
318   0.563832
319   0.562966
320   0.561958
321   0.561044
322   0.560144
323   0.559098
324   0.558126
325   0.557174
326   0.556152
327   0.555478
328   0.554618
329   0.553682
330   0.552744
331   0.551822
332   0.551052
333   0.549988
334   0.548936
335   0.547998
336   0.547000
337   0.546004
338   0.545138
339   0.544096
340   0.543152
341   0.542308
342   0.541568
343   0.540392
344   0.539450
345   0.538668
346   0.537900
347   0.537238
348   0.536594
349   0.535974
350   0.535150
351   0.534452
352   0.533698
353   0.532968
354   0.532310
355   0.531600
356   0.531024
357   0.530398
358   0.529848
359   0.529436
360   0.529272
361   0.528926
362   0.528682
363   0.528374
364   0.528048
365   0.527738
366   0.527568
367   0.527310
368   0.527212
369   0.527060
370   0.527016
371   0.526732
372   0.526484
373   0.526296
374   0.525972
375   0.525670
376   0.525492
377   0.525222
378   0.524732
379   0.524438
380   0.524058
381   0.523722
382   0.523442
383   0.522812
384   0.522544
385   0.521896
386   0.521422
387   0.520898
388   0.520424
389   0.519998
390   0.519474
391   0.518754
392   0.517874
393   0.517026
394   0.516330
395   0.515680
396   0.514830
397   0.514018
398   0.513148
399   0.512220
400   0.511264
401   0.510210
402   0.509026
403   0.507866
404   0.506700
405   0.505502
406   0.504180
407   0.502800
408   0.501560
409   0.500260
410   0.499062
411   0.498010
412   0.496802
413   0.495780
414   0.494554
415   0.493494
416   0.492456
417   0.491390
418   0.490164
419   0.489052
420   0.487990
421   0.486958
422   0.485898
423   0.484806
424   0.484036
425   0.483086
426   0.482322
427   0.481466
428   0.480466
429   0.479668
430   0.478776
431   0.477860
432   0.476682
433   0.476022
434   0.475326
435   0.474740
436   0.474074
437   0.473520
438   0.472998
439   0.472470
440   0.471856
441   0.471036
442   0.470394
443   0.469740
444   0.469162
445   0.468540
446   0.467806
447   0.467120
448   0.466240
449   0.465552
450   0.464958
451   0.464406
452   0.463724
453   0.463230
454   0.462778
455   0.462638
456   0.462270
457   0.462034
458   0.462012
459   0.461864
460   0.461618
461   0.461584
462   0.461350
463   0.461200
464   0.461004
465   0.460832
466   0.460620
467   0.460316
468   0.460152
469   0.459760
470   0.459488
471   0.459498
472   0.459530
473   0.459308
474   0.459236
475   0.459002
476   0.458586
477   0.458124
478   0.457388
479   0.456834
480   0.456158
481   0.455456
482   0.454846
483   0.454250
484   0.453646
485   0.453336
486   0.452786
487   0.452472
488   0.452020
489   0.451624
490   0.451176
491   0.450676
492   0.450136
493   0.449710
494   0.449336
495   0.449078
496   0.448762
497   0.448346
498   0.447992
499   0.447824
500   0.447858
-499   0.447776
-498   0.447592
-497   0.447384
-496   0.447110
-495   0.446702
-494   0.446304
-493   0.446024
-492   0.445648
-491   0.445072
-490   0.444538
-489   0.444026
-488   0.443460
-487   0.443020
-486   0.442582
-485   0.441900
-484   0.441360
-483   0.440946
-482   0.440494
-481   0.440190
-480   0.439870
-479   0.439620
-478   0.439316
-477   0.439058
-476   0.438616
-475   0.438248
-474   0.438030
-473   0.437848
-472   0.437614
-471   0.437382
-470   0.437246
-469   0.437030
-468   0.436858
-467   0.436758
-466   0.436602
-465   0.436394
-464   0.436218
-463   0.435926
-462   0.435740
-461   0.435616
-460   0.435550
-459   0.435450
-458   0.435234
-457   0.435186
-456   0.435044
-455   0.434908
-454   0.434860
-453   0.435006
-452   0.435066
-451   0.435144
-450   0.435132
-449   0.435212
-448   0.435034
-447   0.435070
-446   0.434838
-445   0.434778
-444   0.434504
-443   0.434142
-442   0.433964
-441   0.433702
-440   0.433536
-439   0.433360
-438   0.433266
-437   0.433166
-436   0.432958
-435   0.432810
-434   0.432742
-433   0.432584
-432   0.432346
-431   0.432152
-430   0.432394
-429   0.432376
-428   0.432476
-427   0.432570
-426   0.432698
-425   0.432810
-424   0.432780
-423   0.432662
-422   0.432846
-421   0.433028
-420   0.433194
-419   0.433364
-418   0.433446
-417   0.433700
-416   0.433958
-415   0.434318
-414   0.434624
-413   0.434978
-412   0.435312
-411   0.435630
-410   0.435752
-409   0.435788
-408   0.436074
-407   0.436098
-406   0.436350
-405   0.436492
-404   0.437018
-403   0.437308
-402   0.437712
-401   0.438044
-400   0.438328
-399   0.438718
-398   0.439080
-397   0.439510
-396   0.439812
-395   0.440098
-394   0.440540
-393   0.440894
-392   0.441316
-391   0.441440
-390   0.441768
-389   0.442168
-388   0.442570
-387   0.442808
-386   0.443316
-385   0.443720
-384   0.444146
-383   0.444592
-382   0.444888
-381   0.445120
-380   0.445288
-379   0.445280
-378   0.445544
-377   0.445610
-376   0.445612
-375   0.445756
-374   0.445748
-373   0.445674
-372   0.445782
-371   0.445908
-370   0.445948
-369   0.445972
-368   0.445704
-367   0.445692
-366   0.445634
-365   0.445686
-364   0.445734
-363   0.445650
-362   0.445820
-361   0.446038
-360   0.445960
-359   0.446158
-358   0.446480
-357   0.446596
-356   0.447138
-355   0.447482
-354   0.448130
-353   0.448880
-352   0.449520
-351   0.450194
-350   0.450918
-349   0.451534
-348   0.452102
-347   0.452964
-346   0.453670
-345   0.454432
-344   0.454998
-343   0.455758
-342   0.456518
-341   0.457202
-340   0.457898
-339   0.458654
-338   0.459412
-337   0.460124
-336   0.460592
-335   0.461244
-334   0.461820
-333   0.462478
-332   0.463168
-331   0.463764
-330   0.464520
-329   0.464950
-328   0.465568
-327   0.466026
-326   0.466590
-325   0.467228
-324   0.468016
-323   0.468630
-322   0.469296
-321   0.469838
-320   0.470456
-319   0.470952
-318   0.471372
-317   0.471916
-316   0.472514
-315   0.473228
-314   0.473890
-313   0.474572
-312   0.475450
-311   0.476340
-310   0.477320
-309   0.478198
-308   0.479042
-307   0.479812
-306   0.480508
-305   0.481124
-304   0.482014
-303   0.482662
-302   0.483426
-301   0.484212
-300   0.484866
-299   0.485520
-298   0.486046
-297   0.486572
-296   0.487052
-295   0.487660
-294   0.488256
-293   0.488714
-292   0.489170
-291   0.489942
-290   0.490636
-289   0.491318
-288   0.491612
-287   0.492138
-286   0.492486
-285   0.492800
-284   0.493042
-283   0.493348
-282   0.493474
-281   0.493822
-280   0.494020
-279   0.494232
-278   0.494798
-277   0.494948
-276   0.495206
-275   0.495406
-274   0.495744
-273   0.495998
-272   0.496450
-271   0.497036
-270   0.497596
-269   0.498108
-268   0.498654
-267   0.499190
-266   0.499762
-265   0.500564
-264   0.501318
-263   0.502104
-262   0.502890
-261   0.503846
-260   0.504840
-259   0.505890
-258   0.506882
-257   0.508080
-256   0.509320
-255   0.510378
-254   0.511856
-253   0.512850
-252   0.514072
-251   0.515486
-250   0.516914
-249   0.518294
-248   0.519542
-247   0.520786
-246   0.522008
-245   0.523210
-244   0.524368
-243   0.525594
-242   0.527182
-241   0.528448
-240   0.529776
-239   0.530948
-238   0.532320
-237   0.533626
-236   0.535030
-235   0.536300
-234   0.537818
-233   0.539174
-232   0.540606
-231   0.542072
-230   0.543264
-229   0.544428
-228   0.545644
-227   0.546934
-226   0.548044
-225   0.549036
-224   0.549908
-223   0.550928
-222   0.551858
-221   0.553074
-220   0.554082
-219   0.555214
-218   0.556254
-217   0.557394
-216   0.558628
-215   0.559858
-214   0.561106
-213   0.562470
-212   0.563636
-211   0.564822
-210   0.566176
-209   0.567630
-208   0.569136
-207   0.570546
-206   0.572070
-205   0.573658
-204   0.575168
-203   0.576706
-202   0.578312
-201   0.579876
-200   0.581402
-199   0.583000
-198   0.584756
-197   0.586594
-196   0.588406
-195   0.590316
-194   0.591980
-193   0.593798
-192   0.595336
-191   0.596854
-190   0.598250
-189   0.599622
-188   0.601088
-187   0.602722
-186   0.604308
-185   0.605914
-184   0.607574
-183   0.609194
-182   0.610708
-181   0.612056
-180   0.613312
-179   0.614676
-178   0.616040
-177   0.617450
-176   0.619150
-175   0.620814
-174   0.622428
-173   0.624032
-172   0.625970
-171   0.627602
-170   0.629524
-169   0.631436
-168   0.633466
-167   0.635748
-166   0.637714
-165   0.639848
-164   0.641940
-163   0.643998
-162   0.646040
-161   0.647966
-160   0.650198
-159   0.652300
-158   0.654468
-157   0.656462
-156   0.658626
-155   0.660496
-154   0.662540
-153   0.664542
-152   0.666518
-151   0.668274
-150   0.670072
-149   0.671844
-148   0.673676
-147   0.675644
-146   0.677482
-145   0.679486
-144   0.681466
-143   0.683388
-142   0.685340
-141   0.687252
-140   0.689198
-139   0.691032
-138   0.692924
-137   0.694732
-136   0.696350
-135   0.698256
-134   0.700142
-133   0.701978
-132   0.703786
-131   0.705656
-130   0.707230
-129   0.708656
-128   0.710630
-127   0.712286
-126   0.713662
-125   0.715194
-124   0.716456
-123   0.717982
-122   0.719286
-121   0.720906
-120   0.722278
-119   0.724056
-118   0.725596
-117   0.727346
-116   0.728894
-115   0.730438
-114   0.732064
-113   0.733590
-112   0.735182
-111   0.736690
-110   0.738276
-109   0.739890
-108   0.741368
-107   0.742886
-106   0.744168
-105   0.745566
-104   0.746906
-103   0.748326
-102   0.750096
-101   0.751812
-100   0.753646
-99   0.755694
-98   0.757374
-97   0.759210
-96   0.761138
-95   0.763128
-94   0.765196
-93   0.767026
-92   0.768984
-91   0.770606
-90   0.772616
-89   0.774612
-88   0.776756
-87   0.778918
-86   0.781034
-85   0.783094
-84   0.785148
-83   0.787250
-82   0.789366
-81   0.791524
-80   0.793790
-79   0.796086
-78   0.798416
-77   0.800664
-76   0.802734
-75   0.804816
-74   0.806690
-73   0.808752
-72   0.810900
-71   0.813022
-70   0.815322
-69   0.817464
-68   0.819848
-67   0.821914
-66   0.824052
-65   0.826024
-64   0.828014
-63   0.830216
-62   0.832418
-61   0.834478
-60   0.836486
-59   0.838548
-58   0.840660
-57   0.842610
-56   0.844734
-55   0.846664
-54   0.848274
-53   0.850088
-52   0.851666
-51   0.853306
-50   0.854786
-49   0.856186
-48   0.857702
-47   0.859110
-46   0.860486
-45   0.861798
-44   0.863148
-43   0.864424
-42   0.865762
-41   0.867006
-40   0.868396
-39   0.869630
-38   0.871086
-37   0.872542
-36   0.874044
-35   0.875572
-34   0.876970
-33   0.878388
-32   0.879782
-31   0.881310
-30   0.882768
-29   0.884290
-28   0.885832
-27   0.887578
-26   0.889268
-25   0.891048
-24   0.892576
-23   0.894246
-22   0.895932
-21   0.897634
-20   0.899322
-19   0.900892
-18   0.902268
-17   0.903738
-16   0.905272
-15   0.906802
-14   0.908240
-13   0.909832
-12   0.911506
-11   0.912940
-10   0.914536
-9   0.915962
-8   0.917606
-7   0.919202
-6   0.920970
-5   0.922592
-4   0.924610
-3   0.926510
-2   0.928428
-1   0.930500
