0   1.000000
1   0.777310
2   0.775832
3   0.774218
4   0.772692
5   0.771158
6   0.769664
7   0.768094
8   0.766540
9   0.764996
10   0.763432
11   0.761952
12   0.760430
13   0.758970
14   0.757330
15   0.755638
16   0.754006
17   0.752498
18   0.750868
19   0.749222
20   0.747490
21   0.745612
22   0.743756
23   0.741932
24   0.739880
25   0.738004
26   0.736066
27   0.734072
28   0.732174
29   0.730334
30   0.728502
31   0.726502
32   0.724214
33   0.721984
34   0.719694
35   0.717316
36   0.715016
37   0.712544
38   0.709866
39   0.707118
40   0.704204
41   0.701160
42   0.698000
43   0.695058
44   0.692254
45   0.689338
46   0.686500
47   0.683828
48   0.681166
49   0.678604
50   0.675912
51   0.673222
52   0.670402
53   0.667688
54   0.665014
55   0.662372
56   0.659924
57   0.657362
58   0.654818
59   0.652426
60   0.650194
61   0.647886
62   0.645770
63   0.643604
64   0.641282
65   0.639014
66   0.636810
67   0.634574
68   0.632256
69   0.629934
70   0.627590
71   0.625340
72   0.623056
73   0.620736
74   0.618432
75   0.616304
76   0.614190
77   0.612010
78   0.609632
79   0.607238
80   0.604838
81   0.602488
82   0.600262
83   0.597940
84   0.595780
85   0.593694
86   0.591620
87   0.589500
88   0.587548
89   0.585680
90   0.583780
91   0.581786
92   0.579754
93   0.577684
94   0.575610
95   0.573514
96   0.571578
97   0.569488
98   0.567350
99   0.565346
100   0.563312
101   0.561284
102   0.559300
103   0.557386
104   0.555584
105   0.553610
106   0.551680
107   0.549546
108   0.547484
109   0.545218
110   0.542846
111   0.540512
112   0.538474
113   0.536476
114   0.534644
115   0.532600
116   0.530588
117   0.528692
118   0.526816
119   0.524720
120   0.522874
121   0.520968
122   0.519092
123   0.517266
124   0.515358
125   0.513488
126   0.511418
127   0.509730
128   0.507898
129   0.506128
130   0.504446
131   0.502690
132   0.500914
133   0.499262
134   0.497564
135   0.495856
136   0.494196
137   0.492538
138   0.490794
139   0.489194
140   0.487578
141   0.485972
142   0.484220
143   0.482514
144   0.480750
145   0.478796
146   0.476894
147   0.474908
148   0.472868
149   0.470808
150   0.468596
151   0.466242
152   0.463796
153   0.461174
154   0.458612
155   0.455988
156   0.453428
157   0.451056
158   0.448544
159   0.446004
160   0.443530
161   0.441076
162   0.438412
163   0.435934
164   0.433542
165   0.431294
166   0.429070
167   0.426750
168   0.424624
169   0.422544
170   0.420684
171   0.418764
172   0.417148
173   0.415458
174   0.413670
175   0.411838
176   0.409922
177   0.408102
178   0.406148
179   0.404268
180   0.402454
181   0.400732
182   0.398990
183   0.397328
184   0.395566
185   0.393882
186   0.392070
187   0.390246
188   0.388624
189   0.387046
190   0.385458
191   0.383808
192   0.382146
193   0.380728
194   0.379206
195   0.377712
196   0.376220
197   0.374704
198   0.373302
199   0.371850
200   0.370312
201   0.368952
202   0.367622
203   0.366314
204   0.364942
205   0.363580
206   0.362246
207   0.360836
208   0.359390
209   0.357916
210   0.356446
211   0.355082
212   0.353846
213   0.352594
214   0.351140
215   0.349742
216   0.348356
217   0.346974
218   0.345714
219   0.344450
220   0.343296
221   0.342032
222   0.340808
223   0.339460
224   0.338144
225   0.336878
226   0.335684
227   0.334434
228   0.333250
229   0.332054
230   0.330794
231   0.329444
232   0.328066
233   0.326752
234   0.325392
235   0.323916
236   0.322604
237   0.321270
238   0.319774
239   0.318400
240   0.317140
241   0.315946
242   0.314848
243   0.313732
244   0.312680
245   0.311654
246   0.310502
247   0.309170
248   0.307900
249   0.306586
250   0.305364
251   0.304106
252   0.302862
253   0.301522
254   0.300108
255   0.298724
256   0.297482
257   0.296112
258   0.294660
259   0.293138
260   0.291646
261   0.290134
262   0.288584
263   0.287008
264   0.285522
265   0.284020
266   0.282360
267   0.280762
268   0.279108
269   0.277324
270   0.275558
271   0.273744
272   0.271890
273   0.270070
274   0.268220
275   0.266298
276   0.264440
277   0.262672
278   0.260702
279   0.258790
280   0.256830
281   0.254744
282   0.252754
283   0.250840
284   0.248732
285   0.246696
286   0.244426
287   0.242368
288   0.240070
289   0.237930
290   0.235852
291   0.233544
292   0.231200
293   0.228920
294   0.226810
295   0.224844
296   0.222850
297   0.220964
298   0.219016
299   0.217130
300   0.215530
301   0.213732
302   0.212128
303   0.210402
304   0.208772
305   0.207050
306   0.205458
307   0.204010
308   0.202422
309   0.200842
310   0.199100
311   0.197336
312   0.195360
313   0.193532
314   0.191768
315   0.189992
316   0.188026
317   0.186134
318   0.184372
319   0.182808
320   0.181336
321   0.179748
322   0.178356
323   0.176872
324   0.175350
325   0.173968
326   0.172610
327   0.171162
328   0.169680
329   0.168160
330   0.166676
331   0.165032
332   0.163364
333   0.161464
334   0.159824
335   0.158144
336   0.156588
337   0.154918
338   0.153070
339   0.151348
340   0.149662
341   0.147946
342   0.146118
343   0.144450
344   0.142696
345   0.140916
346   0.139208
347   0.137546
348   0.135920
349   0.134274
350   0.132694
351   0.130864
352   0.128918
353   0.127172
354   0.125408
355   0.123664
356   0.122010
357   0.120476
358   0.118860
359   0.117248
360   0.115406
361   0.113570
362   0.112086
363   0.110450
364   0.108952
365   0.107618
366   0.106306
367   0.104958
368   0.103564
369   0.102178
370   0.101002
371   0.099888
372   0.098752
373   0.097944
374   0.097194
375   0.096468
376   0.095604
377   0.094838
378   0.094096
379   0.093486
380   0.092910
381   0.092382
382   0.091914
383   0.091462
384   0.091006
385   0.090662
386   0.090582
387   0.090482
388   0.090462
389   0.090218
390   0.089920
391   0.089610
392   0.089354
393   0.088914
394   0.088592
395   0.088442
396   0.088330
397   0.088180
398   0.088032
399   0.087764
400   0.087468
401   0.087134
402   0.086840
403   0.086688
404   0.086376
405   0.086036
406   0.085692
407   0.085300
408   0.085028
409   0.084774
410   0.084474
411   0.084156
412   0.083944
413   0.083676
414   0.083494
415   0.083360
416   0.083388
417   0.083440
418   0.083586
419   0.083640
420   0.083592
421   0.083580
422   0.083428
423   0.083368
424   0.083264
425   0.083348
426   0.083324
427   0.083306
428   0.083214
429   0.083210
430   0.083186
431   0.083204
432   0.083282
433   0.083308
434   0.083380
435   0.083448
436   0.083554
437   0.083650
438   0.083750
439   0.083788
440   0.083872
441   0.083916
442   0.084040
443   0.084206
444   0.084408
445   0.084548
446   0.084742
447   0.084882
448   0.085060
449   0.085126
450   0.085206
451   0.085342
452   0.085414
453   0.085580
454   0.085742
455   0.085898
456   0.086086
457   0.086336
458   0.086290
459   0.086328
460   0.086462
461   0.086620
462   0.086960
463   0.087250
464   0.087840
465   0.088268
466   0.088700
467   0.089238
468   0.089706
469   0.090266
470   0.090842
471   0.091356
472   0.091806
473   0.092430
474   0.093140
475   0.094078
476   0.094908
477   0.095850
478   0.096762
479   0.097740
480   0.098668
481   0.099710
482   0.100612
483   0.101444
484   0.102182
485   0.102678
486   0.103270
487   0.103706
488   0.104186
489   0.104658
490   0.105100
491   0.105694
492   0.106364
493   0.106842
494   0.107172
495   0.107568
496   0.107968
497   0.108264
498   0.108492
499   0.108638
500   0.108738
-499   0.108892
-498   0.109008
-497   0.109408
-496   0.109682
-495   0.110346
-494   0.110840
-493   0.111360
-492   0.111846
-491   0.112398
-490   0.113026
-489   0.113582
-488   0.114122
-487   0.114706
-486   0.115372
-485   0.115912
-484   0.116504
-483   0.117096
-482   0.117588
-481   0.118156
-480   0.118822
-479   0.119402
-478   0.119854
-477   0.120256
-476   0.120628
-475   0.120874
-474   0.121214
-473   0.121534
-472   0.121944
-471   0.122390
-470   0.122682
-469   0.123058
-468   0.123444
-467   0.123846
-466   0.124168
-465   0.124546
-464   0.125044
-463   0.125532
-462   0.126024
-461   0.126696
-460   0.127270
-459   0.127900
-458   0.128432
-457   0.128816
-456   0.129062
-455   0.129336
-454   0.129590
-453   0.129936
-452   0.130222
-451   0.130650
-450   0.131026
-449   0.131436
-448   0.131878
-447   0.132198
-446   0.132466
-445   0.132728
-444   0.133064
-443   0.133386
-442   0.133872
-441   0.134164
-440   0.134760
-439   0.135234
-438   0.135590
-437   0.135882
-436   0.136298
-435   0.136820
-434   0.137414
-433   0.137872
-432   0.138202
-431   0.138512
-430   0.138970
-429   0.139332
-428   0.139662
-427   0.139846
-426   0.140072
-425   0.140434
-424   0.140790
-423   0.141146
-422   0.141334
-421   0.141596
-420   0.141932
-419   0.142334
-418   0.142678
-417   0.143208
-416   0.143804
-415   0.144354
-414   0.144962
-413   0.145574
-412   0.146218
-411   0.147132
-410   0.147902
-409   0.148676
-408   0.149514
-407   0.150298
-406   0.151204
-405   0.152118
-404   0.153020
-403   0.154026
-402   0.154856
-401   0.155618
-400   0.156432
-399   0.157364
-398   0.158230
-397   0.159030
-396   0.159990
-395   0.160816
-394   0.161648
-393   0.162430
-392   0.163146
-391   0.163850
-390   0.164670
-389   0.165456
-388   0.166348
-387   0.167062
-386   0.167820
-385   0.168712
-384   0.169840
-383   0.171094
-382   0.172318
-381   0.173494
-380   0.174728
-379   0.175986
-378   0.177030
-377   0.178122
-376   0.179340
-375   0.180646
-374   0.181968
-373   0.183476
-372   0.184846
-371   0.186382
-370   0.187952
-369   0.189710
-368   0.191468
-367   0.193322
-366   0.195212
-365   0.197130
-364   0.198920
-363   0.200846
-362   0.202576
-361   0.204254
-360   0.205928
-359   0.207490
-358   0.209070
-357   0.210678
-356   0.212338
-355   0.213814
-354   0.215418
-353   0.217118
-352   0.218676
-351   0.220364
-350   0.222022
-349   0.223712
-348   0.225702
-347   0.227646
-346   0.229410
-345   0.231036
-344   0.232432
-343   0.233682
-342   0.234976
-341   0.236116
-340   0.237250
-339   0.238412
-338   0.239442
-337   0.240490
-336   0.241538
-335   0.242650
-334   0.243696
-333   0.244884
-332   0.246090
-331   0.247274
-330   0.248138
-329   0.249042
-328   0.249836
-327   0.250752
-326   0.251828
-325   0.253006
-324   0.254288
-323   0.255696
-322   0.256884
-321   0.258214
-320   0.259620
-319   0.261052
-318   0.262478
-317   0.263862
-316   0.265296
-315   0.266716
-314   0.268028
-313   0.269210
-312   0.270460
-311   0.271556
-310   0.272522
-309   0.273522
-308   0.274392
-307   0.275512
-306   0.276590
-305   0.277768
-304   0.278868
-303   0.279934
-302   0.280932
-301   0.281880
-300   0.282844
-299   0.283852
-298   0.284834
-297   0.285890
-296   0.287158
-295   0.288448
-294   0.289652
-293   0.290760
-292   0.291866
-291   0.293058
-290   0.294154
-289   0.295270
-288   0.296464
-287   0.297712
-286   0.298932
-285   0.300074
-284   0.301086
-283   0.302192
-282   0.303476
-281   0.304650
-280   0.305708
-279   0.306772
-278   0.307698
-277   0.308706
-276   0.309690
-275   0.310722
-274   0.311850
-273   0.313100
-272   0.314270
-271   0.315352
-270   0.316598
-269   0.317956
-268   0.319296
-267   0.320610
-266   0.321964
-265   0.323280
-264   0.324610
-263   0.325998
-262   0.327292
-261   0.328576
-260   0.329638
-259   0.330714
-258   0.331760
-257   0.332988
-256   0.334318
-255   0.335434
-254   0.336576
-253   0.337740
-252   0.338802
-251   0.340020
-250   0.341054
-249   0.342274
-248   0.343396
-247   0.344454
-246   0.345830
-245   0.347178
-244   0.348712
-243   0.350250
-242   0.351750
-241   0.353202
-240   0.354766
-239   0.356236
-238   0.357760
-237   0.359298
-236   0.360908
-235   0.362678
-234   0.364422
-233   0.366168
-232   0.368022
-231   0.369766
-230   0.371612
-229   0.373370
-228   0.375196
-227   0.376984
-226   0.378778
-225   0.380556
-224   0.382098
-223   0.383964
-222   0.385764
-221   0.387590
-220   0.389558
-219   0.391504
-218   0.393538
-217   0.395450
-216   0.397328
-215   0.399258
-214   0.401256
-213   0.403130
-212   0.404886
-211   0.406658
-210   0.408182
-209   0.409668
-208   0.410964
-207   0.412158
-206   0.413294
-205   0.414402
-204   0.415506
-203   0.416698
-202   0.417882
-201   0.419124
-200   0.420334
-199   0.421356
-198   0.422522
-197   0.423594
-196   0.424640
-195   0.425684
-194   0.426842
-193   0.427778
-192   0.428740
-191   0.429878
-190   0.431024
-189   0.432240
-188   0.433624
-187   0.435040
-186   0.436352
-185   0.437594
-184   0.438912
-183   0.440282
-182   0.441762
-181   0.443110
-180   0.444744
-179   0.446286
-178   0.447896
-177   0.449568
-176   0.451230
-175   0.452956
-174   0.454538
-173   0.456326
-172   0.458082
-171   0.459696
-170   0.461276
-169   0.462806
-168   0.464302
-167   0.465980
-166   0.467462
-165   0.469114
-164   0.470632
-163   0.472132
-162   0.473728
-161   0.475334
-160   0.476904
-159   0.478432
-158   0.480124
-157   0.481758
-156   0.483474
-155   0.485088
-154   0.486640
-153   0.488158
-152   0.489672
-151   0.491106
-150   0.492782
-149   0.494468
-148   0.495990
-147   0.497876
-146   0.499724
-145   0.501592
-144   0.503234
-143   0.504958
-142   0.506716
-141   0.508508
-140   0.510450
-139   0.512286
-138   0.514132
-137   0.516184
-136   0.518054
-135   0.519942
-134   0.521838
-133   0.523778
-132   0.525764
-131   0.527458
-130   0.529266
-129   0.530970
-128   0.532794
-127   0.534604
-126   0.536342
-125   0.538050
-124   0.539724
-123   0.541364
-122   0.542996
-121   0.544706
-120   0.546422
-119   0.548146
-118   0.549904
-117   0.551544
-116   0.553106
-115   0.554696
-114   0.556316
-113   0.557890
-112   0.559422
-111   0.561006
-110   0.562554
-109   0.564256
-108   0.565946
-107   0.567750
-106   0.569456
-105   0.571288
-104   0.573120
-103   0.575078
-102   0.576892
-101   0.578662
-100   0.580434
-99   0.582032
-98   0.583600
-97   0.585090
-96   0.586684
-95   0.588354
-94   0.589990
-93   0.591628
-92   0.593254
-91   0.594688
-90   0.596212
-89   0.597610
-88   0.599046
-87   0.600648
-86   0.602310
-85   0.604090
-84   0.605774
-83   0.607554
-82   0.609244
-81   0.610750
-80   0.612252
-79   0.613958
-78   0.615678
-77   0.617598
-76   0.619304
-75   0.621124
-74   0.623014
-73   0.624720
-72   0.626344
-71   0.628006
-70   0.629442
-69   0.630884
-68   0.632294
-67   0.633710
-66   0.635212
-65   0.636880
-64   0.638490
-63   0.640052
-62   0.641760
-61   0.643420
-60   0.645054
-59   0.646686
-58   0.648304
-57   0.649970
-56   0.651570
-55   0.653276
-54   0.654894
-53   0.656536
-52   0.658310
-51   0.660136
-50   0.662024
-49   0.664014
-48   0.666102
-47   0.668322
-46   0.670518
-45   0.672768
-44   0.674956
-43   0.677184
-42   0.679320
-41   0.681478
-40   0.683590
-39   0.685968
-38   0.688190
-37   0.690504
-36   0.693174
-35   0.695762
-34   0.698400
-33   0.701140
-32   0.703798
-31   0.706618
-30   0.709284
-29   0.711822
-28   0.714376
-27   0.716728
-26   0.719162
-25   0.721374
-24   0.723638
-23   0.725936
-22   0.728294
-21   0.730898
-20   0.733354
-19   0.735762
-18   0.738044
-17   0.740290
-16   0.742468
-15   0.744634
-14   0.746696
-13   0.749068
-12   0.751336
-11   0.753512
-10   0.755734
-9   0.757970
-8   0.760184
-7   0.762494
-6   0.764640
-5   0.766750
-4   0.769032
-3   0.771338
-2   0.773746
-1   0.776286
