0  -0.153344
1  -0.153858
2  -0.154434
3  -0.154942
4  -0.155382
5  -0.155718
6  -0.155980
7  -0.156144
8  -0.156184
9  -0.156324
10  -0.156352
11  -0.156488
12  -0.156612
13  -0.156718
14  -0.156878
15  -0.157026
16  -0.156964
17  -0.157048
18  -0.157042
19  -0.156946
20  -0.156912
21  -0.156806
22  -0.156636
23  -0.156636
24  -0.156566
25  -0.156472
26  -0.156500
27  -0.156408
28  -0.156488
29  -0.156374
30  -0.156502
31  -0.156714
32  -0.156862
33  -0.157104
34  -0.157502
35  -0.157906
36  -0.158188
37  -0.158234
38  -0.158348
39  -0.158614
40  -0.158912
41  -0.159272
42  -0.159798
43  -0.160286
44  -0.160736
45  -0.161256
46  -0.161830
47  -0.162630
48  -0.163334
49  -0.163750
50  -0.164260
51  -0.164714
52  -0.165106
53  -0.165422
54  -0.165866
55  -0.166436
56  -0.166752
57  -0.167236
58  -0.167524
59  -0.167764
60  -0.167906
61  -0.168032
62  -0.167918
63  -0.167886
64  -0.167706
65  -0.167714
66  -0.167834
67  -0.167932
68  -0.168096
69  -0.168194
70  -0.168340
71  -0.168388
72  -0.168252
73  -0.168112
74  -0.167892
75  -0.167722
76  -0.167472
77  -0.167190
78  -0.167088
79  -0.167020
80  -0.166930
81  -0.167074
82  -0.167040
83  -0.166816
84  -0.166642
85  -0.166482
86  -0.166216
87  -0.165796
88  -0.165290
89  -0.164570
90  -0.163844
91  -0.163216
92  -0.162658
93  -0.161882
94  -0.161174
95  -0.160332
96  -0.159354
97  -0.158394
98  -0.157532
99  -0.156866
100  -0.156096
101  -0.155240
102  -0.154580
103  -0.153826
104  -0.153196
105  -0.152532
106  -0.152112
107  -0.151478
108  -0.150642
109  -0.149708
110  -0.148754
111  -0.147656
112  -0.146484
113  -0.145468
114  -0.144450
115  -0.143374
116  -0.142130
117  -0.140988
118  -0.139896
119  -0.139118
120  -0.138314
121  -0.137580
122  -0.136706
123  -0.135776
124  -0.134866
125  -0.133916
126  -0.132982
127  -0.132322
128  -0.131498
129  -0.130800
130  -0.130244
131  -0.129640
132  -0.129196
133  -0.128686
134  -0.128098
135  -0.127426
136  -0.126702
137  -0.126162
138  -0.125514
139  -0.124994
140  -0.124570
141  -0.124014
142  -0.123502
143  -0.122960
144  -0.122454
145  -0.121974
146  -0.121430
147  -0.120870
148  -0.120118
149  -0.119660
150  -0.119314
151  -0.119006
152  -0.118340
153  -0.117614
154  -0.116928
155  -0.116166
156  -0.115422
157  -0.114604
158  -0.113932
159  -0.113190
160  -0.112340
161  -0.111228
162  -0.109760
163  -0.108186
164  -0.106536
165  -0.105166
166  -0.103838
167  -0.102598
168  -0.101240
169  -0.099996
170  -0.098648
171  -0.097262
172  -0.096126
173  -0.095068
174  -0.094026
175  -0.092990
176  -0.091858
177  -0.090742
178  -0.089586
179  -0.088476
180  -0.087466
181  -0.086402
182  -0.085390
183  -0.084348
184  -0.083290
185  -0.082378
186  -0.081360
187  -0.080334
188  -0.079202
189  -0.078148
190  -0.077104
191  -0.075868
192  -0.074822
193  -0.073818
194  -0.072862
195  -0.071928
196  -0.071070
197  -0.070130
198  -0.069302
199  -0.068516
200  -0.067612
201  -0.066736
202  -0.065784
203  -0.064848
204  -0.063880
205  -0.062982
206  -0.061992
207  -0.061138
208  -0.060444
209  -0.059452
210  -0.058414
211  -0.057438
212  -0.056342
213  -0.055370
214  -0.054390
215  -0.053450
216  -0.052414
217  -0.051436
218  -0.050420
219  -0.049384
220  -0.048194
221  -0.046964
222  -0.045812
223  -0.044434
224  -0.043026
225  -0.041612
226  -0.040140
227  -0.038800
228  -0.037230
229  -0.035668
230  -0.034004
231  -0.032178
232  -0.030424
233  -0.028680
234  -0.026930
235  -0.025356
236  -0.023734
237  -0.022318
238  -0.020908
239  -0.019546
240  -0.018254
241  -0.016816
242  -0.015560
243  -0.014240
244  -0.013012
245  -0.011798
246  -0.010666
247  -0.009756
248  -0.008902
249  -0.007944
250  -0.006982
251  -0.006004
252  -0.004944
253  -0.003956
254  -0.002862
255  -0.001862
256  -0.000768
257   0.000234
258   0.001210
259   0.002060
260   0.002712
261   0.003630
262   0.004580
263   0.005338
264   0.005982
265   0.006840
266   0.007670
267   0.008606
268   0.009492
269   0.010524
270   0.011512
271   0.012670
272   0.014032
273   0.015428
274   0.016768
275   0.018256
276   0.019764
277   0.021372
278   0.022928
279   0.024474
280   0.025916
281   0.027498
282   0.029098
283   0.030752
284   0.032346
285   0.034078
286   0.035818
287   0.037538
288   0.039456
289   0.041498
290   0.043572
291   0.045706
292   0.047958
293   0.050278
294   0.052310
295   0.054506
296   0.056742
297   0.058830
298   0.061048
299   0.063160
300   0.065294
301   0.067284
302   0.069240
303   0.070956
304   0.072652
305   0.074432
306   0.076242
307   0.077864
308   0.079338
309   0.080674
310   0.082106
311   0.083514
312   0.084540
313   0.085678
314   0.086936
315   0.088156
316   0.089454
317   0.090988
318   0.092578
319   0.093940
320   0.095172
321   0.096486
322   0.097514
323   0.098648
324   0.099840
325   0.101002
326   0.102068
327   0.103172
328   0.104150
329   0.105012
330   0.106010
331   0.107094
332   0.108258
333   0.109238
334   0.110324
335   0.111402
336   0.112312
337   0.113388
338   0.114270
339   0.114936
340   0.115470
341   0.116156
342   0.116884
343   0.117654
344   0.118194
345   0.118996
346   0.119798
347   0.120492
348   0.121122
349   0.121700
350   0.122336
351   0.122944
352   0.123762
353   0.124504
354   0.125400
355   0.126418
356   0.127520
357   0.128620
358   0.129826
359   0.131144
360   0.132532
361   0.133990
362   0.135482
363   0.136932
364   0.138448
365   0.139874
366   0.141236
367   0.142640
368   0.144178
369   0.145784
370   0.147514
371   0.149412
372   0.151176
373   0.153020
374   0.154916
375   0.156556
376   0.158162
377   0.159908
378   0.161662
379   0.163362
380   0.164928
381   0.166486
382   0.168082
383   0.169836
384   0.171636
385   0.173510
386   0.175178
387   0.176948
388   0.178628
389   0.180310
390   0.181880
391   0.183332
392   0.184844
393   0.186290
394   0.187618
395   0.189024
396   0.190528
397   0.192044
398   0.193430
399   0.194890
400   0.196150
401   0.197580
402   0.198918
403   0.200414
404   0.202022
405   0.203602
406   0.205262
407   0.206924
408   0.208460
409   0.210094
410   0.211642
411   0.213208
412   0.214842
413   0.216388
414   0.218008
415   0.219438
416   0.220966
417   0.222566
418   0.224322
419   0.226128
420   0.227986
421   0.229742
422   0.231468
423   0.233206
424   0.235022
425   0.236674
426   0.238346
427   0.240004
428   0.241604
429   0.243156
430   0.244736
431   0.246496
432   0.248020
433   0.249498
434   0.250954
435   0.252344
436   0.253814
437   0.255414
438   0.256778
439   0.258218
440   0.259788
441   0.261210
442   0.262676
443   0.264020
444   0.265222
445   0.266412
446   0.267834
447   0.269274
448   0.270692
449   0.272114
450   0.273404
451   0.274458
452   0.275446
453   0.276316
454   0.277316
455   0.278238
456   0.278924
457   0.279724
458   0.280484
459   0.281240
460   0.281744
461   0.282252
462   0.282834
463   0.283456
464   0.284038
465   0.284382
466   0.284842
467   0.285304
468   0.285722
469   0.286086
470   0.286456
471   0.286770
472   0.287028
473   0.287284
474   0.287478
475   0.287658
476   0.287834
477   0.287896
478   0.288010
479   0.287982
480   0.287850
481   0.287782
482   0.287682
483   0.287560
484   0.287322
485   0.287188
486   0.287100
487   0.286918
488   0.286786
489   0.286888
490   0.287052
491   0.287216
492   0.287310
493   0.287518
494   0.287566
495   0.287664
496   0.287626
497   0.287558
498   0.287394
499   0.287196
500   0.287078
-499   0.286804
-498   0.286478
-497   0.286222
-496   0.286066
-495   0.285828
-494   0.285774
-493   0.285748
-492   0.285750
-491   0.285636
-490   0.285460
-489   0.285492
-488   0.285498
-487   0.285558
-486   0.285586
-485   0.285410
-484   0.285294
-483   0.285074
-482   0.284842
-481   0.284792
-480   0.284764
-479   0.284668
-478   0.284560
-477   0.284280
-476   0.283932
-475   0.283872
-474   0.283970
-473   0.284428
-472   0.284848
-471   0.285174
-470   0.285310
-469   0.285570
-468   0.285914
-467   0.286250
-466   0.286640
-465   0.287244
-464   0.287666
-463   0.287874
-462   0.288066
-461   0.288504
-460   0.288914
-459   0.289380
-458   0.289666
-457   0.290126
-456   0.290642
-455   0.291234
-454   0.291784
-453   0.292464
-452   0.293084
-451   0.293522
-450   0.294090
-449   0.294438
-448   0.294766
-447   0.295028
-446   0.295436
-445   0.295836
-444   0.296280
-443   0.296648
-442   0.296862
-441   0.297236
-440   0.297618
-439   0.298116
-438   0.298430
-437   0.298776
-436   0.299086
-435   0.299318
-434   0.299542
-433   0.299640
-432   0.299602
-431   0.299452
-430   0.299414
-429   0.299434
-428   0.299452
-427   0.299378
-426   0.299354
-425   0.299362
-424   0.299144
-423   0.299028
-422   0.298628
-421   0.298418
-420   0.298308
-419   0.298144
-418   0.297798
-417   0.297266
-416   0.296602
-415   0.295830
-414   0.295068
-413   0.294574
-412   0.294074
-411   0.293596
-410   0.293066
-409   0.292538
-408   0.292148
-407   0.291594
-406   0.291098
-405   0.290542
-404   0.289894
-403   0.289082
-402   0.288144
-401   0.287290
-400   0.286582
-399   0.285796
-398   0.284954
-397   0.283854
-396   0.282876
-395   0.281974
-394   0.281300
-393   0.280524
-392   0.279608
-391   0.278800
-390   0.277962
-389   0.277156
-388   0.276286
-387   0.275470
-386   0.274530
-385   0.273622
-384   0.272688
-383   0.271778
-382   0.270838
-381   0.269910
-380   0.269090
-379   0.268228
-378   0.267390
-377   0.266472
-376   0.265524
-375   0.264680
-374   0.263918
-373   0.263324
-372   0.262634
-371   0.262076
-370   0.261324
-369   0.260730
-368   0.260172
-367   0.259548
-366   0.258964
-365   0.258392
-364   0.257666
-363   0.256864
-362   0.256022
-361   0.255374
-360   0.254676
-359   0.253944
-358   0.253208
-357   0.252398
-356   0.251242
-355   0.250288
-354   0.249292
-353   0.248232
-352   0.247156
-351   0.246052
-350   0.244888
-349   0.243562
-348   0.242404
-347   0.241356
-346   0.240282
-345   0.239222
-344   0.238110
-343   0.237128
-342   0.236218
-341   0.235322
-340   0.234442
-339   0.233666
-338   0.232854
-337   0.232072
-336   0.231210
-335   0.230340
-334   0.229422
-333   0.228276
-332   0.227068
-331   0.225676
-330   0.224408
-329   0.222988
-328   0.221502
-327   0.220194
-326   0.218736
-325   0.217232
-324   0.215790
-323   0.214506
-322   0.213082
-321   0.211750
-320   0.210370
-319   0.208926
-318   0.207644
-317   0.206258
-316   0.204920
-315   0.203412
-314   0.201850
-313   0.200312
-312   0.198700
-311   0.197092
-310   0.195530
-309   0.193958
-308   0.192464
-307   0.190824
-306   0.189302
-305   0.187830
-304   0.186276
-303   0.184634
-302   0.182968
-301   0.181168
-300   0.179546
-299   0.177744
-298   0.176164
-297   0.174658
-296   0.173048
-295   0.171278
-294   0.169554
-293   0.168042
-292   0.166430
-291   0.164856
-290   0.163094
-289   0.161460
-288   0.159678
-287   0.157876
-286   0.156000
-285   0.154166
-284   0.152262
-283   0.150184
-282   0.148292
-281   0.146422
-280   0.144564
-279   0.142662
-278   0.140746
-277   0.138666
-276   0.136556
-275   0.134598
-274   0.132642
-273   0.130878
-272   0.128808
-271   0.126710
-270   0.124746
-269   0.122726
-268   0.120698
-267   0.118648
-266   0.116698
-265   0.114800
-264   0.112864
-263   0.111116
-262   0.109538
-261   0.107928
-260   0.106400
-259   0.104990
-258   0.103694
-257   0.102516
-256   0.101400
-255   0.100222
-254   0.099056
-253   0.097822
-252   0.096620
-251   0.095384
-250   0.094092
-249   0.092806
-248   0.091658
-247   0.090468
-246   0.089332
-245   0.088306
-244   0.087036
-243   0.085650
-242   0.084186
-241   0.082626
-240   0.081052
-239   0.079700
-238   0.078138
-237   0.076562
-236   0.074790
-235   0.073196
-234   0.071346
-233   0.069566
-232   0.067748
-231   0.066058
-230   0.064388
-229   0.062968
-228   0.061414
-227   0.059918
-226   0.058336
-225   0.056764
-224   0.055316
-223   0.053798
-222   0.052154
-221   0.050572
-220   0.049128
-219   0.047800
-218   0.046424
-217   0.044992
-216   0.043744
-215   0.042428
-214   0.040930
-213   0.039612
-212   0.038450
-211   0.037130
-210   0.035768
-209   0.034322
-208   0.032902
-207   0.031640
-206   0.030374
-205   0.029114
-204   0.027862
-203   0.026356
-202   0.024748
-201   0.023164
-200   0.021420
-199   0.019756
-198   0.018396
-197   0.016938
-196   0.015528
-195   0.014114
-194   0.012862
-193   0.011642
-192   0.010516
-191   0.009252
-190   0.008174
-189   0.007102
-188   0.006200
-187   0.005134
-186   0.004160
-185   0.003098
-184   0.002128
-183   0.001056
-182   0.000198
-181  -0.000618
-180  -0.001432
-179  -0.002304
-178  -0.003154
-177  -0.003806
-176  -0.004464
-175  -0.005110
-174  -0.005672
-173  -0.006294
-172  -0.006922
-171  -0.007624
-170  -0.007872
-169  -0.008110
-168  -0.008462
-167  -0.008882
-166  -0.009650
-165  -0.010398
-164  -0.011064
-163  -0.011812
-162  -0.012704
-161  -0.013400
-160  -0.014358
-159  -0.015174
-158  -0.016032
-157  -0.016940
-156  -0.017870
-155  -0.018868
-154  -0.020106
-153  -0.021200
-152  -0.022132
-151  -0.023150
-150  -0.024292
-149  -0.025414
-148  -0.026710
-147  -0.028042
-146  -0.029246
-145  -0.030398
-144  -0.031274
-143  -0.032146
-142  -0.033036
-141  -0.034056
-140  -0.035036
-139  -0.035942
-138  -0.036810
-137  -0.037704
-136  -0.038556
-135  -0.039098
-134  -0.039788
-133  -0.040528
-132  -0.041390
-131  -0.042202
-130  -0.042938
-129  -0.043654
-128  -0.044606
-127  -0.045564
-126  -0.046538
-125  -0.047388
-124  -0.048360
-123  -0.049022
-122  -0.049512
-121  -0.050044
-120  -0.050616
-119  -0.051192
-118  -0.051722
-117  -0.052428
-116  -0.053108
-115  -0.053728
-114  -0.054686
-113  -0.055666
-112  -0.056690
-111  -0.057560
-110  -0.058240
-109  -0.059132
-108  -0.059950
-107  -0.060884
-106  -0.061890
-105  -0.062864
-104  -0.063914
-103  -0.064778
-102  -0.065748
-101  -0.066818
-100  -0.067876
-99  -0.068808
-98  -0.069520
-97  -0.070312
-96  -0.071230
-95  -0.072262
-94  -0.073424
-93  -0.074512
-92  -0.075488
-91  -0.076818
-90  -0.078134
-89  -0.079636
-88  -0.081110
-87  -0.082520
-86  -0.083988
-85  -0.085492
-84  -0.087046
-83  -0.088388
-82  -0.089864
-81  -0.091260
-80  -0.092666
-79  -0.093884
-78  -0.095324
-77  -0.096682
-76  -0.097990
-75  -0.099372
-74  -0.100554
-73  -0.101710
-72  -0.102926
-71  -0.104128
-70  -0.105092
-69  -0.106018
-68  -0.107096
-67  -0.108056
-66  -0.108956
-65  -0.109644
-64  -0.110394
-63  -0.111018
-62  -0.111604
-61  -0.112240
-60  -0.112902
-59  -0.113418
-58  -0.113914
-57  -0.114422
-56  -0.115060
-55  -0.115874
-54  -0.116606
-53  -0.117238
-52  -0.117864
-51  -0.118576
-50  -0.119152
-49  -0.119622
-48  -0.120058
-47  -0.120564
-46  -0.121302
-45  -0.122144
-44  -0.122962
-43  -0.123904
-42  -0.124722
-41  -0.125588
-40  -0.126436
-39  -0.127346
-38  -0.128108
-37  -0.128880
-36  -0.129670
-35  -0.130468
-34  -0.131244
-33  -0.131966
-32  -0.132898
-31  -0.133898
-30  -0.134828
-29  -0.135584
-28  -0.136274
-27  -0.137052
-26  -0.137840
-25  -0.138532
-24  -0.139078
-23  -0.139552
-22  -0.140034
-21  -0.140522
-20  -0.141052
-19  -0.141804
-18  -0.142704
-17  -0.143526
-16  -0.144222
-15  -0.144816
-14  -0.145522
-13  -0.146188
-12  -0.146828
-11  -0.147442
-10  -0.148066
-9  -0.148718
-8  -0.149304
-7  -0.149798
-6  -0.150398
-5  -0.150922
-4  -0.151542
-3  -0.151976
-2  -0.152422
-1  -0.152864
