r MCS_10 MCS_20 MCS_40 MCS_80 MCS_160 MCS_320 MCS_640 MCS_1280 MCS_2560 MCS_5120 MCS_10240 MCS_20480 MCS_40960 
0   1.000000   1.000000   1.000000   1.000000   1.000000   1.000000   1.000000   1.000000   1.000000   1.000000   1.000000   1.000000   1.000000 
1   0.424000   0.437000   0.429000   0.440800   0.436000   0.428000   0.414000   0.426400   0.440800   0.439400   0.433400   0.418200   0.435800 
2   0.318200   0.329000   0.324200   0.332200   0.334000   0.331000   0.308600   0.323200   0.323200   0.342600   0.326000   0.321600   0.333400 
3   0.243400   0.256800   0.246800   0.249000   0.258200   0.255800   0.239800   0.254200   0.251200   0.259800   0.262800   0.240200   0.259800 
4   0.188200   0.195400   0.191000   0.194400   0.195400   0.195200   0.174400   0.194800   0.197400   0.193000   0.199200   0.176800   0.193200 
5   0.147400   0.147400   0.150000   0.155000   0.156600   0.162200   0.132800   0.139600   0.152400   0.143200   0.161800   0.138000   0.146400 
6   0.117800   0.117200   0.122200   0.128000   0.121600   0.134400   0.113000   0.108000   0.111400   0.102400   0.128400   0.102600   0.108600 
7   0.092000   0.094200   0.094000   0.099200   0.094000   0.095600   0.079200   0.082400   0.081400   0.078600   0.098600   0.080200   0.086200 
8   0.072800   0.072400   0.059600   0.082400   0.075000   0.085000   0.064800   0.063800   0.057200   0.070400   0.072200   0.058600   0.059000 
9   0.050600   0.062600   0.046400   0.065800   0.053200   0.064000   0.049800   0.047600   0.048000   0.048400   0.051400   0.048800   0.052600 
10   0.041600   0.046600   0.035400   0.052000   0.045400   0.038200   0.037600   0.029800   0.051000   0.024400   0.044600   0.041200   0.035800 
11   0.023800   0.040800   0.019600   0.031800   0.040800   0.021200   0.033600   0.023600   0.029400   0.006200   0.022000   0.024200   0.030000 
12   0.010400   0.039400   0.018400   0.023000   0.030600   0.015600   0.018000   0.028400   0.025600   0.006400   0.011000   0.015000   0.028800 
13   0.008800   0.034200   0.003400   0.010400   0.018000   0.008400   0.010600   0.022400   0.013800   0.001000   0.007600   0.006600   0.019800 
14  -0.005200   0.025800  -0.006000  -0.006400   0.009800   0.007600   0.014400   0.020800   0.009800  -0.009600  -0.009600   0.006800   0.017000 
15  -0.004200   0.015000  -0.012200  -0.005400   0.002800  -0.005200   0.008000   0.033000   0.004600  -0.012800  -0.005600   0.004800   0.012600 
16  -0.009400   0.003400  -0.007200  -0.003800   0.003800   0.002200   0.011000   0.016600   0.014000  -0.012400  -0.013200   0.000600   0.015400 
17  -0.005400   0.007600  -0.003200  -0.000400   0.011400   0.002400   0.008000   0.006800   0.009600  -0.005600  -0.008000  -0.001200   0.013600 
18  -0.004200   0.009200  -0.004600  -0.007000   0.001600   0.000000   0.009400   0.010200   0.015400  -0.006200  -0.006600  -0.001600   0.008400 
19  -0.004600   0.008600  -0.002800   0.001000   0.003400   0.006400  -0.004400   0.005000   0.002000  -0.012400  -0.003400  -0.011800   0.008200 
20  -0.001400   0.003800  -0.001200  -0.000200   0.009000   0.003600  -0.000600   0.014400   0.001800  -0.006000  -0.005400  -0.014800   0.003600 
21   0.003000   0.007800  -0.002200   0.001200  -0.001200   0.001000  -0.007600   0.012400   0.003400   0.003000   0.004000  -0.013200  -0.001000 
22  -0.004800   0.008400   0.005200  -0.004800  -0.004200  -0.008000  -0.013200   0.012000   0.006000   0.000600   0.001200  -0.016800  -0.001600 
23   0.000600  -0.006000   0.010400   0.002400  -0.004400  -0.007200  -0.016200   0.018000   0.006800   0.008400  -0.001400  -0.008400   0.003200 
24  -0.002200  -0.000200   0.004000  -0.002800  -0.001600   0.000400  -0.010800   0.011800   0.014000   0.009600   0.009200  -0.001800   0.007600 
25  -0.007000  -0.001000   0.002600  -0.001200  -0.014200   0.001800  -0.000600  -0.002200   0.004400   0.010400   0.013600  -0.009400   0.015400 
26  -0.004000  -0.004000   0.003600  -0.000400  -0.008800   0.009000  -0.002000  -0.003000   0.014000   0.003200   0.010800  -0.005800   0.016000 
27  -0.010000   0.005200  -0.000600  -0.010400  -0.013800   0.010000  -0.004400   0.003400   0.009600   0.005600   0.011400  -0.014600   0.010200 
28  -0.008000   0.003800   0.006600  -0.005000  -0.007600   0.004600  -0.003400  -0.003200   0.009600   0.005800   0.010800  -0.009400   0.012000 
29   0.004000   0.013200   0.008000   0.005600  -0.018800   0.004800  -0.000800  -0.004800  -0.002400   0.005600   0.012400  -0.009200   0.010200 
30  -0.002800   0.018000   0.011400  -0.007200  -0.008800   0.000200  -0.000600  -0.011200   0.003200   0.011600   0.010800  -0.016000   0.005000 
31  -0.001000   0.019600   0.015200  -0.012000   0.003400   0.004200   0.002400  -0.003200   0.000800   0.007600   0.007000  -0.014200  -0.002000 
32  -0.006400   0.014400   0.018400  -0.006400   0.011200   0.003800   0.008000  -0.008800   0.004000   0.016800  -0.003400  -0.002200   0.003200 
33  -0.010000   0.014400   0.002200  -0.019200   0.003800   0.002400   0.008800  -0.007000   0.000800   0.012000   0.004400  -0.006000   0.005400 
34  -0.011000   0.012600   0.005800  -0.020000   0.000400   0.002400   0.011400   0.002000   0.005800   0.008600  -0.003000   0.004600   0.001600 
35  -0.009800   0.000200   0.003600  -0.010200  -0.001800   0.006000   0.000800  -0.010000   0.010200   0.016800  -0.008000   0.010000  -0.000200 
36  -0.011200   0.003600  -0.009200  -0.009400  -0.001800   0.003800   0.005200  -0.008000   0.009800   0.004400  -0.000800   0.007600  -0.000600 
37  -0.020800   0.021200   0.011000  -0.011000  -0.001000   0.004200   0.015800  -0.002000   0.007400   0.006600  -0.006600   0.009800  -0.007800 
38  -0.018600   0.023800   0.002400  -0.010000   0.004600   0.002000   0.010200   0.005200   0.014600   0.010000   0.005400   0.003800  -0.009600 
39  -0.011400   0.015600   0.010200  -0.008000  -0.001200   0.007400   0.008200  -0.007200   0.017800   0.011200   0.005200   0.004400  -0.007400 
40  -0.005800   0.018200  -0.000400   0.001200   0.004000   0.006200   0.008800  -0.000600   0.010600   0.010800   0.004400   0.006200  -0.012000 
41  -0.009000   0.020000   0.001800  -0.001600   0.009200   0.015600   0.000600  -0.000400   0.009200   0.006000  -0.002800   0.005000  -0.013600 
42  -0.010200   0.008000   0.001600  -0.004200   0.007000   0.024400   0.005800  -0.007800   0.011400   0.008600   0.003000   0.011200  -0.010400 
43  -0.026800   0.014600  -0.001800  -0.002600   0.009600   0.020000   0.006000  -0.008400   0.015200   0.017600  -0.001600   0.004800  -0.004400 
44  -0.016600   0.009400  -0.011000  -0.008600   0.022800   0.017800   0.002200  -0.009800   0.009200   0.010000  -0.005000   0.008000  -0.003000 
45  -0.014200   0.003200  -0.000200  -0.013400   0.018200   0.019400   0.000400  -0.002000   0.007600   0.007400   0.001000   0.006800  -0.004000 
46  -0.013400   0.009800   0.000200  -0.015800   0.010200   0.014600  -0.003600  -0.002600   0.001000   0.010000   0.003800   0.014000   0.003800 
47  -0.015800   0.015800   0.001600  -0.014800   0.013000   0.010000  -0.011400   0.005400  -0.011800   0.005600  -0.001600   0.006000  -0.001400 
48  -0.008200   0.012800   0.000200  -0.025800   0.006000   0.009800  -0.006600   0.001000  -0.003400  -0.001600  -0.002800   0.002800  -0.002400 
49  -0.007000   0.007200  -0.010200  -0.008800   0.009400   0.010400  -0.003600  -0.001000   0.003200   0.001000   0.001200   0.001800  -0.004200 
50  -0.018400   0.009600  -0.016000  -0.016200   0.003800   0.014000  -0.002600  -0.001000  -0.007200  -0.001000   0.002400   0.009400  -0.004800 
51  -0.025200   0.005600  -0.017400  -0.008600  -0.004600   0.013800  -0.011400  -0.006800  -0.007600  -0.003400   0.002600   0.002000   0.002200 
52  -0.028000   0.012400  -0.011200  -0.009200   0.000000   0.007000  -0.002400  -0.008800  -0.009000  -0.005200  -0.000200   0.007200  -0.004800 
53  -0.022800   0.009000  -0.010200  -0.017800   0.000800   0.003000  -0.007800  -0.008200  -0.008000  -0.011400  -0.003800   0.009400  -0.005800 
54  -0.023200   0.003000  -0.008800  -0.016200  -0.003600  -0.001400  -0.007400   0.002200  -0.003400  -0.009200  -0.006000   0.012800  -0.006200 
55  -0.018800  -0.001200  -0.010400  -0.013600  -0.010800  -0.004200  -0.018800  -0.003000   0.001600  -0.010400   0.002800  -0.001400  -0.004600 
56  -0.021200  -0.004200  -0.004400  -0.010800  -0.015200  -0.009000  -0.027200  -0.006200  -0.001200  -0.001800  -0.004800  -0.001000  -0.000800 
57  -0.013000  -0.002200  -0.004400  -0.010000  -0.008600  -0.005400  -0.021200  -0.009800  -0.008200   0.001400   0.013400  -0.005800   0.005400 
58  -0.014200  -0.016800  -0.001800  -0.015600  -0.017200  -0.005600  -0.032200  -0.005800  -0.007400   0.015000   0.014000  -0.010600   0.001600 
59   0.000000  -0.014400   0.002200  -0.007400  -0.007000  -0.007000  -0.024800  -0.005000   0.001400   0.002800   0.009800  -0.003600   0.003400 
60  -0.004200  -0.019200   0.002800  -0.004800  -0.007800  -0.001200  -0.023000  -0.001600  -0.007600  -0.002200   0.017000  -0.001400  -0.004800 
61   0.000200  -0.011000  -0.006600  -0.003400  -0.016800  -0.007000  -0.011800  -0.006800  -0.008400   0.001000   0.004600  -0.002800  -0.002200 
62   0.002600  -0.007400  -0.012200  -0.000800  -0.019400   0.002200  -0.007600  -0.003600  -0.018400   0.002400   0.008600  -0.002800  -0.014000 
63   0.000600  -0.008800  -0.013000  -0.006000  -0.010000   0.002000  -0.009000   0.007800  -0.016600   0.009800   0.000800  -0.005600  -0.007800 
64   0.002600  -0.002600  -0.010400  -0.001400  -0.014400   0.009200  -0.005200   0.005200  -0.007600   0.006200   0.004800   0.008200  -0.006200 
65   0.000400  -0.004400  -0.006400  -0.002200  -0.012200   0.002600   0.001000   0.012600   0.002800   0.003200   0.003600   0.000800  -0.011000 
66  -0.005400  -0.008200   0.004400  -0.002400  -0.012600  -0.001800   0.001200   0.007000   0.013600   0.012400   0.007600   0.008000  -0.009600 
67  -0.003200  -0.011600  -0.003400   0.002800  -0.013600  -0.006800   0.001600  -0.000000   0.009400   0.011200   0.007800   0.011800  -0.011200 
68  -0.005400  -0.013400   0.001600   0.010400  -0.010600  -0.005400   0.008400   0.008400  -0.002200   0.014600   0.013000   0.010000  -0.020600 
69  -0.003000  -0.003000  -0.004000   0.009600  -0.015800   0.000600   0.008800   0.002400   0.004000   0.012200   0.000800   0.007200  -0.018200 
70  -0.006400  -0.012200   0.002600   0.009600  -0.009400   0.001200   0.003400   0.002600  -0.003800   0.007000   0.010600   0.016800  -0.018800 
71  -0.005800  -0.016200  -0.006200   0.000400  -0.013200   0.005200   0.005000   0.000400   0.003800   0.017800   0.000200   0.005600  -0.014600 
72  -0.000800  -0.009800  -0.016000   0.018000  -0.007400   0.018600   0.006600  -0.002400  -0.005200   0.016200   0.008000  -0.001200  -0.011800 
73  -0.009200  -0.009000  -0.021200   0.010400   0.001800   0.012200   0.006000   0.003200   0.000200   0.011800   0.000800  -0.000600  -0.001800 
74   0.002200  -0.008600  -0.015400   0.005000   0.006000   0.010400   0.002600  -0.001800  -0.005800   0.000800   0.006200  -0.007200   0.005800 
75  -0.006200  -0.003400  -0.022600   0.003000  -0.000000   0.010800   0.006800  -0.000000  -0.002600  -0.004000   0.006800   0.000200   0.013400 
76   0.004200  -0.015800  -0.008800  -0.000400   0.011800   0.009600  -0.001200   0.003000  -0.014800   0.003400  -0.005000  -0.003000   0.017200 
77   0.002400  -0.015800  -0.010200  -0.008600   0.011600   0.007400   0.000800  -0.005200  -0.013800  -0.002400  -0.002200  -0.006600   0.006000 
78   0.003600  -0.005200  -0.016400  -0.002200   0.016800  -0.000600   0.005400   0.006000  -0.010000  -0.002000   0.002600  -0.010800   0.004200 
79   0.011400  -0.001200  -0.007600  -0.006600   0.013000  -0.003800   0.014600  -0.002000  -0.002800  -0.010000   0.000200  -0.004800   0.002800 
80   0.013800  -0.002400  -0.006400  -0.009200   0.011200   0.001000   0.010400   0.000200  -0.001000  -0.013800  -0.004000  -0.005000   0.013000 
81   0.016000  -0.001600  -0.011000  -0.006200   0.010000   0.001400   0.011400  -0.002800  -0.011000  -0.014200  -0.004200  -0.006000   0.006200 
82   0.007400  -0.006800  -0.001800  -0.015600   0.010200  -0.009000   0.012200  -0.015600  -0.010600  -0.019000  -0.005400  -0.003600   0.001600 
83   0.010800  -0.004200  -0.003800  -0.000000   0.003400  -0.005600   0.004400  -0.024200  -0.007800  -0.019800  -0.008000   0.002000   0.002400 
84   0.004800  -0.001400   0.000800  -0.004200   0.016200  -0.002000   0.006200  -0.023200  -0.017200  -0.013200  -0.000200  -0.000000   0.005800 
85   0.007200  -0.001000   0.002000  -0.008800   0.009600  -0.003600   0.000600  -0.017400  -0.018000  -0.008800  -0.006400   0.009000   0.004000 
86   0.010800  -0.005000  -0.006400  -0.005600   0.011000  -0.002800  -0.009600  -0.003800  -0.014000  -0.006600  -0.003000  -0.001200  -0.007800 
87   0.011800  -0.004800  -0.005800  -0.001000   0.011400  -0.007600  -0.009200  -0.009600  -0.012600  -0.007200   0.001000   0.011200  -0.010400 
88   0.004400   0.002800  -0.001800  -0.006800   0.013400  -0.006200  -0.011800  -0.019600  -0.003400  -0.003800   0.006400   0.016400  -0.011400 
89   0.013000   0.006400  -0.002200  -0.005800   0.012600  -0.006600  -0.011600  -0.001000  -0.002200  -0.009200   0.012800   0.017200   0.006600 
90  -0.000600   0.008600  -0.004200  -0.008800   0.012000  -0.004400  -0.010000  -0.003600  -0.000000  -0.011200   0.018600   0.009400   0.000800 
91  -0.002200   0.001800  -0.004400  -0.005200   0.015000  -0.004800  -0.018600  -0.002200   0.001400  -0.000800   0.019400   0.000200   0.000400 
92  -0.005400   0.004800   0.008400  -0.012400   0.016000   0.004000  -0.010800  -0.001400  -0.003000   0.011000   0.016800   0.007200   0.001400 
93  -0.011200   0.001000   0.006200  -0.008000   0.016600   0.005400   0.001600   0.001400   0.006600   0.005200   0.013800   0.007800   0.003400 
94  -0.014400   0.014000   0.003800  -0.010200   0.014800   0.004200   0.004400   0.003000   0.005600   0.011000   0.008800   0.001600   0.006600 
95  -0.016200   0.012800  -0.003200  -0.014200   0.011600  -0.004400   0.007200  -0.000800  -0.000600   0.000200   0.009400  -0.001600   0.003600 
96  -0.007200   0.014000  -0.002800  -0.007600   0.010000  -0.009600   0.007600  -0.005000  -0.002000   0.008400   0.008400  -0.000600   0.001600 
97  -0.005600   0.012800  -0.001600  -0.016000   0.007600  -0.008800  -0.000400  -0.005600  -0.002000   0.006600   0.009800   0.002000  -0.000400 
98  -0.014800   0.015800  -0.006000  -0.013200   0.010400  -0.020000   0.002800  -0.004200  -0.000400   0.007400   0.001600  -0.004000  -0.008400 
99  -0.022000   0.012000  -0.014000  -0.004000   0.003800  -0.019400   0.011800   0.001800  -0.008200   0.011000   0.006400  -0.007000  -0.001200 
100  -0.005000   0.022000  -0.009000  -0.003600   0.000200  -0.023800   0.009800  -0.001600  -0.017400   0.011400   0.009400  -0.007800   0.009200 
101  -0.015600   0.007800  -0.012000   0.002600   0.009800  -0.018000   0.002000   0.000200  -0.007400   0.016000   0.013600  -0.008600   0.018400 
102  -0.007400   0.012000  -0.012600   0.002000   0.012200  -0.019200   0.006000  -0.001600   0.002000   0.018400   0.009600  -0.010400   0.024400 
103  -0.000800   0.019800  -0.007200  -0.008600   0.012400  -0.019600   0.004000  -0.008800   0.012400   0.012600   0.010200  -0.012200   0.010400 
104   0.007600   0.011600  -0.014600  -0.009400   0.010800  -0.012400   0.001600  -0.005800   0.014800   0.016600   0.011200  -0.018400   0.020000 
105   0.004200   0.004600  -0.004400  -0.012400   0.010600  -0.008800   0.003200  -0.013600   0.014400   0.011800   0.015400  -0.016200   0.013000 
106   0.004000   0.007000  -0.006600  -0.002600   0.011000  -0.000000   0.002600  -0.002000   0.021400   0.018200   0.011000  -0.008400   0.018600 
107   0.002200   0.008200  -0.007600  -0.004000   0.004800  -0.008400   0.011800  -0.008400   0.021200   0.015600   0.011000  -0.011200   0.013800 
108  -0.001200   0.014000  -0.003600   0.004200   0.014000  -0.006200   0.002800  -0.020800   0.022400   0.008200   0.007400  -0.008600   0.008000 
109   0.005600   0.013200   0.007000  -0.001000   0.010800   0.001200   0.003600  -0.019000   0.017400   0.009800   0.003200  -0.018000   0.017200 
110   0.012200   0.009800  -0.000200  -0.002200   0.009600  -0.003000  -0.006600  -0.011600   0.005800   0.013000   0.001400  -0.008000   0.021600 
111   0.016800   0.003800  -0.002200   0.002800   0.009000  -0.006600  -0.003400  -0.016800  -0.000200   0.016000   0.000800  -0.001400   0.019600 
112   0.026800   0.003600   0.005200   0.002400   0.011200   0.005000   0.009200  -0.019800   0.000600   0.006200   0.012600   0.002600   0.004800 
113   0.016200   0.005200   0.000600   0.007000   0.006800   0.004400   0.014600  -0.008200   0.007400  -0.001000   0.008000  -0.006200   0.005000 
114   0.015200   0.001800   0.000400   0.017000  -0.001600   0.009800   0.010400  -0.005600   0.000600   0.000200   0.000400  -0.005000   0.004400 
115   0.012200   0.000200   0.005600   0.007200  -0.003800   0.003000   0.010200  -0.006200  -0.004200   0.004600   0.003800   0.001000   0.003000 
116   0.019600  -0.002000  -0.004600   0.010200  -0.010400  -0.001000   0.001400   0.011800  -0.005400   0.005200  -0.000200  -0.003000   0.007800 
117   0.019200  -0.002600  -0.005400   0.010000  -0.001800   0.003600  -0.007600   0.004400   0.006200   0.012000   0.003400   0.002200   0.014600 
118   0.016200   0.000600  -0.001200   0.006600  -0.003000  -0.002000   0.001000   0.013000   0.003000   0.003800   0.009600   0.004600   0.017800 
119   0.010800  -0.002200   0.006400   0.009200  -0.002800  -0.000400  -0.000600   0.011200   0.007000   0.013400   0.000200  -0.003000   0.017400 
120   0.013200  -0.002400   0.005200   0.003400  -0.007000  -0.000800  -0.004400   0.005400   0.000600   0.018600   0.001400   0.001400   0.011400 
121   0.015600  -0.001200   0.007800   0.002400  -0.008400   0.001000  -0.008800   0.015200  -0.000200   0.008400   0.009400   0.003200   0.004600 
122   0.013600   0.011400   0.014400   0.003400  -0.013600   0.002200  -0.005400   0.013200   0.003600   0.006400  -0.000800  -0.003200   0.005600 
123   0.009400   0.010200   0.009000   0.003600  -0.003600   0.007200  -0.009400   0.015800   0.002800  -0.007200  -0.004600  -0.011600  -0.000200 
124   0.004200   0.002600   0.000200   0.003800  -0.016200   0.003200  -0.008000   0.014400   0.005000  -0.007800  -0.001200  -0.011000   0.000200 
125   0.000800  -0.001000  -0.004200   0.009200  -0.004200  -0.004400   0.004800   0.009600   0.004800  -0.011600  -0.003000  -0.011200  -0.001400 
126  -0.003800  -0.000600   0.000400   0.001600  -0.002400   0.000400   0.000800   0.010600   0.005200  -0.013600   0.003800  -0.008400  -0.004400 
127  -0.004600  -0.007400  -0.010400   0.005000  -0.000200  -0.006200   0.002600   0.006200   0.005600  -0.014600   0.015800  -0.009400   0.003200 
128   0.002800  -0.006600  -0.014000   0.005600  -0.008800  -0.007400  -0.002000   0.010800  -0.006200  -0.016200   0.012400   0.002400  -0.001600 
129   0.001800  -0.010000  -0.015200   0.009800  -0.002000  -0.010200  -0.011800   0.014400  -0.004800  -0.017000   0.009600  -0.001600   0.000200 
130   0.006000  -0.003400  -0.003600   0.008200  -0.006400  -0.012600  -0.007000   0.012600  -0.001200  -0.016200   0.018600   0.002800   0.003200 
131   0.015000  -0.001600  -0.004000   0.007000   0.005800  -0.012000  -0.008200   0.009400   0.002600  -0.008600   0.009200   0.009600  -0.002600 
132   0.008600   0.001400  -0.006600  -0.000200   0.015000  -0.010400   0.000600   0.003400   0.003000  -0.006800   0.006000   0.003000   0.003200 
133   0.001600   0.000600  -0.006000   0.003600   0.005400  -0.010000  -0.002600   0.008400   0.008800  -0.021000   0.012800   0.010400   0.008400 
134   0.007600  -0.000200  -0.005600  -0.005000   0.019600  -0.003200   0.001000  -0.003000   0.009200  -0.010800   0.007400   0.015200   0.006200 
135   0.001400   0.008400  -0.007000  -0.003600   0.024400  -0.000600   0.005200  -0.005000   0.023600  -0.011800   0.003400   0.008800   0.010200 
136   0.006800   0.010400  -0.007800  -0.009600   0.007400  -0.006400   0.009600  -0.005600   0.016400  -0.007200   0.005600   0.007400   0.015800 
137   0.007000   0.022200  -0.004200  -0.010200   0.017400  -0.004600   0.000600  -0.005800   0.020200  -0.010800  -0.001600   0.008200   0.018400 
138   0.006400   0.014200  -0.008000  -0.008200   0.012800  -0.005800  -0.008000   0.004600   0.014600  -0.009200  -0.008200   0.003400   0.012000 
139   0.005200   0.015000  -0.000000  -0.021200   0.010000  -0.005600  -0.009600   0.006600   0.021200  -0.012600  -0.003000  -0.000800   0.015800 
140   0.013200   0.015200  -0.002000  -0.015400   0.011600   0.002600  -0.010800  -0.002200   0.012400  -0.009000  -0.006200  -0.003400   0.002600 
141   0.007600   0.017000  -0.009400  -0.020200   0.018400   0.003000  -0.016200  -0.003400   0.011600  -0.010800  -0.002000   0.004800   0.001800 
142   0.010600   0.009000  -0.003200  -0.010800   0.020800   0.004400  -0.013400  -0.002600   0.010400  -0.030000  -0.002800   0.002200  -0.003000 
143   0.002800   0.004000  -0.005800  -0.003600   0.019600   0.008400  -0.004800   0.007400   0.006800  -0.018800  -0.001400   0.005600   0.002600 
144   0.008600   0.002400  -0.005000   0.001000   0.015600  -0.000400   0.008200   0.003800  -0.001800  -0.014000  -0.012000   0.004000   0.008800 
145   0.000000  -0.013400  -0.003800  -0.007000   0.009600   0.000600   0.007800   0.009200  -0.005200  -0.010600  -0.006600   0.001800  -0.005800 
146   0.007200  -0.009600   0.003400  -0.007000   0.007600  -0.006000   0.009400   0.007800   0.005800  -0.011200  -0.007200   0.006800  -0.007800 
147   0.003800  -0.012000   0.007000  -0.011600  -0.006800  -0.005800   0.006200   0.008000  -0.004800  -0.001400   0.001200   0.007200  -0.015800 
148  -0.001800  -0.015600   0.010600  -0.011000  -0.001400   0.004200   0.005600   0.008400  -0.003400  -0.001800   0.001000   0.009400  -0.008400 
149   0.007800  -0.018800   0.011000  -0.015200  -0.009400  -0.013800   0.003400   0.004600   0.001200   0.003800   0.001400   0.007000  -0.004800 
150   0.003000  -0.022600   0.008600  -0.015200  -0.004600  -0.002200  -0.001600  -0.005400  -0.010400   0.007800   0.000800   0.003000  -0.000000 
151   0.009400  -0.022600   0.013200  -0.003800  -0.005800  -0.010200  -0.002000   0.002000  -0.004600   0.007200  -0.004400   0.005600   0.002200 
152   0.012800  -0.018400   0.026000  -0.000200  -0.006200  -0.018200  -0.002000   0.006800  -0.005400   0.013400   0.015000   0.005800   0.005000 
153   0.003200  -0.021800   0.020400   0.005400  -0.007600  -0.023000  -0.001000  -0.010600   0.004000   0.007200  -0.003800  -0.004600   0.011600 
154   0.012000  -0.024200   0.013400   0.010000  -0.004400  -0.023200  -0.013000  -0.005200  -0.007800  -0.000800   0.000200  -0.000600   0.001600 
155   0.017600  -0.026600   0.013600   0.004800  -0.004200  -0.015400  -0.011200  -0.016200  -0.005800   0.003000  -0.004400  -0.007400   0.006600 
156   0.015000  -0.021400   0.017000   0.005200  -0.007200  -0.008800  -0.009400  -0.007400  -0.011800   0.005200  -0.003200  -0.004800   0.005000 
157   0.017800  -0.019800   0.015000   0.005000  -0.002600  -0.009200  -0.015400  -0.008600  -0.005400   0.003800  -0.004000  -0.010600   0.002400 
158   0.012800  -0.020800   0.015000  -0.003400   0.003800  -0.004400  -0.009200  -0.009400  -0.003800  -0.004000  -0.000800  -0.007200  -0.005000 
159   0.006600  -0.026200   0.006400  -0.008400  -0.001800   0.003000  -0.010600  -0.006000   0.004800   0.004400   0.001400  -0.009800   0.002600 
160   0.005000  -0.013000  -0.000200  -0.008800   0.004800   0.004800  -0.016200  -0.002200  -0.008600   0.009200  -0.003200  -0.004600  -0.004400 
161   0.002400  -0.013400   0.000600  -0.000200   0.004200   0.005200  -0.014800  -0.009800  -0.004200   0.011400   0.009400  -0.009400   0.002600 
162   0.001200  -0.011200  -0.004600  -0.012600   0.006800   0.005000  -0.013000  -0.003400   0.000800   0.017800   0.000200  -0.009200   0.002600 
163   0.003200  -0.021200  -0.001400  -0.007200   0.004800   0.010600  -0.008800   0.002600   0.005600   0.024600   0.000200   0.000400   0.009200 
164   0.009600  -0.023800  -0.003600  -0.014800   0.003200   0.008400  -0.012200  -0.004600  -0.001200   0.021400  -0.004000   0.003600   0.005400 
165   0.003600  -0.016000   0.003000  -0.018200   0.003400   0.009400  -0.006400   0.000600   0.001600   0.022800  -0.006000   0.008000  -0.008000 
166   0.004400  -0.011200  -0.005800  -0.014400   0.006000   0.014400  -0.001600   0.007000  -0.000200   0.019600  -0.003600   0.000200  -0.007200 
167   0.015400  -0.006800  -0.005000  -0.013200   0.003200   0.019600   0.005000  -0.000600  -0.005400   0.014200  -0.005400  -0.001800  -0.005600 
168   0.019200  -0.007600  -0.004600  -0.014000   0.003000   0.010600   0.006400  -0.005000  -0.000800   0.014000  -0.016400  -0.002200  -0.010000 
169   0.011800  -0.009800   0.002800  -0.008600   0.000600   0.008000   0.010800   0.000600   0.007800   0.020400  -0.014200  -0.015000  -0.011000 
170   0.005600  -0.012400   0.007000  -0.004600   0.006000   0.006000   0.004600  -0.002600   0.003600   0.013800  -0.014800  -0.008400  -0.011600 
171   0.003000  -0.014000   0.011400  -0.005400   0.004800   0.000400   0.008000  -0.008200   0.008800   0.007400  -0.016600  -0.007800  -0.008200 
172   0.005200  -0.008800   0.013200  -0.003800  -0.002200  -0.000400   0.008000  -0.004800   0.008600   0.004200  -0.011200   0.002200  -0.007600 
173   0.001000  -0.015800   0.015600  -0.008000  -0.001400  -0.002600   0.008200  -0.017600   0.007800   0.012400  -0.008800  -0.006000  -0.007200 
174  -0.005000  -0.010400   0.017400  -0.011400   0.002000   0.009000   0.012000  -0.019800   0.013000   0.014400  -0.014600   0.004000  -0.012000 
175   0.001200  -0.013000   0.017000  -0.000400   0.001800   0.001400   0.016200  -0.016000   0.011800   0.010200  -0.004800   0.005800  -0.007800 
176  -0.001400  -0.015400   0.003800   0.001200   0.000800   0.014400   0.022000  -0.020600   0.001400   0.015000  -0.009000  -0.006400  -0.008400 
177  -0.002000  -0.014000   0.011000   0.004400  -0.002400   0.007400   0.015800  -0.038600   0.000800   0.006600  -0.008000  -0.005600  -0.006000 
178  -0.011400  -0.015400   0.006800   0.006400  -0.005200   0.012000   0.018800  -0.031800  -0.006200   0.016800  -0.005200  -0.000600  -0.009800 
179  -0.013800  -0.010600   0.008400  -0.007400  -0.003600   0.017000   0.014800  -0.017600  -0.007400   0.003200  -0.001600  -0.012200  -0.004400 
180  -0.015800  -0.012200   0.007000   0.002000  -0.003600  -0.001400   0.025600  -0.013600   0.000800   0.002800  -0.010800  -0.009000   0.004400 
181  -0.012600  -0.008400   0.006000  -0.003800  -0.011200   0.006200   0.016200  -0.011200   0.002600   0.002000  -0.008600  -0.014200  -0.002200 
182  -0.017600  -0.010800   0.001800  -0.004800  -0.005600   0.000200   0.002400  -0.004600  -0.001800  -0.006600   0.007400  -0.013400  -0.010000 
183  -0.011600  -0.014000   0.001600   0.003600  -0.003000   0.003600   0.001600  -0.001800  -0.006000  -0.009200   0.007200  -0.008200  -0.004400 
184  -0.009000  -0.019200  -0.006800   0.006200  -0.008200   0.002600  -0.000200  -0.004200  -0.012600  -0.002000   0.000400  -0.015000   0.000600 
185  -0.007800  -0.024400  -0.006600   0.006800  -0.013400   0.005400  -0.004400   0.005400  -0.007400  -0.004400   0.014000  -0.001800   0.011000 
186  -0.008800  -0.015800  -0.007200   0.002600  -0.016000   0.001800  -0.005000  -0.009400  -0.010000  -0.005800   0.009600  -0.005600   0.005200 
187  -0.001800  -0.009000  -0.008200  -0.000600  -0.016400   0.003600  -0.006000  -0.006800   0.000000  -0.009400   0.014600  -0.000800   0.000800 
188  -0.000400  -0.014600  -0.003200  -0.010400  -0.015800   0.000200  -0.003400   0.004800   0.004400  -0.009400   0.013600  -0.003800   0.002400 
189   0.008800  -0.004200  -0.002000  -0.015200  -0.016200  -0.002600  -0.003400  -0.002000  -0.000200  -0.005800   0.002200  -0.001600   0.005800 
190   0.000400  -0.007400   0.002600  -0.016600  -0.013800  -0.000600  -0.013800  -0.010400  -0.004600  -0.000800   0.003200   0.002400  -0.006000 
191  -0.009600  -0.008000  -0.006800  -0.023800  -0.016800   0.002000  -0.011200  -0.003000  -0.002400  -0.002400  -0.003000  -0.004800   0.008600 
192  -0.008800  -0.003400  -0.001600  -0.020400  -0.014000   0.004400  -0.005600  -0.002800   0.002000  -0.006600  -0.004600  -0.005800   0.003000 
193  -0.008000   0.004800  -0.004600  -0.019800  -0.018400   0.003600  -0.011600  -0.008800  -0.005400  -0.006400  -0.010600  -0.001000   0.007000 
194  -0.012400   0.003200   0.013800  -0.016400  -0.020800   0.008400  -0.010400  -0.007000   0.000400  -0.003400  -0.013200  -0.001000   0.004200 
195  -0.009800   0.000600   0.010400  -0.020600  -0.015200   0.002200  -0.019600   0.001000   0.000400  -0.004400  -0.010200  -0.002200   0.012000 
196  -0.016600   0.000800   0.011800  -0.010400  -0.013200   0.001200  -0.008200  -0.007400   0.004600   0.004600  -0.005800   0.007400   0.006600 
197  -0.016200   0.007400   0.000400  -0.006200  -0.017400  -0.002200  -0.008600  -0.011400   0.002800   0.006600  -0.006200   0.003600   0.003600 
198  -0.012000   0.012200  -0.004000  -0.008600  -0.008200  -0.000800  -0.000800  -0.010200   0.002800   0.007200  -0.001800   0.003200   0.009200 
199  -0.015400   0.010600   0.003400  -0.001800  -0.016000  -0.001200   0.002000  -0.011400   0.001200   0.009400  -0.001600   0.004400   0.008400 
200  -0.014000   0.015600  -0.008400  -0.000800  -0.021600  -0.001000   0.010000  -0.014200   0.005200   0.006800  -0.004600   0.006600   0.016000 
201  -0.016000   0.007200  -0.011600   0.003400  -0.014000   0.002200   0.007600  -0.019800   0.001200   0.017800  -0.008000   0.015400   0.012000 
202  -0.020800   0.002200  -0.006600   0.005200  -0.014800  -0.002600  -0.002400  -0.018800  -0.011400   0.010000  -0.001800   0.012200   0.012600 
203  -0.018400   0.008200  -0.005800   0.005000  -0.018000   0.003800  -0.006200  -0.014200  -0.018200   0.010800   0.000200   0.013000   0.015000 
204  -0.005000   0.005200  -0.008800  -0.007600  -0.013400   0.001000  -0.007600  -0.020000  -0.015400   0.011800  -0.001000   0.011200   0.018800 
205  -0.006200   0.004000  -0.009600   0.003600  -0.013600  -0.007400  -0.003800  -0.020600  -0.018800   0.008600  -0.002800   0.005800   0.022400 
206   0.001400   0.000800  -0.011400  -0.006800  -0.013000  -0.013200  -0.000800  -0.018000  -0.008400   0.003400  -0.004000  -0.008200   0.017800 
207  -0.013200   0.010400  -0.014600  -0.009600  -0.010200  -0.012600  -0.000400  -0.012800  -0.011400   0.003600  -0.001600  -0.007600   0.014800 
208  -0.009400   0.008600  -0.016600  -0.006800  -0.000800  -0.019800   0.002600  -0.016600  -0.011600   0.008800   0.003000  -0.024400   0.014200 
209  -0.004200  -0.001600  -0.009800  -0.002800   0.007400  -0.007600  -0.007600  -0.013000   0.001000   0.002600  -0.006600  -0.020800   0.015400 
210  -0.005200  -0.000400  -0.006600  -0.007800   0.003600  -0.001600  -0.006000  -0.021600  -0.002800   0.012000  -0.004400  -0.020200   0.013400 
211  -0.010400  -0.001600  -0.006000  -0.004800  -0.002800   0.000400  -0.010400  -0.022600  -0.000800   0.015800  -0.006400  -0.029400   0.009000 
212  -0.004600  -0.000400  -0.004800  -0.003000   0.010600  -0.002600  -0.003800  -0.011800  -0.005800   0.014200  -0.009400  -0.017400   0.008800 
213  -0.006000  -0.008200  -0.003200  -0.001800   0.003800  -0.003600  -0.000600  -0.004800  -0.009400   0.019800  -0.008000  -0.020200   0.011000 
214  -0.016200  -0.000200  -0.000800  -0.002600   0.010800  -0.003600   0.001800  -0.009800  -0.002800   0.011200  -0.009400  -0.011600  -0.002000 
215  -0.001000   0.001000  -0.001800   0.003400   0.012400  -0.008200   0.001600  -0.006600  -0.013600   0.010400  -0.015200  -0.004800  -0.004800 
216  -0.004600   0.002800  -0.002600  -0.006200   0.013400  -0.006600  -0.004800   0.003000  -0.006000   0.011200  -0.020600  -0.004800  -0.000400 
217  -0.001400  -0.000400  -0.003400  -0.006400   0.008600  -0.005000   0.008800   0.004800  -0.019800   0.002200  -0.017600   0.000400  -0.005600 
218  -0.009800  -0.001000  -0.010600  -0.014800   0.012600   0.005400   0.008400   0.003600  -0.017400   0.010600  -0.018000   0.004400  -0.003200 
219  -0.006400   0.005800  -0.019400  -0.006800   0.005200   0.007400   0.006000   0.010600  -0.018200   0.002600  -0.016000   0.001000   0.001400 
220  -0.007200   0.017400  -0.024600  -0.007400   0.010000   0.002400   0.000800   0.006400  -0.009800   0.012200  -0.019200  -0.007200   0.004800 
221  -0.000200   0.017000  -0.014400   0.007800   0.015000   0.005800   0.002600  -0.001800  -0.007000   0.006600  -0.014000  -0.014400   0.001600 
222  -0.011000   0.017800  -0.007800   0.013000   0.008800   0.001600  -0.000800   0.002400  -0.008000   0.005800  -0.008800  -0.019800  -0.001200 
223  -0.016600   0.021000  -0.004200   0.012200   0.002000   0.002600  -0.004600   0.000000  -0.013000   0.001000  -0.004800  -0.014400  -0.000800 
224  -0.009000   0.021400  -0.005600   0.011200   0.006200   0.009000   0.002200   0.000200  -0.002600  -0.000000  -0.004600  -0.008400  -0.000000 
225  -0.001800   0.015000  -0.005200   0.007000  -0.008400   0.002000  -0.002400  -0.002000  -0.003000   0.005600  -0.004000  -0.001400   0.005000 
226  -0.004000   0.015400  -0.004200   0.002600  -0.011600   0.009200  -0.005400  -0.007400   0.000000   0.002200  -0.007000  -0.003200  -0.008800 
227  -0.014400   0.014400   0.002200  -0.003200  -0.004600   0.003600  -0.001600  -0.000200  -0.007200  -0.006000  -0.009000   0.000600  -0.019400 
228  -0.002200   0.004800  -0.002600  -0.005200  -0.002600   0.003000  -0.000600  -0.004200  -0.003800   0.008200  -0.001000  -0.001800  -0.015400 
229  -0.006200   0.006200  -0.001400  -0.000400  -0.007800  -0.000600   0.004800   0.000200  -0.004400   0.002200   0.001400  -0.003400  -0.024200 
230  -0.001800   0.001400   0.000200  -0.001800  -0.004000  -0.003000   0.006800   0.003200  -0.007800  -0.000200   0.010800  -0.006800  -0.025400 
231  -0.006400   0.014600   0.005600   0.003400  -0.005000  -0.002600   0.006000  -0.005400  -0.003800  -0.005200   0.011200  -0.003600  -0.022200 
232  -0.008200   0.011000   0.002200   0.004400  -0.010200  -0.005800   0.004800   0.005000  -0.008000  -0.003400   0.011200  -0.006800  -0.022600 
233  -0.013800   0.011600   0.000000  -0.001800  -0.007000  -0.012200   0.000200   0.011000  -0.008800   0.005400   0.011600  -0.006800  -0.008400 
234  -0.009000   0.006600   0.008400   0.006200  -0.007800  -0.009200  -0.001800   0.008400  -0.009800  -0.008000   0.010800   0.003400  -0.009200 
235  -0.013000   0.011400   0.003200  -0.002200  -0.004200   0.001200  -0.005600   0.000200   0.001000   0.001000   0.017800  -0.000800   0.001600 
236  -0.010600   0.016600  -0.007400  -0.000000   0.004400   0.005600  -0.013200   0.008400   0.000600   0.003400   0.015600  -0.008000  -0.001800 
237  -0.008200   0.029000  -0.002400   0.007000   0.000200  -0.006200  -0.012800   0.005800  -0.003400  -0.005800   0.017600  -0.000400   0.002200 
238  -0.007200   0.016800  -0.011000   0.016800  -0.003800  -0.003800  -0.012800   0.005400  -0.011400  -0.003400   0.012800   0.005400   0.002000 
239  -0.000400   0.023800  -0.003800   0.013800   0.000800   0.001600   0.002800   0.017400  -0.000800  -0.006400   0.012800   0.004600   0.006800 
240   0.008800   0.024000  -0.009800   0.008000   0.004800   0.000400   0.009400   0.012800  -0.004800  -0.010200   0.023000   0.004200   0.003200 
241   0.011800   0.024200  -0.013400   0.005800  -0.008000   0.003000  -0.001400   0.015400  -0.003200   0.000400   0.022200   0.007600   0.007800 
242   0.016600   0.015400  -0.010800  -0.001400  -0.001200   0.010200   0.003800   0.010600   0.002600  -0.009800   0.010800   0.004800   0.000200 
243   0.012200   0.013600  -0.005400   0.003400   0.003200   0.007000   0.002000   0.020000  -0.009800  -0.001600   0.009600  -0.001800   0.001200 
244   0.009800   0.012600  -0.011800   0.006400  -0.003600   0.012000   0.011000   0.021800  -0.004200  -0.004200   0.008200   0.002600  -0.006000 
245  -0.001600   0.009400  -0.007800   0.009200  -0.001200   0.006600   0.007600   0.026000  -0.012200  -0.008600   0.016200  -0.000800  -0.004400 
246  -0.000200   0.016200  -0.004200   0.004800  -0.004400   0.009600   0.006600   0.020000  -0.006000  -0.006800   0.002600  -0.011000  -0.008000 
247   0.007400   0.008200   0.003200   0.003400  -0.012800   0.006000   0.005800   0.017600   0.001200  -0.004800  -0.007600  -0.012800  -0.008400 
248   0.001600  -0.003400   0.005600   0.003400  -0.011400   0.008000  -0.003400   0.009800  -0.001800   0.000200  -0.002200  -0.004800   0.001000 
249   0.004800  -0.013800   0.000800   0.009600  -0.014400   0.007600   0.002800   0.017800  -0.002000  -0.000200   0.000800  -0.003600  -0.001400 
250  -0.004400  -0.011600  -0.004200   0.018200  -0.009200   0.002800  -0.001200   0.017200   0.001400   0.001400   0.005400  -0.005200  -0.002000 
251   0.003200  -0.009000   0.001600   0.011600   0.000400   0.002400   0.002600   0.013000   0.003000   0.002400   0.000000   0.001200  -0.006200 
252   0.003000  -0.009600   0.004000   0.007200   0.008800   0.002600  -0.001200   0.007200   0.011600   0.002000  -0.012200   0.000800  -0.003000 
253   0.006800  -0.006800   0.010400   0.011600   0.003800  -0.001200   0.005000   0.005600   0.002600   0.001800   0.001200   0.006800  -0.002800 
254   0.010400  -0.002600   0.017600   0.014800   0.015600   0.008600   0.005800   0.009800  -0.003600   0.010000   0.004800  -0.003400  -0.009800 
255   0.009600  -0.006800   0.023200   0.010000   0.003600   0.003400   0.004200   0.000000   0.005000  -0.002200   0.000600  -0.002000   0.002600 
256   0.000800  -0.003800   0.023200  -0.003200   0.013400   0.008600   0.004600  -0.013600  -0.000200   0.013000  -0.000400  -0.009000   0.003400 
257   0.000800  -0.004200   0.028800  -0.006200   0.008200   0.004400   0.007600  -0.012400  -0.002800   0.004600   0.006000  -0.011000   0.004600 
258  -0.006200   0.006000   0.023200  -0.018800   0.015600   0.001200   0.004000  -0.014000  -0.001600   0.011600   0.000400  -0.009800  -0.000200 
259  -0.002000   0.001400   0.015600  -0.014000   0.015000   0.001800   0.001000  -0.003800   0.008400  -0.001400  -0.004800  -0.006600  -0.002600 
260  -0.002400  -0.003800   0.020600  -0.003400   0.006400   0.004400   0.002800  -0.012000   0.004600  -0.002400  -0.003200  -0.004000   0.001400 
261   0.004800   0.002800   0.014400   0.002200   0.009000   0.003000   0.010000  -0.003600   0.000400  -0.002200   0.005000  -0.010800   0.002800 
262   0.002600  -0.001600   0.013600  -0.000400   0.005400   0.009400   0.011800  -0.014000   0.002800  -0.001200  -0.002600  -0.012600   0.005000 
263   0.004800  -0.004600   0.009000  -0.004000  -0.002000   0.001000   0.005600  -0.009000   0.007600  -0.007600   0.006600  -0.012000   0.007600 
264   0.003400  -0.008000   0.002800  -0.003000   0.000000   0.002000   0.015800  -0.021200  -0.002800  -0.014200   0.012200  -0.007000   0.014000 
265   0.001200  -0.005400   0.004200  -0.003800  -0.001000   0.006800   0.021800  -0.015000   0.007400  -0.008400   0.001800  -0.004400   0.014200 
266  -0.007200   0.002200  -0.000200  -0.008200  -0.004400   0.002400   0.027200  -0.010600   0.006600  -0.008400   0.005400  -0.007800  -0.001200 
267  -0.011200  -0.005600   0.002800  -0.002200   0.001000   0.006400   0.032600  -0.020600   0.008800  -0.000400   0.002600   0.001800  -0.000200 
268  -0.003000  -0.006800  -0.000800   0.003800   0.006200   0.003600   0.026200  -0.012400   0.006600  -0.013800   0.007400   0.002400   0.003800 
269   0.003400  -0.010000   0.008800  -0.003400   0.009000  -0.004600   0.028200  -0.011200   0.005000  -0.010800  -0.006000   0.001800  -0.010200 
270   0.002400   0.000600   0.008400  -0.006200   0.001800  -0.009200   0.016600  -0.005400   0.010600  -0.014400  -0.009200   0.004800  -0.003800 
271   0.006000  -0.001200   0.010600  -0.003600   0.009200  -0.009400   0.007600  -0.004400   0.003200  -0.014000  -0.006400   0.009200  -0.006600 
272   0.007600   0.003200   0.006800  -0.011000   0.008200  -0.013400   0.012000   0.002000  -0.000000  -0.012400  -0.009000   0.003000  -0.003800 
273   0.011800   0.008200  -0.008000   0.001000   0.000400  -0.008400   0.018000  -0.011800   0.004200  -0.015000   0.003800   0.003600  -0.006200 
274   0.008400   0.004600  -0.004600   0.000200   0.000600  -0.009600   0.020600  -0.002600   0.002000  -0.011000  -0.002000   0.011400  -0.004200 
275   0.005600   0.008600  -0.003800   0.010000  -0.004400  -0.007600   0.014200  -0.010800   0.013600  -0.009200  -0.002000   0.005400  -0.000600 
276   0.008600   0.004400  -0.007200   0.001400  -0.002200  -0.011200   0.009200  -0.017200   0.016200  -0.013400  -0.011800   0.002400   0.003000 
277   0.001000   0.002600  -0.000800   0.005400  -0.007600  -0.018000   0.015600  -0.009400   0.015400  -0.009000  -0.008800   0.003600   0.014400 
278   0.001200  -0.000200  -0.004000  -0.001600  -0.008800  -0.008000   0.026800  -0.004000   0.021400  -0.015600  -0.002200   0.009600   0.011400 
279  -0.001200  -0.011400   0.005000  -0.003000  -0.018400  -0.015200   0.021400  -0.002800   0.021600  -0.006400  -0.001800   0.007400   0.012000 
280   0.008000  -0.007400  -0.003000  -0.002000  -0.010800  -0.002600   0.022800  -0.004600   0.014600  -0.004600  -0.002600   0.010200   0.008400 
281   0.004800  -0.004200  -0.001600  -0.001200  -0.012600  -0.007400   0.033000  -0.009600   0.006400  -0.007200   0.004200   0.009200   0.007000 
282  -0.001800  -0.004400   0.004400   0.001600  -0.015400  -0.004400   0.024200  -0.010600   0.001400  -0.007600  -0.001800   0.003800   0.008400 
283  -0.003000  -0.000400  -0.004800   0.005000  -0.021200  -0.001600   0.018600  -0.010800   0.004600   0.002600  -0.001600   0.015600  -0.000200 
284  -0.002600   0.004800   0.000400   0.013400  -0.015000   0.005400   0.009400  -0.002200   0.007400   0.006600  -0.018200   0.009000  -0.009600 
285  -0.001000   0.001400   0.002000   0.016800  -0.011000   0.008200   0.012000  -0.008600   0.003400   0.005800  -0.024400   0.018600  -0.012400 
286   0.002400   0.002800   0.010400   0.011000  -0.006800   0.011800   0.007400  -0.007000  -0.003600   0.004600  -0.022400   0.017000  -0.019600 
287   0.007800   0.003000   0.004600   0.020000  -0.013400   0.001400   0.006400  -0.006600  -0.003800   0.000600  -0.017600   0.006400  -0.017200 
288   0.008800   0.001200  -0.000600   0.023000  -0.014800   0.002000   0.002600  -0.011800  -0.007200   0.000600  -0.007000   0.015800  -0.011800 
289   0.011400  -0.007600  -0.010000   0.015600  -0.011000   0.005200   0.003000  -0.016000   0.006400  -0.005000   0.004800   0.003800  -0.004400 
290   0.012000  -0.002000  -0.009200   0.022200  -0.017400   0.006600   0.007400  -0.006800  -0.004800  -0.008600   0.007000   0.002400  -0.009600 
291   0.006200  -0.004800  -0.002000   0.016200  -0.014000  -0.002000   0.005400  -0.011400  -0.004000   0.001200   0.015800   0.002800  -0.000400 
292   0.001000   0.002200   0.005200   0.010800  -0.010800  -0.009000   0.013600  -0.018800  -0.006000  -0.002600   0.012400  -0.004400  -0.004400 
293  -0.000200   0.002000  -0.003000   0.002000  -0.016600  -0.001600   0.013600  -0.019400  -0.008400   0.001600   0.008600   0.006800  -0.002800 
294   0.004400  -0.004200  -0.000800  -0.003400  -0.008200  -0.005400   0.020600  -0.017400  -0.011200  -0.002000   0.005600   0.008800   0.009400 
295   0.011600   0.009200   0.001000  -0.002000  -0.003400  -0.005400   0.017000  -0.014400   0.000400  -0.009800   0.016600   0.010600   0.008800 
296   0.000400   0.001200   0.007600  -0.002800  -0.007800  -0.010000   0.011000   0.001400  -0.006600   0.001800   0.012600   0.010400  -0.000400 
297   0.004600  -0.002000  -0.003000  -0.009000   0.000000  -0.012400   0.018000  -0.004600  -0.006400  -0.007600   0.016600   0.020800   0.001800 
298   0.006000   0.006600  -0.007800  -0.009600  -0.001400  -0.015400   0.012000   0.001600  -0.000400  -0.003400   0.009400   0.020400   0.004400 
299   0.005200   0.008600  -0.009400  -0.004400   0.002400  -0.014400   0.005400   0.003400  -0.007600   0.003200   0.007200   0.023800   0.002600 
300   0.000400   0.013000  -0.009800  -0.001400   0.001800  -0.009200   0.000000  -0.003000  -0.013600   0.009400   0.013600   0.027600   0.005200 
301  -0.004000   0.019000  -0.010000  -0.003800  -0.006600  -0.005400  -0.000600  -0.004800   0.001400   0.009000   0.015800   0.025400   0.001000 
302  -0.004800   0.024600  -0.001800   0.000800  -0.002600  -0.006400   0.002800  -0.007400  -0.011400   0.007800   0.016800   0.018400  -0.002800 
303  -0.014600   0.024400  -0.003400   0.002200   0.001800  -0.003000  -0.005800  -0.015000  -0.010000   0.004600   0.013000   0.021600  -0.011800 
304  -0.014600   0.019600   0.001000   0.007800  -0.007200  -0.002200  -0.002200  -0.018200  -0.004800   0.002800   0.015200   0.015600   0.000800 
305  -0.013000   0.016000  -0.001600   0.004200  -0.008400  -0.001600  -0.013800  -0.017800  -0.005000   0.004600   0.011000   0.006800   0.002800 
306  -0.003800   0.012600   0.004000   0.000200  -0.004800  -0.004200  -0.011200  -0.004200  -0.007200   0.000800   0.013800   0.012200   0.006200 
307  -0.012200   0.009200   0.005000   0.004000  -0.005800  -0.001000  -0.012600  -0.004000  -0.000800  -0.007200  -0.003800   0.001200   0.005400 
308  -0.012000   0.010800   0.000800   0.004400  -0.007000   0.001600  -0.012400   0.002800  -0.001000   0.002200   0.009800  -0.009600  -0.011400 
309  -0.010400   0.015600   0.009200   0.013400  -0.007000  -0.001000  -0.008800   0.004600   0.000600  -0.006600  -0.002000  -0.001400  -0.008200 
310  -0.003600   0.013600   0.001000   0.014000  -0.018800   0.002000  -0.002600  -0.000200  -0.003600  -0.003800  -0.005000  -0.001400  -0.011800 
311   0.000600   0.021600  -0.001800   0.011400  -0.013000   0.003400  -0.001000   0.009200  -0.007000  -0.007800  -0.008000   0.006200  -0.004600 
312  -0.000200   0.011800  -0.006000   0.004200  -0.015400  -0.000400  -0.005800   0.005800  -0.007400  -0.011400  -0.008000   0.005000  -0.007200 
313   0.001200   0.009000  -0.006200  -0.000200  -0.012200  -0.001200  -0.007600   0.007600  -0.004000  -0.006200  -0.003000   0.001000   0.001800 
314  -0.006200   0.006000  -0.002200   0.000600  -0.018600  -0.002800  -0.010200   0.009600  -0.005800  -0.001800  -0.007000   0.003200   0.005600 
315  -0.005400   0.003800  -0.009000  -0.006400  -0.003600  -0.013800  -0.002400   0.004000  -0.007600   0.007600  -0.003600  -0.001400   0.004800 
316   0.004000  -0.002600  -0.003800  -0.014600  -0.003600  -0.007800  -0.009800  -0.001800  -0.013000   0.004200   0.001000  -0.001800   0.008400 
317   0.004400  -0.004400  -0.007200  -0.015200   0.003800  -0.005400  -0.005000   0.001600  -0.010000   0.010400   0.002800  -0.003200   0.001600 
318   0.008600  -0.008000  -0.012200  -0.008800   0.003600  -0.000200  -0.009600  -0.000600  -0.013600   0.015400   0.007000  -0.005600   0.000400 
319   0.006200  -0.003200  -0.013800  -0.007600   0.009400   0.009600  -0.011600  -0.007600  -0.011200   0.006800   0.000600  -0.000200   0.006000 
320   0.003600  -0.000200  -0.016000  -0.010800   0.004800   0.011000  -0.002800  -0.017000  -0.012000   0.009000   0.001000  -0.007800  -0.002000 
321   0.011800   0.001200  -0.013000  -0.005200   0.009400   0.006400  -0.012600  -0.011000  -0.012600   0.002400   0.013400  -0.008200   0.005600 
322   0.008800   0.014000  -0.010000  -0.004400   0.004800   0.013400  -0.011000  -0.011800  -0.017200   0.005600   0.008800  -0.003200   0.005800 
323   0.002600   0.008200  -0.003000  -0.001200   0.004800   0.006000  -0.015000  -0.020000  -0.014600   0.007400   0.008800  -0.004600   0.009600 
324   0.001800   0.010600  -0.006400  -0.003200   0.001800   0.006800  -0.016200  -0.017800  -0.006800   0.008600   0.011400  -0.000600   0.010600 
325   0.007800   0.005000  -0.009000  -0.011600  -0.003800   0.001000  -0.020200  -0.015200  -0.011400   0.017800   0.011000  -0.000200   0.012400 
326   0.010600  -0.001200  -0.012800  -0.016000  -0.000400   0.002000  -0.017800  -0.008800  -0.012400   0.013000  -0.000200   0.003400   0.007600 
327   0.012400   0.003400  -0.006800  -0.016000   0.002600   0.008600  -0.016400  -0.007400  -0.007200   0.012800   0.009600   0.008600   0.008000 
328   0.006400   0.005400  -0.008800  -0.014400   0.008800   0.004400  -0.015000  -0.006600  -0.007000   0.012800   0.017200   0.015200   0.009000 
329   0.008200   0.011600  -0.017000  -0.014400   0.013400   0.002000  -0.012800  -0.012000  -0.013000   0.020000   0.010400   0.009000   0.007200 
330   0.013600   0.016000  -0.020800  -0.010600  -0.000800   0.006200  -0.026400  -0.008200  -0.008800   0.019800   0.010000   0.003600   0.012000 
331  -0.003800   0.016000  -0.019600  -0.015600  -0.002000   0.001200  -0.016600  -0.005600   0.003400   0.021400   0.006400   0.003600   0.007400 
332  -0.001200   0.016200  -0.017800  -0.019800   0.007600   0.000600  -0.008800  -0.008600  -0.007600   0.018800  -0.001800   0.005000   0.004200 
333   0.000800   0.013800  -0.012600  -0.021600  -0.002400   0.003600  -0.012200  -0.005800  -0.010600   0.024400  -0.005600   0.004200  -0.006600 
334  -0.003400   0.022200  -0.017800  -0.015800  -0.000400  -0.003400   0.001800  -0.003800  -0.009000   0.018600  -0.002400  -0.008200  -0.007200 
335  -0.000600   0.018200  -0.024800  -0.023600  -0.004400   0.000800  -0.006200   0.001600   0.002400   0.024000  -0.004400  -0.009800  -0.009800 
336   0.004000   0.020600  -0.025200  -0.011000  -0.004800  -0.001200  -0.006600  -0.004800  -0.009600   0.018600  -0.012200  -0.002000  -0.018400 
337   0.006800   0.020200  -0.023200  -0.010800   0.003200   0.000800  -0.012800  -0.002200  -0.014200   0.011800  -0.011200  -0.009600  -0.019000 
338  -0.003400   0.017000  -0.008400  -0.004600  -0.001400  -0.006000  -0.016000  -0.003000  -0.013000   0.002600  -0.006000  -0.001800  -0.018800 
339  -0.008600   0.012400  -0.010800  -0.004000   0.000000  -0.005400  -0.020600  -0.008200  -0.014000  -0.003400  -0.009000   0.000800  -0.013200 
340  -0.003400   0.001800  -0.012000  -0.003400   0.009000  -0.016800  -0.019400  -0.010800  -0.008200   0.003200  -0.002400  -0.000200  -0.010600 
341  -0.002400   0.013000  -0.013800   0.010200   0.009800  -0.021800  -0.017200   0.005200  -0.004600   0.005200  -0.001600  -0.004600  -0.006000 
342  -0.002000   0.012800  -0.003800   0.002400   0.004400  -0.019800  -0.010400  -0.001600  -0.001400   0.013600  -0.010600  -0.001800  -0.011400 
343  -0.000400   0.005200  -0.003800   0.002800   0.002800  -0.023600  -0.017000  -0.004400  -0.002600   0.012000  -0.010600   0.002800  -0.007600 
344  -0.002800   0.003400  -0.005600   0.004800   0.001000  -0.023400  -0.014200   0.000800   0.008200   0.002400  -0.012000   0.001600  -0.012200 
345   0.008400  -0.000200  -0.008000   0.011800  -0.003000  -0.023000  -0.011000   0.004400   0.016800  -0.007800  -0.016200   0.005800  -0.015600 
346   0.001200   0.004200  -0.000600   0.005400  -0.003400  -0.026600  -0.006800   0.004400   0.011200  -0.009600  -0.008800   0.014800  -0.011200 
347  -0.000200   0.005000  -0.004400   0.007200   0.009400  -0.025000  -0.009200  -0.002000   0.012400  -0.008600  -0.008800   0.004000  -0.004000 
348  -0.010800   0.003800   0.004400   0.000600   0.009600  -0.020600  -0.022800  -0.004400   0.013200  -0.010600  -0.010800   0.011200  -0.002800 
349   0.004000   0.002400   0.007000   0.005000   0.014600  -0.020400  -0.017400  -0.010800   0.003400  -0.007600  -0.007800   0.007600  -0.006600 
350   0.001000   0.007800  -0.001400   0.006000   0.007600  -0.019200  -0.013400  -0.006800   0.018200  -0.002800  -0.010400   0.007600  -0.003200 
351   0.006000   0.002400  -0.004000   0.004200   0.015000  -0.013800  -0.007000  -0.009800   0.004800  -0.004000  -0.009200   0.004800   0.001000 
352   0.013200  -0.001600  -0.002000   0.004000   0.010400  -0.005800  -0.005200  -0.009800   0.011800  -0.004000  -0.012800   0.004800   0.000400 
353   0.007600   0.002200   0.001800   0.011000  -0.000800  -0.007000  -0.011000  -0.011600   0.001600   0.003800  -0.017600   0.003600   0.002800 
354   0.008200   0.008200   0.004800   0.009000   0.004600  -0.005600  -0.004200  -0.008000  -0.003800  -0.003200  -0.004200  -0.003800   0.000600 
355   0.008200   0.001200  -0.001400   0.013000  -0.000000  -0.002200  -0.001800  -0.001600  -0.001200  -0.004800  -0.007400   0.001800   0.004000 
356   0.016000  -0.000800  -0.004400   0.011000   0.007200  -0.001000   0.007200   0.008600  -0.005400   0.003200  -0.001400   0.010200   0.007800 
357   0.009600   0.000400   0.009400   0.008200   0.009400  -0.003800   0.001400  -0.002400  -0.007600  -0.007400   0.001600   0.004800   0.000000 
358   0.004800  -0.004800   0.006600   0.003600   0.000800  -0.004800   0.001800   0.006600  -0.004800  -0.004000   0.004600   0.003400  -0.002600 
359   0.009600   0.004400  -0.002400   0.006800   0.007800   0.003800   0.004600  -0.001600  -0.009000  -0.001200  -0.004600  -0.007400  -0.003600 
360   0.013600   0.005200  -0.002800   0.005800   0.013800  -0.000000   0.008200   0.000600   0.000600  -0.010600  -0.013600  -0.002600  -0.011000 
361   0.009800  -0.004200   0.003200   0.001800   0.015000   0.016400   0.010000  -0.004200  -0.005400  -0.016400  -0.003000  -0.003000  -0.009600 
362   0.004800  -0.006600   0.007600   0.008400   0.013200   0.007600   0.021400  -0.000400  -0.004800  -0.008400  -0.002800   0.001200  -0.002600 
363  -0.009200   0.006000   0.002400   0.007600   0.010000   0.015000   0.018400  -0.009200  -0.000400  -0.003800  -0.009000   0.008400  -0.005800 
364  -0.009800   0.005600  -0.004400   0.007400   0.006800   0.019200   0.021000  -0.005800  -0.003000  -0.010200  -0.012200   0.003400  -0.006800 
365  -0.008200   0.006600   0.009200   0.006200   0.008600   0.011400   0.023400  -0.008200  -0.007200  -0.006600  -0.014000   0.006400  -0.004800 
366  -0.006200   0.003000   0.005400   0.000800   0.004600   0.017600   0.022600  -0.021000  -0.005400  -0.008600  -0.016400   0.008200  -0.000400 
367  -0.004600  -0.007200   0.003800  -0.001800  -0.001000   0.022200   0.013200  -0.005600  -0.000400  -0.002200  -0.013800   0.004600  -0.011400 
368  -0.009200  -0.001600   0.006600  -0.000400   0.001200   0.019600   0.011400   0.001800  -0.003800  -0.007000  -0.000600   0.000200  -0.000400 
369  -0.006000   0.000800  -0.003400  -0.001400  -0.003200   0.013800   0.019800   0.000800  -0.002800  -0.006400  -0.007600   0.010800   0.001800 
370  -0.008000  -0.006200   0.001200   0.000400   0.003600   0.016000   0.014800   0.009000   0.004400  -0.005400   0.004200   0.008200  -0.003000 
371  -0.000600  -0.009800  -0.004200  -0.001000   0.007200   0.017400   0.013800   0.005800   0.006000  -0.011600  -0.002000   0.010800   0.002000 
372   0.001400  -0.020000  -0.014000  -0.004800   0.007400   0.012200   0.012600   0.013200   0.006800  -0.021200  -0.012800   0.017600   0.004400 
373   0.002200  -0.023200  -0.014000   0.001400   0.010000   0.013400   0.003400   0.023600   0.003600  -0.017000  -0.002800   0.027000  -0.003400 
374  -0.003000  -0.020000  -0.013600   0.001200   0.003400   0.009400   0.015200   0.019600   0.005400  -0.012800  -0.012600   0.015600   0.005000 
375   0.004200  -0.019000  -0.000800   0.003400   0.007600   0.016200   0.012800   0.022200   0.003400  -0.016800  -0.011400   0.017600   0.004600 
376   0.002000  -0.017400  -0.006200  -0.004000   0.004200   0.005400   0.026800   0.026400  -0.000600  -0.023600  -0.012800   0.014000  -0.001200 
377   0.000800  -0.031400   0.003600   0.002800   0.012000   0.016200   0.025000   0.024200  -0.003400  -0.021200  -0.002400   0.011200  -0.000400 
378   0.000600  -0.029600   0.002200   0.005000   0.007400   0.025200   0.013600   0.010800  -0.003000  -0.028800  -0.001800  -0.002000  -0.001200 
379  -0.002600  -0.026600   0.007600   0.004200   0.002400   0.022000   0.014800   0.019000  -0.006600  -0.022200   0.002200  -0.002000   0.011000 
380   0.000200  -0.029200   0.015000   0.010200   0.006600   0.024000   0.007000   0.013000  -0.005200  -0.013600  -0.001800   0.006400   0.010000 
381   0.005600  -0.029200   0.013200   0.016600   0.000400   0.020400   0.003800   0.003200  -0.008600  -0.001200  -0.005400   0.005000   0.013000 
382   0.008600  -0.026800  -0.001600   0.019600   0.003400   0.019200  -0.004800   0.003000  -0.001600  -0.009200  -0.006000   0.016400   0.007200 
383   0.010600  -0.024400   0.005400   0.019400  -0.001200   0.021600  -0.000400   0.007800  -0.003600   0.001600  -0.005200   0.014400   0.001600 
384   0.008800  -0.016400   0.004000   0.015800   0.001600   0.013000  -0.011600  -0.000600   0.005000   0.001600  -0.001200   0.019000  -0.000200 
385   0.008600  -0.022400   0.001400   0.011000   0.000200   0.018800  -0.001200  -0.002200   0.006600   0.002600   0.005400   0.018200  -0.003800 
386   0.010800  -0.012400  -0.005800   0.013000  -0.005600   0.008200  -0.001000  -0.004800   0.004600   0.000800   0.004000   0.016000   0.002800 
387   0.010400  -0.010400  -0.005400   0.011800  -0.003600   0.011400  -0.010000  -0.003400   0.009800  -0.002400   0.001800   0.018400  -0.001000 
388   0.003000  -0.010600  -0.003600   0.008800   0.005600   0.006400   0.002800  -0.008400   0.006800  -0.004200  -0.003200   0.008800  -0.011000 
389  -0.004000  -0.003200  -0.013200  -0.002400   0.012200  -0.001200   0.006200   0.004000   0.014400   0.000200  -0.006600   0.009600  -0.000200 
390  -0.004800  -0.013200  -0.001200   0.007200   0.007800  -0.005600   0.008200   0.004000   0.000000   0.004200  -0.002400   0.009600   0.002400 
391  -0.004800  -0.010200   0.001200   0.005800   0.012800  -0.003600   0.013000   0.005200  -0.001000   0.000400   0.005600   0.019000  -0.001200 
392  -0.004000  -0.018000  -0.005000  -0.005200   0.012200  -0.004600   0.002600   0.005400  -0.007200  -0.002600   0.009400   0.020600   0.004800 
393   0.002400  -0.011000  -0.008800  -0.005400   0.013000  -0.007200   0.002400   0.000800  -0.007600  -0.005400   0.004400   0.016400   0.008600 
394   0.003200  -0.009800  -0.001400   0.001000   0.018200   0.001200   0.000800  -0.001200  -0.010600   0.001600   0.005200   0.005000  -0.004200 
395   0.008200  -0.001600  -0.009600   0.002800   0.020800  -0.006000  -0.004000   0.001200  -0.005200  -0.000000   0.024600   0.006200  -0.000400 
396   0.004400  -0.006200  -0.009000   0.006000   0.013400  -0.015000  -0.008000  -0.000200  -0.006200   0.000400   0.020000   0.010600  -0.001200 
397   0.003200  -0.005600  -0.002800   0.015400   0.012800  -0.007000  -0.009000  -0.000400  -0.008000   0.000200   0.015600   0.012800  -0.006000 
398   0.003200  -0.003200   0.002000   0.015000   0.009400  -0.007200  -0.021800   0.004600  -0.009400   0.009800   0.014800   0.007400  -0.006400 
399  -0.001000  -0.013600  -0.005600   0.016200  -0.003600   0.001800  -0.012600  -0.003800  -0.015000  -0.000200   0.013000   0.003600   0.003600 
400  -0.000800  -0.012200  -0.003200   0.010600  -0.007800  -0.005200  -0.014200  -0.002000  -0.007600  -0.004400   0.007200   0.000000   0.005400 
401   0.000600  -0.004800  -0.003200   0.013600   0.001400  -0.004400  -0.021600  -0.002200  -0.000200   0.002600   0.010200  -0.008400   0.005000 
402  -0.003000  -0.009200  -0.003800   0.008200  -0.003200  -0.016600  -0.017200  -0.001000   0.006200   0.004000   0.007600   0.002200  -0.007000 
403  -0.007000  -0.013400  -0.002400   0.000200  -0.000200  -0.006200  -0.021600  -0.000600   0.006200   0.004200   0.011600  -0.002200  -0.009600 
404  -0.000000  -0.012200  -0.004400   0.003800  -0.002800  -0.011000  -0.019800  -0.008000   0.016000   0.004600   0.004400   0.005800  -0.005200 
405  -0.004200  -0.014800   0.001600   0.008800   0.005600  -0.006400  -0.020400  -0.003800   0.009600   0.001600   0.004800   0.005600  -0.005800 
406  -0.009400  -0.005200   0.004400   0.016800  -0.000000  -0.009000  -0.012200  -0.018800   0.017200   0.010400   0.005200   0.008200   0.001600 
407  -0.007000  -0.003200   0.006800   0.012400   0.001000  -0.009400  -0.009600  -0.017600   0.011600   0.006800   0.009600  -0.005400  -0.007400 
408   0.004400  -0.004000   0.008000  -0.000200   0.002800  -0.012800  -0.000400  -0.009600   0.016200   0.001200   0.006200  -0.000600  -0.005600 
409   0.005400   0.001800   0.014000  -0.001200   0.010600  -0.008400  -0.009800  -0.010400   0.016000   0.006400   0.000000  -0.000600   0.002400 
410   0.005200  -0.002000   0.011800  -0.011800  -0.002000  -0.009800  -0.008800  -0.005400   0.017800   0.004200  -0.003000   0.003200  -0.003800 
411   0.008400  -0.001200   0.002800  -0.009000  -0.001400  -0.010600  -0.001200  -0.003800   0.014200   0.012600  -0.007800   0.002800  -0.005400 
412   0.000200  -0.000600   0.005000  -0.011400  -0.005600  -0.003000   0.004600  -0.000600   0.019200   0.006000  -0.007800   0.001800  -0.004800 
413   0.000200  -0.006000   0.005600  -0.004800   0.005000  -0.007600  -0.001600   0.011400   0.004400   0.004200  -0.003400   0.002000   0.003000 
414   0.007000  -0.003600   0.007400  -0.004200   0.000400  -0.005000   0.000600   0.020000   0.003600   0.007600  -0.007200   0.004200   0.005400 
415   0.006600  -0.007600  -0.002600  -0.011400  -0.008600   0.005600  -0.008000   0.013400   0.005800   0.008600  -0.001000   0.010400   0.005000 
416   0.005800  -0.004400   0.001000  -0.011600  -0.005800  -0.002800  -0.016400   0.012600   0.004800   0.016400   0.002400  -0.001000   0.000800 
417  -0.003000   0.002600  -0.002600  -0.009400  -0.004400   0.007800  -0.006400   0.018000  -0.001200   0.012600   0.000400  -0.003200   0.001200 
418   0.002200   0.002600  -0.000800  -0.018000  -0.005800   0.000000  -0.001000   0.014000  -0.006800   0.010000  -0.000800  -0.009200   0.007200 
419  -0.004600  -0.000000  -0.000200  -0.009400  -0.002800  -0.002800  -0.005400   0.004800  -0.009800   0.009400  -0.002400  -0.008000  -0.002000 
420  -0.007000  -0.003200   0.000400  -0.013200   0.009000   0.000800  -0.000600   0.008400  -0.006800   0.014600  -0.014600  -0.010600  -0.001600 
421  -0.000800  -0.004800   0.002200  -0.013600  -0.004800  -0.011200  -0.003000   0.005800  -0.006200   0.009600  -0.017400  -0.010600  -0.001800 
422  -0.014200   0.005800  -0.004600  -0.005800  -0.005600   0.003000  -0.002800  -0.004800  -0.011000   0.010400  -0.006000  -0.012800   0.007000 
423   0.002000  -0.000400  -0.004600  -0.006000  -0.013000   0.003000  -0.010200   0.004800  -0.024000   0.013400  -0.014000  -0.004000   0.004000 
424  -0.005800  -0.010400  -0.007000  -0.003800  -0.015400  -0.000200  -0.006200   0.007200  -0.012600   0.009600  -0.009400  -0.004800  -0.000600 
425  -0.007800  -0.005400  -0.008200   0.001800  -0.014800   0.004400  -0.006200   0.014800  -0.014600   0.005400  -0.002000  -0.013000  -0.002000 
426  -0.009400  -0.007800  -0.003400  -0.000800  -0.012800   0.004000  -0.005200   0.009400  -0.011800   0.012200   0.003600  -0.019400   0.003400 
427   0.000600  -0.013400   0.005000  -0.002600  -0.013000   0.007400  -0.006200   0.008000  -0.012400   0.008000  -0.001800  -0.012600   0.004000 
428   0.001800  -0.007400   0.005200   0.008400  -0.007200   0.004400  -0.002200   0.011800  -0.007400   0.005800  -0.002200  -0.010000   0.003800 
429  -0.003600  -0.005800   0.001200   0.002200  -0.004800   0.013200  -0.002400   0.010600  -0.003000   0.007000   0.000600   0.004600   0.001400 
430  -0.004400  -0.015400   0.010400  -0.000600  -0.007600   0.014200  -0.014200   0.008800   0.002200   0.009000  -0.004200  -0.002400   0.005800 
431  -0.004200  -0.009600   0.001800  -0.003200   0.000600   0.016800  -0.005600   0.009000  -0.004000   0.007200   0.002400   0.001000  -0.003400 
432  -0.012400  -0.011000  -0.004600   0.001400   0.002000   0.016000  -0.008000   0.008400  -0.000000   0.005600   0.001600   0.006600   0.007800 
433  -0.008000  -0.017400   0.006800  -0.000400   0.007800   0.025600  -0.014800   0.003800   0.001400   0.000800  -0.006000   0.011400   0.001400 
434  -0.004400  -0.027800   0.001600   0.005400   0.003600   0.021600  -0.018600   0.002800  -0.005800   0.005800  -0.000000   0.014200   0.000000 
435  -0.007200  -0.024000   0.007200   0.005200  -0.002200   0.014200  -0.011600   0.008600  -0.008000   0.004200   0.003600   0.015000  -0.000200 
436  -0.020400  -0.020600  -0.002600   0.006800   0.003000   0.015200  -0.010800   0.016400  -0.011400   0.015400   0.003800   0.006200  -0.005800 
437  -0.013200  -0.019600   0.004600   0.013600   0.009200   0.012200   0.002200   0.008000  -0.016600   0.012400   0.005800   0.007800  -0.002000 
438  -0.014200  -0.004000   0.010800   0.016200   0.006400   0.013400  -0.003000  -0.004400  -0.006600   0.008000  -0.000400   0.013000  -0.005000 
439  -0.017600  -0.005600   0.004200   0.021200   0.006400   0.010200  -0.004000  -0.011200  -0.008200   0.004600  -0.001400   0.017200  -0.005600 
440  -0.009600   0.000200  -0.007600   0.006400   0.006400   0.008800   0.004200  -0.007000   0.000600  -0.007200  -0.005200   0.006600  -0.006200 
441  -0.021600   0.004600   0.003600   0.005800   0.006400   0.019400   0.004400   0.006200   0.002200  -0.011000  -0.006600  -0.002400  -0.000200 
442  -0.014800   0.012800  -0.000000   0.011000   0.000600   0.019800  -0.001800  -0.000400  -0.002800  -0.017600   0.000400  -0.005600  -0.009400 
443  -0.018800   0.011600   0.007400   0.006200  -0.001400   0.020200  -0.007600  -0.005400  -0.002400  -0.004800   0.001800  -0.009400  -0.000400 
444  -0.007600   0.008000   0.002800   0.000200  -0.005000   0.014000  -0.001400   0.001000   0.000600  -0.011800  -0.000200  -0.006200  -0.003000 
445  -0.009400   0.012200  -0.004200   0.013600  -0.000000   0.012800  -0.013400   0.000400  -0.008800  -0.007800   0.003000  -0.009800   0.002800 
446  -0.010000   0.002400  -0.009000   0.016600   0.000000   0.013400  -0.004400  -0.003000   0.006200  -0.011000  -0.002000   0.000200   0.008400 
447  -0.014200   0.007000  -0.013400   0.018400  -0.004800   0.003400  -0.001200  -0.005400   0.001800  -0.009200  -0.005400  -0.000200   0.014600 
448  -0.010800   0.000400  -0.009600   0.010400  -0.010000   0.008800  -0.000200  -0.001800   0.006400  -0.012400   0.001400   0.006200   0.017800 
449   0.003600   0.008400  -0.001200   0.001200  -0.011200   0.010000   0.003600   0.003200   0.005400  -0.013000   0.005200   0.006800   0.005800 
450  -0.007200   0.010400   0.007600  -0.003400  -0.001600   0.002600   0.007200   0.003000   0.007200  -0.014800   0.005200   0.009200   0.012000 
451  -0.008800   0.007800   0.002400  -0.008200  -0.004000  -0.003600   0.007800   0.011000   0.008600  -0.006800   0.008600   0.007800   0.005000 
452  -0.013200   0.001400  -0.001200  -0.001400  -0.002400   0.007600   0.011600   0.003800   0.013600   0.003200   0.002200   0.004800  -0.004600 
453  -0.004000  -0.001800  -0.000400   0.000200   0.000800   0.006400   0.011400   0.008800   0.009000   0.011600   0.003200  -0.005000   0.003400 
454   0.000400   0.004200   0.004200   0.007000   0.010200   0.012400   0.004400   0.006600   0.014200   0.018600  -0.000800  -0.007200  -0.005800 
455  -0.003800   0.004600   0.002800   0.005000   0.003800   0.017400   0.010400   0.008600   0.020800   0.019800   0.004600  -0.004400   0.003400 
456   0.003400   0.004600  -0.000600   0.003200   0.004600   0.011600   0.012800   0.012200   0.012400   0.029600   0.002200  -0.008000   0.002200 
457   0.009600   0.004400   0.010200   0.006000   0.018200   0.002000   0.008000   0.011000   0.014600   0.025400   0.004200  -0.001200   0.009600 
458   0.008400   0.003800   0.007800  -0.001600   0.013400   0.007200   0.011600   0.010000   0.010600   0.021600   0.014000  -0.004800   0.009000 
459   0.005600   0.005400   0.006000   0.000400   0.011800  -0.001000   0.001800   0.008400   0.007800   0.030000   0.005200  -0.011600   0.000800 
460  -0.005800   0.008600   0.012400   0.005600   0.018800   0.008200   0.002400   0.008000   0.003600   0.016000   0.002800  -0.015200  -0.002000 
461   0.002400   0.004800   0.004600   0.002600   0.023800   0.004600  -0.004400   0.002800   0.003400   0.021200   0.005600  -0.013400   0.005000 
462   0.005600   0.006200   0.010400   0.001800   0.021600  -0.005200  -0.009600  -0.004800   0.003400   0.026400   0.005400  -0.008400   0.001400 
463   0.009000   0.006200   0.008000   0.001400   0.020800  -0.011000  -0.003200  -0.001000   0.006800   0.017400   0.017000  -0.012200   0.009400 
464   0.004800   0.009000   0.012400  -0.000400   0.022600  -0.009000   0.002800  -0.002600   0.001600   0.012400   0.009600  -0.016000   0.012400 
465   0.015600   0.000800   0.003400   0.008000   0.024400  -0.008800   0.004800   0.001000  -0.004800   0.013600   0.007000  -0.014600   0.014400 
466   0.004600   0.003600  -0.004600   0.002000   0.015600  -0.015600   0.005400   0.011800  -0.010400   0.009800   0.012000  -0.012200   0.004800 
467   0.002600   0.004400   0.001400  -0.001400   0.018800   0.002200  -0.004000  -0.006800  -0.002000   0.001600   0.006600  -0.005600   0.007000 
468   0.007400   0.021000  -0.007000  -0.009800   0.013400  -0.005400  -0.004000   0.000800   0.000800  -0.002000   0.008000   0.003000  -0.001800 
469   0.002200   0.014400  -0.000400  -0.001000   0.015600  -0.014600  -0.004800   0.005600  -0.001200  -0.000800   0.007600   0.003400   0.004800 
470   0.004000   0.017200  -0.009400   0.006600   0.016000   0.004400  -0.001600   0.005400   0.007800   0.003400  -0.001800   0.007400   0.000200 
471   0.011200   0.015800  -0.006600   0.012200   0.001600   0.001400  -0.010400   0.001600   0.015800  -0.002600   0.005400   0.013600   0.002400 
472   0.010600   0.016200  -0.002200   0.003800   0.006000   0.009600   0.000600   0.001400   0.005200   0.003400   0.001800   0.017600  -0.000600 
473   0.007400   0.012200   0.005800   0.008800   0.000800   0.000400   0.013000   0.000200   0.002000  -0.016400   0.001600   0.020400   0.003400 
474   0.005400   0.001800   0.002200   0.015800   0.003600   0.003400   0.012800  -0.004000   0.000000  -0.013200  -0.001600   0.028800   0.007000 
475   0.006000   0.010200   0.001400   0.013600  -0.000800   0.008000   0.008400  -0.000600  -0.015400  -0.011600   0.004600   0.020000   0.011600 
476   0.002600   0.006000   0.005000   0.012800   0.005600   0.006400   0.008800   0.001800  -0.018400  -0.007000   0.004800   0.013400   0.010200 
477   0.001800   0.011000   0.006400   0.003200   0.010800   0.003200   0.012600  -0.004000  -0.014800  -0.008000   0.009600   0.007400   0.010400 
478  -0.007000   0.012800   0.007400   0.010600   0.007800   0.000600   0.007400   0.007600  -0.020000  -0.008000   0.007200   0.012800   0.017800 
479   0.002600   0.015600  -0.002600   0.006600   0.010000   0.000800   0.009000   0.011000  -0.013400  -0.014800  -0.002600  -0.000000  -0.001600 
480  -0.004000   0.015000   0.007400   0.000200  -0.000600   0.009400   0.006200   0.013000  -0.016800  -0.022600  -0.003600  -0.007600   0.011000 
481  -0.005600   0.008000   0.002600   0.007600   0.004400   0.003000   0.002000   0.010400  -0.013000  -0.017600   0.001400  -0.002200   0.017000 
482   0.005600   0.013000   0.000400   0.007000   0.005600   0.001000  -0.005600   0.012600  -0.018200  -0.020800  -0.009800  -0.002800   0.017200 
483  -0.001600   0.004800   0.005800   0.007600   0.009800   0.009200   0.000400   0.025600  -0.018200  -0.015600  -0.000600   0.002600   0.027800 
484   0.004000   0.001600   0.007000   0.006000   0.005200   0.004000  -0.003800   0.019400  -0.024200  -0.010200  -0.002800   0.007400   0.021000 
485  -0.003400   0.002600   0.003000  -0.002600   0.005000   0.001400  -0.003800   0.007800  -0.010600  -0.001400  -0.005400  -0.004200   0.021200 
486   0.002800   0.003600   0.001600  -0.004200   0.002600   0.011400  -0.010000   0.006200  -0.017800  -0.005000   0.006000  -0.012400   0.021400 
487  -0.004600   0.005200  -0.003800  -0.010000   0.000000   0.011000  -0.009600   0.011600  -0.011400  -0.002200  -0.003000  -0.017600   0.016600 
488   0.003000  -0.002200   0.008600  -0.010800   0.000600   0.006400  -0.007400   0.003400  -0.014400   0.002000  -0.005600  -0.021200   0.022400 
489  -0.004200  -0.005000   0.003400  -0.008600  -0.001200   0.009000  -0.004200   0.008800  -0.015400  -0.001800   0.005600  -0.014600   0.018000 
490  -0.006200  -0.005000  -0.002000  -0.015000  -0.003000  -0.003000  -0.004600   0.018600  -0.008600   0.003400   0.001200  -0.016000   0.019400 
491  -0.013800  -0.000800  -0.010000  -0.009600  -0.015000   0.004400  -0.005600   0.013600  -0.017600   0.006200  -0.009800  -0.017600   0.011000 
492  -0.012400  -0.007200  -0.015000  -0.005200  -0.019000  -0.001800  -0.000800   0.004400  -0.011800   0.002600  -0.007000  -0.012800   0.011000 
493  -0.001400  -0.009800  -0.013800  -0.013600  -0.016000  -0.000000  -0.007600   0.014600  -0.002000   0.009200  -0.011200  -0.018600   0.026600 
494   0.001800  -0.012800  -0.020000  -0.007000  -0.022400   0.010200  -0.013400   0.014200  -0.012400   0.014200  -0.010800  -0.014200   0.012000 
495   0.002400  -0.007600  -0.016800  -0.012000  -0.017400   0.013200  -0.010000   0.020800  -0.022600   0.018800  -0.017800  -0.011000   0.016000 
496   0.005400  -0.003400  -0.022800  -0.014400  -0.019800   0.015200  -0.010600   0.022800  -0.019000   0.004200  -0.009200  -0.011400   0.031200 
497   0.006400  -0.005400  -0.020400  -0.014200  -0.021600   0.024800  -0.001200   0.023400  -0.021400   0.013200  -0.002800  -0.013400   0.031000 
498   0.001600   0.002000  -0.015600   0.002200  -0.011000   0.021600  -0.002800   0.021800  -0.019600   0.004400  -0.001800  -0.016800   0.027000 
499   0.004400   0.001400  -0.015600   0.010000  -0.012200   0.027600  -0.012800   0.025800  -0.020800   0.004400  -0.002200  -0.012800   0.025000 
