r MCS_10 MCS_20 MCS_40 MCS_80 MCS_160 MCS_320 MCS_640 MCS_1280 MCS_2560 MCS_5120 MCS_10240 MCS_20480 MCS_40960 
0   1.000000   1.000000   1.000000   1.000000   1.000000   1.000000   1.000000   1.000000   1.000000   1.000000   1.000000   1.000000   1.000000 
1   0.995400   0.995400   0.995400   0.995400   0.995400   0.995400   0.995400   0.995400   0.995600   0.996400   0.997000   0.997600   0.998000 
2   0.990800   0.990800   0.990800   0.990800   0.990800   0.990800   0.990800   0.990800   0.991200   0.992800   0.994000   0.995200   0.996000 
3   0.986200   0.986200   0.986200   0.986200   0.986200   0.986200   0.986200   0.986200   0.986800   0.989200   0.991000   0.992800   0.994000 
4   0.981600   0.981600   0.981600   0.981600   0.981600   0.981600   0.981600   0.981600   0.982400   0.985600   0.988000   0.990400   0.992000 
5   0.977000   0.977000   0.977000   0.977000   0.977000   0.977000   0.977000   0.977000   0.978000   0.982000   0.985000   0.988000   0.990000 
6   0.972400   0.972400   0.972400   0.972400   0.972400   0.972400   0.972400   0.972400   0.973600   0.978400   0.982000   0.985600   0.988000 
7   0.967800   0.967800   0.967800   0.967800   0.967800   0.967800   0.967800   0.967800   0.969200   0.974800   0.979000   0.983200   0.986000 
8   0.963200   0.963200   0.963200   0.963200   0.963200   0.963200   0.963200   0.963200   0.964800   0.971200   0.976000   0.980800   0.984000 
9   0.958600   0.958600   0.958600   0.958600   0.958600   0.958600   0.958600   0.958600   0.960400   0.967600   0.973000   0.978400   0.982000 
10   0.954000   0.954000   0.954000   0.954000   0.954000   0.954000   0.954000   0.954000   0.956000   0.964000   0.970000   0.976000   0.980000 
11   0.949400   0.949400   0.949400   0.949400   0.949400   0.949400   0.949400   0.949400   0.951600   0.960400   0.967000   0.973600   0.978000 
12   0.944800   0.944800   0.944800   0.944800   0.944800   0.944800   0.944800   0.944800   0.947200   0.956800   0.964000   0.971200   0.976000 
13   0.940200   0.940200   0.940200   0.940200   0.940200   0.940200   0.940200   0.940200   0.942800   0.953200   0.961000   0.968800   0.974000 
14   0.935600   0.935600   0.935600   0.935600   0.935600   0.935600   0.935600   0.935600   0.938400   0.949600   0.958000   0.966400   0.972000 
15   0.931000   0.931000   0.931000   0.931000   0.931000   0.931000   0.931000   0.931000   0.934000   0.946000   0.955000   0.964000   0.970000 
16   0.926400   0.926400   0.926400   0.926400   0.926400   0.926400   0.926400   0.926400   0.929600   0.942400   0.952000   0.961600   0.968000 
17   0.921800   0.921800   0.921800   0.921800   0.921800   0.921800   0.921800   0.921800   0.925200   0.938800   0.949000   0.959200   0.966000 
18   0.917200   0.917200   0.917200   0.917200   0.917200   0.917200   0.917200   0.917200   0.920800   0.935200   0.946000   0.956800   0.964000 
19   0.912600   0.912600   0.912600   0.912600   0.912600   0.912600   0.912600   0.912600   0.916400   0.931600   0.943000   0.954400   0.962000 
20   0.908000   0.908000   0.908000   0.908000   0.908000   0.908000   0.908000   0.908000   0.912000   0.928000   0.940000   0.952000   0.960000 
21   0.903400   0.903400   0.903400   0.903400   0.903400   0.903400   0.903400   0.903400   0.907600   0.924400   0.937000   0.949600   0.958000 
22   0.898800   0.898800   0.898800   0.898800   0.898800   0.898800   0.898800   0.898800   0.903200   0.920800   0.934000   0.947200   0.956000 
23   0.894200   0.894200   0.894200   0.894200   0.894200   0.894200   0.894200   0.894200   0.898800   0.917200   0.931000   0.944800   0.954000 
24   0.889600   0.889600   0.889600   0.889600   0.889600   0.889600   0.889800   0.889600   0.894400   0.913600   0.928000   0.942400   0.952000 
25   0.885000   0.885000   0.885000   0.885000   0.885000   0.885000   0.885400   0.885000   0.890000   0.910000   0.925000   0.940000   0.950000 
26   0.880400   0.880400   0.880400   0.880400   0.880400   0.880400   0.881000   0.880400   0.885600   0.906400   0.922000   0.937600   0.948000 
27   0.875800   0.875800   0.875800   0.875800   0.875800   0.875800   0.876600   0.875800   0.881200   0.902800   0.919000   0.935200   0.946000 
28   0.871200   0.871200   0.871200   0.871200   0.871200   0.871200   0.872200   0.871200   0.876800   0.899200   0.916000   0.932800   0.944000 
29   0.866600   0.866600   0.866600   0.866600   0.866600   0.866600   0.867800   0.866600   0.872400   0.895600   0.913000   0.930400   0.942000 
30   0.862000   0.862000   0.862000   0.862000   0.862000   0.862000   0.863400   0.862000   0.868000   0.892000   0.910000   0.928000   0.940000 
31   0.857400   0.857400   0.857400   0.857400   0.857400   0.857400   0.859000   0.857400   0.863600   0.888400   0.907000   0.925600   0.938000 
32   0.852800   0.852800   0.852800   0.852800   0.852800   0.852800   0.854600   0.852800   0.859200   0.884800   0.904000   0.923200   0.936000 
33   0.848200   0.848200   0.848200   0.848200   0.848200   0.848200   0.850200   0.848200   0.854800   0.881200   0.901000   0.920800   0.934000 
34   0.843600   0.843600   0.843600   0.843600   0.843600   0.843600   0.845800   0.843600   0.850400   0.877600   0.898000   0.918400   0.932000 
35   0.839000   0.839000   0.839000   0.839000   0.839000   0.839000   0.841400   0.839000   0.846000   0.874000   0.895000   0.916000   0.930000 
36   0.834400   0.834400   0.834400   0.834400   0.834400   0.834400   0.837000   0.834400   0.841600   0.870400   0.892000   0.913600   0.928000 
37   0.829800   0.829800   0.829800   0.829800   0.829800   0.829800   0.832600   0.829800   0.837200   0.866800   0.889000   0.911200   0.926000 
38   0.825200   0.825200   0.825200   0.825200   0.825200   0.825200   0.828200   0.825200   0.832800   0.863200   0.886000   0.908800   0.924000 
39   0.820600   0.820600   0.820600   0.820600   0.820600   0.820600   0.823800   0.820600   0.828400   0.859600   0.883000   0.906400   0.922000 
40   0.816000   0.816000   0.816000   0.816000   0.816000   0.816000   0.819400   0.816000   0.824000   0.856000   0.880000   0.904000   0.920000 
41   0.811400   0.811400   0.811400   0.811400   0.811400   0.811400   0.815000   0.811600   0.819600   0.852400   0.877000   0.901600   0.918000 
42   0.806800   0.806800   0.806800   0.806800   0.806800   0.806800   0.810600   0.807200   0.815200   0.848800   0.874000   0.899200   0.916000 
43   0.802200   0.802200   0.802200   0.802200   0.802200   0.802200   0.806200   0.802800   0.810800   0.845200   0.871000   0.896800   0.914000 
44   0.797600   0.797600   0.797600   0.797600   0.797600   0.797600   0.801800   0.798400   0.806400   0.841800   0.868000   0.894400   0.912000 
45   0.793000   0.793000   0.793000   0.793000   0.793000   0.793000   0.797400   0.794000   0.802000   0.838400   0.865000   0.892000   0.910000 
46   0.788400   0.788400   0.788400   0.788400   0.788400   0.788400   0.793000   0.789600   0.797600   0.835000   0.862000   0.889600   0.908000 
47   0.783800   0.783800   0.783800   0.783800   0.783800   0.783800   0.788600   0.785200   0.793200   0.831600   0.859000   0.887200   0.906000 
48   0.779200   0.779200   0.779200   0.779200   0.779200   0.779200   0.784200   0.780800   0.788800   0.828200   0.856000   0.884800   0.904000 
49   0.774600   0.774600   0.774600   0.774600   0.774600   0.774600   0.779800   0.776400   0.784400   0.824800   0.853000   0.882400   0.902000 
50   0.770000   0.770000   0.770000   0.770000   0.770000   0.770000   0.775400   0.772000   0.780000   0.821400   0.850000   0.880000   0.900000 
51   0.765400   0.765400   0.765400   0.765400   0.765400   0.765400   0.771000   0.767600   0.775600   0.818000   0.847000   0.877600   0.898000 
52   0.760800   0.760800   0.760800   0.760800   0.760800   0.760800   0.766600   0.763200   0.771200   0.814600   0.844000   0.875200   0.896000 
53   0.756200   0.756200   0.756200   0.756200   0.756200   0.756200   0.762200   0.758800   0.766800   0.811200   0.841000   0.872800   0.894000 
54   0.751600   0.751600   0.751600   0.751800   0.751600   0.751600   0.757800   0.754400   0.762400   0.807800   0.838000   0.870400   0.892000 
55   0.747000   0.747000   0.747000   0.747400   0.747000   0.747000   0.753400   0.750000   0.758000   0.804400   0.835000   0.868000   0.890000 
56   0.742400   0.742400   0.742400   0.743000   0.742400   0.742600   0.749000   0.745600   0.753600   0.801000   0.832000   0.865600   0.888000 
57   0.737800   0.737800   0.737800   0.738600   0.737800   0.738200   0.744600   0.741200   0.749200   0.797600   0.829000   0.863200   0.886000 
58   0.733200   0.733200   0.733200   0.734200   0.733200   0.733800   0.740200   0.736800   0.744800   0.794200   0.826000   0.860800   0.884000 
59   0.728600   0.728600   0.728600   0.729800   0.728600   0.729400   0.735800   0.732400   0.740400   0.790800   0.823000   0.858400   0.882000 
60   0.724000   0.724000   0.724000   0.725400   0.724200   0.725000   0.731400   0.728000   0.736000   0.787400   0.820000   0.856000   0.880000 
61   0.719400   0.719400   0.719400   0.721000   0.719800   0.720600   0.727000   0.723600   0.731600   0.784000   0.817000   0.853600   0.878000 
62   0.715000   0.714800   0.714800   0.716600   0.715400   0.716200   0.722600   0.719200   0.727200   0.780600   0.814000   0.851200   0.876000 
63   0.710600   0.710200   0.710200   0.712200   0.711000   0.711800   0.718400   0.714800   0.722800   0.777400   0.811000   0.848800   0.874000 
64   0.706200   0.705800   0.705600   0.707800   0.706600   0.707600   0.714200   0.710400   0.718400   0.774200   0.808000   0.846400   0.872000 
65   0.701800   0.701400   0.701000   0.703400   0.702200   0.703400   0.710000   0.706200   0.714000   0.771000   0.805000   0.844000   0.870000 
66   0.697400   0.697000   0.696400   0.699000   0.697800   0.699200   0.705800   0.702000   0.709600   0.767800   0.802000   0.841600   0.868000 
67   0.693000   0.692600   0.691800   0.694600   0.693400   0.695000   0.701600   0.697800   0.705200   0.764600   0.799000   0.839200   0.866000 
68   0.688600   0.688200   0.687200   0.690200   0.689000   0.690800   0.697400   0.693600   0.700800   0.761400   0.796000   0.836800   0.864000 
69   0.684200   0.683800   0.682600   0.685800   0.684600   0.686600   0.693200   0.689400   0.696400   0.758200   0.793000   0.834400   0.862000 
70   0.679800   0.679400   0.678200   0.681400   0.680200   0.682400   0.689000   0.685200   0.692000   0.755000   0.790000   0.832000   0.860000 
71   0.675400   0.675000   0.673800   0.677000   0.675800   0.678200   0.684800   0.681000   0.687600   0.751800   0.787000   0.829600   0.858000 
72   0.671000   0.670600   0.669400   0.672600   0.671400   0.674000   0.680600   0.676800   0.683200   0.748600   0.784000   0.827200   0.856000 
73   0.666600   0.666200   0.665000   0.668200   0.667000   0.669800   0.676400   0.672600   0.678800   0.745400   0.781000   0.824800   0.854000 
74   0.662200   0.661800   0.660600   0.664000   0.662600   0.665600   0.672200   0.668400   0.674400   0.742200   0.778000   0.822400   0.852000 
75   0.657800   0.657400   0.656200   0.659800   0.658200   0.661400   0.668000   0.664200   0.670000   0.739200   0.775000   0.820000   0.850000 
76   0.653400   0.653000   0.651800   0.655600   0.653800   0.657200   0.663800   0.660200   0.665800   0.736200   0.772000   0.817600   0.848000 
77   0.649000   0.648600   0.647400   0.651400   0.649400   0.653000   0.659600   0.656200   0.661600   0.733200   0.769200   0.815200   0.846000 
78   0.644600   0.644200   0.643000   0.647200   0.645000   0.648800   0.655400   0.652200   0.657400   0.730200   0.766400   0.812800   0.844000 
79   0.640200   0.639800   0.638600   0.643000   0.640600   0.644600   0.651200   0.648200   0.653200   0.727200   0.763600   0.810400   0.842000 
80   0.635800   0.635400   0.634200   0.639000   0.636400   0.640400   0.647000   0.644200   0.649000   0.724200   0.760800   0.808000   0.840000 
81   0.631400   0.631000   0.629800   0.635000   0.632200   0.636200   0.642800   0.640200   0.644800   0.721200   0.758000   0.805600   0.838000 
82   0.627000   0.626600   0.625400   0.631000   0.628000   0.632000   0.638600   0.636200   0.640600   0.718200   0.755200   0.803200   0.836000 
83   0.622600   0.622200   0.621000   0.627000   0.623800   0.627800   0.634400   0.632200   0.636600   0.715200   0.752400   0.800800   0.834000 
84   0.618200   0.617800   0.616600   0.623000   0.619600   0.623600   0.630200   0.628200   0.632600   0.712200   0.749600   0.798400   0.832000 
85   0.613800   0.613400   0.612200   0.619000   0.615400   0.619400   0.626000   0.624200   0.628600   0.709200   0.746800   0.796000   0.830000 
86   0.609400   0.609000   0.607800   0.615000   0.611200   0.615200   0.621800   0.620200   0.624600   0.706200   0.744000   0.793600   0.828000 
87   0.605000   0.604600   0.603400   0.611000   0.607000   0.611200   0.617600   0.616200   0.620600   0.703200   0.741200   0.791200   0.826000 
88   0.600600   0.600200   0.599000   0.607200   0.602800   0.607200   0.613400   0.612400   0.616600   0.700200   0.738400   0.788800   0.824000 
89   0.596200   0.595800   0.594600   0.603400   0.598600   0.603200   0.609200   0.608600   0.612600   0.697200   0.735600   0.786400   0.822000 
90   0.591800   0.591400   0.590200   0.599600   0.594600   0.599200   0.605000   0.604800   0.608600   0.694200   0.732800   0.784000   0.820000 
91   0.587600   0.587200   0.585800   0.595800   0.590600   0.595200   0.600800   0.601000   0.604600   0.691200   0.730000   0.781600   0.818000 
92   0.583400   0.583000   0.581400   0.592000   0.586600   0.591200   0.596800   0.597200   0.600600   0.688200   0.727200   0.779200   0.816000 
93   0.579600   0.578800   0.577000   0.588200   0.582600   0.587200   0.592800   0.593400   0.596600   0.685200   0.724400   0.776800   0.814000 
94   0.575800   0.574800   0.572600   0.584400   0.578800   0.583200   0.589000   0.589600   0.592800   0.682200   0.721600   0.774400   0.812000 
95   0.572000   0.570800   0.568400   0.580600   0.575000   0.579400   0.585200   0.585800   0.589000   0.679200   0.719000   0.772000   0.810000 
96   0.568200   0.566800   0.564400   0.576800   0.571400   0.575600   0.581400   0.582000   0.585200   0.676200   0.716400   0.769600   0.808000 
97   0.564400   0.563200   0.560600   0.573000   0.567800   0.571800   0.577600   0.578200   0.581400   0.673200   0.713800   0.767200   0.806000 
98   0.560600   0.559600   0.557000   0.569200   0.564200   0.568000   0.573800   0.574400   0.577600   0.670200   0.711200   0.764800   0.804000 
99   0.556800   0.556200   0.553400   0.565400   0.560600   0.564200   0.570000   0.570600   0.573800   0.667200   0.708600   0.762400   0.802000 
100   0.553000   0.552800   0.549800   0.561600   0.557000   0.560400   0.566200   0.566800   0.570000   0.664200   0.706000   0.760000   0.800000 
101   0.549200   0.549400   0.546200   0.557800   0.553400   0.556600   0.562400   0.563000   0.566200   0.661200   0.703400   0.757600   0.798000 
102   0.545400   0.546000   0.542800   0.554000   0.549800   0.552800   0.558600   0.559200   0.562400   0.658200   0.700800   0.755200   0.796000 
103   0.541600   0.542600   0.539400   0.550200   0.546200   0.549000   0.554800   0.555400   0.558600   0.655200   0.698200   0.752800   0.794000 
104   0.537800   0.539200   0.536000   0.546400   0.542600   0.545200   0.551000   0.551600   0.554800   0.652200   0.695600   0.750400   0.792000 
105   0.534000   0.535800   0.532600   0.542600   0.539000   0.541400   0.547200   0.547800   0.551000   0.649200   0.693000   0.748000   0.790000 
106   0.530400   0.532400   0.529200   0.538800   0.535400   0.537600   0.543400   0.544000   0.547200   0.646200   0.690400   0.745800   0.788000 
107   0.526800   0.529000   0.525800   0.535000   0.531800   0.533800   0.539600   0.540200   0.543400   0.643200   0.687800   0.743600   0.786000 
108   0.523400   0.525600   0.522400   0.531600   0.528200   0.530000   0.535800   0.536400   0.539600   0.640200   0.685200   0.741400   0.784000 
109   0.520000   0.522200   0.519000   0.528200   0.524600   0.526400   0.532000   0.532600   0.535800   0.637200   0.682600   0.739200   0.782000 
110   0.516600   0.518800   0.515600   0.524800   0.521000   0.522800   0.528200   0.528800   0.532000   0.634200   0.680000   0.737000   0.780000 
111   0.513200   0.515400   0.512200   0.521400   0.517600   0.519200   0.524400   0.525000   0.528400   0.631200   0.677400   0.734800   0.778000 
112   0.509800   0.512000   0.508800   0.518000   0.514400   0.515800   0.520600   0.521200   0.524800   0.628200   0.674800   0.732600   0.776000 
113   0.506400   0.508600   0.505400   0.514600   0.511200   0.512400   0.516800   0.517400   0.521200   0.625200   0.672200   0.730400   0.774000 
114   0.503000   0.505200   0.502000   0.511200   0.508000   0.509000   0.513000   0.513600   0.517600   0.622200   0.669600   0.728200   0.772000 
115   0.499600   0.501800   0.498600   0.508000   0.504800   0.505600   0.509400   0.509800   0.514000   0.619200   0.667000   0.726000   0.770000 
116   0.496200   0.498400   0.495200   0.504800   0.501600   0.502200   0.505800   0.506000   0.510400   0.616200   0.664400   0.723800   0.768000 
117   0.492800   0.495000   0.491800   0.501600   0.498400   0.498800   0.502200   0.502200   0.506800   0.613200   0.661800   0.721600   0.766000 
118   0.489400   0.491600   0.488600   0.498400   0.495200   0.495400   0.498600   0.498400   0.503400   0.610200   0.659200   0.719400   0.764000 
119   0.486000   0.488200   0.485400   0.495200   0.492000   0.492000   0.495000   0.494800   0.500000   0.607200   0.656600   0.717200   0.762000 
120   0.482600   0.484800   0.482200   0.492000   0.488800   0.488600   0.491400   0.491200   0.496600   0.604200   0.654000   0.715000   0.760000 
121   0.479200   0.481600   0.479000   0.489000   0.485800   0.485200   0.487800   0.487600   0.493200   0.601200   0.651400   0.712800   0.758000 
122   0.475800   0.478400   0.475800   0.486000   0.482800   0.481800   0.484400   0.484000   0.489800   0.598200   0.648800   0.710600   0.756000 
123   0.472600   0.475200   0.472600   0.483000   0.479800   0.478400   0.481000   0.480400   0.486400   0.595200   0.646200   0.708400   0.754000 
124   0.469400   0.472200   0.469400   0.480000   0.476800   0.475000   0.477600   0.476800   0.483000   0.592200   0.643600   0.706200   0.752000 
125   0.466200   0.469200   0.466200   0.477000   0.473800   0.471600   0.474200   0.473400   0.479600   0.589200   0.641000   0.704000   0.750000 
126   0.463000   0.466200   0.463000   0.474000   0.470800   0.468200   0.470800   0.470000   0.476200   0.586200   0.638400   0.701800   0.748000 
127   0.459800   0.463200   0.459800   0.471000   0.467800   0.464800   0.467400   0.466600   0.472800   0.583200   0.635800   0.699600   0.746200 
128   0.456600   0.460200   0.456800   0.468000   0.464800   0.461400   0.464000   0.463200   0.469400   0.580200   0.633200   0.697400   0.744400 
129   0.453400   0.457200   0.453800   0.465000   0.461800   0.458000   0.460600   0.460000   0.466000   0.577200   0.630600   0.695200   0.742600 
130   0.450200   0.454200   0.450800   0.462000   0.458800   0.454600   0.457200   0.456800   0.462600   0.574400   0.628000   0.693000   0.740800 
131   0.447200   0.451200   0.447800   0.459000   0.455800   0.451200   0.453800   0.453600   0.459200   0.571600   0.625400   0.690800   0.739000 
132   0.444200   0.448200   0.444800   0.456000   0.452800   0.447800   0.450600   0.450400   0.455800   0.568800   0.622800   0.688600   0.737200 
133   0.441200   0.445200   0.441800   0.453000   0.449800   0.444600   0.447400   0.447200   0.452600   0.566000   0.620200   0.686400   0.735400 
134   0.438200   0.442200   0.438800   0.450000   0.446800   0.441400   0.444200   0.444000   0.449400   0.563200   0.617600   0.684200   0.733600 
135   0.435200   0.439200   0.435800   0.447000   0.443800   0.438200   0.441200   0.440800   0.446200   0.560400   0.615000   0.682000   0.731800 
136   0.432200   0.436200   0.432800   0.444000   0.440800   0.435000   0.438200   0.437600   0.443200   0.557600   0.612400   0.679800   0.730000 
137   0.429200   0.433200   0.429800   0.441000   0.437800   0.431800   0.435200   0.434400   0.440200   0.554800   0.609800   0.677600   0.728200 
138   0.426200   0.430200   0.426800   0.438000   0.434800   0.428600   0.432200   0.431200   0.437200   0.552000   0.607200   0.675400   0.726400 
139   0.423200   0.427200   0.423800   0.435000   0.431800   0.425400   0.429200   0.428000   0.434200   0.549200   0.604600   0.673200   0.724600 
140   0.420200   0.424200   0.420800   0.432000   0.428800   0.422200   0.426200   0.424800   0.431200   0.546400   0.602000   0.671000   0.722800 
141   0.417200   0.421200   0.417800   0.429000   0.425800   0.419000   0.423200   0.421600   0.428200   0.543600   0.599400   0.668800   0.721000 
142   0.414200   0.418200   0.414800   0.426000   0.422800   0.416000   0.420200   0.418400   0.425200   0.540800   0.596800   0.666600   0.719200 
143   0.411200   0.415200   0.411800   0.423000   0.419800   0.413000   0.417200   0.415200   0.422400   0.538000   0.594200   0.664400   0.717400 
144   0.408200   0.412200   0.408800   0.420000   0.416800   0.410000   0.414200   0.412000   0.419600   0.535200   0.591600   0.662200   0.715600 
145   0.405200   0.409200   0.405800   0.417000   0.413800   0.407000   0.411200   0.409000   0.416800   0.532400   0.589000   0.660000   0.713800 
146   0.402200   0.406200   0.402800   0.414000   0.410800   0.404000   0.408200   0.406000   0.414000   0.529600   0.586400   0.657800   0.712000 
147   0.399200   0.403200   0.399800   0.411000   0.407800   0.401000   0.405200   0.403000   0.411200   0.526800   0.583800   0.655600   0.710200 
148   0.396200   0.400200   0.396800   0.408000   0.404800   0.398000   0.402200   0.400000   0.408400   0.524000   0.581200   0.653400   0.708400 
149   0.393200   0.397200   0.393800   0.405000   0.401800   0.395000   0.399200   0.397000   0.405600   0.521200   0.578600   0.651200   0.706600 
150   0.390200   0.394200   0.390800   0.402000   0.398800   0.392000   0.396200   0.394000   0.402800   0.518400   0.576000   0.649000   0.704800 
151   0.387200   0.391200   0.387800   0.399000   0.395800   0.389000   0.393200   0.391000   0.400000   0.515600   0.573400   0.646800   0.703000 
152   0.384200   0.388200   0.384800   0.396000   0.392800   0.386000   0.390200   0.388200   0.397200   0.512800   0.570800   0.644600   0.701200 
153   0.381200   0.385200   0.381800   0.393000   0.389800   0.383000   0.387200   0.385400   0.394400   0.510000   0.568200   0.642400   0.699400 
154   0.378200   0.382200   0.378800   0.390000   0.386800   0.380000   0.384200   0.382800   0.391600   0.507200   0.565600   0.640200   0.697600 
155   0.375200   0.379200   0.375800   0.387000   0.383800   0.377200   0.381200   0.380200   0.388800   0.504400   0.563000   0.638000   0.695800 
156   0.372200   0.376200   0.372800   0.384000   0.380800   0.374400   0.378200   0.377600   0.386000   0.501600   0.560600   0.635800   0.694000 
157   0.369200   0.373200   0.369800   0.381000   0.377800   0.371600   0.375400   0.375200   0.383200   0.498800   0.558200   0.633600   0.692200 
158   0.366200   0.370200   0.366800   0.378000   0.374800   0.368800   0.372600   0.372800   0.380400   0.496000   0.555800   0.631400   0.690400 
159   0.363200   0.367200   0.363800   0.375000   0.371800   0.366000   0.369800   0.370400   0.377800   0.493200   0.553400   0.629200   0.688600 
160   0.360200   0.364200   0.360800   0.372000   0.368800   0.363200   0.367000   0.368000   0.375200   0.490400   0.551000   0.627000   0.686800 
161   0.357200   0.361200   0.357800   0.368800   0.365800   0.360400   0.364200   0.365600   0.372600   0.487600   0.548600   0.624800   0.685000 
162   0.354200   0.358000   0.354800   0.365600   0.362800   0.357600   0.361400   0.363200   0.370000   0.484800   0.546200   0.622600   0.683200 
163   0.351200   0.354800   0.351800   0.362400   0.359800   0.354800   0.358600   0.360800   0.367400   0.482000   0.543800   0.620400   0.681400 
164   0.348200   0.351600   0.348800   0.359200   0.356800   0.352200   0.356000   0.358400   0.364800   0.479200   0.541400   0.618200   0.679600 
165   0.345200   0.348400   0.345800   0.356000   0.353800   0.349600   0.353400   0.356000   0.362200   0.476400   0.539000   0.616000   0.677800 
166   0.342200   0.345200   0.342800   0.352800   0.350800   0.347000   0.350800   0.353600   0.359600   0.473600   0.536600   0.613800   0.676000 
167   0.339200   0.342000   0.339600   0.349600   0.347800   0.344400   0.348200   0.351200   0.357000   0.470800   0.534200   0.611600   0.674200 
168   0.336200   0.338800   0.336400   0.346400   0.345000   0.341800   0.345600   0.348800   0.354400   0.468000   0.531800   0.609400   0.672400 
169   0.333000   0.335600   0.333200   0.343200   0.342200   0.339400   0.343000   0.346400   0.351800   0.465200   0.529400   0.607200   0.670600 
170   0.329800   0.332400   0.330200   0.340000   0.339400   0.337000   0.340400   0.344000   0.349200   0.462400   0.527000   0.605000   0.668800 
171   0.326600   0.329200   0.327200   0.336800   0.336600   0.334600   0.337800   0.341600   0.346600   0.459600   0.524400   0.602800   0.667000 
172   0.323400   0.326000   0.324200   0.333600   0.333800   0.332200   0.335200   0.339200   0.344000   0.456800   0.521800   0.600600   0.665200 
173   0.320400   0.323000   0.321200   0.330400   0.331000   0.329800   0.332600   0.336800   0.341400   0.454000   0.519200   0.598400   0.663400 
174   0.317400   0.320000   0.318200   0.327400   0.328200   0.327400   0.330200   0.334400   0.338800   0.451200   0.517000   0.596200   0.661600 
175   0.314400   0.317000   0.315200   0.324400   0.325400   0.325000   0.327800   0.332000   0.336200   0.448400   0.514800   0.594000   0.659800 
176   0.311400   0.314000   0.312200   0.321400   0.322600   0.322600   0.325400   0.329600   0.333600   0.445800   0.512600   0.591800   0.658000 
177   0.308400   0.311000   0.309200   0.318400   0.319800   0.320200   0.323000   0.327200   0.331000   0.443200   0.510400   0.589600   0.656200 
178   0.305400   0.308000   0.306200   0.315400   0.317000   0.317800   0.320600   0.324800   0.328400   0.440600   0.508200   0.587400   0.654400 
179   0.302400   0.305000   0.303200   0.312400   0.314200   0.315400   0.318400   0.322400   0.325800   0.438000   0.506000   0.585200   0.652600 
180   0.299400   0.302000   0.300200   0.309400   0.311400   0.313000   0.316200   0.320000   0.323200   0.435400   0.503800   0.583000   0.650800 
181   0.296800   0.299200   0.297200   0.306400   0.308600   0.310600   0.314000   0.317600   0.320600   0.432800   0.501600   0.580800   0.649000 
182   0.294200   0.296400   0.294200   0.303400   0.306200   0.308200   0.311800   0.315200   0.318000   0.430200   0.499400   0.578600   0.647200 
183   0.291600   0.293800   0.291200   0.300400   0.303800   0.305800   0.309600   0.312800   0.315400   0.427600   0.497200   0.576400   0.645400 
184   0.289000   0.291200   0.288200   0.297400   0.301400   0.303400   0.307400   0.310400   0.312800   0.425000   0.495000   0.574200   0.643600 
185   0.286400   0.288600   0.285400   0.294600   0.299000   0.301000   0.305200   0.308200   0.310200   0.422400   0.492800   0.572000   0.641800 
186   0.283800   0.286200   0.282600   0.291800   0.296600   0.298600   0.303000   0.306000   0.307600   0.419800   0.490600   0.569800   0.640000 
187   0.281200   0.283800   0.279800   0.289000   0.294400   0.296200   0.300800   0.303800   0.305000   0.417200   0.488400   0.567600   0.638200 
188   0.278800   0.281400   0.277000   0.286200   0.292200   0.293800   0.298600   0.301600   0.302400   0.414600   0.486200   0.565400   0.636400 
189   0.276400   0.279000   0.274200   0.283800   0.290000   0.291400   0.296400   0.299400   0.299800   0.412000   0.484000   0.563200   0.634600 
190   0.274000   0.276600   0.271600   0.281400   0.287800   0.289000   0.294200   0.297200   0.297200   0.409400   0.481800   0.561000   0.632800 
191   0.271600   0.274200   0.269200   0.279000   0.285600   0.286600   0.292000   0.295000   0.294600   0.406800   0.479600   0.558800   0.631000 
192   0.269200   0.271800   0.266800   0.276600   0.283400   0.284200   0.290000   0.292800   0.292000   0.404200   0.477400   0.556600   0.629200 
193   0.266800   0.269400   0.264400   0.274200   0.281200   0.281800   0.288000   0.290800   0.289400   0.401600   0.475200   0.554400   0.627400 
194   0.264400   0.267000   0.262000   0.272000   0.279000   0.279400   0.286000   0.288800   0.286800   0.399000   0.473000   0.552200   0.625600 
195   0.262000   0.264600   0.259600   0.269800   0.276800   0.277200   0.284000   0.286800   0.284200   0.396600   0.470800   0.550000   0.623800 
196   0.259600   0.262200   0.257200   0.267600   0.274600   0.275000   0.282000   0.284800   0.281600   0.394400   0.468600   0.547800   0.622000 
197   0.257200   0.259800   0.254800   0.265400   0.272400   0.272800   0.280000   0.282800   0.279000   0.392200   0.466400   0.545600   0.620200 
198   0.254800   0.257400   0.252400   0.263200   0.270200   0.270600   0.278000   0.280800   0.276400   0.390000   0.464200   0.543400   0.618400 
199   0.252600   0.255000   0.250000   0.261000   0.268000   0.268400   0.276400   0.278800   0.273800   0.387800   0.462000   0.541200   0.616600 
200   0.250400   0.252800   0.247600   0.258800   0.265800   0.266200   0.274800   0.276800   0.271200   0.385600   0.459800   0.539000   0.614800 
201   0.248200   0.250600   0.245200   0.256600   0.263800   0.264000   0.273200   0.274800   0.268800   0.383400   0.457600   0.536800   0.613000 
202   0.246000   0.248400   0.243000   0.254400   0.261800   0.261800   0.271600   0.272800   0.266400   0.381200   0.455400   0.534600   0.611200 
203   0.243800   0.246200   0.240800   0.252200   0.259800   0.259400   0.270000   0.270800   0.264000   0.379000   0.453200   0.532400   0.609400 
204   0.241600   0.244000   0.238800   0.250000   0.257600   0.257000   0.268400   0.268800   0.261600   0.376800   0.451000   0.530200   0.607600 
205   0.239400   0.241800   0.236800   0.247800   0.255400   0.254600   0.266800   0.266800   0.259200   0.374600   0.448800   0.528000   0.605800 
206   0.237200   0.239600   0.234800   0.245600   0.253200   0.252200   0.265200   0.264800   0.256800   0.372600   0.446600   0.525800   0.604000 
207   0.235000   0.237400   0.232800   0.243400   0.251000   0.249800   0.263600   0.262800   0.254400   0.370600   0.444400   0.523600   0.602200 
208   0.232800   0.235200   0.230800   0.241200   0.248800   0.247600   0.262000   0.260800   0.252000   0.368600   0.442200   0.521400   0.600400 
209   0.230600   0.233000   0.228800   0.239000   0.246600   0.245400   0.260400   0.258800   0.249600   0.366600   0.440000   0.519200   0.598600 
210   0.228400   0.230800   0.226800   0.236800   0.244400   0.243200   0.258800   0.256800   0.247200   0.364600   0.437800   0.517000   0.596800 
211   0.226200   0.228600   0.224800   0.234600   0.242200   0.241200   0.257200   0.254800   0.244800   0.362600   0.435600   0.514800   0.595000 
212   0.224000   0.226400   0.222800   0.232400   0.240000   0.239200   0.255600   0.252800   0.242400   0.360600   0.433400   0.512600   0.593200 
213   0.222000   0.224200   0.220800   0.230400   0.237800   0.237400   0.254000   0.251000   0.240200   0.358600   0.431200   0.510400   0.591400 
214   0.220000   0.222000   0.218800   0.228400   0.235600   0.235600   0.252400   0.249200   0.238000   0.356600   0.429000   0.508200   0.589600 
215   0.218000   0.220000   0.216800   0.226400   0.233400   0.233800   0.250600   0.247600   0.235800   0.354600   0.426800   0.506000   0.587800 
216   0.216000   0.218000   0.214800   0.224400   0.231200   0.232000   0.248800   0.246000   0.233600   0.352800   0.424600   0.503800   0.586000 
217   0.214000   0.216000   0.212800   0.222400   0.229000   0.230200   0.247000   0.244400   0.231400   0.351000   0.422400   0.501600   0.584200 
218   0.212000   0.214000   0.210800   0.220400   0.226800   0.228400   0.245200   0.242800   0.229000   0.349200   0.420200   0.499400   0.582400 
219   0.210000   0.212000   0.208800   0.218400   0.224600   0.226600   0.243400   0.241200   0.226800   0.347400   0.418000   0.497200   0.580600 
220   0.208000   0.210000   0.206800   0.216400   0.222400   0.224800   0.241600   0.239600   0.224600   0.345600   0.415800   0.495000   0.578800 
221   0.206000   0.208000   0.204800   0.214400   0.220200   0.223000   0.239800   0.238000   0.222400   0.343800   0.413600   0.492800   0.577000 
222   0.204000   0.206200   0.202800   0.212400   0.218000   0.221200   0.238000   0.236400   0.220200   0.342000   0.411400   0.490600   0.575200 
223   0.202000   0.204400   0.200800   0.210400   0.215800   0.219400   0.236200   0.234800   0.218000   0.340200   0.409200   0.488400   0.573400 
224   0.200000   0.202600   0.198800   0.208400   0.213600   0.217600   0.234400   0.233400   0.215800   0.338400   0.407000   0.486200   0.571600 
225   0.198000   0.200800   0.196800   0.206400   0.211400   0.215800   0.232600   0.231800   0.213800   0.336600   0.405000   0.484000   0.569800 
226   0.196200   0.199000   0.194800   0.204400   0.209200   0.214000   0.230800   0.230400   0.212000   0.334800   0.403000   0.481800   0.568000 
227   0.194400   0.197200   0.192800   0.202400   0.207000   0.212200   0.229000   0.229000   0.210200   0.333000   0.401000   0.479600   0.566200 
228   0.192600   0.195400   0.191000   0.200400   0.205000   0.210400   0.227000   0.227600   0.208400   0.331200   0.399000   0.477400   0.564400 
229   0.190800   0.193600   0.189200   0.198400   0.203000   0.208600   0.225000   0.226200   0.206600   0.329600   0.397000   0.475200   0.562600 
230   0.189000   0.191800   0.187400   0.196400   0.201000   0.206800   0.223000   0.224800   0.204800   0.328000   0.395000   0.473000   0.560800 
231   0.187200   0.190000   0.185600   0.194400   0.199000   0.205000   0.221200   0.223400   0.203000   0.326400   0.393000   0.470800   0.559000 
232   0.185400   0.188200   0.183800   0.192400   0.197200   0.203200   0.219400   0.222000   0.201200   0.325000   0.391000   0.468600   0.557200 
233   0.183600   0.186400   0.182000   0.190400   0.195400   0.201800   0.217600   0.220600   0.199400   0.323600   0.389000   0.466400   0.555400 
234   0.181800   0.184600   0.180200   0.188400   0.193600   0.200400   0.215800   0.219200   0.197600   0.322200   0.387000   0.464200   0.553600 
235   0.180000   0.182800   0.178400   0.186400   0.191800   0.199000   0.214000   0.217800   0.195800   0.320800   0.385000   0.462000   0.551800 
236   0.178200   0.181000   0.176600   0.184600   0.190000   0.197600   0.212200   0.216400   0.194200   0.319400   0.383000   0.459800   0.550000 
237   0.176400   0.179200   0.174800   0.183000   0.188200   0.196200   0.210400   0.215000   0.192600   0.318000   0.381000   0.457600   0.548200 
238   0.174600   0.177400   0.173000   0.181400   0.186400   0.194800   0.208600   0.213600   0.191000   0.316600   0.379000   0.455400   0.546400 
239   0.172800   0.175600   0.171200   0.179800   0.184600   0.193400   0.207000   0.212200   0.189400   0.315200   0.377000   0.453200   0.544600 
240   0.171000   0.173800   0.169400   0.178200   0.182800   0.192000   0.205400   0.210800   0.187800   0.313800   0.375000   0.451000   0.542800 
241   0.169200   0.172000   0.167600   0.176600   0.181200   0.190600   0.203800   0.209400   0.186200   0.312400   0.373000   0.448800   0.541000 
242   0.167400   0.170200   0.165800   0.175000   0.179600   0.189200   0.202200   0.208200   0.184800   0.311000   0.371000   0.446600   0.539200 
243   0.165600   0.168400   0.164000   0.173400   0.178000   0.187800   0.200600   0.207000   0.183400   0.309600   0.369000   0.444400   0.537400 
244   0.163800   0.166600   0.162200   0.171800   0.176400   0.186400   0.199000   0.205800   0.182000   0.308200   0.367000   0.442200   0.535600 
245   0.162000   0.164800   0.160400   0.170400   0.174800   0.185000   0.197400   0.204600   0.180600   0.306800   0.365000   0.440000   0.533800 
246   0.160200   0.163000   0.158600   0.169000   0.173400   0.183600   0.195800   0.203400   0.179200   0.305400   0.363000   0.437800   0.532000 
247   0.158400   0.161400   0.156800   0.167600   0.172000   0.182200   0.194200   0.202200   0.177800   0.304000   0.361000   0.435600   0.530200 
248   0.156600   0.159800   0.155000   0.166200   0.170600   0.181000   0.192600   0.201000   0.176400   0.302600   0.359000   0.433400   0.528400 
249   0.155000   0.158200   0.153200   0.164800   0.169200   0.179800   0.191000   0.199800   0.175000   0.301200   0.357000   0.431200   0.526600 
250   0.153400   0.156600   0.151600   0.163400   0.167800   0.178600   0.189400   0.198600   0.173600   0.299600   0.355000   0.429000   0.524800 
251   0.151800   0.155000   0.150200   0.162200   0.166400   0.177400   0.188000   0.197400   0.172200   0.298000   0.353000   0.426800   0.523000 
252   0.150200   0.153400   0.148800   0.161000   0.165000   0.176200   0.186600   0.196200   0.170800   0.296400   0.351000   0.424600   0.521200 
253   0.148600   0.152000   0.147600   0.159800   0.163600   0.175000   0.185200   0.195000   0.169400   0.294800   0.349000   0.422400   0.519400 
254   0.147000   0.150600   0.146400   0.158600   0.162200   0.174000   0.183800   0.193800   0.168000   0.293200   0.347000   0.420200   0.517600 
255   0.145400   0.149200   0.145400   0.157400   0.160800   0.173000   0.182400   0.192600   0.166600   0.291600   0.345000   0.418000   0.515800 
256   0.143800   0.148000   0.144400   0.156200   0.159600   0.172000   0.181000   0.191400   0.165200   0.290000   0.343000   0.415800   0.514000 
257   0.142200   0.146800   0.143400   0.155000   0.158400   0.171000   0.179600   0.190200   0.163800   0.288400   0.341000   0.413600   0.512200 
258   0.140800   0.145800   0.142400   0.153800   0.157200   0.170000   0.178200   0.189000   0.162400   0.286800   0.339000   0.411400   0.510400 
259   0.139400   0.144800   0.141400   0.152800   0.156000   0.169000   0.176800   0.187800   0.161000   0.285200   0.337000   0.409200   0.508600 
260   0.138600   0.143800   0.140800   0.151800   0.154600   0.168000   0.175400   0.186600   0.159600   0.283600   0.335000   0.407000   0.506800 
261   0.137800   0.142800   0.140200   0.150800   0.153200   0.167000   0.174400   0.185400   0.158200   0.282000   0.333000   0.404800   0.505000 
262   0.137000   0.141800   0.139600   0.149600   0.152000   0.166000   0.173400   0.184400   0.156800   0.280400   0.331000   0.402600   0.503200 
263   0.136200   0.140800   0.139000   0.148400   0.151000   0.165000   0.172400   0.183400   0.155400   0.279000   0.329000   0.400400   0.501400 
264   0.135400   0.139800   0.138400   0.147400   0.150000   0.164200   0.171400   0.182400   0.154000   0.277600   0.327000   0.398200   0.499600 
265   0.134600   0.138800   0.137800   0.146400   0.149000   0.163400   0.170400   0.181400   0.152600   0.276200   0.325000   0.396000   0.497800 
266   0.133800   0.137800   0.137200   0.145600   0.148000   0.162600   0.169400   0.180400   0.151200   0.274800   0.323200   0.393800   0.496000 
267   0.133000   0.136800   0.136600   0.144800   0.147000   0.161800   0.168400   0.179400   0.149800   0.273400   0.321400   0.391600   0.494200 
268   0.132200   0.135800   0.136000   0.144000   0.146000   0.161000   0.167400   0.178400   0.148600   0.272000   0.319600   0.389400   0.492400 
269   0.131400   0.135000   0.135400   0.143200   0.145000   0.160200   0.166400   0.177400   0.147400   0.270600   0.317800   0.387200   0.490600 
270   0.130600   0.134400   0.134800   0.142400   0.144000   0.159400   0.165400   0.176400   0.146200   0.269200   0.316000   0.385000   0.488800 
271   0.129800   0.133800   0.134200   0.141600   0.143000   0.158600   0.164400   0.175400   0.145000   0.267800   0.314400   0.382800   0.487000 
272   0.129000   0.133200   0.133600   0.140800   0.142000   0.157800   0.163400   0.174400   0.144000   0.266400   0.312800   0.380600   0.485200 
273   0.128200   0.132600   0.133000   0.140000   0.141000   0.157000   0.162400   0.173400   0.143000   0.265000   0.311200   0.378400   0.483400 
274   0.127400   0.132000   0.132400   0.139200   0.140000   0.156200   0.161400   0.172600   0.142000   0.263600   0.309600   0.376200   0.481600 
275   0.126600   0.131400   0.131800   0.138400   0.139000   0.155400   0.160400   0.171800   0.141000   0.262200   0.308000   0.374000   0.479800 
276   0.125800   0.130800   0.131200   0.137600   0.138000   0.154600   0.159400   0.171200   0.140000   0.260800   0.306400   0.371800   0.478000 
277   0.125000   0.130200   0.130600   0.136800   0.137000   0.153800   0.158400   0.170600   0.139000   0.259400   0.304800   0.369600   0.476200 
278   0.124200   0.129800   0.130000   0.136000   0.136000   0.153000   0.157400   0.170000   0.138000   0.258000   0.303200   0.367400   0.474400 
279   0.123600   0.129400   0.129200   0.135200   0.135000   0.152200   0.156400   0.169400   0.137000   0.256600   0.301600   0.365200   0.472600 
280   0.123000   0.129000   0.128400   0.134400   0.134000   0.151400   0.155400   0.168800   0.136000   0.255200   0.300000   0.363000   0.470800 
281   0.122400   0.128600   0.127600   0.133600   0.133000   0.150600   0.154400   0.168200   0.135000   0.253800   0.298400   0.360800   0.469000 
282   0.121800   0.128000   0.126800   0.132800   0.132000   0.149800   0.153400   0.167600   0.134000   0.252400   0.296800   0.358600   0.467200 
283   0.121200   0.127400   0.126000   0.132000   0.131000   0.149000   0.152400   0.167000   0.133200   0.251000   0.295200   0.356400   0.465400 
284   0.120600   0.126800   0.125200   0.131200   0.130000   0.148200   0.151400   0.166400   0.132400   0.249600   0.293600   0.354200   0.463600 
285   0.120000   0.126200   0.124400   0.130400   0.129000   0.147400   0.150400   0.165800   0.131600   0.248200   0.292000   0.352000   0.461800 
286   0.119400   0.125600   0.123600   0.129600   0.128000   0.146600   0.149400   0.165200   0.130800   0.246800   0.290400   0.349800   0.460000 
287   0.118800   0.125000   0.122800   0.128800   0.127000   0.145800   0.148400   0.164600   0.130000   0.245400   0.288800   0.347600   0.458200 
288   0.118200   0.124400   0.122000   0.128000   0.126000   0.145000   0.147400   0.164000   0.129200   0.244000   0.287200   0.345400   0.456400 
289   0.117600   0.123800   0.121200   0.127400   0.125000   0.144200   0.146400   0.163400   0.128400   0.242600   0.285600   0.343200   0.454600 
290   0.117000   0.123200   0.120400   0.126800   0.124000   0.143400   0.145400   0.162800   0.127600   0.241200   0.284000   0.341000   0.452800 
291   0.116400   0.122600   0.119600   0.126200   0.123000   0.142600   0.144600   0.162200   0.126800   0.239800   0.282400   0.338800   0.451000 
292   0.115800   0.122000   0.118800   0.125600   0.122000   0.141800   0.144000   0.161600   0.126000   0.238400   0.280800   0.336600   0.449200 
293   0.115200   0.121400   0.118000   0.125000   0.121000   0.141000   0.143400   0.161000   0.125200   0.237000   0.279400   0.334400   0.447400 
294   0.114600   0.120800   0.117200   0.124400   0.120000   0.140200   0.142800   0.160400   0.124400   0.235600   0.278000   0.332400   0.445600 
295   0.114000   0.120200   0.116400   0.123800   0.119200   0.139400   0.142200   0.159800   0.123600   0.234200   0.276800   0.330400   0.443800 
296   0.113400   0.119600   0.115600   0.123200   0.118400   0.138600   0.141600   0.159200   0.122800   0.232800   0.275600   0.328400   0.442000 
297   0.112800   0.119000   0.115000   0.122600   0.117600   0.137800   0.141000   0.158600   0.122000   0.231400   0.274400   0.326400   0.440200 
298   0.112200   0.118400   0.114400   0.122000   0.117000   0.137000   0.140600   0.158000   0.121200   0.230000   0.273200   0.324400   0.438400 
299   0.111600   0.117800   0.113800   0.121400   0.116400   0.136400   0.140200   0.157400   0.120400   0.228600   0.272000   0.322400   0.436800 
300   0.111000   0.117200   0.113200   0.120800   0.115800   0.135800   0.139800   0.156800   0.119600   0.227200   0.270800   0.320400   0.435200 
301   0.110400   0.116600   0.112600   0.120200   0.115200   0.135200   0.139400   0.156200   0.118800   0.225800   0.269600   0.318400   0.433600 
302   0.109800   0.116000   0.112000   0.119600   0.114600   0.134600   0.139000   0.155400   0.118000   0.224400   0.268400   0.316400   0.432000 
303   0.109200   0.115400   0.111400   0.119000   0.114000   0.134000   0.138600   0.154600   0.117200   0.223000   0.267200   0.314400   0.430400 
304   0.108600   0.114800   0.110800   0.118400   0.113400   0.133400   0.138200   0.153800   0.116400   0.221600   0.266000   0.312400   0.428800 
305   0.108000   0.114200   0.110200   0.117800   0.112800   0.132800   0.137800   0.153000   0.115600   0.220400   0.264800   0.310400   0.427200 
306   0.107400   0.113600   0.109600   0.117200   0.112200   0.132200   0.137400   0.152200   0.114800   0.219200   0.263600   0.308400   0.425600 
307   0.106800   0.113000   0.109000   0.116600   0.111600   0.131600   0.137000   0.151400   0.114000   0.218000   0.262400   0.306600   0.424000 
308   0.106200   0.112400   0.108400   0.116000   0.111000   0.131000   0.136600   0.150600   0.113000   0.216800   0.261200   0.304800   0.422400 
309   0.105600   0.111800   0.107800   0.115400   0.110400   0.130400   0.136200   0.149800   0.112000   0.215600   0.260000   0.303000   0.421000 
310   0.105000   0.111200   0.107200   0.114800   0.109800   0.129800   0.135800   0.149000   0.111000   0.214400   0.258800   0.301200   0.419600 
311   0.104400   0.110600   0.106600   0.114200   0.109200   0.129200   0.135400   0.148200   0.110000   0.213200   0.257600   0.299400   0.418200 
312   0.103800   0.110000   0.106000   0.113600   0.108600   0.128600   0.135000   0.147400   0.109000   0.212000   0.256400   0.297600   0.416800 
313   0.103200   0.109400   0.105400   0.113000   0.108000   0.128000   0.134400   0.146600   0.108000   0.210800   0.255200   0.295800   0.415400 
314   0.102600   0.108800   0.104800   0.112400   0.107400   0.127400   0.133800   0.145800   0.107000   0.209600   0.254000   0.294000   0.414000 
315   0.102000   0.108200   0.104200   0.111800   0.106800   0.126800   0.133200   0.145000   0.106000   0.208400   0.252800   0.292200   0.412800 
316   0.101400   0.107600   0.103600   0.111200   0.106200   0.126200   0.132600   0.144200   0.105000   0.207200   0.251600   0.290400   0.411600 
317   0.100800   0.107000   0.103000   0.110600   0.105600   0.125600   0.132000   0.143400   0.104000   0.206000   0.250400   0.288600   0.410400 
318   0.100200   0.106400   0.102400   0.110000   0.105000   0.125000   0.131400   0.142600   0.103000   0.204800   0.249200   0.286800   0.409200 
319   0.099600   0.105800   0.101800   0.109400   0.104400   0.124400   0.130800   0.141800   0.102000   0.203600   0.248000   0.285000   0.408000 
320   0.099000   0.105000   0.101200   0.108800   0.103800   0.123800   0.130200   0.141200   0.101000   0.202400   0.247000   0.283200   0.406800 
321   0.098400   0.104200   0.100400   0.108200   0.103000   0.123200   0.129600   0.140600   0.100000   0.201200   0.246000   0.281400   0.405600 
322   0.097800   0.103400   0.099600   0.107600   0.102200   0.122400   0.129000   0.140000   0.099000   0.200000   0.245000   0.279600   0.404400 
323   0.097200   0.102600   0.098800   0.107000   0.101400   0.121600   0.128600   0.139400   0.098000   0.198800   0.244000   0.277800   0.403200 
324   0.096600   0.101800   0.098000   0.106400   0.100800   0.121000   0.128200   0.138800   0.097000   0.197600   0.243000   0.276000   0.402000 
325   0.096000   0.101000   0.097200   0.105800   0.100200   0.120400   0.127800   0.138200   0.096000   0.196400   0.242000   0.274200   0.400800 
326   0.095400   0.100200   0.096400   0.105200   0.099600   0.119800   0.127400   0.137600   0.095000   0.195200   0.241000   0.272400   0.399600 
327   0.094800   0.099400   0.095600   0.104400   0.099000   0.119000   0.127000   0.137200   0.094000   0.194000   0.240000   0.270600   0.398400 
328   0.094200   0.098600   0.094800   0.103600   0.098400   0.118200   0.126600   0.136800   0.093000   0.192800   0.239000   0.268800   0.397200 
329   0.093400   0.097800   0.094000   0.102800   0.097800   0.117400   0.126200   0.136400   0.092000   0.191600   0.238000   0.267000   0.396000 
330   0.092600   0.097000   0.093200   0.102000   0.097200   0.116600   0.125800   0.136000   0.091000   0.190400   0.237000   0.265200   0.394800 
331   0.091800   0.096200   0.092400   0.101400   0.096600   0.116000   0.125400   0.135600   0.090000   0.189200   0.236000   0.263400   0.393600 
332   0.091000   0.095400   0.091600   0.100800   0.096200   0.115400   0.125000   0.135200   0.089000   0.188000   0.235000   0.261600   0.392400 
333   0.090200   0.094600   0.090800   0.100200   0.095800   0.114800   0.124600   0.134800   0.088000   0.186800   0.234000   0.259800   0.391200 
334   0.089400   0.093800   0.090200   0.099600   0.095400   0.114200   0.124200   0.134400   0.087000   0.185600   0.233000   0.258000   0.390000 
335   0.088600   0.093000   0.089600   0.099000   0.095000   0.113600   0.123800   0.134000   0.086000   0.184400   0.232000   0.256200   0.388800 
336   0.087800   0.092400   0.089000   0.098400   0.094600   0.113000   0.123400   0.133600   0.085000   0.183200   0.231000   0.254400   0.387600 
337   0.087400   0.091800   0.088400   0.097800   0.094200   0.112400   0.123000   0.133200   0.084000   0.182000   0.230000   0.252600   0.386400 
338   0.087000   0.091200   0.087800   0.097200   0.093800   0.111800   0.122600   0.132800   0.083000   0.181000   0.229000   0.250800   0.385200 
339   0.086600   0.090600   0.087200   0.096600   0.093400   0.111200   0.122200   0.132400   0.082000   0.180000   0.228000   0.249000   0.384000 
340   0.086200   0.090000   0.086600   0.096000   0.093000   0.110600   0.121800   0.132000   0.081000   0.179200   0.227000   0.247200   0.382800 
341   0.085800   0.089400   0.086000   0.095400   0.092600   0.110000   0.121400   0.131600   0.080000   0.178400   0.226000   0.245400   0.381600 
342   0.085400   0.088800   0.085400   0.094800   0.092200   0.109400   0.121000   0.131200   0.079000   0.177600   0.225200   0.243600   0.380400 
343   0.085000   0.088200   0.084800   0.094200   0.091800   0.108800   0.120600   0.130800   0.078000   0.177000   0.224400   0.241800   0.379200 
344   0.084600   0.087600   0.084200   0.093600   0.091400   0.108200   0.120200   0.130400   0.077000   0.176400   0.223600   0.240000   0.378000 
345   0.084200   0.087000   0.083600   0.093200   0.091000   0.107600   0.119800   0.130000   0.076000   0.175800   0.222800   0.238200   0.376800 
346   0.083800   0.086400   0.083000   0.092800   0.090600   0.107000   0.119400   0.129600   0.075000   0.175400   0.222000   0.236400   0.375600 
347   0.083400   0.086000   0.082200   0.092400   0.090200   0.106400   0.119000   0.129200   0.074000   0.175000   0.221200   0.234600   0.374400 
348   0.083000   0.085600   0.081600   0.092000   0.089800   0.105800   0.118600   0.128800   0.073000   0.174600   0.220400   0.232800   0.373200 
349   0.082600   0.085200   0.081000   0.091600   0.089400   0.105200   0.118200   0.128400   0.072000   0.174200   0.219600   0.231000   0.372000 
350   0.082200   0.084800   0.080400   0.091200   0.089000   0.104800   0.117800   0.128000   0.071000   0.173800   0.218800   0.229200   0.370800 
351   0.081800   0.084200   0.079800   0.090800   0.088400   0.104400   0.117400   0.127600   0.070000   0.173400   0.218000   0.227400   0.369600 
352   0.081400   0.083600   0.079200   0.090400   0.087800   0.104000   0.117000   0.127200   0.069200   0.173000   0.217200   0.225600   0.368400 
353   0.081000   0.083000   0.078600   0.090000   0.087200   0.103600   0.116600   0.126800   0.068400   0.172600   0.216400   0.223800   0.367200 
354   0.080600   0.082400   0.078200   0.089600   0.086600   0.103200   0.116200   0.126400   0.067600   0.172200   0.215600   0.222000   0.366000 
355   0.080200   0.081800   0.077800   0.089200   0.086000   0.102800   0.115800   0.126200   0.066800   0.171800   0.214800   0.220200   0.364800 
356   0.079800   0.081200   0.077400   0.088800   0.085400   0.102400   0.115400   0.126000   0.066000   0.171400   0.214000   0.218400   0.363600 
357   0.079400   0.080600   0.077000   0.088400   0.084800   0.102000   0.115000   0.125800   0.065200   0.171000   0.213200   0.216600   0.362400 
358   0.079000   0.080000   0.076600   0.088000   0.084400   0.101600   0.114600   0.125600   0.064400   0.170600   0.212400   0.214800   0.361200 
359   0.078600   0.079400   0.076200   0.087600   0.084000   0.101400   0.114200   0.125400   0.063600   0.170200   0.211600   0.213000   0.360000 
360   0.078200   0.078800   0.075800   0.087200   0.083600   0.101200   0.113800   0.125200   0.062800   0.169800   0.210800   0.211200   0.358800 
361   0.077800   0.078200   0.075400   0.086800   0.083200   0.101000   0.113400   0.125000   0.062000   0.169400   0.210000   0.209400   0.357600 
362   0.077400   0.077600   0.075000   0.086400   0.082800   0.100800   0.113000   0.124800   0.061200   0.169000   0.209200   0.207600   0.356400 
363   0.077000   0.077000   0.074600   0.086000   0.082400   0.100600   0.112600   0.124600   0.060600   0.168600   0.208400   0.206000   0.355200 
364   0.076600   0.076400   0.074200   0.085600   0.082000   0.100400   0.112200   0.124400   0.060000   0.168200   0.207600   0.204400   0.354000 
365   0.076400   0.075800   0.073800   0.085200   0.081600   0.100200   0.111800   0.124200   0.059400   0.167800   0.207000   0.202800   0.352800 
366   0.076200   0.075200   0.073400   0.084600   0.081200   0.100000   0.111400   0.124000   0.058800   0.167400   0.206400   0.201200   0.351600 
367   0.075800   0.074600   0.073000   0.084000   0.080800   0.099800   0.111000   0.123800   0.058200   0.167000   0.205800   0.199600   0.350400 
368   0.075400   0.074000   0.072600   0.083200   0.080400   0.099600   0.110600   0.123600   0.057600   0.166600   0.205200   0.198000   0.349200 
369   0.075000   0.073400   0.072200   0.082400   0.080000   0.099400   0.110200   0.123400   0.057000   0.166200   0.204600   0.196400   0.348000 
370   0.074600   0.072800   0.071800   0.081600   0.079600   0.099200   0.109800   0.123000   0.056400   0.165800   0.204000   0.194800   0.346800 
371   0.074200   0.072200   0.071400   0.081000   0.079200   0.099000   0.109400   0.122600   0.055800   0.165400   0.203400   0.193200   0.345600 
372   0.073800   0.071600   0.071000   0.080400   0.078800   0.098800   0.109000   0.122200   0.055200   0.165000   0.202800   0.191600   0.344400 
373   0.073400   0.071200   0.070600   0.079800   0.078400   0.098600   0.108600   0.121800   0.054600   0.164600   0.202200   0.190000   0.343200 
374   0.073000   0.070600   0.070200   0.079200   0.078000   0.098400   0.108200   0.121400   0.054000   0.164200   0.201600   0.188400   0.342000 
375   0.072600   0.070000   0.069800   0.078600   0.077600   0.098200   0.108000   0.121000   0.053400   0.163800   0.201000   0.186800   0.341000 
376   0.072200   0.069400   0.069400   0.078000   0.077200   0.098000   0.107800   0.120600   0.052800   0.163400   0.200400   0.185200   0.340000 
377   0.071800   0.068800   0.069000   0.077400   0.076800   0.097800   0.107600   0.120000   0.052200   0.163000   0.199800   0.183600   0.339000 
378   0.071200   0.068200   0.068600   0.076800   0.076400   0.097600   0.107400   0.119400   0.051600   0.162600   0.199200   0.182000   0.338000 
379   0.070600   0.067600   0.068200   0.076200   0.076000   0.097400   0.107200   0.118800   0.051000   0.162200   0.198600   0.180400   0.337000 
380   0.070000   0.067000   0.067800   0.075600   0.075600   0.097200   0.107000   0.118200   0.050400   0.161800   0.198000   0.178800   0.336000 
381   0.069400   0.066400   0.067400   0.075000   0.075200   0.097000   0.106800   0.117600   0.049800   0.161400   0.197400   0.177200   0.335000 
382   0.068800   0.065800   0.067000   0.074400   0.074800   0.096800   0.106400   0.117000   0.049200   0.161000   0.196800   0.175600   0.334000 
383   0.068200   0.065200   0.066600   0.073800   0.074400   0.096600   0.106000   0.116400   0.048600   0.160600   0.196200   0.174000   0.333000 
384   0.067600   0.064600   0.066400   0.073400   0.074000   0.096400   0.105600   0.115800   0.048000   0.160200   0.195600   0.172400   0.332000 
385   0.067000   0.064000   0.066200   0.073000   0.073600   0.096200   0.105200   0.115200   0.047400   0.159800   0.195000   0.170800   0.331000 
386   0.066400   0.063600   0.066000   0.072600   0.073200   0.096000   0.104800   0.114600   0.046800   0.159400   0.194400   0.169200   0.330000 
387   0.065800   0.063200   0.065800   0.072200   0.072800   0.095800   0.104400   0.114000   0.046200   0.159000   0.193800   0.167800   0.329000 
388   0.065200   0.062800   0.065600   0.071800   0.072400   0.095600   0.104000   0.113400   0.045600   0.158600   0.193200   0.166600   0.328000 
389   0.064600   0.062400   0.065400   0.071400   0.072200   0.095400   0.103600   0.112800   0.045000   0.158200   0.192600   0.165400   0.327000 
390   0.064000   0.062000   0.065200   0.071000   0.072000   0.095200   0.103000   0.112400   0.044400   0.157800   0.192000   0.164200   0.326000 
391   0.063400   0.061600   0.065000   0.070600   0.071800   0.095000   0.102600   0.112000   0.043800   0.157400   0.191400   0.163000   0.325000 
392   0.063000   0.061200   0.064800   0.070200   0.071600   0.094800   0.102200   0.111600   0.043200   0.157000   0.190800   0.161800   0.324000 
393   0.062600   0.060800   0.064600   0.069800   0.071400   0.094600   0.101800   0.111200   0.042600   0.156600   0.190200   0.160600   0.323000 
394   0.062200   0.060400   0.064400   0.069400   0.071200   0.094400   0.101400   0.110800   0.042200   0.156400   0.189600   0.159400   0.322000 
395   0.061800   0.060200   0.064200   0.069000   0.071000   0.094200   0.100800   0.110400   0.041800   0.156200   0.189000   0.158200   0.321000 
396   0.061400   0.060000   0.064200   0.068600   0.070800   0.094000   0.100200   0.110000   0.041400   0.156000   0.188400   0.157000   0.320000 
397   0.061000   0.059800   0.064200   0.068200   0.070600   0.093800   0.099600   0.109600   0.041000   0.156000   0.187800   0.155800   0.319000 
398   0.060400   0.059600   0.064000   0.067800   0.070400   0.093600   0.099200   0.109000   0.040600   0.156000   0.187200   0.154600   0.318000 
399   0.059800   0.059400   0.063800   0.067400   0.070200   0.093400   0.098800   0.108400   0.040200   0.156000   0.186600   0.153400   0.317000 
400   0.059200   0.059200   0.063600   0.067000   0.070000   0.093200   0.098400   0.107600   0.039800   0.156000   0.186000   0.152200   0.316000 
401   0.058600   0.059000   0.063400   0.066600   0.069800   0.093000   0.098000   0.106800   0.039400   0.156000   0.185400   0.151000   0.315000 
402   0.058200   0.058600   0.063200   0.066200   0.069600   0.092600   0.097600   0.106000   0.039000   0.156000   0.184800   0.149800   0.314000 
403   0.057800   0.058200   0.063000   0.065800   0.069400   0.092200   0.097200   0.105200   0.038600   0.156000   0.184200   0.148800   0.313000 
404   0.057400   0.057800   0.062800   0.065400   0.069200   0.091800   0.096800   0.104400   0.038200   0.156000   0.183600   0.147800   0.312000 
405   0.057000   0.057400   0.062600   0.065000   0.069000   0.091400   0.096400   0.103600   0.037800   0.156000   0.183000   0.146800   0.311200 
406   0.056600   0.057000   0.062400   0.064600   0.068800   0.091000   0.096000   0.102800   0.037400   0.156000   0.182400   0.145800   0.310400 
407   0.056200   0.056600   0.062400   0.064200   0.068600   0.090800   0.095600   0.102000   0.037000   0.155800   0.181800   0.144800   0.309600 
408   0.055800   0.056200   0.062400   0.064000   0.068400   0.090800   0.095200   0.101600   0.036600   0.155600   0.181200   0.143800   0.308800 
409   0.055400   0.055800   0.062400   0.063800   0.068000   0.090800   0.094800   0.101200   0.036200   0.155400   0.180600   0.142800   0.308000 
410   0.055000   0.055400   0.062400   0.063600   0.067600   0.090800   0.094400   0.100800   0.035800   0.155200   0.180000   0.141800   0.307200 
411   0.054800   0.055000   0.062400   0.063400   0.067200   0.090800   0.094000   0.100400   0.035400   0.155000   0.179400   0.140800   0.306400 
412   0.054600   0.054600   0.062400   0.063200   0.066800   0.090800   0.093600   0.100000   0.035000   0.154800   0.178800   0.139800   0.305600 
413   0.054400   0.054400   0.062400   0.063000   0.066400   0.090800   0.093400   0.099600   0.034600   0.154600   0.178200   0.138800   0.304800 
414   0.054200   0.054400   0.062400   0.062800   0.066000   0.090800   0.093200   0.099200   0.034200   0.154400   0.177600   0.137800   0.304000 
415   0.054000   0.054400   0.062400   0.062600   0.065600   0.091000   0.093000   0.098800   0.033800   0.154200   0.177000   0.136800   0.303200 
416   0.053800   0.054400   0.062600   0.062400   0.065200   0.091200   0.092800   0.098400   0.033400   0.154000   0.176400   0.135800   0.302400 
417   0.053600   0.054400   0.062600   0.062200   0.064800   0.091400   0.092600   0.098200   0.033000   0.153800   0.175800   0.134800   0.301600 
418   0.053400   0.054400   0.062600   0.062400   0.064600   0.091600   0.092400   0.098000   0.032600   0.153600   0.175200   0.133800   0.300800 
419   0.053200   0.054400   0.062800   0.062800   0.064400   0.091800   0.092200   0.097800   0.032200   0.153400   0.174600   0.132800   0.300000 
420   0.053000   0.054600   0.063200   0.063200   0.064200   0.092000   0.092200   0.097600   0.031800   0.153200   0.174000   0.131800   0.299200 
421   0.052800   0.054800   0.063600   0.063600   0.064000   0.092200   0.092200   0.097400   0.031400   0.153000   0.173400   0.130800   0.298400 
422   0.052600   0.055000   0.064000   0.064000   0.063800   0.092400   0.092200   0.097200   0.031000   0.152800   0.172800   0.129800   0.297600 
423   0.052400   0.055200   0.064400   0.064400   0.063600   0.092600   0.092200   0.097000   0.031000   0.152600   0.172200   0.128800   0.296800 
424   0.052200   0.055600   0.064800   0.064600   0.063400   0.092800   0.092200   0.096800   0.031200   0.152400   0.171600   0.127800   0.296000 
425   0.052200   0.056000   0.065200   0.064800   0.063200   0.093000   0.092200   0.096600   0.031400   0.152200   0.171000   0.126800   0.295200 
426   0.052200   0.056400   0.065600   0.065000   0.063000   0.093200   0.092200   0.096400   0.031600   0.152000   0.170400   0.125800   0.294400 
427   0.052200   0.056800   0.066000   0.065200   0.062600   0.093200   0.092200   0.096200   0.031800   0.151800   0.169800   0.124800   0.293600 
428   0.052400   0.057200   0.066400   0.065400   0.062000   0.093200   0.092400   0.096000   0.032000   0.151600   0.169200   0.123800   0.292800 
429   0.052400   0.057600   0.066600   0.065600   0.061400   0.093200   0.092600   0.095800   0.032200   0.151400   0.168600   0.122800   0.292000 
430   0.052400   0.058000   0.066800   0.065600   0.060800   0.093200   0.092800   0.095600   0.032200   0.151400   0.168000   0.121800   0.291200 
431   0.052600   0.058400   0.067000   0.065600   0.060200   0.093000   0.093000   0.095400   0.032200   0.151400   0.167400   0.120800   0.290400 
432   0.052800   0.058600   0.067200   0.065600   0.059600   0.092600   0.093200   0.095200   0.032400   0.151400   0.166800   0.119800   0.289600 
433   0.053000   0.058800   0.067400   0.065600   0.059200   0.092200   0.093400   0.095000   0.032600   0.151400   0.166400   0.119000   0.289000 
434   0.053200   0.059000   0.067600   0.065600   0.058800   0.091800   0.093600   0.094800   0.032800   0.151400   0.166000   0.118200   0.288400 
435   0.053400   0.059200   0.067800   0.065600   0.058400   0.091600   0.093800   0.094600   0.033000   0.151400   0.165600   0.117400   0.287800 
436   0.053600   0.059200   0.068000   0.065600   0.058000   0.091400   0.094000   0.094400   0.033200   0.151400   0.165200   0.116600   0.287200 
437   0.053800   0.059200   0.068000   0.065600   0.057600   0.091200   0.094200   0.094200   0.033400   0.151400   0.164800   0.115800   0.286600 
438   0.053800   0.059200   0.068000   0.065600   0.057600   0.091000   0.094400   0.094000   0.033600   0.151400   0.164400   0.115000   0.286000 
439   0.053800   0.059200   0.068000   0.065600   0.057600   0.090800   0.094600   0.094000   0.033800   0.151400   0.164000   0.114200   0.285400 
440   0.053800   0.059200   0.068000   0.065600   0.057600   0.090600   0.094800   0.094000   0.034000   0.151400   0.163600   0.113400   0.284800 
441   0.053800   0.059200   0.068000   0.065600   0.057600   0.090600   0.095000   0.094000   0.034200   0.151400   0.163000   0.112600   0.284200 
442   0.053800   0.059200   0.068000   0.065600   0.057600   0.090600   0.095200   0.094000   0.034400   0.151400   0.162400   0.111800   0.283600 
443   0.053800   0.059200   0.068000   0.065600   0.057400   0.090600   0.095400   0.094000   0.034800   0.151400   0.161800   0.111000   0.283000 
444   0.053800   0.059200   0.068000   0.065600   0.057400   0.090600   0.095600   0.094000   0.035200   0.151400   0.161200   0.110200   0.282400 
445   0.053800   0.059200   0.068000   0.065400   0.057400   0.090600   0.095800   0.094000   0.035600   0.151400   0.160600   0.109400   0.281800 
446   0.053800   0.059200   0.068000   0.065200   0.057400   0.090600   0.096000   0.094000   0.036000   0.151400   0.160000   0.108600   0.281200 
447   0.053800   0.059200   0.068000   0.065000   0.057200   0.090600   0.096200   0.094000   0.036600   0.151400   0.159400   0.107800   0.280600 
448   0.053800   0.059200   0.068000   0.064800   0.057000   0.090600   0.096400   0.094000   0.037200   0.151400   0.158800   0.107000   0.280000 
449   0.053800   0.059200   0.068000   0.064600   0.056800   0.090600   0.096600   0.094000   0.037800   0.151400   0.158200   0.106200   0.279400 
450   0.053800   0.059200   0.068000   0.064200   0.056600   0.090600   0.096800   0.094000   0.038400   0.151400   0.157600   0.105400   0.278800 
451   0.053800   0.059200   0.068000   0.063800   0.056400   0.090600   0.097000   0.094000   0.039000   0.151400   0.157000   0.104600   0.278200 
452   0.053800   0.059200   0.068000   0.063400   0.056200   0.090600   0.097200   0.094000   0.039400   0.151400   0.156400   0.103800   0.277600 
453   0.053800   0.059200   0.068000   0.063000   0.056000   0.090600   0.097400   0.094000   0.039800   0.151400   0.155800   0.103000   0.277000 
454   0.053800   0.059200   0.068000   0.062600   0.055800   0.090600   0.097200   0.094000   0.040200   0.151400   0.155200   0.102200   0.276400 
455   0.053800   0.059200   0.067800   0.062200   0.055600   0.090600   0.097000   0.094000   0.040600   0.151600   0.154600   0.101400   0.275800 
456   0.053800   0.059200   0.067600   0.061800   0.055400   0.090400   0.096800   0.094000   0.041000   0.151800   0.154000   0.100600   0.275200 
457   0.053800   0.059200   0.067400   0.061400   0.055200   0.090400   0.096600   0.094000   0.041400   0.152000   0.153400   0.099800   0.274600 
458   0.053800   0.059200   0.067200   0.061000   0.055000   0.090400   0.096400   0.094000   0.041800   0.152200   0.153000   0.099000   0.274000 
459   0.053800   0.059200   0.067000   0.060600   0.054800   0.090600   0.096200   0.094000   0.042200   0.152400   0.152600   0.098200   0.273400 
460   0.053800   0.059200   0.066800   0.060200   0.054600   0.090800   0.096000   0.094000   0.042600   0.152600   0.152200   0.097400   0.272800 
461   0.053800   0.059200   0.066600   0.059800   0.054400   0.090800   0.096000   0.094000   0.043000   0.152800   0.151800   0.096600   0.272400 
462   0.053800   0.059200   0.066400   0.059400   0.054200   0.090800   0.096000   0.094400   0.043200   0.153000   0.151400   0.096000   0.272000 
463   0.053800   0.059200   0.066200   0.059000   0.054000   0.090800   0.096000   0.094800   0.043400   0.153200   0.151000   0.095600   0.271600 
464   0.053800   0.059200   0.066000   0.058600   0.053800   0.090800   0.095800   0.095200   0.043600   0.153400   0.150600   0.095200   0.271200 
465   0.053800   0.059200   0.065600   0.058200   0.053600   0.090800   0.095600   0.095800   0.043800   0.153600   0.150200   0.094800   0.270800 
466   0.053800   0.059200   0.065400   0.057800   0.053400   0.090800   0.095400   0.096400   0.044000   0.153800   0.149800   0.094400   0.270400 
467   0.053600   0.059000   0.065200   0.057400   0.053200   0.090800   0.095200   0.097000   0.044200   0.154000   0.149600   0.094000   0.270000 
468   0.053400   0.058800   0.065000   0.057200   0.053000   0.090800   0.095000   0.097600   0.044400   0.154200   0.149400   0.093600   0.269600 
469   0.053200   0.058400   0.064800   0.057000   0.052800   0.090800   0.094800   0.098200   0.044400   0.154200   0.149200   0.093400   0.269200 
470   0.052800   0.058000   0.064600   0.056800   0.052600   0.090800   0.094600   0.098800   0.044400   0.154200   0.149000   0.093200   0.268800 
471   0.052400   0.057600   0.064600   0.056600   0.052400   0.090800   0.094400   0.099200   0.044400   0.154200   0.148800   0.093000   0.268400 
472   0.052000   0.057200   0.064600   0.056400   0.052200   0.090800   0.094200   0.099600   0.044400   0.154200   0.148600   0.092800   0.268000 
473   0.051800   0.056800   0.064600   0.056200   0.052000   0.090800   0.094200   0.100000   0.044400   0.154000   0.148400   0.092600   0.267600 
474   0.051600   0.056600   0.064600   0.056000   0.051800   0.090800   0.094200   0.100400   0.044400   0.153800   0.148200   0.092400   0.267200 
475   0.051400   0.056600   0.064600   0.055800   0.051600   0.090800   0.094200   0.100800   0.044400   0.153600   0.148000   0.092200   0.266800 
476   0.051200   0.056600   0.064600   0.055600   0.051400   0.090800   0.094200   0.101000   0.044400   0.153400   0.147800   0.092000   0.266400 
477   0.051000   0.056600   0.064600   0.055400   0.051200   0.090800   0.094200   0.101200   0.044400   0.153200   0.147600   0.091800   0.266000 
478   0.050800   0.056600   0.064600   0.055200   0.051000   0.090800   0.094200   0.101400   0.044400   0.153000   0.147400   0.091600   0.265600 
479   0.050600   0.056600   0.064600   0.055000   0.050800   0.090800   0.094200   0.101600   0.044400   0.152800   0.147200   0.091400   0.265200 
480   0.050400   0.056600   0.064600   0.054800   0.050600   0.090800   0.094200   0.101800   0.044400   0.152600   0.147000   0.091200   0.264800 
481   0.050400   0.056600   0.064600   0.054600   0.050400   0.090800   0.094200   0.102000   0.044400   0.152600   0.146800   0.091000   0.264400 
482   0.050400   0.056600   0.064600   0.054400   0.050200   0.090800   0.094200   0.102200   0.044400   0.152600   0.146600   0.090800   0.264000 
483   0.050400   0.056600   0.064600   0.054200   0.050000   0.090800   0.094200   0.102400   0.044400   0.152600   0.146400   0.090600   0.263800 
484   0.050400   0.056600   0.064600   0.054000   0.049800   0.090800   0.094200   0.102600   0.044400   0.152600   0.146400   0.090400   0.263600 
485   0.050400   0.056600   0.064600   0.053800   0.049600   0.090800   0.094200   0.102800   0.044400   0.152600   0.146400   0.090200   0.263400 
486   0.050400   0.056600   0.064600   0.053600   0.049400   0.090800   0.094200   0.103000   0.044400   0.152600   0.146400   0.090000   0.263200 
487   0.050400   0.056600   0.064600   0.053400   0.049400   0.090800   0.094200   0.103200   0.044400   0.152600   0.146400   0.090000   0.263200 
488   0.050400   0.056600   0.064600   0.053200   0.049400   0.090800   0.094400   0.103200   0.044400   0.152600   0.146400   0.090000   0.263200 
489   0.050400   0.056600   0.064600   0.053000   0.049400   0.090800   0.094600   0.103200   0.044400   0.152600   0.146400   0.090000   0.263200 
490   0.050400   0.056600   0.064600   0.052800   0.049400   0.090800   0.094600   0.103200   0.044400   0.152600   0.146400   0.090000   0.263200 
491   0.050400   0.056600   0.064600   0.052600   0.049400   0.090800   0.094600   0.103200   0.044400   0.152600   0.146400   0.090000   0.263200 
492   0.050400   0.056600   0.064600   0.052400   0.049400   0.090800   0.094600   0.103200   0.044400   0.152600   0.146400   0.090000   0.263200 
493   0.050400   0.056600   0.064600   0.052200   0.049400   0.090800   0.094600   0.103200   0.044400   0.152600   0.146400   0.090000   0.263200 
494   0.050400   0.056600   0.064600   0.052000   0.049400   0.090800   0.094600   0.103200   0.044400   0.152600   0.146400   0.090000   0.263200 
495   0.050400   0.056600   0.064600   0.051800   0.049400   0.090800   0.094600   0.103200   0.044400   0.152600   0.146400   0.090000   0.263200 
496   0.050400   0.056600   0.064600   0.051600   0.049400   0.090800   0.094600   0.103200   0.044400   0.152600   0.146400   0.090000   0.263200 
497   0.050400   0.056600   0.064600   0.051600   0.049400   0.090800   0.094600   0.103200   0.044600   0.152600   0.146400   0.090000   0.263200 
498   0.050400   0.056600   0.064600   0.051600   0.049400   0.090800   0.094600   0.103200   0.044800   0.152600   0.146400   0.090000   0.263200 
499   0.050400   0.056600   0.064600   0.051600   0.049400   0.090800   0.094600   0.103200   0.045000   0.152600   0.146400   0.090000   0.263200 
