r MCS_10 MCS_20 MCS_40 MCS_80 MCS_160 MCS_320 MCS_640 MCS_1280 MCS_2560 MCS_5120 MCS_10240 MCS_20480 MCS_40960 
0   1.000000   1.000000   1.000000   1.000000   1.000000   1.000000   1.000000   1.000000   1.000000   1.000000   1.000000   1.000000   1.000000 
1   0.996800   0.996800   0.996800   0.996800   0.996800   0.996800   0.997200   0.997200   0.997200   0.997200   0.997600   0.998200   0.998600 
2   0.993600   0.993600   0.993600   0.993600   0.993600   0.993600   0.994400   0.994400   0.994400   0.994400   0.995200   0.996400   0.997200 
3   0.990400   0.990400   0.990400   0.990400   0.990400   0.990400   0.991600   0.991600   0.991600   0.991600   0.992800   0.994600   0.995800 
4   0.987200   0.987200   0.987200   0.987200   0.987200   0.987200   0.988800   0.988800   0.988800   0.988800   0.990400   0.992800   0.994400 
5   0.984000   0.984000   0.984000   0.984000   0.984000   0.984000   0.986000   0.986000   0.986000   0.986000   0.988000   0.991000   0.993000 
6   0.980800   0.980800   0.980800   0.980800   0.980800   0.980800   0.983200   0.983200   0.983200   0.983200   0.985600   0.989200   0.991600 
7   0.977600   0.977600   0.977600   0.977600   0.977600   0.977600   0.980400   0.980400   0.980400   0.980400   0.983200   0.987400   0.990200 
8   0.974400   0.974400   0.974400   0.974400   0.974400   0.974400   0.977600   0.977600   0.977600   0.977600   0.980800   0.985600   0.988800 
9   0.971200   0.971200   0.971200   0.971200   0.971200   0.971200   0.974800   0.974800   0.974800   0.974800   0.978400   0.983800   0.987400 
10   0.968000   0.968000   0.968000   0.968000   0.968000   0.968000   0.972000   0.972000   0.972000   0.972000   0.976000   0.982000   0.986000 
11   0.964800   0.964800   0.964800   0.964800   0.964800   0.964800   0.969200   0.969200   0.969200   0.969200   0.973600   0.980200   0.984600 
12   0.961600   0.961600   0.961600   0.961600   0.961600   0.961600   0.966400   0.966400   0.966400   0.966400   0.971200   0.978400   0.983200 
13   0.958400   0.958400   0.958400   0.958400   0.958400   0.958400   0.963600   0.963600   0.963600   0.963600   0.968800   0.976600   0.981800 
14   0.955200   0.955200   0.955200   0.955200   0.955200   0.955200   0.960800   0.960800   0.960800   0.960800   0.966400   0.974800   0.980400 
15   0.952000   0.952000   0.952000   0.952000   0.952000   0.952000   0.958000   0.958000   0.958000   0.958000   0.964000   0.973000   0.979000 
16   0.948800   0.948800   0.948800   0.948800   0.948800   0.948800   0.955200   0.955200   0.955200   0.955200   0.961600   0.971200   0.977600 
17   0.945600   0.945600   0.945600   0.945600   0.945600   0.945600   0.952400   0.952400   0.952400   0.952400   0.959200   0.969400   0.976200 
18   0.942400   0.942400   0.942400   0.942400   0.942400   0.942400   0.949600   0.949600   0.949600   0.949600   0.956800   0.967600   0.974800 
19   0.939200   0.939200   0.939200   0.939200   0.939200   0.939200   0.946800   0.946800   0.946800   0.946800   0.954400   0.965800   0.973400 
20   0.936000   0.936000   0.936000   0.936000   0.936000   0.936000   0.944000   0.944000   0.944000   0.944000   0.952000   0.964000   0.972000 
21   0.932800   0.932800   0.932800   0.932800   0.932800   0.932800   0.941200   0.941200   0.941200   0.941200   0.949600   0.962200   0.970600 
22   0.929600   0.929600   0.929600   0.929600   0.929600   0.929600   0.938400   0.938400   0.938400   0.938400   0.947200   0.960400   0.969200 
23   0.926400   0.926400   0.926400   0.926400   0.926400   0.926400   0.935600   0.935600   0.935600   0.935600   0.944800   0.958600   0.967800 
24   0.923200   0.923200   0.923200   0.923200   0.923200   0.923200   0.932800   0.932800   0.932800   0.932800   0.942400   0.956800   0.966400 
25   0.920000   0.920000   0.920000   0.920000   0.920000   0.920000   0.930000   0.930000   0.930000   0.930000   0.940000   0.955000   0.965000 
26   0.916800   0.916800   0.916800   0.916800   0.916800   0.916800   0.927200   0.927200   0.927200   0.927200   0.937600   0.953200   0.963600 
27   0.913600   0.913600   0.913600   0.913600   0.913600   0.913600   0.924400   0.924400   0.924400   0.924400   0.935200   0.951400   0.962200 
28   0.910400   0.910400   0.910400   0.910400   0.910400   0.910400   0.921600   0.921600   0.921600   0.921600   0.932800   0.949600   0.960800 
29   0.907200   0.907200   0.907200   0.907200   0.907200   0.907200   0.918800   0.918800   0.918800   0.918800   0.930400   0.947800   0.959400 
30   0.904000   0.904000   0.904000   0.904000   0.904000   0.904000   0.916000   0.916000   0.916000   0.916000   0.928000   0.946000   0.958000 
31   0.900800   0.900800   0.900800   0.900800   0.900800   0.900800   0.913200   0.913200   0.913200   0.913200   0.925600   0.944200   0.956600 
32   0.897600   0.897600   0.897600   0.897600   0.897600   0.897600   0.910400   0.910400   0.910400   0.910400   0.923200   0.942400   0.955200 
33   0.894400   0.894400   0.894400   0.894400   0.894400   0.894400   0.907600   0.907600   0.907600   0.907600   0.920800   0.940600   0.953800 
34   0.891200   0.891200   0.891200   0.891200   0.891200   0.891200   0.904800   0.904800   0.904800   0.904800   0.918400   0.938800   0.952400 
35   0.888000   0.888000   0.888000   0.888000   0.888000   0.888000   0.902000   0.902000   0.902000   0.902000   0.916000   0.937000   0.951000 
36   0.884800   0.884800   0.884800   0.884800   0.884800   0.884800   0.899200   0.899200   0.899200   0.899200   0.913600   0.935200   0.949600 
37   0.881600   0.881600   0.881600   0.881600   0.881600   0.881600   0.896400   0.896400   0.896400   0.896400   0.911200   0.933400   0.948200 
38   0.878400   0.878400   0.878400   0.878400   0.878400   0.878400   0.893600   0.893600   0.893600   0.893600   0.908800   0.931600   0.946800 
39   0.875200   0.875200   0.875200   0.875200   0.875200   0.875200   0.890800   0.890800   0.890800   0.890800   0.906400   0.929800   0.945400 
40   0.872000   0.872000   0.872000   0.872000   0.872000   0.872000   0.888000   0.888000   0.888000   0.888000   0.904000   0.928000   0.944000 
41   0.868800   0.868800   0.868800   0.868800   0.868800   0.868800   0.885200   0.885200   0.885200   0.885200   0.901600   0.926200   0.942600 
42   0.865600   0.865600   0.865600   0.865600   0.865600   0.865600   0.882400   0.882400   0.882400   0.882400   0.899200   0.924400   0.941200 
43   0.862400   0.862400   0.862400   0.862400   0.862400   0.862400   0.879600   0.879600   0.879600   0.879600   0.896800   0.922600   0.939800 
44   0.859200   0.859200   0.859200   0.859200   0.859200   0.859200   0.876800   0.876800   0.876800   0.876800   0.894400   0.920800   0.938400 
45   0.856000   0.856000   0.856000   0.856000   0.856000   0.856000   0.874000   0.874000   0.874000   0.874000   0.892000   0.919000   0.937000 
46   0.852800   0.852800   0.852800   0.852800   0.852800   0.852800   0.871200   0.871200   0.871200   0.871200   0.889600   0.917200   0.935600 
47   0.849600   0.849600   0.849600   0.849600   0.849600   0.849600   0.868400   0.868400   0.868400   0.868400   0.887200   0.915400   0.934200 
48   0.846400   0.846400   0.846400   0.846400   0.846400   0.846400   0.865600   0.865600   0.865600   0.865600   0.884800   0.913600   0.932800 
49   0.843200   0.843200   0.843200   0.843200   0.843200   0.843200   0.862800   0.862800   0.862800   0.862800   0.882400   0.911800   0.931400 
50   0.840000   0.840000   0.840000   0.840000   0.840000   0.840000   0.860000   0.860000   0.860000   0.860000   0.880000   0.910000   0.930000 
51   0.836800   0.836800   0.836800   0.836800   0.836800   0.836800   0.857200   0.857200   0.857200   0.857200   0.877600   0.908200   0.928600 
52   0.833600   0.833600   0.833600   0.833600   0.833600   0.833600   0.854400   0.854400   0.854400   0.854400   0.875200   0.906400   0.927200 
53   0.830400   0.830400   0.830400   0.830400   0.830400   0.830400   0.851600   0.851600   0.851600   0.851600   0.872800   0.904600   0.925800 
54   0.827200   0.827200   0.827200   0.827200   0.827200   0.827200   0.848800   0.848800   0.848800   0.848800   0.870400   0.902800   0.924400 
55   0.824000   0.824000   0.824000   0.824000   0.824000   0.824000   0.846000   0.846000   0.846000   0.846000   0.868000   0.901000   0.923000 
56   0.820800   0.820800   0.820800   0.820800   0.820800   0.820800   0.843200   0.843200   0.843200   0.843200   0.865600   0.899200   0.921600 
57   0.817600   0.817600   0.817600   0.817600   0.817600   0.817600   0.840400   0.840400   0.840400   0.840400   0.863200   0.897400   0.920200 
58   0.814400   0.814400   0.814400   0.814400   0.814400   0.814400   0.837600   0.837600   0.837600   0.837600   0.860800   0.895600   0.918800 
59   0.811200   0.811200   0.811200   0.811200   0.811200   0.811200   0.834800   0.834800   0.834800   0.834800   0.858400   0.893800   0.917400 
60   0.808000   0.808000   0.808000   0.808000   0.808000   0.808000   0.832000   0.832000   0.832000   0.832000   0.856000   0.892000   0.916000 
61   0.804800   0.804800   0.804800   0.804800   0.804800   0.804800   0.829200   0.829200   0.829200   0.829200   0.853600   0.890200   0.914600 
62   0.801600   0.801600   0.801600   0.801600   0.801600   0.801600   0.826400   0.826400   0.826400   0.826400   0.851200   0.888400   0.913200 
63   0.798400   0.798400   0.798400   0.798400   0.798400   0.798400   0.823600   0.823600   0.823600   0.823600   0.848800   0.886600   0.911800 
64   0.795200   0.795200   0.795200   0.795200   0.795200   0.795200   0.820800   0.820800   0.820800   0.820800   0.846400   0.884800   0.910400 
65   0.792000   0.792000   0.792000   0.792000   0.792000   0.792000   0.818000   0.818000   0.818000   0.818000   0.844000   0.883000   0.909000 
66   0.788800   0.788800   0.788800   0.788800   0.788800   0.788800   0.815200   0.815200   0.815200   0.815200   0.841600   0.881200   0.907600 
67   0.785600   0.785600   0.785600   0.785600   0.785600   0.785600   0.812400   0.812400   0.812400   0.812400   0.839200   0.879400   0.906200 
68   0.782400   0.782400   0.782400   0.782400   0.782400   0.782400   0.809600   0.809600   0.809600   0.809600   0.836800   0.877600   0.904800 
69   0.779200   0.779200   0.779200   0.779200   0.779200   0.779200   0.806800   0.806800   0.806800   0.806800   0.834400   0.875800   0.903400 
70   0.776000   0.776000   0.776000   0.776000   0.776000   0.776000   0.804000   0.804000   0.804000   0.804000   0.832000   0.874000   0.902000 
71   0.772800   0.772800   0.772800   0.772800   0.772800   0.772800   0.801200   0.801200   0.801200   0.801400   0.829600   0.872200   0.900600 
72   0.769600   0.769600   0.769600   0.769600   0.769600   0.769600   0.798400   0.798400   0.798400   0.798800   0.827200   0.870400   0.899200 
73   0.766400   0.766400   0.766400   0.766400   0.766400   0.766400   0.795600   0.795600   0.795600   0.796200   0.824800   0.868600   0.897800 
74   0.763200   0.763200   0.763200   0.763200   0.763200   0.763200   0.792800   0.792800   0.792800   0.793600   0.822400   0.866800   0.896400 
75   0.760000   0.760000   0.760000   0.760000   0.760000   0.760000   0.790000   0.790000   0.790000   0.791000   0.820000   0.865000   0.895000 
76   0.756800   0.756800   0.756800   0.756800   0.756800   0.756800   0.787200   0.787200   0.787200   0.788400   0.817600   0.863200   0.893600 
77   0.753600   0.753600   0.753600   0.753600   0.753600   0.753600   0.784400   0.784400   0.784400   0.785800   0.815200   0.861400   0.892200 
78   0.750400   0.750400   0.750400   0.750400   0.750400   0.750400   0.781600   0.781600   0.781600   0.783200   0.812800   0.859600   0.890800 
79   0.747200   0.747200   0.747200   0.747200   0.747200   0.747200   0.778800   0.778800   0.778800   0.780600   0.810400   0.857800   0.889400 
80   0.744000   0.744000   0.744000   0.744000   0.744000   0.744000   0.776000   0.776000   0.776000   0.778000   0.808000   0.856000   0.888000 
81   0.740800   0.740800   0.740800   0.740800   0.740800   0.740800   0.773200   0.773200   0.773200   0.775400   0.805600   0.854200   0.886600 
82   0.737600   0.737600   0.737600   0.737600   0.737600   0.737600   0.770400   0.770400   0.770400   0.772800   0.803200   0.852400   0.885200 
83   0.734400   0.734400   0.734400   0.734400   0.734400   0.734400   0.767600   0.767600   0.767600   0.770200   0.800800   0.850600   0.883800 
84   0.731200   0.731200   0.731200   0.731200   0.731200   0.731200   0.764800   0.764800   0.764800   0.767600   0.798400   0.848800   0.882400 
85   0.728000   0.728000   0.728000   0.728000   0.728000   0.728000   0.762000   0.762000   0.762000   0.765000   0.796000   0.847000   0.881000 
86   0.724800   0.724800   0.724800   0.724800   0.724800   0.724800   0.759200   0.759200   0.759200   0.762400   0.793600   0.845200   0.879600 
87   0.721600   0.721600   0.721600   0.721600   0.721600   0.721600   0.756400   0.756400   0.756400   0.759800   0.791200   0.843400   0.878200 
88   0.718400   0.718400   0.718400   0.718400   0.718400   0.718400   0.753600   0.753600   0.753600   0.757200   0.788800   0.841800   0.876800 
89   0.715200   0.715200   0.715200   0.715200   0.715200   0.715200   0.750800   0.750800   0.750800   0.754600   0.786400   0.840200   0.875400 
90   0.712000   0.712000   0.712000   0.712000   0.712000   0.712000   0.748000   0.748000   0.748000   0.752000   0.784000   0.838600   0.874000 
91   0.708800   0.708800   0.708800   0.708800   0.708800   0.708800   0.745200   0.745200   0.745200   0.749400   0.781600   0.837000   0.872600 
92   0.705600   0.705600   0.705600   0.705600   0.705600   0.705600   0.742400   0.742400   0.742400   0.746800   0.779200   0.835400   0.871200 
93   0.702400   0.702400   0.702400   0.702400   0.702400   0.702400   0.739600   0.739600   0.739600   0.744200   0.776800   0.833800   0.869800 
94   0.699200   0.699200   0.699200   0.699200   0.699200   0.699200   0.736800   0.736800   0.736800   0.741600   0.774400   0.832200   0.868400 
95   0.696000   0.696000   0.696000   0.696000   0.696000   0.696000   0.734000   0.734000   0.734000   0.739000   0.772000   0.830600   0.867000 
96   0.692800   0.692800   0.692800   0.692800   0.692800   0.692800   0.731200   0.731200   0.731200   0.736400   0.769600   0.829000   0.865600 
97   0.689600   0.689600   0.689600   0.689600   0.689600   0.689600   0.728400   0.728400   0.728400   0.733800   0.767200   0.827400   0.864200 
98   0.686400   0.686400   0.686400   0.686400   0.686400   0.686400   0.725600   0.725600   0.725600   0.731200   0.764800   0.825800   0.862800 
99   0.683200   0.683200   0.683200   0.683200   0.683200   0.683200   0.722800   0.722800   0.722800   0.728600   0.762400   0.824200   0.861400 
100   0.680000   0.680000   0.680000   0.680000   0.680000   0.680000   0.720000   0.720000   0.720000   0.726000   0.760000   0.822600   0.860000 
101   0.676800   0.676800   0.676800   0.676800   0.676800   0.676800   0.717200   0.717200   0.717200   0.723400   0.757600   0.821000   0.858600 
102   0.673600   0.673600   0.673600   0.673600   0.673600   0.673600   0.714400   0.714400   0.714400   0.720800   0.755200   0.819400   0.857200 
103   0.670400   0.670400   0.670400   0.670400   0.670400   0.670400   0.711600   0.711600   0.711600   0.718200   0.752800   0.817800   0.855800 
104   0.667200   0.667200   0.667200   0.667200   0.667200   0.667200   0.708800   0.708800   0.708800   0.715600   0.750400   0.816200   0.854400 
105   0.664000   0.664000   0.664000   0.664000   0.664000   0.664000   0.706000   0.706000   0.706000   0.713000   0.748000   0.814600   0.853000 
106   0.660800   0.660800   0.660800   0.660800   0.660800   0.660800   0.703200   0.703200   0.703200   0.710400   0.745600   0.813000   0.851600 
107   0.657600   0.657600   0.657600   0.657600   0.657600   0.657600   0.700400   0.700400   0.700400   0.707800   0.743200   0.811400   0.850200 
108   0.654400   0.654400   0.654400   0.654400   0.654400   0.654400   0.697600   0.697600   0.697600   0.705200   0.740800   0.809800   0.848800 
109   0.651200   0.651200   0.651200   0.651200   0.651200   0.651200   0.694800   0.694800   0.694800   0.702600   0.738400   0.808200   0.847400 
110   0.648000   0.648000   0.648000   0.648000   0.648000   0.648200   0.692000   0.692000   0.692000   0.700000   0.736000   0.806600   0.846000 
111   0.644800   0.644800   0.644800   0.644800   0.644800   0.645200   0.689200   0.689200   0.689200   0.697400   0.733600   0.805000   0.844600 
112   0.641600   0.641600   0.641600   0.641600   0.641600   0.642200   0.686400   0.686400   0.686400   0.694800   0.731200   0.803400   0.843200 
113   0.638400   0.638400   0.638400   0.638400   0.638400   0.639200   0.683600   0.683600   0.683600   0.692200   0.728800   0.801800   0.841800 
114   0.635200   0.635200   0.635200   0.635200   0.635200   0.636200   0.680800   0.680800   0.680800   0.689600   0.726400   0.800200   0.840400 
115   0.632000   0.632000   0.632000   0.632000   0.632000   0.633200   0.678000   0.678000   0.678000   0.687000   0.724000   0.798600   0.839000 
116   0.628800   0.628800   0.628800   0.628800   0.628800   0.630200   0.675200   0.675200   0.675200   0.684400   0.721600   0.797000   0.837600 
117   0.625600   0.625600   0.625600   0.625600   0.625600   0.627200   0.672400   0.672400   0.672400   0.681800   0.719200   0.795400   0.836200 
118   0.622400   0.622400   0.622400   0.622400   0.622400   0.624200   0.669600   0.669600   0.669600   0.679200   0.716800   0.793800   0.834800 
119   0.619200   0.619200   0.619200   0.619200   0.619200   0.621200   0.666800   0.666800   0.666800   0.676600   0.714400   0.792200   0.833400 
120   0.616000   0.616000   0.616000   0.616000   0.616000   0.618200   0.664000   0.664000   0.664000   0.674000   0.712000   0.790600   0.832000 
121   0.612800   0.612800   0.612800   0.612800   0.612800   0.615200   0.661200   0.661200   0.661200   0.671400   0.709600   0.789000   0.830600 
122   0.609600   0.609600   0.609600   0.609600   0.609600   0.612200   0.658400   0.658400   0.658400   0.668800   0.707200   0.787400   0.829200 
123   0.606400   0.606400   0.606400   0.606400   0.606400   0.609200   0.655600   0.655600   0.655600   0.666200   0.704800   0.785800   0.827800 
124   0.603200   0.603200   0.603200   0.603200   0.603200   0.606200   0.652800   0.652800   0.652800   0.663600   0.702400   0.784200   0.826400 
125   0.600000   0.600000   0.600000   0.600000   0.600000   0.603200   0.650000   0.650000   0.650000   0.661000   0.700000   0.782600   0.825000 
126   0.596800   0.596800   0.596800   0.596800   0.597000   0.600200   0.647200   0.647200   0.647200   0.658400   0.697600   0.781000   0.823600 
127   0.593600   0.593600   0.593600   0.593600   0.594000   0.597200   0.644400   0.644400   0.644400   0.655800   0.695200   0.779400   0.822200 
128   0.590400   0.590400   0.590400   0.590400   0.591000   0.594200   0.641600   0.641600   0.641600   0.653200   0.692800   0.777800   0.820800 
129   0.587200   0.587200   0.587200   0.587200   0.588000   0.591200   0.638800   0.638800   0.638800   0.650600   0.690400   0.776200   0.819400 
130   0.584000   0.584000   0.584000   0.584000   0.585000   0.588200   0.636000   0.636000   0.636000   0.648000   0.688000   0.774600   0.818000 
131   0.580800   0.580800   0.580800   0.580800   0.582000   0.585200   0.633200   0.633200   0.633200   0.645400   0.685600   0.773000   0.816600 
132   0.577600   0.577600   0.577600   0.577600   0.579000   0.582200   0.630400   0.630400   0.630400   0.642800   0.683200   0.771400   0.815200 
133   0.574400   0.574400   0.574400   0.574400   0.576000   0.579200   0.627600   0.627600   0.627600   0.640200   0.680800   0.769800   0.813800 
134   0.571200   0.571200   0.571200   0.571200   0.573000   0.576200   0.624800   0.624800   0.624800   0.637600   0.678400   0.768200   0.812400 
135   0.568000   0.568000   0.568000   0.568000   0.570000   0.573200   0.622200   0.622000   0.622000   0.635000   0.676000   0.766600   0.811000 
136   0.564800   0.564800   0.564800   0.564800   0.567000   0.570200   0.619600   0.619200   0.619200   0.632400   0.673600   0.765000   0.809600 
137   0.561600   0.561600   0.561600   0.561600   0.564000   0.567200   0.617000   0.616400   0.616400   0.629800   0.671200   0.763400   0.808200 
138   0.558400   0.558400   0.558400   0.558400   0.561000   0.564200   0.614400   0.613600   0.613600   0.627200   0.668800   0.761800   0.806800 
139   0.555200   0.555200   0.555200   0.555200   0.558000   0.561200   0.611800   0.610800   0.610800   0.624600   0.666400   0.760200   0.805400 
140   0.552000   0.552000   0.552000   0.552000   0.555000   0.558200   0.609200   0.608000   0.608000   0.622000   0.664000   0.758600   0.804000 
141   0.549000   0.549000   0.548800   0.548800   0.552000   0.555200   0.606600   0.605200   0.605200   0.619400   0.661600   0.757000   0.802600 
142   0.546000   0.546000   0.545800   0.545600   0.549000   0.552200   0.604000   0.602400   0.602400   0.616800   0.659200   0.755400   0.801200 
143   0.543000   0.543000   0.542800   0.542600   0.546000   0.549200   0.601400   0.599600   0.599600   0.614200   0.656800   0.753800   0.799800 
144   0.540000   0.540000   0.539800   0.539600   0.543000   0.546200   0.598800   0.596800   0.596800   0.611600   0.654400   0.752200   0.798400 
145   0.537000   0.537000   0.536800   0.536600   0.540000   0.543200   0.596200   0.594000   0.594000   0.609000   0.652000   0.750600   0.797000 
146   0.534000   0.534000   0.533800   0.533600   0.537000   0.540200   0.593600   0.591200   0.591200   0.606400   0.649600   0.749000   0.795600 
147   0.531000   0.531000   0.530800   0.530600   0.534000   0.537200   0.591000   0.588400   0.588400   0.603800   0.647200   0.747400   0.794200 
148   0.528000   0.528000   0.527800   0.527600   0.531000   0.534200   0.588400   0.585600   0.585600   0.601200   0.644800   0.745800   0.792800 
149   0.525000   0.525000   0.524800   0.524600   0.528000   0.531200   0.585800   0.582800   0.582800   0.598600   0.642400   0.744200   0.791400 
150   0.522000   0.522000   0.521800   0.521600   0.525000   0.528200   0.583200   0.580000   0.580000   0.596000   0.640000   0.742600   0.790000 
151   0.519000   0.519000   0.518800   0.518600   0.522000   0.525200   0.580600   0.577200   0.577200   0.593400   0.637600   0.741000   0.788600 
152   0.516000   0.516000   0.515800   0.515600   0.519000   0.522200   0.578000   0.574400   0.574400   0.590800   0.635200   0.739400   0.787200 
153   0.513000   0.513000   0.512800   0.512600   0.516000   0.519200   0.575400   0.571600   0.571600   0.588200   0.632800   0.737800   0.785800 
154   0.510000   0.510000   0.509800   0.509600   0.513000   0.516200   0.572800   0.568800   0.568800   0.585600   0.630400   0.736200   0.784400 
155   0.507000   0.507000   0.506800   0.506600   0.510000   0.513200   0.570200   0.566000   0.566000   0.583000   0.628000   0.734600   0.783000 
156   0.504000   0.504000   0.503800   0.503600   0.507000   0.510200   0.567600   0.563200   0.563200   0.580400   0.625600   0.733000   0.781600 
157   0.501000   0.501000   0.500800   0.500600   0.504000   0.507200   0.565000   0.560400   0.560400   0.577800   0.623200   0.731400   0.780200 
158   0.498000   0.498000   0.497800   0.497600   0.501000   0.504200   0.562400   0.557600   0.557600   0.575200   0.620800   0.729800   0.778800 
159   0.495000   0.495000   0.494800   0.494600   0.498000   0.501200   0.559800   0.554800   0.554800   0.572600   0.618400   0.728200   0.777400 
160   0.492000   0.492000   0.491800   0.491600   0.495000   0.498200   0.557200   0.552000   0.552000   0.570000   0.616000   0.726600   0.776000 
161   0.489000   0.489000   0.488800   0.488600   0.492000   0.495200   0.554600   0.549200   0.549200   0.567400   0.613600   0.725000   0.774600 
162   0.486000   0.486000   0.485800   0.485600   0.489000   0.492200   0.552000   0.546400   0.546400   0.564800   0.611200   0.723400   0.773200 
163   0.483000   0.483000   0.482800   0.482600   0.486000   0.489600   0.549400   0.543600   0.543600   0.562200   0.608800   0.721800   0.771800 
164   0.480000   0.480000   0.479800   0.479600   0.483000   0.487000   0.546800   0.540800   0.540800   0.559600   0.606400   0.720200   0.770400 
165   0.477000   0.477000   0.476800   0.476600   0.480000   0.484400   0.544200   0.538000   0.538000   0.557000   0.604000   0.718600   0.769000 
166   0.474000   0.474000   0.473800   0.473600   0.477000   0.481800   0.541600   0.535200   0.535200   0.554400   0.601600   0.717000   0.767600 
167   0.471000   0.471000   0.470800   0.470600   0.474000   0.479200   0.539000   0.532400   0.532400   0.551800   0.599400   0.715400   0.766200 
168   0.468000   0.468000   0.467800   0.467600   0.471000   0.476600   0.536400   0.529600   0.529600   0.549200   0.597200   0.713800   0.764800 
169   0.465000   0.465000   0.464800   0.464600   0.468000   0.474200   0.533800   0.526800   0.526800   0.546600   0.595000   0.712200   0.763400 
170   0.462000   0.462000   0.461800   0.461600   0.465000   0.471800   0.531200   0.524200   0.524000   0.544000   0.592800   0.710600   0.762000 
171   0.459000   0.459000   0.458800   0.458600   0.462000   0.469400   0.528600   0.521600   0.521200   0.541400   0.590600   0.709000   0.760600 
172   0.456000   0.456000   0.455800   0.455600   0.459000   0.467000   0.526000   0.519000   0.518400   0.538800   0.588400   0.707400   0.759200 
173   0.453000   0.453000   0.452800   0.452600   0.456000   0.464600   0.523400   0.516400   0.515600   0.536200   0.586200   0.705800   0.757800 
174   0.450000   0.450000   0.449800   0.449600   0.453000   0.462200   0.520800   0.513800   0.512800   0.533600   0.584000   0.704200   0.756400 
175   0.447000   0.447000   0.446800   0.446600   0.450000   0.459800   0.518200   0.511200   0.510000   0.531200   0.581800   0.702600   0.755000 
176   0.444000   0.444000   0.443800   0.443600   0.447000   0.457400   0.515600   0.508600   0.507200   0.528800   0.579600   0.701000   0.753600 
177   0.441000   0.441000   0.440800   0.440600   0.444000   0.455000   0.513000   0.506000   0.504400   0.526400   0.577400   0.699400   0.752200 
178   0.438000   0.438000   0.437800   0.437600   0.441000   0.452600   0.510400   0.503400   0.501600   0.524000   0.575200   0.697800   0.750800 
179   0.435000   0.435000   0.434800   0.434600   0.438000   0.450200   0.507800   0.500800   0.498800   0.521600   0.573000   0.696200   0.749400 
180   0.432000   0.432000   0.431800   0.431600   0.435000   0.447800   0.505200   0.498200   0.496000   0.519200   0.571000   0.694600   0.748000 
181   0.429000   0.429000   0.428800   0.428600   0.432000   0.445400   0.502600   0.495600   0.493200   0.516800   0.569000   0.693000   0.746600 
182   0.426000   0.426000   0.425800   0.425600   0.429000   0.443000   0.500000   0.493000   0.490400   0.514400   0.567000   0.691400   0.745200 
183   0.423000   0.423000   0.422800   0.422600   0.426000   0.440600   0.497400   0.490400   0.487600   0.512000   0.565000   0.689800   0.743800 
184   0.420000   0.420000   0.419800   0.419600   0.423000   0.438200   0.494800   0.487800   0.484800   0.509600   0.563000   0.688200   0.742400 
185   0.417000   0.417000   0.416800   0.416600   0.420000   0.435800   0.492200   0.485200   0.482000   0.507200   0.561200   0.686600   0.741000 
186   0.414000   0.414000   0.413800   0.413600   0.417000   0.433400   0.489600   0.482600   0.479200   0.504800   0.559400   0.685000   0.739600 
187   0.411000   0.411000   0.410800   0.410600   0.414000   0.431000   0.487000   0.480000   0.476400   0.502400   0.557600   0.683400   0.738200 
188   0.408200   0.408000   0.407800   0.407600   0.411000   0.428600   0.484400   0.477400   0.473600   0.500000   0.555800   0.681800   0.736800 
189   0.405400   0.405000   0.404800   0.404600   0.408000   0.426200   0.482000   0.474800   0.470800   0.497600   0.554000   0.680200   0.735400 
190   0.402600   0.402000   0.401800   0.401600   0.405000   0.423800   0.479600   0.472200   0.468000   0.495200   0.552200   0.678600   0.734000 
191   0.399800   0.399000   0.398800   0.398600   0.402000   0.421400   0.477200   0.469600   0.465200   0.492800   0.550400   0.677000   0.732600 
192   0.397000   0.396000   0.395800   0.395600   0.399000   0.419000   0.474800   0.467000   0.462400   0.490400   0.548600   0.675400   0.731200 
193   0.394200   0.393000   0.392800   0.392600   0.396200   0.416600   0.472400   0.464400   0.459600   0.488000   0.546800   0.673800   0.729800 
194   0.391400   0.390000   0.389800   0.389600   0.393400   0.414200   0.470000   0.461800   0.456800   0.485800   0.545000   0.672200   0.728400 
195   0.388600   0.387000   0.386800   0.386600   0.390600   0.411800   0.467600   0.459200   0.454000   0.483600   0.543200   0.670600   0.727000 
196   0.385800   0.384000   0.383800   0.383600   0.387800   0.409400   0.465200   0.456600   0.451400   0.481400   0.541400   0.669000   0.725600 
197   0.383000   0.381200   0.380800   0.380600   0.385200   0.407000   0.462800   0.454000   0.448800   0.479200   0.539600   0.667400   0.724200 
198   0.380200   0.378400   0.377800   0.377600   0.382600   0.404600   0.460400   0.451400   0.446200   0.477000   0.537800   0.665800   0.722800 
199   0.377400   0.375600   0.374800   0.374600   0.380000   0.402200   0.458200   0.448800   0.443600   0.474800   0.536000   0.664200   0.721400 
200   0.374600   0.372800   0.371800   0.371600   0.377400   0.399800   0.456000   0.446200   0.441000   0.472600   0.534200   0.662600   0.720000 
201   0.371800   0.370000   0.369000   0.368600   0.374800   0.397400   0.453800   0.443600   0.438400   0.470400   0.532400   0.661000   0.718600 
202   0.369000   0.367200   0.366200   0.365600   0.372200   0.395000   0.451600   0.441000   0.435800   0.468200   0.530600   0.659400   0.717200 
203   0.366200   0.364400   0.363400   0.362600   0.369600   0.392800   0.449400   0.438400   0.433200   0.466000   0.528800   0.657800   0.715800 
204   0.363400   0.361600   0.360600   0.359800   0.367000   0.390600   0.447200   0.435800   0.430600   0.463800   0.527000   0.656200   0.714400 
205   0.360600   0.358800   0.357800   0.357000   0.364400   0.388400   0.445000   0.433200   0.428000   0.461600   0.525200   0.654600   0.713000 
206   0.357800   0.356000   0.355000   0.354200   0.361800   0.386200   0.442800   0.430600   0.425400   0.459400   0.523400   0.653000   0.711600 
207   0.355000   0.353200   0.352200   0.351400   0.359200   0.384000   0.440600   0.428000   0.422800   0.457200   0.521600   0.651400   0.710200 
208   0.352400   0.350400   0.349400   0.348600   0.356600   0.381800   0.438400   0.425400   0.420400   0.455000   0.519800   0.649800   0.708800 
209   0.349800   0.347800   0.346600   0.345800   0.354000   0.379600   0.436200   0.422800   0.418000   0.452800   0.518000   0.648200   0.707400 
210   0.347400   0.345200   0.343800   0.343000   0.351600   0.377400   0.434000   0.420200   0.415600   0.450600   0.516200   0.646600   0.706000 
211   0.345000   0.342600   0.341000   0.340200   0.349200   0.375200   0.431800   0.417600   0.413200   0.448400   0.514400   0.645000   0.704600 
212   0.342600   0.340000   0.338200   0.337400   0.346800   0.373000   0.429600   0.415000   0.410800   0.446200   0.512600   0.643400   0.703200 
213   0.340200   0.337400   0.335400   0.334600   0.344400   0.370800   0.427400   0.412400   0.408400   0.444000   0.510800   0.641800   0.701800 
214   0.337800   0.334800   0.332600   0.331800   0.342000   0.368600   0.425200   0.409800   0.406000   0.441800   0.509000   0.640200   0.700400 
215   0.335400   0.332200   0.329800   0.329000   0.339600   0.366400   0.423000   0.407200   0.403600   0.439600   0.507200   0.638600   0.699000 
216   0.333000   0.329600   0.327000   0.326400   0.337200   0.364200   0.420800   0.404600   0.401200   0.437400   0.505400   0.637000   0.697600 
217   0.330600   0.327000   0.324200   0.323800   0.334800   0.362000   0.418600   0.402200   0.398800   0.435200   0.503600   0.635400   0.696200 
218   0.328200   0.324400   0.321400   0.321200   0.332400   0.359800   0.416400   0.399800   0.396400   0.433000   0.501800   0.633800   0.694800 
219   0.325800   0.321800   0.318800   0.318600   0.330000   0.357600   0.414200   0.397400   0.394000   0.430800   0.500000   0.632200   0.693400 
220   0.323400   0.319400   0.316200   0.316000   0.327600   0.355400   0.412000   0.395000   0.391600   0.428600   0.498200   0.630600   0.692000 
221   0.321000   0.317000   0.313600   0.313400   0.325200   0.353200   0.409800   0.392600   0.389200   0.426400   0.496400   0.629000   0.690600 
222   0.318600   0.314600   0.311400   0.310800   0.322800   0.351000   0.407600   0.390200   0.386800   0.424200   0.494600   0.627400   0.689200 
223   0.316200   0.312200   0.309200   0.308200   0.320400   0.348800   0.405400   0.387800   0.384400   0.422000   0.492800   0.625800   0.687800 
224   0.313800   0.309800   0.307000   0.305600   0.318000   0.346600   0.403200   0.385400   0.382000   0.419800   0.491000   0.624200   0.686400 
225   0.311400   0.307400   0.304800   0.303000   0.315600   0.344400   0.401000   0.383000   0.379600   0.417600   0.489200   0.622600   0.685000 
226   0.309000   0.305000   0.302600   0.300400   0.313200   0.342200   0.398800   0.380600   0.377200   0.415400   0.487400   0.621000   0.683600 
227   0.306600   0.302600   0.300400   0.297800   0.310800   0.340000   0.396600   0.378200   0.374800   0.413200   0.485600   0.619600   0.682200 
228   0.304200   0.300200   0.298200   0.295200   0.308400   0.337800   0.394400   0.375800   0.372400   0.411000   0.483800   0.618200   0.680800 
229   0.301800   0.297800   0.296000   0.292600   0.306000   0.335600   0.392200   0.373400   0.370000   0.408800   0.482000   0.616800   0.679400 
230   0.299400   0.295400   0.293800   0.290000   0.303600   0.333400   0.390000   0.371000   0.367600   0.406600   0.480200   0.615400   0.678000 
231   0.297000   0.293000   0.291600   0.287400   0.301200   0.331200   0.387800   0.368600   0.365200   0.404400   0.478400   0.614000   0.676600 
232   0.294800   0.290600   0.289400   0.285000   0.298800   0.329000   0.385600   0.366200   0.362800   0.402200   0.476600   0.612600   0.675200 
233   0.292600   0.288200   0.287200   0.282600   0.296400   0.326800   0.383400   0.363800   0.360400   0.400000   0.474800   0.611200   0.673800 
234   0.290400   0.286000   0.285000   0.280200   0.294000   0.324600   0.381200   0.361400   0.358200   0.397800   0.473000   0.609800   0.672400 
235   0.288200   0.283800   0.282800   0.277800   0.291600   0.322400   0.379000   0.359000   0.356000   0.395600   0.471200   0.608400   0.671000 
236   0.286000   0.281600   0.280600   0.275400   0.289200   0.320200   0.376800   0.356600   0.353800   0.393400   0.469400   0.607000   0.669600 
237   0.283800   0.279400   0.278400   0.273000   0.286800   0.318000   0.374600   0.354200   0.351600   0.391200   0.467600   0.605600   0.668200 
238   0.281600   0.277200   0.276200   0.270800   0.284400   0.315800   0.372400   0.351800   0.349400   0.389000   0.465800   0.604200   0.666800 
239   0.279400   0.275000   0.274000   0.268600   0.282000   0.313600   0.370200   0.349400   0.347200   0.386800   0.464000   0.602800   0.665400 
240   0.277200   0.272800   0.271800   0.266400   0.279600   0.311400   0.368000   0.347000   0.345000   0.384600   0.462200   0.601400   0.664000 
241   0.275000   0.270600   0.269600   0.264200   0.277200   0.309200   0.365800   0.344600   0.342800   0.382400   0.460400   0.600000   0.662600 
242   0.272800   0.268400   0.267400   0.262000   0.274800   0.307000   0.363600   0.342200   0.340600   0.380200   0.458600   0.598600   0.661200 
243   0.270600   0.266200   0.265200   0.259800   0.272400   0.304800   0.361400   0.339800   0.338400   0.378000   0.456800   0.597200   0.659800 
244   0.268400   0.264000   0.263000   0.257600   0.270000   0.302600   0.359200   0.337400   0.336200   0.375800   0.455000   0.595800   0.658400 
245   0.266200   0.261800   0.260800   0.255400   0.267600   0.300400   0.357000   0.335000   0.334000   0.373600   0.453200   0.594400   0.657000 
246   0.264000   0.259600   0.258600   0.253200   0.265200   0.298200   0.354800   0.332600   0.331800   0.371400   0.451400   0.593000   0.655600 
247   0.261800   0.257400   0.256400   0.251000   0.263000   0.296000   0.352600   0.330200   0.329600   0.369200   0.449600   0.591600   0.654200 
248   0.259600   0.255200   0.254200   0.248800   0.260800   0.293800   0.350400   0.327800   0.327400   0.367000   0.447800   0.590200   0.652800 
249   0.257400   0.253000   0.252000   0.246600   0.258600   0.291600   0.348200   0.325400   0.325200   0.364800   0.446000   0.588800   0.651400 
250   0.255200   0.250800   0.249800   0.244400   0.256400   0.289400   0.346000   0.323000   0.323000   0.362600   0.444200   0.587400   0.650000 
251   0.253000   0.248600   0.247600   0.242200   0.254200   0.287200   0.343800   0.320600   0.320800   0.360400   0.442400   0.586000   0.648600 
252   0.250800   0.246400   0.245400   0.240000   0.252000   0.285000   0.341600   0.318200   0.318600   0.358400   0.440600   0.584600   0.647200 
253   0.248600   0.244200   0.243200   0.237800   0.249800   0.282800   0.339400   0.315800   0.316400   0.356400   0.438800   0.583200   0.645800 
254   0.246400   0.242000   0.241000   0.235600   0.247600   0.280600   0.337200   0.313400   0.314200   0.354400   0.437000   0.581800   0.644400 
255   0.244200   0.239800   0.238800   0.233400   0.245400   0.278400   0.335000   0.311000   0.312000   0.352400   0.435200   0.580400   0.643000 
256   0.242000   0.237600   0.236600   0.231200   0.243200   0.276200   0.332800   0.308600   0.309800   0.350400   0.433400   0.579000   0.641600 
257   0.239800   0.235400   0.234400   0.229000   0.241000   0.274000   0.330600   0.306200   0.307600   0.348400   0.431600   0.577600   0.640200 
258   0.237600   0.233200   0.232200   0.226800   0.238800   0.271800   0.328400   0.303800   0.305400   0.346400   0.429800   0.576200   0.638800 
259   0.235400   0.231000   0.230000   0.224600   0.236600   0.269600   0.326200   0.301400   0.303200   0.344400   0.428000   0.574800   0.637400 
260   0.233200   0.228800   0.227800   0.222400   0.234400   0.267400   0.324000   0.299000   0.301200   0.342400   0.426200   0.573400   0.636000 
261   0.231000   0.226600   0.225600   0.220200   0.232200   0.265200   0.321800   0.296600   0.299200   0.340400   0.424400   0.572000   0.634600 
262   0.228800   0.224400   0.223400   0.218000   0.230000   0.263000   0.319600   0.294200   0.297200   0.338400   0.422600   0.570600   0.633200 
263   0.226600   0.222200   0.221200   0.215800   0.227800   0.260800   0.317400   0.291800   0.295200   0.336400   0.420800   0.569200   0.632000 
264   0.224400   0.220000   0.219000   0.213600   0.225600   0.258600   0.315200   0.289400   0.293200   0.334400   0.419000   0.567800   0.630800 
265   0.222200   0.217800   0.216800   0.211400   0.223400   0.256400   0.313000   0.287000   0.291200   0.332400   0.417200   0.566400   0.629600 
266   0.220000   0.215600   0.214600   0.209200   0.221200   0.254200   0.310800   0.284600   0.289200   0.330400   0.415400   0.565200   0.628400 
267   0.217800   0.213400   0.212400   0.207000   0.219000   0.252000   0.308600   0.282200   0.287200   0.328400   0.413600   0.564000   0.627200 
268   0.215600   0.211200   0.210200   0.204800   0.216800   0.249800   0.306400   0.279800   0.285200   0.326400   0.411800   0.562800   0.626000 
269   0.213400   0.209000   0.208000   0.202600   0.214600   0.247600   0.304200   0.277400   0.283200   0.324400   0.410000   0.561600   0.624800 
270   0.211200   0.206800   0.205800   0.200400   0.212400   0.245400   0.302000   0.275000   0.281200   0.322400   0.408200   0.560600   0.623600 
271   0.209000   0.204600   0.203600   0.198200   0.210200   0.243200   0.299800   0.272600   0.279200   0.320400   0.406400   0.559600   0.622400 
272   0.206800   0.202400   0.201400   0.196000   0.208000   0.241000   0.297600   0.270400   0.277200   0.318400   0.404600   0.558600   0.621200 
273   0.204600   0.200200   0.199200   0.193800   0.205800   0.238800   0.295400   0.268200   0.275400   0.316400   0.402800   0.557600   0.620000 
274   0.202400   0.198000   0.197000   0.191600   0.203600   0.236600   0.293200   0.266000   0.273600   0.314400   0.401000   0.556600   0.618800 
275   0.200200   0.195800   0.194800   0.189400   0.201400   0.234400   0.291000   0.263800   0.272000   0.312400   0.399200   0.555600   0.617600 
276   0.198000   0.193600   0.192600   0.187200   0.199200   0.232200   0.288800   0.261600   0.270400   0.310400   0.397400   0.554600   0.616400 
277   0.195800   0.191400   0.190400   0.185000   0.197000   0.230000   0.286600   0.259400   0.268800   0.308400   0.395600   0.553600   0.615200 
278   0.193600   0.189200   0.188200   0.182800   0.194800   0.227800   0.284400   0.257200   0.267200   0.306400   0.393800   0.552600   0.614000 
279   0.191400   0.187000   0.186000   0.180600   0.192600   0.225600   0.282200   0.255200   0.265600   0.304400   0.392000   0.551600   0.612800 
280   0.189200   0.184800   0.183800   0.178400   0.190400   0.223400   0.280000   0.253200   0.264000   0.302400   0.390200   0.550600   0.611600 
281   0.187000   0.182600   0.181600   0.176200   0.188200   0.221200   0.277800   0.251200   0.262400   0.300400   0.388400   0.549600   0.610400 
282   0.184800   0.180400   0.179400   0.174000   0.186000   0.219000   0.275600   0.249200   0.260800   0.298400   0.386600   0.548600   0.609400 
283   0.182600   0.178200   0.177200   0.171800   0.183800   0.216800   0.273400   0.247200   0.259200   0.296400   0.384800   0.547600   0.608400 
284   0.180400   0.176000   0.175000   0.169600   0.181600   0.214600   0.271400   0.245200   0.257600   0.294400   0.383000   0.546600   0.607400 
285   0.178200   0.173800   0.172800   0.167400   0.179400   0.212400   0.269400   0.243200   0.256000   0.292400   0.381200   0.545600   0.606400 
286   0.176000   0.171600   0.170600   0.165200   0.177200   0.210200   0.267400   0.241200   0.254400   0.290400   0.379400   0.544600   0.605400 
287   0.173800   0.169400   0.168400   0.163000   0.175000   0.208000   0.265400   0.239200   0.252800   0.288400   0.377600   0.543600   0.604400 
288   0.171600   0.167200   0.166200   0.160800   0.172800   0.205800   0.263400   0.237200   0.251200   0.286400   0.375800   0.542600   0.603400 
289   0.169400   0.165000   0.164000   0.158600   0.170600   0.203600   0.261400   0.235400   0.249600   0.284400   0.374000   0.541600   0.602400 
290   0.167200   0.162800   0.161800   0.156400   0.168400   0.201400   0.259400   0.233600   0.248000   0.282400   0.372200   0.540600   0.601400 
291   0.165000   0.160600   0.159600   0.154200   0.166200   0.199200   0.257400   0.231800   0.246400   0.280400   0.370400   0.539600   0.600400 
292   0.162800   0.158400   0.157400   0.152000   0.164000   0.197000   0.255400   0.230000   0.244800   0.278400   0.368600   0.538600   0.599400 
293   0.160600   0.156200   0.155200   0.149800   0.161800   0.194800   0.253400   0.228200   0.243200   0.276400   0.366800   0.537600   0.598400 
294   0.158400   0.154000   0.153000   0.147600   0.159600   0.192600   0.251400   0.226400   0.241600   0.274400   0.365000   0.536600   0.597400 
295   0.156200   0.151800   0.150800   0.145400   0.157400   0.190400   0.249400   0.224600   0.240000   0.272400   0.363400   0.535600   0.596400 
296   0.154000   0.149600   0.148600   0.143200   0.155200   0.188200   0.247400   0.222800   0.238400   0.270400   0.361800   0.534600   0.595400 
297   0.151800   0.147400   0.146400   0.141000   0.153000   0.186000   0.245400   0.221000   0.236800   0.268400   0.360400   0.533600   0.594400 
298   0.149600   0.145200   0.144200   0.138800   0.150800   0.183800   0.243400   0.219200   0.235200   0.266400   0.359000   0.532600   0.593400 
299   0.147400   0.143000   0.142000   0.136600   0.148600   0.181600   0.241400   0.217400   0.233600   0.264400   0.357600   0.531600   0.592400 
300   0.145200   0.140800   0.139800   0.134400   0.146400   0.179400   0.239400   0.215600   0.232000   0.262400   0.356200   0.530600   0.591400 
301   0.143000   0.138600   0.137600   0.132200   0.144200   0.177200   0.237400   0.213800   0.230400   0.260400   0.354800   0.529600   0.590400 
302   0.140800   0.136400   0.135400   0.130000   0.142000   0.175000   0.235400   0.212000   0.228800   0.258400   0.353400   0.528600   0.589400 
303   0.138600   0.134200   0.133200   0.127800   0.140000   0.172800   0.233400   0.210200   0.227200   0.256400   0.352000   0.527600   0.588400 
304   0.136400   0.132000   0.131000   0.125600   0.138000   0.170600   0.231400   0.208400   0.225600   0.254400   0.350600   0.526600   0.587400 
305   0.134200   0.129800   0.128800   0.123400   0.136000   0.168400   0.229400   0.206600   0.224000   0.252400   0.349200   0.525600   0.586400 
306   0.132000   0.127600   0.126600   0.121200   0.134000   0.166200   0.227400   0.204800   0.222400   0.250400   0.347800   0.524600   0.585400 
307   0.129800   0.125400   0.124400   0.119000   0.132000   0.164000   0.225400   0.203000   0.220800   0.248400   0.346400   0.523600   0.584400 
308   0.127600   0.123200   0.122200   0.116800   0.130000   0.161800   0.223400   0.201200   0.219200   0.246400   0.345000   0.522600   0.583400 
309   0.125400   0.121000   0.120000   0.114600   0.128000   0.159600   0.221400   0.199400   0.217600   0.244400   0.343600   0.521600   0.582400 
310   0.123200   0.118800   0.117800   0.112400   0.126000   0.157400   0.219400   0.197600   0.216000   0.242400   0.342200   0.520600   0.581400 
311   0.121000   0.116600   0.115600   0.110200   0.124200   0.155200   0.217400   0.195800   0.214600   0.240400   0.340800   0.519600   0.580400 
312   0.118800   0.114400   0.113400   0.108000   0.122400   0.153000   0.215400   0.194000   0.213200   0.238400   0.339400   0.518800   0.579400 
313   0.116600   0.112200   0.111200   0.105800   0.120600   0.150800   0.213400   0.192200   0.211800   0.236400   0.338000   0.518000   0.578600 
314   0.114400   0.110000   0.109000   0.103600   0.118800   0.148600   0.211400   0.190400   0.210400   0.234400   0.336600   0.517200   0.577800 
315   0.112200   0.107800   0.106800   0.101400   0.117000   0.146400   0.209400   0.188600   0.209000   0.232400   0.335200   0.516400   0.577000 
316   0.110000   0.105600   0.104600   0.099200   0.115200   0.144200   0.207400   0.186800   0.207600   0.230400   0.333800   0.515600   0.576200 
317   0.107800   0.103400   0.102400   0.097000   0.113400   0.142000   0.205600   0.185000   0.206200   0.228400   0.332400   0.514800   0.575400 
318   0.105600   0.101200   0.100200   0.095000   0.111600   0.139800   0.203800   0.183200   0.204800   0.226400   0.331000   0.514000   0.574600 
319   0.103400   0.099000   0.098000   0.093000   0.109800   0.137600   0.202000   0.181400   0.203400   0.224400   0.329600   0.513200   0.573800 
320   0.101200   0.096800   0.095800   0.091000   0.108000   0.135400   0.200200   0.179600   0.202000   0.222400   0.328200   0.512400   0.573000 
321   0.099000   0.094600   0.093600   0.089000   0.106200   0.133200   0.198400   0.177800   0.200600   0.220400   0.326800   0.511600   0.572200 
322   0.096800   0.092400   0.091400   0.087000   0.104400   0.131000   0.196600   0.176000   0.199200   0.218800   0.325400   0.510800   0.571400 
323   0.094600   0.090200   0.089200   0.085000   0.102600   0.128800   0.194800   0.174200   0.197800   0.217200   0.324000   0.510000   0.570600 
324   0.092400   0.088000   0.087000   0.083000   0.100800   0.126800   0.193000   0.172400   0.196400   0.215600   0.322600   0.509200   0.569800 
325   0.090200   0.085800   0.084800   0.081000   0.099000   0.124800   0.191200   0.170600   0.195000   0.214000   0.321200   0.508400   0.569000 
326   0.088000   0.083600   0.082600   0.079000   0.097200   0.122800   0.189400   0.168800   0.193600   0.212400   0.320000   0.507600   0.568200 
327   0.085800   0.081400   0.080400   0.077000   0.095400   0.120800   0.187600   0.167000   0.192200   0.210800   0.318800   0.506800   0.567400 
328   0.083600   0.079200   0.078200   0.075000   0.093600   0.118800   0.185800   0.165200   0.190800   0.209200   0.317600   0.506000   0.566600 
329   0.081400   0.077000   0.076000   0.073000   0.091800   0.116800   0.184000   0.163600   0.189400   0.207600   0.316400   0.505200   0.565800 
330   0.079200   0.074800   0.074000   0.071000   0.090000   0.114800   0.182200   0.162000   0.188000   0.206000   0.315200   0.504400   0.565000 
331   0.077000   0.072600   0.072000   0.069000   0.088200   0.112800   0.180400   0.160400   0.186600   0.204400   0.314000   0.503600   0.564200 
332   0.074800   0.070400   0.070000   0.067000   0.086400   0.111000   0.178600   0.158800   0.185200   0.202800   0.312800   0.502800   0.563400 
333   0.072600   0.068200   0.068000   0.065200   0.084600   0.109200   0.176800   0.157200   0.183800   0.201200   0.311600   0.502000   0.562600 
334   0.070400   0.066000   0.066000   0.063400   0.082800   0.107400   0.175000   0.155600   0.182400   0.199600   0.310400   0.501200   0.561800 
335   0.068200   0.063800   0.064000   0.061600   0.081000   0.105600   0.173200   0.154000   0.181000   0.198000   0.309200   0.500400   0.561000 
336   0.066000   0.061600   0.062000   0.059800   0.079200   0.103800   0.171400   0.152400   0.179600   0.196400   0.308000   0.499600   0.560200 
337   0.063800   0.059600   0.060000   0.058000   0.077400   0.102000   0.169600   0.150800   0.178200   0.194800   0.306800   0.498800   0.559600 
338   0.061600   0.057600   0.058000   0.056200   0.075600   0.100200   0.167800   0.149200   0.176800   0.193200   0.305600   0.498000   0.559000 
339   0.059400   0.055600   0.056000   0.054400   0.073800   0.098400   0.166000   0.147600   0.175400   0.191600   0.304400   0.497400   0.558400 
340   0.057200   0.053600   0.054000   0.052600   0.072000   0.096600   0.164200   0.146000   0.174000   0.190000   0.303200   0.496800   0.557800 
341   0.055000   0.051600   0.052000   0.050800   0.070200   0.094800   0.162400   0.144400   0.172600   0.188400   0.302200   0.496200   0.557200 
342   0.052800   0.049600   0.050000   0.049000   0.068400   0.093000   0.160800   0.142800   0.171200   0.186800   0.301200   0.495600   0.556600 
343   0.050800   0.047600   0.048200   0.047200   0.066600   0.091200   0.159200   0.141200   0.169800   0.185200   0.300200   0.495200   0.556000 
344   0.048800   0.045600   0.046400   0.045400   0.064800   0.089400   0.157600   0.139600   0.168400   0.183600   0.299200   0.494800   0.555400 
345   0.046800   0.043600   0.044600   0.043600   0.063000   0.087600   0.156000   0.138000   0.167000   0.182000   0.298400   0.494400   0.554800 
346   0.044800   0.041600   0.042800   0.041800   0.061200   0.086000   0.154400   0.136400   0.165600   0.180400   0.297600   0.494000   0.554200 
347   0.042800   0.039600   0.041000   0.040000   0.059400   0.084400   0.152800   0.134800   0.164200   0.178800   0.296800   0.493600   0.553600 
348   0.040800   0.037800   0.039200   0.038200   0.057600   0.082800   0.151200   0.133400   0.162800   0.177200   0.296000   0.493200   0.553000 
349   0.038800   0.036000   0.037400   0.036400   0.055800   0.081200   0.149800   0.132000   0.161400   0.175600   0.295200   0.492800   0.552400 
350   0.036800   0.034200   0.035600   0.034600   0.054000   0.079600   0.148400   0.130600   0.160000   0.174000   0.294400   0.492400   0.551800 
351   0.034800   0.032400   0.033800   0.032800   0.052200   0.078000   0.147000   0.129200   0.158600   0.172400   0.293600   0.492000   0.551200 
352   0.032800   0.030600   0.032000   0.031000   0.050400   0.076400   0.145600   0.127800   0.157200   0.170800   0.292800   0.491600   0.550600 
353   0.030800   0.028800   0.030200   0.029200   0.048600   0.074800   0.144200   0.126400   0.155800   0.169200   0.292000   0.491200   0.550000 
354   0.028800   0.027000   0.028400   0.027400   0.046800   0.073200   0.142800   0.125000   0.154400   0.167600   0.291200   0.490800   0.549400 
355   0.027000   0.025200   0.026600   0.025600   0.045200   0.071800   0.141400   0.123600   0.153000   0.166000   0.290400   0.490400   0.548800 
356   0.025200   0.023400   0.024800   0.023800   0.043600   0.070400   0.140000   0.122200   0.151600   0.164400   0.289600   0.490000   0.548200 
357   0.023400   0.021600   0.023000   0.022000   0.042000   0.069000   0.138600   0.120800   0.150200   0.163000   0.288800   0.489600   0.547600 
358   0.021600   0.019800   0.021200   0.020200   0.040400   0.067600   0.137200   0.119400   0.148800   0.161600   0.288000   0.489200   0.547000 
359   0.019800   0.018000   0.019400   0.018400   0.038800   0.066200   0.135800   0.118000   0.147400   0.160600   0.287200   0.488800   0.546400 
360   0.018000   0.016200   0.017600   0.016600   0.037400   0.064800   0.134400   0.116600   0.146200   0.159600   0.286400   0.488400   0.545800 
361   0.016200   0.014400   0.015800   0.014800   0.036000   0.063400   0.133000   0.115200   0.145000   0.159000   0.285600   0.488000   0.545200 
362   0.014400   0.012600   0.014000   0.013000   0.034600   0.062000   0.131600   0.113800   0.143800   0.158400   0.284800   0.487600   0.544600 
363   0.012600   0.010800   0.012200   0.011400   0.033200   0.060600   0.130200   0.112400   0.142600   0.157800   0.284000   0.487200   0.544000 
364   0.010800   0.009000   0.010400   0.009800   0.031800   0.059200   0.128800   0.111000   0.141400   0.157200   0.283200   0.486800   0.543400 
365   0.009000   0.007400   0.008600   0.008200   0.030400   0.057800   0.127400   0.109600   0.140200   0.156600   0.282400   0.486400   0.542800 
366   0.007200   0.005800   0.007000   0.006800   0.029000   0.056400   0.126000   0.108400   0.139000   0.156000   0.281600   0.486000   0.542200 
367   0.005400   0.004200   0.005400   0.005400   0.027600   0.055000   0.124600   0.107200   0.137800   0.155400   0.280800   0.485600   0.541600 
368   0.003800   0.002600   0.003800   0.004000   0.026200   0.053600   0.123400   0.106000   0.136600   0.154800   0.280000   0.485200   0.541000 
369   0.002200   0.001000   0.002200   0.002600   0.024800   0.052200   0.122200   0.104800   0.135400   0.154200   0.279200   0.484800   0.540400 
370   0.000600  -0.000600   0.000600   0.001200   0.023400   0.050800   0.121000   0.103600   0.134200   0.153600   0.278400   0.484400   0.539800 
371  -0.001000  -0.002200  -0.001000  -0.000200   0.022000   0.049400   0.119800   0.102400   0.133000   0.153000   0.277600   0.484000   0.539200 
372  -0.002600  -0.003800  -0.002600  -0.001600   0.020600   0.048000   0.118600   0.101200   0.131800   0.152400   0.276800   0.483600   0.538600 
373  -0.004200  -0.005400  -0.004200  -0.003000   0.019200   0.046600   0.117400   0.100000   0.130600   0.151800   0.276000   0.483200   0.538000 
374  -0.005800  -0.007000  -0.005800  -0.004400   0.017800   0.045200   0.116200   0.098800   0.129400   0.151200   0.275200   0.482800   0.537400 
375  -0.007400  -0.008600  -0.007400  -0.005800   0.016400   0.043800   0.115200   0.097800   0.128200   0.150600   0.274400   0.482400   0.536800 
376  -0.009000  -0.010200  -0.009000  -0.007200   0.015000   0.042400   0.114200   0.096800   0.127000   0.150000   0.273600   0.482000   0.536200 
377  -0.010600  -0.011800  -0.010600  -0.008600   0.013600   0.041000   0.113200   0.095800   0.125800   0.149400   0.272800   0.481600   0.535600 
378  -0.012200  -0.013400  -0.012200  -0.010000   0.012200   0.039600   0.112200   0.094800   0.124600   0.148800   0.272000   0.481200   0.535000 
379  -0.013800  -0.015000  -0.013600  -0.011400   0.010800   0.038200   0.111200   0.093800   0.123400   0.148200   0.271200   0.480800   0.534400 
380  -0.015400  -0.016600  -0.015000  -0.012800   0.009400   0.036800   0.110200   0.092800   0.122200   0.147600   0.270400   0.480400   0.533800 
381  -0.017000  -0.018200  -0.016400  -0.014000   0.008000   0.035400   0.109200   0.091800   0.121000   0.147000   0.269800   0.480000   0.533200 
382  -0.018600  -0.019800  -0.017800  -0.015200   0.006800   0.034000   0.108400   0.090800   0.119800   0.146400   0.269200   0.479600   0.532600 
383  -0.020200  -0.021400  -0.019200  -0.016200   0.005600   0.032800   0.107600   0.089800   0.118600   0.145800   0.268600   0.479200   0.532000 
384  -0.021800  -0.023000  -0.020600  -0.017200   0.004400   0.031600   0.106800   0.088800   0.117400   0.145200   0.268000   0.478800   0.531400 
385  -0.023400  -0.024600  -0.022000  -0.018200   0.003200   0.030600   0.106000   0.087800   0.116200   0.144600   0.267400   0.478400   0.530800 
386  -0.025000  -0.026200  -0.023400  -0.019200   0.002000   0.029600   0.105200   0.086800   0.115000   0.144000   0.266800   0.478000   0.530200 
387  -0.026600  -0.027800  -0.024800  -0.020200   0.001000   0.028600   0.104400   0.085800   0.113800   0.143400   0.266200   0.477600   0.529600 
388  -0.028200  -0.029400  -0.026200  -0.021200  -0.000000   0.027600   0.103600   0.084800   0.112600   0.142800   0.265600   0.477200   0.529000 
389  -0.029800  -0.031000  -0.027600  -0.022200  -0.001000   0.026600   0.102800   0.083800   0.111400   0.142200   0.265000   0.476800   0.528400 
390  -0.031400  -0.032600  -0.029000  -0.023200  -0.002000   0.025600   0.102000   0.082800   0.110200   0.141800   0.264400   0.476400   0.527800 
391  -0.033000  -0.034200  -0.030400  -0.024200  -0.003000   0.024600   0.101200   0.081800   0.109000   0.141400   0.263800   0.476000   0.527200 
392  -0.034600  -0.035800  -0.031800  -0.025200  -0.004000   0.023600   0.100400   0.080800   0.107800   0.141000   0.263200   0.475600   0.526600 
393  -0.036200  -0.037400  -0.033200  -0.026200  -0.005000   0.022600   0.099600   0.079800   0.106600   0.140600   0.262600   0.475200   0.526000 
394  -0.037800  -0.039000  -0.034400  -0.027200  -0.006000   0.021600   0.098800   0.078800   0.105400   0.140200   0.262000   0.474800   0.525400 
395  -0.039400  -0.040600  -0.035600  -0.028200  -0.007000   0.020600   0.098000   0.077800   0.104200   0.139800   0.261400   0.474400   0.524800 
396  -0.041000  -0.042200  -0.036800  -0.029200  -0.008000   0.019600   0.097200   0.076800   0.103000   0.139400   0.260800   0.474000   0.524200 
397  -0.042600  -0.043800  -0.038000  -0.030200  -0.009000   0.018600   0.096400   0.075800   0.101800   0.139000   0.260200   0.473600   0.523600 
398  -0.044200  -0.045400  -0.039200  -0.031200  -0.010000   0.017600   0.095600   0.074800   0.100600   0.138600   0.259600   0.473200   0.523000 
399  -0.045800  -0.046800  -0.040400  -0.032200  -0.011000   0.016600   0.094800   0.073800   0.099400   0.138200   0.259000   0.472800   0.522400 
400  -0.047400  -0.048000  -0.041600  -0.033200  -0.012000   0.015600   0.094000   0.072800   0.098400   0.137800   0.258400   0.472400   0.521800 
401  -0.049000  -0.049200  -0.042600  -0.034200  -0.013000   0.014600   0.093200   0.071800   0.097400   0.137400   0.257800   0.472000   0.521400 
402  -0.050600  -0.050400  -0.043600  -0.035200  -0.014000   0.013600   0.092400   0.070800   0.096400   0.137000   0.257200   0.471600   0.521000 
403  -0.052200  -0.051600  -0.044600  -0.036200  -0.015000   0.012600   0.091600   0.069800   0.095400   0.136600   0.256600   0.471200   0.520600 
404  -0.053800  -0.052800  -0.045400  -0.037200  -0.016000   0.011600   0.090800   0.068800   0.094400   0.136200   0.256000   0.470800   0.520200 
405  -0.055400  -0.054000  -0.046200  -0.038200  -0.017000   0.010600   0.090000   0.067800   0.093400   0.135800   0.255400   0.470400   0.519800 
406  -0.057000  -0.055200  -0.047000  -0.039000  -0.018000   0.009600   0.089400   0.066800   0.092400   0.135400   0.254800   0.470000   0.519400 
407  -0.058400  -0.056400  -0.047800  -0.039800  -0.019000   0.008600   0.088800   0.065800   0.091400   0.135000   0.254200   0.469600   0.519000 
408  -0.059800  -0.057600  -0.048600  -0.040600  -0.020000   0.007600   0.088200   0.065000   0.090400   0.134600   0.253600   0.469200   0.518600 
409  -0.061200  -0.058800  -0.049400  -0.041400  -0.021000   0.006600   0.087600   0.064200   0.089400   0.134200   0.253000   0.468800   0.518200 
410  -0.062600  -0.060000  -0.050200  -0.042200  -0.022000   0.005600   0.087000   0.063400   0.088400   0.133800   0.252400   0.468400   0.517800 
411  -0.063800  -0.061000  -0.051000  -0.043000  -0.023000   0.004800   0.086400   0.062600   0.087400   0.133400   0.251800   0.468000   0.517400 
412  -0.065000  -0.061800  -0.051600  -0.043800  -0.024000   0.004000   0.085800   0.061800   0.086400   0.133000   0.251200   0.467600   0.517000 
413  -0.066000  -0.062600  -0.052200  -0.044600  -0.025000   0.003200   0.085200   0.061000   0.085400   0.132600   0.250600   0.467200   0.516600 
414  -0.067000  -0.063400  -0.052800  -0.045400  -0.026000   0.002400   0.084600   0.060200   0.084400   0.132200   0.250000   0.466800   0.516200 
415  -0.068000  -0.064200  -0.053400  -0.046200  -0.027000   0.001600   0.084000   0.059400   0.083400   0.131800   0.249400   0.466400   0.515800 
416  -0.069000  -0.065000  -0.054000  -0.047000  -0.027800   0.000800   0.083400   0.058600   0.082400   0.131400   0.248800   0.466000   0.515400 
417  -0.069800  -0.065800  -0.054600  -0.047800  -0.028600  -0.000000   0.082800   0.057800   0.081400   0.131000   0.248200   0.465600   0.515000 
418  -0.070400  -0.066400  -0.055200  -0.048600  -0.029400  -0.000800   0.082200   0.057000   0.080400   0.130600   0.247600   0.465200   0.514600 
419  -0.071000  -0.067000  -0.055800  -0.049400  -0.030200  -0.001600   0.081600   0.056200   0.079400   0.130200   0.247000   0.464800   0.514200 
420  -0.071600  -0.067600  -0.056400  -0.050200  -0.031000  -0.002400   0.081000   0.055400   0.078400   0.129800   0.246400   0.464400   0.513800 
421  -0.072200  -0.068200  -0.057000  -0.051000  -0.031800  -0.003200   0.080400   0.054600   0.077400   0.129400   0.245800   0.464000   0.513400 
422  -0.072800  -0.068800  -0.057600  -0.051800  -0.032600  -0.004000   0.079800   0.053800   0.076400   0.129000   0.245200   0.463600   0.513000 
423  -0.073400  -0.069400  -0.058200  -0.052600  -0.033400  -0.004800   0.079200   0.053000   0.075400   0.128600   0.244600   0.463200   0.512600 
424  -0.074000  -0.070000  -0.058800  -0.053400  -0.034200  -0.005600   0.078600   0.052200   0.074400   0.128200   0.244000   0.462800   0.512200 
425  -0.074600  -0.070600  -0.059400  -0.054200  -0.035000  -0.006400   0.078200   0.051400   0.073400   0.127800   0.243400   0.462400   0.511800 
426  -0.075200  -0.071200  -0.060000  -0.055000  -0.035800  -0.007200   0.077800   0.050600   0.072400   0.127400   0.242800   0.462000   0.511400 
427  -0.075800  -0.071800  -0.060600  -0.055800  -0.036600  -0.008000   0.077400   0.049800   0.071600   0.127000   0.242200   0.461600   0.511000 
428  -0.076400  -0.072400  -0.061200  -0.056600  -0.037400  -0.008800   0.077000   0.049200   0.070800   0.126600   0.241600   0.461200   0.510600 
429  -0.077000  -0.073000  -0.061800  -0.057400  -0.038200  -0.009600   0.076600   0.048600   0.070000   0.126200   0.241000   0.460800   0.510200 
430  -0.077600  -0.073600  -0.062400  -0.058200  -0.039000  -0.010400   0.076200   0.048000   0.069200   0.125800   0.240400   0.460400   0.509800 
431  -0.078200  -0.074200  -0.063000  -0.058800  -0.039800  -0.011200   0.075800   0.047400   0.068400   0.125400   0.239800   0.460200   0.509400 
432  -0.078800  -0.074800  -0.063600  -0.059400  -0.040600  -0.012000   0.075400   0.046800   0.067600   0.125000   0.239200   0.460000   0.509000 
433  -0.079400  -0.075400  -0.064200  -0.060000  -0.041400  -0.012800   0.075000   0.046200   0.066800   0.124600   0.238600   0.459800   0.508600 
434  -0.080000  -0.076000  -0.064800  -0.060600  -0.042200  -0.013600   0.074600   0.045600   0.066000   0.124200   0.238000   0.459600   0.508200 
435  -0.080600  -0.076600  -0.065400  -0.061200  -0.043000  -0.014400   0.074200   0.045000   0.065200   0.123800   0.237400   0.459400   0.507800 
436  -0.081200  -0.077200  -0.066000  -0.061800  -0.043800  -0.015200   0.073800   0.044400   0.064400   0.123400   0.236800   0.459200   0.507400 
437  -0.081800  -0.077800  -0.066600  -0.062400  -0.044600  -0.016000   0.073400   0.043800   0.063600   0.123000   0.236200   0.459000   0.507000 
438  -0.082400  -0.078400  -0.067200  -0.063000  -0.045400  -0.016800   0.073000   0.043200   0.062800   0.122600   0.235600   0.458800   0.506800 
439  -0.083000  -0.079000  -0.067800  -0.063600  -0.046200  -0.017600   0.072600   0.042600   0.062000   0.122200   0.235000   0.458600   0.506600 
440  -0.083600  -0.079600  -0.068400  -0.064200  -0.047000  -0.018400   0.072200   0.042000   0.061200   0.121800   0.234400   0.458400   0.506400 
441  -0.084200  -0.080200  -0.069000  -0.064800  -0.047800  -0.019200   0.071800   0.041400   0.060400   0.121400   0.233800   0.458200   0.506200 
442  -0.084800  -0.080800  -0.069600  -0.065400  -0.048600  -0.020000   0.071400   0.041000   0.059600   0.121000   0.233400   0.458000   0.506000 
443  -0.085400  -0.081400  -0.070200  -0.066000  -0.049400  -0.020800   0.071000   0.040600   0.058800   0.120600   0.233000   0.457800   0.505800 
444  -0.086000  -0.082000  -0.070800  -0.066600  -0.050000  -0.021600   0.070600   0.040200   0.058000   0.120200   0.232600   0.457600   0.505600 
445  -0.086600  -0.082600  -0.071400  -0.067200  -0.050600  -0.022400   0.070200   0.039800   0.057200   0.119800   0.232200   0.457400   0.505400 
446  -0.087200  -0.083200  -0.072000  -0.067800  -0.051200  -0.023200   0.069800   0.039400   0.056400   0.119400   0.231800   0.457200   0.505200 
447  -0.087800  -0.083800  -0.072600  -0.068400  -0.051800  -0.024000   0.069400   0.039000   0.055600   0.119000   0.231400   0.457000   0.505000 
448  -0.088200  -0.084400  -0.073200  -0.069000  -0.052400  -0.024800   0.069000   0.038600   0.054800   0.118600   0.231000   0.456800   0.504800 
449  -0.088600  -0.085000  -0.073800  -0.069600  -0.053000  -0.025600   0.068600   0.038200   0.054000   0.118200   0.230600   0.456600   0.504600 
450  -0.089000  -0.085600  -0.074400  -0.070200  -0.053600  -0.026400   0.068200   0.037800   0.053200   0.117800   0.230200   0.456400   0.504400 
451  -0.089400  -0.086200  -0.075000  -0.070800  -0.054200  -0.027200   0.067800   0.037400   0.052400   0.117400   0.229800   0.456200   0.504200 
452  -0.089800  -0.086800  -0.075600  -0.071400  -0.054800  -0.028000   0.067400   0.037000   0.051600   0.117000   0.229400   0.456000   0.504000 
453  -0.090200  -0.087400  -0.076000  -0.072000  -0.055400  -0.028800   0.067000   0.036600   0.050800   0.116600   0.229000   0.455800   0.503800 
454  -0.090600  -0.088000  -0.076400  -0.072600  -0.056000  -0.029600   0.066600   0.036200   0.050000   0.116200   0.228600   0.455600   0.503600 
455  -0.091000  -0.088600  -0.076600  -0.073200  -0.056600  -0.030400   0.066200   0.035800   0.049200   0.115800   0.228200   0.455400   0.503400 
456  -0.091400  -0.089000  -0.076800  -0.073800  -0.057200  -0.031200   0.065800   0.035400   0.048400   0.115400   0.227800   0.455200   0.503200 
457  -0.091800  -0.089200  -0.077000  -0.074400  -0.057800  -0.032000   0.065400   0.035000   0.047600   0.115000   0.227400   0.455000   0.503000 
458  -0.092200  -0.089400  -0.077200  -0.075000  -0.058400  -0.032800   0.065000   0.034600   0.046800   0.114600   0.227000   0.454800   0.502800 
459  -0.092600  -0.089600  -0.077400  -0.075600  -0.059000  -0.033600   0.064600   0.034200   0.046000   0.114200   0.226600   0.454600   0.502600 
460  -0.093000  -0.089800  -0.077600  -0.076200  -0.059600  -0.034200   0.064200   0.033800   0.045200   0.113800   0.226200   0.454400   0.502400 
461  -0.093400  -0.090000  -0.077800  -0.076800  -0.060200  -0.034800   0.063800   0.033400   0.044400   0.113400   0.225800   0.454200   0.502200 
462  -0.093800  -0.090200  -0.078000  -0.077400  -0.060800  -0.035400   0.063400   0.033000   0.043600   0.113000   0.225400   0.454000   0.502000 
463  -0.094200  -0.090400  -0.078200  -0.078000  -0.061200  -0.036000   0.063000   0.032600   0.042800   0.112600   0.225000   0.453800   0.501800 
464  -0.094400  -0.090600  -0.078400  -0.078400  -0.061600  -0.036600   0.062600   0.032200   0.042000   0.112200   0.224600   0.453600   0.501600 
465  -0.094600  -0.090800  -0.078600  -0.078800  -0.062000  -0.037200   0.062200   0.031800   0.041200   0.112000   0.224200   0.453400   0.501400 
466  -0.094800  -0.091000  -0.078800  -0.079200  -0.062400  -0.037800   0.061800   0.031400   0.040400   0.111800   0.223800   0.453200   0.501200 
467  -0.095000  -0.091200  -0.079000  -0.079600  -0.062800  -0.038400   0.061400   0.031000   0.039600   0.111600   0.223400   0.453000   0.501000 
468  -0.095200  -0.091400  -0.079200  -0.079800  -0.063000  -0.039000   0.061000   0.030600   0.038800   0.111400   0.223000   0.452800   0.500800 
469  -0.095400  -0.091600  -0.079400  -0.080000  -0.063200  -0.039600   0.060600   0.030200   0.038200   0.111200   0.222600   0.452600   0.500600 
470  -0.095600  -0.091600  -0.079600  -0.080200  -0.063400  -0.040000   0.060200   0.029800   0.037600   0.111000   0.222200   0.452400   0.500400 
471  -0.095800  -0.091600  -0.079600  -0.080400  -0.063600  -0.040400   0.059800   0.029400   0.037000   0.110800   0.221800   0.452200   0.500200 
472  -0.096000  -0.091600  -0.079600  -0.080600  -0.063800  -0.040800   0.059400   0.029000   0.036400   0.110600   0.221400   0.452000   0.500000 
473  -0.096200  -0.091600  -0.079600  -0.080600  -0.064000  -0.041200   0.059000   0.028600   0.036000   0.110400   0.221000   0.451800   0.499800 
474  -0.096400  -0.091600  -0.079600  -0.080600  -0.064200  -0.041600   0.058600   0.028200   0.035600   0.110200   0.220600   0.451600   0.499600 
475  -0.096600  -0.091600  -0.079600  -0.080600  -0.064200  -0.042000   0.058200   0.027800   0.035200   0.110000   0.220200   0.451400   0.499400 
476  -0.096800  -0.091600  -0.079600  -0.080600  -0.064200  -0.042200   0.057800   0.027400   0.034800   0.109800   0.219800   0.451200   0.499200 
477  -0.097000  -0.091600  -0.079600  -0.080600  -0.064200  -0.042400   0.057600   0.027000   0.034400   0.109600   0.219600   0.451000   0.499000 
478  -0.097200  -0.091600  -0.079600  -0.080600  -0.064200  -0.042600   0.057400   0.026600   0.034000   0.109400   0.219400   0.450800   0.498800 
479  -0.097400  -0.091600  -0.079600  -0.080600  -0.064200  -0.042800   0.057200   0.026200   0.033600   0.109200   0.219200   0.450800   0.498600 
480  -0.097600  -0.091600  -0.079600  -0.080600  -0.064200  -0.043000   0.057000   0.025800   0.033200   0.109000   0.219000   0.450800   0.498600 
481  -0.097800  -0.091600  -0.079600  -0.080600  -0.064200  -0.043200   0.056800   0.025400   0.032800   0.108800   0.218800   0.450800   0.498600 
482  -0.098000  -0.091600  -0.079600  -0.080600  -0.064200  -0.043400   0.056600   0.025000   0.032600   0.108600   0.218600   0.450800   0.498600 
483  -0.098200  -0.091600  -0.079600  -0.080600  -0.064200  -0.043600   0.056400   0.024800   0.032400   0.108400   0.218400   0.450800   0.498600 
484  -0.098400  -0.091600  -0.079600  -0.080600  -0.064200  -0.043800   0.056200   0.024600   0.032200   0.108200   0.218200   0.450800   0.498600 
485  -0.098400  -0.091600  -0.079600  -0.080600  -0.064200  -0.044000   0.056000   0.024600   0.032000   0.108000   0.218000   0.450800   0.498600 
486  -0.098400  -0.091600  -0.079600  -0.080600  -0.064200  -0.044200   0.055800   0.024600   0.031800   0.108000   0.217800   0.450800   0.498600 
487  -0.098400  -0.091600  -0.079600  -0.080600  -0.064200  -0.044400   0.055600   0.024600   0.031600   0.108000   0.217600   0.450800   0.498600 
488  -0.098400  -0.091600  -0.079600  -0.080600  -0.064200  -0.044600   0.055400   0.024600   0.031400   0.108000   0.217400   0.450800   0.498600 
489  -0.098400  -0.091600  -0.079600  -0.080600  -0.064200  -0.044800   0.055200   0.024600   0.031200   0.108000   0.217200   0.450800   0.498600 
490  -0.098400  -0.091600  -0.079600  -0.080600  -0.064200  -0.045000   0.055000   0.024600   0.031000   0.108000   0.217000   0.450800   0.498600 
491  -0.098400  -0.091600  -0.079600  -0.080600  -0.064200  -0.045200   0.054800   0.024600   0.030800   0.108000   0.216800   0.450800   0.498600 
492  -0.098400  -0.091600  -0.079600  -0.080600  -0.064200  -0.045400   0.054800   0.024600   0.030600   0.108000   0.216600   0.450800   0.498600 
493  -0.098400  -0.091600  -0.079600  -0.080600  -0.064200  -0.045600   0.054800   0.024600   0.030600   0.108000   0.216400   0.450800   0.498600 
494  -0.098400  -0.091600  -0.079600  -0.080600  -0.064200  -0.045800   0.054800   0.024600   0.030600   0.108000   0.216200   0.450800   0.498600 
495  -0.098400  -0.091600  -0.079600  -0.080600  -0.064200  -0.046000   0.054800   0.024600   0.030600   0.108000   0.216000   0.450800   0.498600 
496  -0.098400  -0.091600  -0.079600  -0.080600  -0.064200  -0.046200   0.054800   0.024600   0.030600   0.108000   0.215800   0.450800   0.498600 
497  -0.098400  -0.091600  -0.079600  -0.080600  -0.064200  -0.046400   0.054800   0.024600   0.030600   0.108000   0.215800   0.450800   0.498600 
498  -0.098400  -0.091600  -0.079600  -0.080600  -0.064200  -0.046600   0.054800   0.024600   0.030600   0.108000   0.215800   0.450800   0.498600 
499  -0.098400  -0.091600  -0.079600  -0.080600  -0.064200  -0.046600   0.054800   0.024600   0.030600   0.108000   0.215800   0.450800   0.498600 
