0   0.097404
1   0.097650
2   0.097680
3   0.097792
4   0.097892
5   0.098054
6   0.098350
7   0.098596
8   0.098818
9   0.099050
10   0.099210
11   0.099416
12   0.099508
13   0.099646
14   0.099858
15   0.100004
16   0.100144
17   0.100014
18   0.100098
19   0.100222
20   0.100430
21   0.100802
22   0.101314
23   0.101726
24   0.102146
25   0.102542
26   0.102914
27   0.103350
28   0.103730
29   0.104206
30   0.104700
31   0.105376
32   0.105816
33   0.106198
34   0.106678
35   0.107198
36   0.107672
37   0.108208
38   0.108844
39   0.109536
40   0.110084
41   0.110698
42   0.111468
43   0.112100
44   0.112814
45   0.113554
46   0.114322
47   0.115106
48   0.115714
49   0.116468
50   0.117360
51   0.118114
52   0.118882
53   0.119542
54   0.120202
55   0.120800
56   0.121412
57   0.121866
58   0.122256
59   0.122640
60   0.123050
61   0.123752
62   0.124306
63   0.124898
64   0.125620
65   0.126310
66   0.126754
67   0.127276
68   0.128006
69   0.128748
70   0.129630
71   0.130526
72   0.131408
73   0.132428
74   0.133436
75   0.134432
76   0.135338
77   0.136284
78   0.137270
79   0.138180
80   0.139154
81   0.140160
82   0.141172
83   0.142222
84   0.143314
85   0.144240
86   0.145250
87   0.146324
88   0.147366
89   0.148402
90   0.149376
91   0.150402
92   0.151406
93   0.152560
94   0.153592
95   0.154804
96   0.156080
97   0.157434
98   0.158718
99   0.160016
100   0.161302
101   0.162702
102   0.163906
103   0.165306
104   0.166772
105   0.168374
106   0.170016
107   0.171778
108   0.173542
109   0.175448
110   0.177366
111   0.179224
112   0.180920
113   0.182680
114   0.184548
115   0.186260
116   0.187890
117   0.189446
118   0.191036
119   0.192564
120   0.194216
121   0.195876
122   0.197594
123   0.199326
124   0.200976
125   0.202722
126   0.204578
127   0.206292
128   0.208118
129   0.209868
130   0.211538
131   0.213288
132   0.214994
133   0.216538
134   0.218088
135   0.219762
136   0.221522
137   0.223238
138   0.224924
139   0.226740
140   0.228508
141   0.230220
142   0.231756
143   0.233196
144   0.234466
145   0.235724
146   0.237020
147   0.238220
148   0.239356
149   0.240430
150   0.241680
151   0.242896
152   0.244102
153   0.245286
154   0.246444
155   0.247462
156   0.248558
157   0.249568
158   0.250750
159   0.251726
160   0.252668
161   0.253734
162   0.254780
163   0.255874
164   0.256934
165   0.257750
166   0.258716
167   0.259612
168   0.260634
169   0.261674
170   0.262600
171   0.263598
172   0.264592
173   0.265602
174   0.266506
175   0.267436
176   0.268406
177   0.269322
178   0.270402
179   0.271492
180   0.272716
181   0.273946
182   0.275266
183   0.276654
184   0.278020
185   0.279264
186   0.280518
187   0.281786
188   0.283052
189   0.284144
190   0.285532
191   0.286790
192   0.288060
193   0.289338
194   0.290700
195   0.292056
196   0.293404
197   0.294640
198   0.295646
199   0.296694
200   0.297586
201   0.298566
202   0.299536
203   0.300388
204   0.301324
205   0.302218
206   0.302930
207   0.303536
208   0.304246
209   0.304974
210   0.305664
211   0.306400
212   0.307118
213   0.307666
214   0.308280
215   0.308792
216   0.309356
217   0.309892
218   0.310378
219   0.310916
220   0.311524
221   0.312046
222   0.312608
223   0.313110
224   0.313576
225   0.314068
226   0.314574
227   0.315140
228   0.315818
229   0.316572
230   0.317272
231   0.318060
232   0.318898
233   0.319730
234   0.320684
235   0.321468
236   0.322288
237   0.323148
238   0.324064
239   0.324954
240   0.325906
241   0.326726
242   0.327538
243   0.328350
244   0.329054
245   0.329796
246   0.330482
247   0.331282
248   0.331936
249   0.332796
250   0.333572
251   0.334518
252   0.335466
253   0.336326
254   0.337418
255   0.338676
256   0.339908
257   0.341348
258   0.342854
259   0.344426
260   0.345978
261   0.347552
262   0.349082
263   0.350514
264   0.351920
265   0.353338
266   0.354774
267   0.356124
268   0.357488
269   0.358744
270   0.359990
271   0.361246
272   0.362562
273   0.363884
274   0.365276
275   0.366756
276   0.368372
277   0.369758
278   0.371332
279   0.372854
280   0.374452
281   0.376064
282   0.377540
283   0.379038
284   0.380584
285   0.382352
286   0.384080
287   0.385866
288   0.387530
289   0.389358
290   0.391356
291   0.393270
292   0.395082
293   0.396716
294   0.398284
295   0.399922
296   0.401540
297   0.403216
298   0.404734
299   0.406182
300   0.407754
301   0.409174
302   0.410764
303   0.412236
304   0.413706
305   0.415202
306   0.416722
307   0.418254
308   0.419876
309   0.421376
310   0.422860
311   0.424492
312   0.426024
313   0.427624
314   0.429286
315   0.430858
316   0.432478
317   0.434146
318   0.435932
319   0.437710
320   0.439640
321   0.441336
322   0.443040
323   0.444642
324   0.446270
325   0.447806
326   0.449400
327   0.450914
328   0.452498
329   0.454184
330   0.455760
331   0.457222
332   0.458786
333   0.460304
334   0.461730
335   0.463218
336   0.464844
337   0.466448
338   0.468042
339   0.469702
340   0.471508
341   0.473310
342   0.475198
343   0.477052
344   0.479140
345   0.481044
346   0.482980
347   0.485154
348   0.487270
349   0.489460
350   0.491714
351   0.494064
352   0.496228
353   0.498392
354   0.500494
355   0.502462
356   0.504450
357   0.506290
358   0.508200
359   0.510164
360   0.512208
361   0.514206
362   0.516154
363   0.517896
364   0.519500
365   0.520918
366   0.522448
367   0.524122
368   0.525678
369   0.527314
370   0.528976
371   0.530570
372   0.531964
373   0.533264
374   0.534514
375   0.535932
376   0.537288
377   0.538500
378   0.539832
379   0.541148
380   0.542340
381   0.543598
382   0.544882
383   0.546214
384   0.547440
385   0.548800
386   0.550094
387   0.551346
388   0.552604
389   0.553844
390   0.555046
391   0.556216
392   0.557494
393   0.558556
394   0.559758
395   0.561142
396   0.562544
397   0.563850
398   0.565264
399   0.566686
400   0.568082
401   0.569216
402   0.570456
403   0.571816
404   0.573114
405   0.574492
406   0.575830
407   0.577152
408   0.578616
409   0.579996
410   0.581164
411   0.582308
412   0.583528
413   0.584784
414   0.586168
415   0.587666
416   0.589140
417   0.590636
418   0.592050
419   0.593578
420   0.595196
421   0.596718
422   0.598334
423   0.599878
424   0.601486
425   0.602976
426   0.604522
427   0.605850
428   0.607084
429   0.608422
430   0.609684
431   0.610776
432   0.611806
433   0.612768
434   0.613808
435   0.614694
436   0.615926
437   0.617008
438   0.617830
439   0.618732
440   0.619574
441   0.620470
442   0.621380
443   0.622278
444   0.623216
445   0.624164
446   0.625190
447   0.626228
448   0.627108
449   0.628052
450   0.628840
451   0.629682
452   0.630518
453   0.631280
454   0.631990
455   0.632750
456   0.633444
457   0.634146
458   0.634862
459   0.635602
460   0.636382
461   0.637228
462   0.638092
463   0.638948
464   0.639926
465   0.640834
466   0.641778
467   0.642584
468   0.643378
469   0.644030
470   0.644732
471   0.645300
472   0.645856
473   0.646508
474   0.647072
475   0.647596
476   0.647936
477   0.648236
478   0.648428
479   0.648764
480   0.649050
481   0.649374
482   0.649640
483   0.650030
484   0.650378
485   0.650516
486   0.650656
487   0.650812
488   0.650982
489   0.651210
490   0.651588
491   0.651958
492   0.652262
493   0.652664
494   0.653094
495   0.653500
496   0.653928
497   0.654432
498   0.654930
499   0.655394
500   0.655836
-499   0.656464
-498   0.656988
-497   0.657522
-496   0.658002
-495   0.658494
-494   0.658996
-493   0.659458
-492   0.659810
-491   0.660286
-490   0.660720
-489   0.661132
-488   0.661518
-487   0.661850
-486   0.662152
-485   0.662352
-484   0.662516
-483   0.662638
-482   0.662780
-481   0.662752
-480   0.662784
-479   0.662746
-478   0.662672
-477   0.662712
-476   0.662688
-475   0.662712
-474   0.662506
-473   0.662502
-472   0.662374
-471   0.662204
-470   0.662072
-469   0.661974
-468   0.661814
-467   0.661588
-466   0.661338
-465   0.660948
-464   0.660660
-463   0.660318
-462   0.659946
-461   0.659500
-460   0.659044
-459   0.658510
-458   0.657894
-457   0.657390
-456   0.656848
-455   0.656334
-454   0.655652
-453   0.655028
-452   0.654288
-451   0.653744
-450   0.653282
-449   0.652828
-448   0.652422
-447   0.651892
-446   0.651420
-445   0.650934
-444   0.650354
-443   0.649790
-442   0.649172
-441   0.648486
-440   0.647722
-439   0.647030
-438   0.646458
-437   0.645874
-436   0.645354
-435   0.644782
-434   0.644024
-433   0.643360
-432   0.642606
-431   0.641934
-430   0.641308
-429   0.640706
-428   0.640162
-427   0.639570
-426   0.638886
-425   0.638160
-424   0.637510
-423   0.636620
-422   0.635594
-421   0.634548
-420   0.633552
-419   0.632424
-418   0.631358
-417   0.630306
-416   0.629216
-415   0.628062
-414   0.627040
-413   0.626106
-412   0.625196
-411   0.624320
-410   0.623458
-409   0.622468
-408   0.621448
-407   0.620414
-406   0.619568
-405   0.618572
-404   0.617516
-403   0.616612
-402   0.615674
-401   0.614688
-400   0.613726
-399   0.612898
-398   0.612066
-397   0.611232
-396   0.610474
-395   0.609600
-394   0.608906
-393   0.608182
-392   0.607512
-391   0.606694
-390   0.605824
-389   0.605032
-388   0.604214
-387   0.603546
-386   0.602818
-385   0.602184
-384   0.601488
-383   0.600678
-382   0.599788
-381   0.599054
-380   0.598168
-379   0.597482
-378   0.596702
-377   0.595768
-376   0.594888
-375   0.593954
-374   0.593074
-373   0.592076
-372   0.591020
-371   0.590040
-370   0.588952
-369   0.587944
-368   0.587008
-367   0.586024
-366   0.585148
-365   0.584228
-364   0.583426
-363   0.582572
-362   0.581640
-361   0.580706
-360   0.579838
-359   0.578784
-358   0.577724
-357   0.576824
-356   0.575798
-355   0.574844
-354   0.573760
-353   0.572594
-352   0.571306
-351   0.569894
-350   0.568414
-349   0.567070
-348   0.565640
-347   0.564054
-346   0.562406
-345   0.560616
-344   0.558938
-343   0.557290
-342   0.555480
-341   0.553634
-340   0.551854
-339   0.549992
-338   0.548080
-337   0.546200
-336   0.544262
-335   0.542252
-334   0.540326
-333   0.538274
-332   0.536268
-331   0.534220
-330   0.532198
-329   0.530014
-328   0.528034
-327   0.526134
-326   0.524214
-325   0.522078
-324   0.519948
-323   0.517656
-322   0.515344
-321   0.512976
-320   0.510764
-319   0.508708
-318   0.506578
-317   0.504546
-316   0.502474
-315   0.500376
-314   0.498412
-313   0.496224
-312   0.493898
-311   0.491656
-310   0.489396
-309   0.487276
-308   0.485046
-307   0.483072
-306   0.481184
-305   0.479324
-304   0.477762
-303   0.476112
-302   0.474360
-301   0.472550
-300   0.470810
-299   0.469146
-298   0.467456
-297   0.465656
-296   0.464128
-295   0.462586
-294   0.460782
-293   0.458998
-292   0.457360
-291   0.455860
-290   0.454186
-289   0.452566
-288   0.451012
-287   0.449284
-286   0.447430
-285   0.445598
-284   0.443598
-283   0.441492
-282   0.439318
-281   0.437164
-280   0.435018
-279   0.432916
-278   0.430756
-277   0.428568
-276   0.426396
-275   0.424054
-274   0.421658
-273   0.419204
-272   0.416896
-271   0.414568
-270   0.412414
-269   0.410164
-268   0.407870
-267   0.405748
-266   0.403498
-265   0.401048
-264   0.398540
-263   0.395916
-262   0.393368
-261   0.390802
-260   0.388280
-259   0.385684
-258   0.383072
-257   0.380226
-256   0.377388
-255   0.374648
-254   0.371784
-253   0.368942
-252   0.365942
-251   0.362928
-250   0.359690
-249   0.356590
-248   0.353306
-247   0.350040
-246   0.346874
-245   0.343856
-244   0.340818
-243   0.337838
-242   0.334998
-241   0.332134
-240   0.329290
-239   0.326464
-238   0.323828
-237   0.321270
-236   0.318668
-235   0.316210
-234   0.313758
-233   0.311478
-232   0.309276
-231   0.306958
-230   0.304640
-229   0.302718
-228   0.300528
-227   0.298310
-226   0.296100
-225   0.294056
-224   0.291848
-223   0.289580
-222   0.287384
-221   0.285266
-220   0.282882
-219   0.280560
-218   0.278170
-217   0.275924
-216   0.273676
-215   0.271496
-214   0.269192
-213   0.266930
-212   0.264748
-211   0.262536
-210   0.260424
-209   0.258228
-208   0.255968
-207   0.253846
-206   0.251724
-205   0.249712
-204   0.247784
-203   0.245840
-202   0.243820
-201   0.242002
-200   0.240118
-199   0.238202
-198   0.236258
-197   0.234190
-196   0.232256
-195   0.230466
-194   0.228628
-193   0.226912
-192   0.225132
-191   0.223316
-190   0.221432
-189   0.219608
-188   0.217780
-187   0.216050
-186   0.214364
-185   0.212736
-184   0.210886
-183   0.209050
-182   0.207198
-181   0.205472
-180   0.203748
-179   0.201964
-178   0.200390
-177   0.198668
-176   0.197098
-175   0.195424
-174   0.193736
-173   0.192134
-172   0.190672
-171   0.189086
-170   0.187616
-169   0.186148
-168   0.184750
-167   0.183346
-166   0.182022
-165   0.180700
-164   0.179512
-163   0.178328
-162   0.177234
-161   0.176030
-160   0.174982
-159   0.173784
-158   0.172556
-157   0.171170
-156   0.169818
-155   0.168454
-154   0.167134
-153   0.165744
-152   0.164402
-151   0.163096
-150   0.161974
-149   0.160874
-148   0.159754
-147   0.158648
-146   0.157538
-145   0.156418
-144   0.155308
-143   0.154094
-142   0.153038
-141   0.151896
-140   0.150736
-139   0.149516
-138   0.148294
-137   0.147026
-136   0.145664
-135   0.144448
-134   0.143204
-133   0.142078
-132   0.140760
-131   0.139594
-130   0.138314
-129   0.137094
-128   0.135950
-127   0.134876
-126   0.133920
-125   0.133040
-124   0.132174
-123   0.131410
-122   0.130624
-121   0.129930
-120   0.129180
-119   0.128360
-118   0.127570
-117   0.126806
-116   0.126060
-115   0.125242
-114   0.124416
-113   0.123626
-112   0.122724
-111   0.121748
-110   0.120676
-109   0.119672
-108   0.118656
-107   0.117678
-106   0.116718
-105   0.115822
-104   0.114926
-103   0.114020
-102   0.113158
-101   0.112200
-100   0.111270
-99   0.110324
-98   0.109492
-97   0.108722
-96   0.107958
-95   0.107348
-94   0.106634
-93   0.106112
-92   0.105482
-91   0.104912
-90   0.104176
-89   0.103370
-88   0.102680
-87   0.102058
-86   0.101572
-85   0.101128
-84   0.100572
-83   0.100098
-82   0.099680
-81   0.099340
-80   0.098886
-79   0.098512
-78   0.098080
-77   0.097794
-76   0.097568
-75   0.097354
-74   0.097150
-73   0.096996
-72   0.096804
-71   0.096460
-70   0.096218
-69   0.095944
-68   0.095680
-67   0.095508
-66   0.095322
-65   0.095268
-64   0.095114
-63   0.094942
-62   0.094790
-61   0.094604
-60   0.094540
-59   0.094538
-58   0.094648
-57   0.094606
-56   0.094580
-55   0.094630
-54   0.094770
-53   0.094838
-52   0.094876
-51   0.094948
-50   0.095050
-49   0.095242
-48   0.095378
-47   0.095438
-46   0.095742
-45   0.095754
-44   0.095858
-43   0.096048
-42   0.096382
-41   0.096738
-40   0.097026
-39   0.097096
-38   0.097160
-37   0.097180
-36   0.097194
-35   0.097210
-34   0.097254
-33   0.097428
-32   0.097726
-31   0.098004
-30   0.098224
-29   0.098352
-28   0.098540
-27   0.098668
-26   0.098590
-25   0.098512
-24   0.098620
-23   0.098648
-22   0.098556
-21   0.098408
-20   0.098166
-19   0.097900
-18   0.097764
-17   0.097496
-16   0.097198
-15   0.096998
-14   0.096746
-13   0.096408
-12   0.096256
-11   0.095940
-10   0.095786
-9   0.095706
-8   0.095796
-7   0.095908
-6   0.096138
-5   0.096242
-4   0.096496
-3   0.096704
-2   0.096956
-1   0.097124
