r MCS_10 MCS_20 MCS_40 MCS_80 MCS_160 MCS_320 MCS_640 MCS_1280 MCS_2560 MCS_5120 MCS_10240 MCS_20480 MCS_40960 
0   1.000000   1.000000   1.000000   1.000000   1.000000   1.000000   1.000000   1.000000   1.000000   1.000000   1.000000   1.000000   1.000000 
1   0.996800   0.996800   0.996800   0.996800   0.996800   0.996800   0.996800   0.997000   0.997200   0.997200   0.997600   0.998000   0.998400 
2   0.993600   0.993600   0.993600   0.993600   0.993600   0.993600   0.993600   0.994000   0.994400   0.994400   0.995200   0.996000   0.996800 
3   0.990400   0.990400   0.990400   0.990400   0.990400   0.990400   0.990400   0.991000   0.991600   0.991600   0.992800   0.994000   0.995200 
4   0.987200   0.987200   0.987200   0.987200   0.987200   0.987200   0.987200   0.988000   0.988800   0.988800   0.990400   0.992000   0.993600 
5   0.984000   0.984000   0.984000   0.984000   0.984000   0.984000   0.984000   0.985000   0.986000   0.986000   0.988000   0.990000   0.992000 
6   0.980800   0.980800   0.980800   0.980800   0.980800   0.980800   0.980800   0.982000   0.983200   0.983200   0.985600   0.988000   0.990400 
7   0.977600   0.977600   0.977600   0.977600   0.977600   0.977600   0.977600   0.979000   0.980400   0.980400   0.983200   0.986000   0.988800 
8   0.974400   0.974400   0.974400   0.974400   0.974400   0.974400   0.974400   0.976000   0.977600   0.977600   0.980800   0.984000   0.987200 
9   0.971200   0.971200   0.971200   0.971200   0.971200   0.971200   0.971200   0.973000   0.974800   0.974800   0.978400   0.982000   0.985600 
10   0.968000   0.968000   0.968000   0.968000   0.968000   0.968000   0.968000   0.970000   0.972000   0.972000   0.976000   0.980000   0.984000 
11   0.964800   0.964800   0.964800   0.964800   0.964800   0.964800   0.964800   0.967000   0.969200   0.969200   0.973600   0.978000   0.982400 
12   0.961600   0.961600   0.961600   0.961600   0.961600   0.961600   0.961600   0.964000   0.966400   0.966400   0.971200   0.976000   0.980800 
13   0.958400   0.958400   0.958400   0.958400   0.958400   0.958400   0.958400   0.961000   0.963600   0.963600   0.968800   0.974000   0.979200 
14   0.955200   0.955200   0.955200   0.955200   0.955200   0.955200   0.955200   0.958000   0.960800   0.960800   0.966400   0.972000   0.977600 
15   0.952000   0.952000   0.952000   0.952000   0.952000   0.952000   0.952000   0.955000   0.958000   0.958000   0.964000   0.970000   0.976000 
16   0.948800   0.948800   0.948800   0.948800   0.948800   0.948800   0.948800   0.952000   0.955200   0.955200   0.961600   0.968000   0.974400 
17   0.945600   0.945600   0.945600   0.945600   0.945600   0.945600   0.945600   0.949000   0.952400   0.952400   0.959200   0.966000   0.972800 
18   0.942400   0.942400   0.942400   0.942400   0.942400   0.942400   0.942400   0.946000   0.949600   0.949600   0.956800   0.964000   0.971200 
19   0.939200   0.939200   0.939200   0.939200   0.939200   0.939200   0.939200   0.943000   0.946800   0.946800   0.954400   0.962000   0.969600 
20   0.936000   0.936000   0.936000   0.936000   0.936000   0.936000   0.936000   0.940000   0.944000   0.944000   0.952000   0.960000   0.968000 
21   0.932800   0.932800   0.932800   0.932800   0.932800   0.932800   0.932800   0.937000   0.941200   0.941200   0.949600   0.958000   0.966400 
22   0.929600   0.929600   0.929600   0.929600   0.929600   0.929600   0.929600   0.934000   0.938400   0.938400   0.947200   0.956000   0.964800 
23   0.926400   0.926400   0.926400   0.926400   0.926400   0.926400   0.926400   0.931000   0.935600   0.935600   0.944800   0.954200   0.963200 
24   0.923200   0.923200   0.923200   0.923200   0.923200   0.923200   0.923200   0.928000   0.932800   0.932800   0.942400   0.952400   0.961600 
25   0.920000   0.920000   0.920000   0.920000   0.920000   0.920000   0.920000   0.925000   0.930000   0.930000   0.940000   0.950600   0.960000 
26   0.916800   0.916800   0.916800   0.916800   0.916800   0.916800   0.916800   0.922000   0.927200   0.927200   0.937600   0.948800   0.958400 
27   0.913600   0.913600   0.913600   0.913600   0.913600   0.913600   0.913600   0.919000   0.924400   0.924400   0.935200   0.947000   0.956800 
28   0.910400   0.910400   0.910400   0.910400   0.910400   0.910400   0.910400   0.916000   0.921600   0.921600   0.932800   0.945200   0.955200 
29   0.907200   0.907200   0.907200   0.907200   0.907200   0.907200   0.907200   0.913000   0.918800   0.918800   0.930400   0.943400   0.953600 
30   0.904000   0.904000   0.904000   0.904000   0.904000   0.904000   0.904000   0.910000   0.916000   0.916000   0.928000   0.941600   0.952000 
31   0.900800   0.900800   0.900800   0.900800   0.900800   0.900800   0.900800   0.907000   0.913200   0.913200   0.925600   0.939800   0.950400 
32   0.897600   0.897600   0.897600   0.897600   0.897600   0.897600   0.897600   0.904000   0.910400   0.910400   0.923200   0.938000   0.948800 
33   0.894400   0.894400   0.894400   0.894400   0.894400   0.894400   0.894400   0.901000   0.907600   0.907600   0.920800   0.936200   0.947200 
34   0.891200   0.891200   0.891200   0.891200   0.891200   0.891200   0.891200   0.898000   0.904800   0.904800   0.918400   0.934400   0.945600 
35   0.888000   0.888000   0.888000   0.888000   0.888000   0.888000   0.888000   0.895000   0.902000   0.902000   0.916000   0.932600   0.944000 
36   0.884800   0.884800   0.884800   0.884800   0.884800   0.884800   0.884800   0.892000   0.899200   0.899200   0.913600   0.930800   0.942400 
37   0.881600   0.881600   0.881600   0.881600   0.881600   0.881600   0.881600   0.889000   0.896400   0.896400   0.911200   0.929000   0.940800 
38   0.878400   0.878400   0.878400   0.878400   0.878400   0.878400   0.878400   0.886000   0.893600   0.893600   0.908800   0.927200   0.939200 
39   0.875200   0.875200   0.875200   0.875200   0.875200   0.875200   0.875200   0.883000   0.890800   0.890800   0.906400   0.925400   0.937600 
40   0.872000   0.872000   0.872000   0.872000   0.872000   0.872000   0.872000   0.880000   0.888000   0.888000   0.904000   0.923600   0.936000 
41   0.868800   0.868800   0.868800   0.868800   0.868800   0.868800   0.868800   0.877000   0.885200   0.885200   0.901600   0.921800   0.934400 
42   0.865600   0.865600   0.865600   0.865600   0.865600   0.865600   0.865600   0.874000   0.882400   0.882400   0.899200   0.920000   0.932800 
43   0.862400   0.862400   0.862400   0.862400   0.862400   0.862400   0.862600   0.871000   0.879600   0.879600   0.896800   0.918200   0.931200 
44   0.859200   0.859200   0.859200   0.859200   0.859200   0.859200   0.859600   0.868000   0.876800   0.876800   0.894400   0.916400   0.929600 
45   0.856000   0.856000   0.856000   0.856000   0.856000   0.856000   0.856600   0.865000   0.874000   0.874000   0.892000   0.914600   0.928000 
46   0.852800   0.852800   0.852800   0.852800   0.852800   0.852800   0.853600   0.862000   0.871200   0.871200   0.889600   0.912800   0.926400 
47   0.849600   0.849600   0.849600   0.849600   0.849600   0.849600   0.850600   0.859000   0.868400   0.868400   0.887200   0.911000   0.924800 
48   0.846400   0.846400   0.846400   0.846400   0.846400   0.846400   0.847600   0.856000   0.865600   0.865600   0.884800   0.909200   0.923200 
49   0.843200   0.843200   0.843200   0.843200   0.843200   0.843200   0.844600   0.853000   0.862800   0.862800   0.882400   0.907400   0.921600 
50   0.840000   0.840000   0.840000   0.840000   0.840000   0.840000   0.841600   0.850000   0.860000   0.860000   0.880000   0.905600   0.920000 
51   0.836800   0.836800   0.836800   0.836800   0.836800   0.836800   0.838600   0.847000   0.857200   0.857200   0.877600   0.903800   0.918400 
52   0.833600   0.833600   0.833600   0.833600   0.833600   0.833600   0.835600   0.844000   0.854400   0.854400   0.875200   0.902000   0.916800 
53   0.830400   0.830400   0.830400   0.830400   0.830400   0.830400   0.832600   0.841000   0.851600   0.851600   0.872800   0.900200   0.915200 
54   0.827200   0.827200   0.827200   0.827200   0.827200   0.827200   0.829600   0.838000   0.848800   0.848800   0.870400   0.898400   0.913600 
55   0.824000   0.824000   0.824000   0.824000   0.824000   0.824000   0.826600   0.835000   0.846000   0.846000   0.868000   0.896600   0.912000 
56   0.820800   0.820800   0.820800   0.820800   0.820800   0.820800   0.823600   0.832000   0.843200   0.843200   0.865600   0.894800   0.910400 
57   0.817600   0.817600   0.817600   0.817600   0.817600   0.817600   0.820600   0.829000   0.840400   0.840400   0.863200   0.893000   0.908800 
58   0.814400   0.814400   0.814400   0.814400   0.814400   0.814400   0.817600   0.826000   0.837600   0.837600   0.860800   0.891200   0.907200 
59   0.811200   0.811200   0.811200   0.811200   0.811200   0.811200   0.814600   0.823000   0.834800   0.834800   0.858400   0.889400   0.905600 
60   0.808000   0.808000   0.808000   0.808000   0.808000   0.808000   0.811600   0.820000   0.832000   0.832000   0.856000   0.887600   0.904000 
61   0.804800   0.804800   0.804800   0.804800   0.804800   0.804800   0.808600   0.817000   0.829200   0.829200   0.853600   0.885800   0.902400 
62   0.801600   0.801600   0.801600   0.801600   0.801600   0.801600   0.805600   0.814000   0.826400   0.826400   0.851200   0.884000   0.900800 
63   0.798400   0.798400   0.798400   0.798400   0.798400   0.798400   0.802600   0.811000   0.823600   0.823600   0.848800   0.882200   0.899200 
64   0.795200   0.795200   0.795200   0.795200   0.795200   0.795200   0.799600   0.808000   0.820800   0.820800   0.846400   0.880400   0.897600 
65   0.792000   0.792000   0.792000   0.792000   0.792000   0.792000   0.796600   0.805000   0.818000   0.818000   0.844000   0.878600   0.896000 
66   0.788800   0.788800   0.788800   0.788800   0.788800   0.789000   0.793600   0.802000   0.815200   0.815200   0.841600   0.876800   0.894400 
67   0.785600   0.785600   0.785600   0.785600   0.785600   0.786000   0.790600   0.799000   0.812400   0.812400   0.839200   0.875000   0.892800 
68   0.782400   0.782400   0.782400   0.782400   0.782400   0.783000   0.787600   0.796000   0.809600   0.809600   0.836800   0.873200   0.891200 
69   0.779200   0.779200   0.779200   0.779200   0.779200   0.780000   0.784600   0.793000   0.806800   0.806800   0.834400   0.871400   0.889600 
70   0.776000   0.776000   0.776000   0.776000   0.776000   0.777000   0.781600   0.790000   0.804000   0.804000   0.832000   0.869600   0.888000 
71   0.772800   0.772800   0.772800   0.772800   0.772800   0.774000   0.778600   0.787000   0.801200   0.801200   0.829600   0.867800   0.886400 
72   0.769600   0.769600   0.769600   0.769600   0.769600   0.771000   0.775600   0.784000   0.798400   0.798400   0.827200   0.866000   0.884800 
73   0.766400   0.766400   0.766400   0.766400   0.766400   0.768000   0.772600   0.781000   0.795600   0.795600   0.824800   0.864200   0.883200 
74   0.763200   0.763200   0.763200   0.763200   0.763200   0.765000   0.769600   0.778000   0.792800   0.792800   0.822400   0.862400   0.881600 
75   0.760000   0.760000   0.760000   0.760000   0.760000   0.762000   0.766600   0.775000   0.790000   0.790000   0.820000   0.860600   0.880000 
76   0.756800   0.756800   0.756800   0.756800   0.757000   0.759000   0.763600   0.772000   0.787200   0.787200   0.817600   0.858800   0.878400 
77   0.753600   0.753600   0.753800   0.753600   0.754000   0.756000   0.760600   0.769000   0.784400   0.784400   0.815200   0.857000   0.876800 
78   0.750400   0.750400   0.750800   0.750400   0.751000   0.753000   0.757600   0.766000   0.781600   0.781600   0.812800   0.855200   0.875200 
79   0.747200   0.747200   0.747800   0.747200   0.748000   0.750000   0.754600   0.763000   0.778800   0.778800   0.810400   0.853400   0.873600 
80   0.744000   0.744000   0.744800   0.744200   0.745000   0.747000   0.751600   0.760000   0.776000   0.776000   0.808000   0.851600   0.872000 
81   0.740800   0.740800   0.741800   0.741200   0.742000   0.744000   0.748600   0.757000   0.773200   0.773200   0.805600   0.849800   0.870400 
82   0.737600   0.737800   0.738800   0.738200   0.739000   0.741000   0.745600   0.754000   0.770400   0.770400   0.803200   0.848000   0.868800 
83   0.734400   0.734800   0.735800   0.735200   0.736000   0.738000   0.742600   0.751000   0.767600   0.767600   0.800800   0.846200   0.867200 
84   0.731200   0.731800   0.732800   0.732200   0.733000   0.735000   0.739600   0.748000   0.764800   0.764800   0.798400   0.844400   0.865600 
85   0.728000   0.728800   0.729800   0.729200   0.730000   0.732200   0.736600   0.745000   0.762000   0.762000   0.796000   0.842600   0.864000 
86   0.724800   0.725800   0.726800   0.726200   0.727000   0.729400   0.733600   0.742000   0.759200   0.759200   0.793600   0.840800   0.862400 
87   0.721600   0.722800   0.723800   0.723200   0.724000   0.726600   0.730600   0.739000   0.756400   0.756400   0.791200   0.839000   0.860800 
88   0.718400   0.719800   0.720800   0.720200   0.721000   0.723800   0.727600   0.736000   0.753600   0.753600   0.788800   0.837200   0.859200 
89   0.715200   0.716800   0.717800   0.717200   0.718000   0.721000   0.724600   0.733000   0.750800   0.750800   0.786400   0.835400   0.857600 
90   0.712000   0.713800   0.714800   0.714200   0.715000   0.718200   0.721600   0.730000   0.748000   0.748000   0.784000   0.833600   0.856000 
91   0.708800   0.710800   0.711800   0.711200   0.712000   0.715400   0.718800   0.727000   0.745200   0.745200   0.781600   0.831800   0.854400 
92   0.705600   0.707800   0.708800   0.708200   0.709000   0.712600   0.716000   0.724000   0.742400   0.742400   0.779200   0.830000   0.852800 
93   0.702400   0.704800   0.705800   0.705200   0.706000   0.709800   0.713200   0.721000   0.739600   0.739600   0.776800   0.828200   0.851200 
94   0.699400   0.701800   0.702800   0.702200   0.703000   0.707000   0.710400   0.718000   0.736800   0.736800   0.774400   0.826400   0.849600 
95   0.696400   0.698800   0.699800   0.699200   0.700000   0.704200   0.707600   0.715000   0.734000   0.734000   0.772000   0.824600   0.848000 
96   0.693400   0.695800   0.696800   0.696200   0.697000   0.701400   0.704800   0.712000   0.731200   0.731200   0.769600   0.822800   0.846400 
97   0.690400   0.692800   0.693800   0.693200   0.694000   0.698600   0.702000   0.709000   0.728400   0.728400   0.767200   0.821000   0.844800 
98   0.687400   0.689800   0.690800   0.690400   0.691000   0.695800   0.699200   0.706000   0.725600   0.725600   0.764800   0.819200   0.843200 
99   0.684400   0.686800   0.687800   0.687600   0.688000   0.693000   0.696400   0.703000   0.722800   0.722800   0.762400   0.817400   0.841600 
100   0.681400   0.683800   0.684800   0.684800   0.685000   0.690200   0.693600   0.700000   0.720000   0.720000   0.760000   0.815600   0.840000 
101   0.678400   0.680800   0.681800   0.682000   0.682000   0.687400   0.690800   0.697000   0.717200   0.717200   0.757600   0.813800   0.838400 
102   0.675400   0.677800   0.679000   0.679200   0.679000   0.684600   0.688000   0.694000   0.714400   0.714400   0.755200   0.812000   0.836800 
103   0.672400   0.674800   0.676200   0.676400   0.676000   0.681800   0.685200   0.691000   0.711600   0.711600   0.752800   0.810200   0.835200 
104   0.669400   0.672000   0.673600   0.673600   0.673000   0.679000   0.682400   0.688000   0.708800   0.708800   0.750400   0.808400   0.833600 
105   0.666400   0.669200   0.671000   0.670800   0.670000   0.676200   0.679600   0.685000   0.706000   0.706000   0.748000   0.806600   0.832000 
106   0.663400   0.666600   0.668400   0.668000   0.667000   0.673400   0.676800   0.682000   0.703200   0.703200   0.745600   0.804800   0.830400 
107   0.660600   0.664000   0.665800   0.665200   0.664000   0.670600   0.674000   0.679000   0.700400   0.700400   0.743200   0.803000   0.828800 
108   0.657800   0.661400   0.663200   0.662400   0.661000   0.667800   0.671200   0.676000   0.697600   0.697600   0.740800   0.801200   0.827200 
109   0.655000   0.658800   0.660600   0.659600   0.658000   0.665000   0.668400   0.673000   0.694800   0.694800   0.738400   0.799400   0.825600 
110   0.652200   0.656200   0.658000   0.656800   0.655000   0.662200   0.665600   0.670000   0.692000   0.692000   0.736000   0.797600   0.824000 
111   0.649400   0.653600   0.655400   0.654200   0.652200   0.659400   0.662800   0.667000   0.689200   0.689200   0.733600   0.795800   0.822400 
112   0.646600   0.651000   0.652800   0.651600   0.649400   0.656600   0.660000   0.664000   0.686400   0.686400   0.731200   0.794000   0.820800 
113   0.644000   0.648400   0.650200   0.649000   0.646600   0.653800   0.657200   0.661000   0.683600   0.683600   0.728800   0.792200   0.819200 
114   0.641400   0.645800   0.647600   0.646400   0.643800   0.651000   0.654400   0.658000   0.680800   0.680800   0.726400   0.790400   0.817600 
115   0.638800   0.643200   0.645000   0.643800   0.641000   0.648200   0.651600   0.655000   0.678000   0.678000   0.724000   0.788600   0.816000 
116   0.636200   0.640600   0.642400   0.641200   0.638200   0.645400   0.648800   0.652000   0.675200   0.675200   0.721600   0.786800   0.814400 
117   0.633600   0.638000   0.639800   0.638600   0.635400   0.642600   0.646000   0.649000   0.672400   0.672400   0.719200   0.785000   0.812800 
118   0.631000   0.635400   0.637200   0.636000   0.632600   0.639800   0.643200   0.646000   0.669600   0.669600   0.716800   0.783200   0.811200 
119   0.628400   0.632800   0.634600   0.633400   0.629800   0.637000   0.640400   0.643000   0.666800   0.666800   0.714400   0.781400   0.809600 
120   0.625800   0.630200   0.632000   0.630800   0.627000   0.634200   0.637600   0.640000   0.664000   0.664000   0.712000   0.779600   0.808000 
121   0.623200   0.627600   0.629400   0.628200   0.624400   0.631400   0.634800   0.637000   0.661200   0.661200   0.709600   0.777800   0.806400 
122   0.620600   0.625000   0.626800   0.625600   0.621800   0.628600   0.632000   0.634000   0.658400   0.658400   0.707200   0.776000   0.804800 
123   0.618000   0.622400   0.624200   0.623000   0.619200   0.625800   0.629200   0.631000   0.655600   0.655600   0.704800   0.774200   0.803200 
124   0.615400   0.619800   0.621600   0.620400   0.616600   0.623000   0.626400   0.628000   0.652800   0.652800   0.702400   0.772400   0.801600 
125   0.612800   0.617200   0.619000   0.617800   0.614000   0.620200   0.623600   0.625000   0.650000   0.650000   0.700000   0.770600   0.800000 
126   0.610200   0.614600   0.616400   0.615200   0.611400   0.617400   0.620800   0.622000   0.647200   0.647200   0.697600   0.768800   0.798600 
127   0.607600   0.612000   0.613800   0.612600   0.608800   0.614600   0.618000   0.619000   0.644400   0.644400   0.695200   0.767000   0.797200 
128   0.605000   0.609400   0.611200   0.610000   0.606200   0.611800   0.615200   0.616000   0.641600   0.641600   0.692800   0.765200   0.795800 
129   0.602400   0.606800   0.608600   0.607400   0.603600   0.609000   0.612400   0.613000   0.638800   0.638800   0.690400   0.763400   0.794400 
130   0.599800   0.604200   0.606000   0.604800   0.601000   0.606200   0.609600   0.610000   0.636000   0.636000   0.688000   0.761600   0.793000 
131   0.597200   0.601600   0.603400   0.602200   0.598400   0.603400   0.606800   0.607000   0.633200   0.633200   0.685600   0.759800   0.791600 
132   0.594600   0.599000   0.600800   0.599600   0.595800   0.600600   0.604000   0.604000   0.630400   0.630400   0.683200   0.758000   0.790200 
133   0.592000   0.596400   0.598200   0.597000   0.593200   0.597800   0.601200   0.601000   0.627600   0.627600   0.680800   0.756200   0.788800 
134   0.589400   0.593800   0.595600   0.594400   0.590600   0.595000   0.598400   0.598000   0.624800   0.624800   0.678400   0.754400   0.787400 
135   0.586800   0.591200   0.593000   0.591800   0.588000   0.592200   0.595600   0.595000   0.622000   0.622000   0.676000   0.752600   0.786000 
136   0.584200   0.588600   0.590400   0.589200   0.585400   0.589400   0.592800   0.592000   0.619200   0.619200   0.673600   0.750800   0.784600 
137   0.581600   0.586000   0.587800   0.586600   0.582800   0.586600   0.590000   0.589000   0.616400   0.616400   0.671200   0.749000   0.783200 
138   0.579000   0.583400   0.585200   0.584000   0.580200   0.583800   0.587200   0.586000   0.613600   0.613600   0.668800   0.747200   0.781800 
139   0.576400   0.580800   0.582600   0.581400   0.577600   0.581000   0.584400   0.583000   0.610800   0.610800   0.666400   0.745400   0.780400 
140   0.573800   0.578200   0.580000   0.578800   0.575000   0.578200   0.581600   0.580000   0.608000   0.608000   0.664000   0.743600   0.779000 
141   0.571200   0.575600   0.577400   0.576200   0.572400   0.575400   0.578800   0.577000   0.605200   0.605200   0.661600   0.741800   0.777600 
142   0.568600   0.573000   0.574800   0.573600   0.569800   0.572600   0.576000   0.574000   0.602400   0.602400   0.659200   0.740000   0.776200 
143   0.566000   0.570400   0.572200   0.571000   0.567200   0.569800   0.573200   0.571000   0.599600   0.599600   0.656800   0.738200   0.774800 
144   0.563400   0.567800   0.569600   0.568400   0.564600   0.567000   0.570400   0.568000   0.596800   0.596800   0.654400   0.736400   0.773400 
145   0.560800   0.565200   0.567000   0.565800   0.562000   0.564200   0.567600   0.565000   0.594000   0.594000   0.652000   0.734600   0.772000 
146   0.558200   0.562600   0.564400   0.563200   0.559400   0.561400   0.564800   0.562000   0.591200   0.591400   0.649600   0.732800   0.770600 
147   0.555600   0.560000   0.561800   0.560600   0.556800   0.558600   0.562000   0.559000   0.588400   0.588800   0.647200   0.731000   0.769200 
148   0.553000   0.557400   0.559200   0.558000   0.554200   0.555800   0.559200   0.556000   0.585600   0.586200   0.644800   0.729200   0.767800 
149   0.550400   0.554800   0.556600   0.555400   0.551600   0.553000   0.556400   0.553000   0.582800   0.583600   0.642400   0.727400   0.766400 
150   0.547800   0.552200   0.554000   0.552800   0.549000   0.550200   0.553600   0.550000   0.580000   0.581000   0.640000   0.725600   0.765000 
151   0.545200   0.549600   0.551400   0.550200   0.546400   0.547400   0.550800   0.547000   0.577200   0.578400   0.637600   0.723800   0.763600 
152   0.542600   0.547000   0.548800   0.547600   0.543800   0.544600   0.548000   0.544000   0.574400   0.575800   0.635200   0.722000   0.762200 
153   0.540000   0.544400   0.546200   0.545000   0.541200   0.541800   0.545200   0.541000   0.571600   0.573200   0.632800   0.720200   0.760800 
154   0.537400   0.541800   0.543600   0.542400   0.538600   0.539000   0.542400   0.538000   0.568800   0.570600   0.630400   0.718400   0.759400 
155   0.534800   0.539200   0.541000   0.539800   0.536000   0.536200   0.539600   0.535000   0.566000   0.568000   0.628000   0.716600   0.758000 
156   0.532200   0.536600   0.538400   0.537200   0.533400   0.533400   0.536800   0.532000   0.563200   0.565400   0.625600   0.714800   0.756600 
157   0.529600   0.534000   0.535800   0.534600   0.530800   0.530600   0.534000   0.529000   0.560400   0.562800   0.623200   0.713000   0.755200 
158   0.527000   0.531400   0.533200   0.532000   0.528200   0.527800   0.531200   0.526000   0.557600   0.560200   0.620800   0.711200   0.753800 
159   0.524400   0.528800   0.530600   0.529400   0.525600   0.525000   0.528400   0.523200   0.554800   0.557600   0.618400   0.709400   0.752400 
160   0.521800   0.526200   0.528000   0.526800   0.523000   0.522200   0.525600   0.520400   0.552000   0.555000   0.616000   0.707600   0.751000 
161   0.519200   0.523600   0.525400   0.524200   0.520400   0.519400   0.522800   0.517600   0.549200   0.552400   0.613600   0.705800   0.749600 
162   0.516600   0.521000   0.522800   0.521600   0.517800   0.516600   0.520000   0.514800   0.546400   0.549800   0.611200   0.704000   0.748200 
163   0.514000   0.518400   0.520200   0.519000   0.515200   0.513800   0.517200   0.512000   0.543600   0.547200   0.608800   0.702200   0.746800 
164   0.511400   0.515800   0.517600   0.516400   0.512600   0.511000   0.514400   0.509200   0.540800   0.544800   0.606400   0.700400   0.745400 
165   0.508800   0.513200   0.515000   0.513800   0.510000   0.508200   0.511600   0.506400   0.538000   0.542400   0.604000   0.698600   0.744000 
166   0.506200   0.510600   0.512400   0.511200   0.507400   0.505400   0.508800   0.503600   0.535200   0.540000   0.601600   0.696800   0.742600 
167   0.503600   0.508000   0.509800   0.508600   0.504800   0.502600   0.506000   0.500800   0.532400   0.537600   0.599200   0.695000   0.741200 
168   0.501000   0.505400   0.507200   0.506000   0.502200   0.499800   0.503200   0.498000   0.529600   0.535200   0.596800   0.693200   0.739800 
169   0.498400   0.502800   0.504600   0.503400   0.499600   0.497000   0.500400   0.495400   0.526800   0.532800   0.594600   0.691400   0.738400 
170   0.495800   0.500200   0.502000   0.500800   0.497000   0.494400   0.497800   0.492800   0.524000   0.530400   0.592400   0.689600   0.737000 
171   0.493200   0.497600   0.499400   0.498200   0.494400   0.491800   0.495200   0.490200   0.521200   0.528000   0.590200   0.687800   0.735600 
172   0.490600   0.495000   0.496800   0.495600   0.491800   0.489200   0.492600   0.487600   0.518400   0.525600   0.588000   0.686000   0.734200 
173   0.488000   0.492400   0.494200   0.493000   0.489200   0.486600   0.490000   0.485000   0.515600   0.523200   0.585800   0.684200   0.732800 
174   0.485400   0.489800   0.491600   0.490400   0.486600   0.484000   0.487400   0.482400   0.512800   0.520800   0.583600   0.682400   0.731400 
175   0.482800   0.487200   0.489000   0.487800   0.484000   0.481400   0.484800   0.479800   0.510000   0.518400   0.581400   0.680600   0.730000 
176   0.480200   0.484600   0.486400   0.485200   0.481400   0.478800   0.482200   0.477200   0.507200   0.516000   0.579200   0.678800   0.728600 
177   0.477600   0.482000   0.483800   0.482600   0.478800   0.476200   0.479600   0.474600   0.504400   0.513600   0.577000   0.677000   0.727200 
178   0.475000   0.479400   0.481200   0.480000   0.476200   0.473600   0.477000   0.472000   0.501600   0.511200   0.574800   0.675200   0.725800 
179   0.472400   0.476800   0.478600   0.477400   0.473600   0.471000   0.474400   0.469400   0.498800   0.508800   0.572600   0.673400   0.724400 
180   0.469800   0.474200   0.476000   0.474800   0.471000   0.468400   0.471800   0.466800   0.496000   0.506400   0.570600   0.671600   0.723000 
181   0.467200   0.471600   0.473400   0.472200   0.468400   0.465800   0.469200   0.464200   0.493200   0.504000   0.568600   0.669800   0.721600 
182   0.464600   0.469000   0.470800   0.469600   0.465800   0.463200   0.466600   0.461600   0.490400   0.501600   0.566600   0.668000   0.720200 
183   0.462000   0.466400   0.468200   0.467000   0.463200   0.460600   0.464000   0.459000   0.487600   0.499200   0.564600   0.666200   0.718800 
184   0.459400   0.463800   0.465600   0.464400   0.460600   0.458000   0.461400   0.456400   0.484800   0.496800   0.562600   0.664400   0.717400 
185   0.456800   0.461200   0.463000   0.461800   0.458000   0.455400   0.458800   0.453800   0.482000   0.494400   0.560600   0.662600   0.716200 
186   0.454200   0.458600   0.460400   0.459200   0.455400   0.452800   0.456200   0.451200   0.479200   0.492000   0.558600   0.660800   0.715000 
187   0.451600   0.456000   0.457800   0.456600   0.452800   0.450200   0.453600   0.448600   0.476400   0.489600   0.556600   0.659000   0.713800 
188   0.449000   0.453400   0.455200   0.454000   0.450200   0.447600   0.451000   0.446000   0.473600   0.487200   0.554600   0.657200   0.712600 
189   0.446400   0.450800   0.452600   0.451400   0.447600   0.445000   0.448400   0.443400   0.470800   0.484800   0.552600   0.655400   0.711400 
190   0.443800   0.448200   0.450000   0.448800   0.445000   0.442600   0.445800   0.440800   0.468000   0.482400   0.550600   0.653600   0.710200 
191   0.441200   0.445600   0.447400   0.446200   0.442400   0.440200   0.443200   0.438200   0.465200   0.480000   0.548600   0.651800   0.709000 
192   0.438600   0.443000   0.444800   0.443600   0.439800   0.437800   0.440600   0.435600   0.462400   0.477600   0.546600   0.650000   0.707800 
193   0.436000   0.440400   0.442200   0.441000   0.437200   0.435400   0.438000   0.433200   0.459600   0.475200   0.544600   0.648200   0.706600 
194   0.433400   0.437800   0.439600   0.438400   0.434600   0.433000   0.435400   0.430800   0.457000   0.472800   0.542600   0.646400   0.705400 
195   0.430800   0.435200   0.437000   0.435800   0.432000   0.430600   0.432800   0.428400   0.454400   0.470400   0.540600   0.644600   0.704200 
196   0.428200   0.432600   0.434400   0.433200   0.429400   0.428200   0.430400   0.426000   0.451800   0.468000   0.538600   0.643000   0.703000 
197   0.425600   0.430000   0.431800   0.430600   0.426800   0.425800   0.428000   0.423600   0.449200   0.465600   0.536800   0.641400   0.701800 
198   0.423000   0.427400   0.429200   0.428000   0.424400   0.423400   0.425600   0.421200   0.446600   0.463200   0.535000   0.639800   0.700600 
199   0.420400   0.424800   0.426600   0.425400   0.422000   0.421000   0.423200   0.418800   0.444000   0.460800   0.533200   0.638200   0.699400 
200   0.417800   0.422200   0.424000   0.422800   0.419600   0.418600   0.420800   0.416400   0.441600   0.458400   0.531400   0.636600   0.698200 
201   0.415200   0.419600   0.421400   0.420200   0.417200   0.416200   0.418400   0.414000   0.439200   0.456000   0.529600   0.635000   0.697000 
202   0.412600   0.417000   0.418800   0.417600   0.414800   0.413800   0.416000   0.411800   0.436800   0.453600   0.527800   0.633400   0.695800 
203   0.410000   0.414400   0.416200   0.415000   0.412400   0.411400   0.413600   0.409600   0.434400   0.451200   0.526000   0.631800   0.694600 
204   0.407400   0.411800   0.413600   0.412400   0.410000   0.409000   0.411200   0.407400   0.432000   0.448800   0.524200   0.630200   0.693400 
205   0.404800   0.409200   0.411000   0.409800   0.407600   0.406600   0.408800   0.405200   0.429600   0.446400   0.522400   0.628600   0.692200 
206   0.402200   0.406600   0.408400   0.407200   0.405200   0.404200   0.406400   0.403000   0.427200   0.444000   0.520600   0.627000   0.691000 
207   0.399600   0.404000   0.405800   0.404600   0.402800   0.401800   0.404000   0.400800   0.424800   0.441600   0.518800   0.625400   0.689800 
208   0.397000   0.401400   0.403200   0.402000   0.400400   0.399400   0.401600   0.398600   0.422400   0.439200   0.517000   0.623800   0.688600 
209   0.394400   0.398800   0.400600   0.399400   0.398000   0.397000   0.399200   0.396400   0.420000   0.436800   0.515200   0.622200   0.687400 
210   0.391800   0.396200   0.398000   0.396800   0.395600   0.394600   0.396800   0.394200   0.417600   0.434400   0.513400   0.620600   0.686200 
211   0.389200   0.393600   0.395400   0.394200   0.393200   0.392200   0.394400   0.392000   0.415200   0.432000   0.511600   0.619000   0.685000 
212   0.386600   0.391000   0.392800   0.391600   0.390800   0.389800   0.392000   0.389800   0.413000   0.429600   0.509800   0.617400   0.683800 
213   0.384000   0.388400   0.390200   0.389000   0.388400   0.387400   0.389600   0.387600   0.410800   0.427200   0.508000   0.615800   0.682600 
214   0.381400   0.385800   0.387600   0.386600   0.386000   0.385000   0.387200   0.385400   0.408600   0.424800   0.506200   0.614200   0.681400 
215   0.378800   0.383200   0.385000   0.384200   0.383600   0.382600   0.384800   0.383200   0.406400   0.422400   0.504400   0.612600   0.680200 
216   0.376200   0.380600   0.382600   0.381800   0.381200   0.380200   0.382400   0.381000   0.404200   0.420000   0.502600   0.611000   0.679000 
217   0.373600   0.378000   0.380200   0.379400   0.378800   0.377800   0.380000   0.378800   0.402000   0.417600   0.500800   0.609400   0.677800 
218   0.371000   0.375400   0.377800   0.377000   0.376400   0.375400   0.377600   0.376600   0.399800   0.415200   0.499000   0.607800   0.676600 
219   0.368400   0.372800   0.375400   0.374600   0.374000   0.373000   0.375200   0.374400   0.397600   0.412800   0.497200   0.606200   0.675400 
220   0.365800   0.370200   0.373000   0.372200   0.371600   0.370600   0.372800   0.372200   0.395400   0.410400   0.495400   0.604600   0.674200 
221   0.363200   0.367600   0.370600   0.369800   0.369200   0.368200   0.370400   0.370000   0.393200   0.408200   0.493600   0.603000   0.673000 
222   0.360600   0.365000   0.368200   0.367400   0.366800   0.366000   0.368000   0.367800   0.391000   0.406000   0.491800   0.601400   0.671800 
223   0.358000   0.362400   0.365800   0.365000   0.364400   0.364000   0.365600   0.365600   0.388800   0.403800   0.490000   0.599800   0.670600 
224   0.355400   0.359800   0.363400   0.362600   0.362000   0.362000   0.363200   0.363400   0.386600   0.401600   0.488200   0.598200   0.669400 
225   0.352800   0.357200   0.361000   0.360200   0.359600   0.360000   0.360800   0.361200   0.384400   0.399800   0.486400   0.596600   0.668200 
226   0.350200   0.354800   0.358600   0.357800   0.357200   0.358000   0.358400   0.359000   0.382200   0.398000   0.484600   0.595000   0.667000 
227   0.347600   0.352400   0.356200   0.355400   0.354800   0.356000   0.356000   0.356800   0.380000   0.396200   0.482800   0.593400   0.665800 
228   0.345000   0.350000   0.353800   0.353000   0.352400   0.354000   0.353600   0.354600   0.377800   0.394400   0.481000   0.591800   0.664600 
229   0.342600   0.347600   0.351400   0.350600   0.350000   0.352000   0.351200   0.352400   0.375600   0.392600   0.479200   0.590200   0.663400 
230   0.340200   0.345200   0.349000   0.348200   0.347600   0.350000   0.349000   0.350200   0.373400   0.390800   0.477400   0.588600   0.662200 
231   0.337800   0.342800   0.346600   0.345800   0.345200   0.348000   0.346800   0.348000   0.371200   0.389000   0.475600   0.587000   0.661000 
232   0.335400   0.340400   0.344200   0.343400   0.342800   0.346000   0.344600   0.345800   0.369000   0.387200   0.473800   0.585400   0.659800 
233   0.333000   0.338000   0.341800   0.341000   0.340400   0.344000   0.342400   0.343600   0.366800   0.385400   0.472000   0.583800   0.658600 
234   0.330600   0.335600   0.339400   0.338600   0.338000   0.342000   0.340200   0.341400   0.364600   0.383600   0.470200   0.582200   0.657400 
235   0.328200   0.333200   0.337000   0.336200   0.335600   0.340000   0.338000   0.339200   0.362400   0.381800   0.468400   0.580600   0.656200 
236   0.325800   0.330800   0.334600   0.334000   0.333200   0.338000   0.335800   0.337000   0.360200   0.380000   0.466600   0.579000   0.655000 
237   0.323400   0.328400   0.332200   0.331800   0.330800   0.336000   0.333600   0.334800   0.358000   0.378200   0.464800   0.577400   0.653800 
238   0.321000   0.326000   0.329800   0.329600   0.328400   0.334000   0.331400   0.332600   0.355800   0.376400   0.463000   0.575800   0.652600 
239   0.318600   0.323600   0.327400   0.327400   0.326000   0.332000   0.329200   0.330600   0.353600   0.374600   0.461200   0.574200   0.651400 
240   0.316200   0.321200   0.325000   0.325200   0.323600   0.330000   0.327000   0.328600   0.351400   0.372800   0.459400   0.572600   0.650200 
241   0.313800   0.318800   0.322600   0.323000   0.321600   0.328000   0.324800   0.326600   0.349200   0.371000   0.457600   0.571000   0.649000 
242   0.311400   0.316400   0.320200   0.320800   0.319600   0.326000   0.322600   0.324600   0.347000   0.369200   0.455800   0.569400   0.647800 
243   0.309000   0.314000   0.317800   0.318600   0.317600   0.324000   0.320400   0.322600   0.344800   0.367400   0.454000   0.567800   0.646600 
244   0.306600   0.311600   0.315600   0.316400   0.315600   0.322000   0.318400   0.320600   0.342600   0.365600   0.452200   0.566200   0.645400 
245   0.304200   0.309200   0.313400   0.314200   0.313600   0.320000   0.316400   0.318600   0.340400   0.363800   0.450400   0.564600   0.644200 
246   0.301800   0.306800   0.311200   0.312000   0.311600   0.318000   0.314400   0.316600   0.338200   0.362000   0.448800   0.563000   0.643000 
247   0.299400   0.304400   0.309200   0.309800   0.309600   0.316000   0.312400   0.314600   0.336000   0.360200   0.447200   0.561400   0.641800 
248   0.297000   0.302000   0.307200   0.307600   0.307600   0.314000   0.310400   0.312800   0.333800   0.358400   0.445600   0.559800   0.640600 
249   0.294600   0.299800   0.305200   0.305400   0.305600   0.312000   0.308400   0.311200   0.331600   0.356600   0.444000   0.558200   0.639400 
250   0.292200   0.297600   0.303200   0.303200   0.303600   0.310000   0.306400   0.309600   0.329400   0.354800   0.442400   0.556600   0.638200 
251   0.289800   0.295400   0.301200   0.301000   0.301600   0.308200   0.304400   0.308000   0.327200   0.353000   0.440800   0.555000   0.637000 
252   0.287400   0.293200   0.299200   0.298800   0.299600   0.306400   0.302400   0.306400   0.325000   0.351200   0.439200   0.553400   0.635800 
253   0.285200   0.291000   0.297200   0.296800   0.297600   0.304600   0.300400   0.304800   0.322800   0.349400   0.437600   0.551800   0.634600 
254   0.283000   0.288800   0.295200   0.294800   0.295600   0.302800   0.298400   0.303200   0.320600   0.347600   0.436000   0.550200   0.633400 
255   0.280800   0.286600   0.293200   0.292800   0.293600   0.301000   0.296400   0.301600   0.318400   0.345800   0.434400   0.548600   0.632200 
256   0.278600   0.284400   0.291200   0.290800   0.291600   0.299200   0.294400   0.300000   0.316200   0.344000   0.432800   0.547000   0.631000 
257   0.276600   0.282400   0.289200   0.288800   0.289600   0.297400   0.292400   0.298400   0.314000   0.342200   0.431200   0.545400   0.629800 
258   0.274600   0.280400   0.287200   0.286800   0.287600   0.295600   0.290400   0.296800   0.311800   0.340400   0.429600   0.543800   0.628600 
259   0.272600   0.278400   0.285200   0.284800   0.285600   0.293800   0.288400   0.295200   0.309600   0.338600   0.428000   0.542200   0.627400 
260   0.270600   0.276400   0.283200   0.282800   0.283600   0.292000   0.286400   0.293600   0.307400   0.336800   0.426400   0.540600   0.626200 
261   0.268600   0.274400   0.281200   0.281000   0.281800   0.290200   0.284400   0.292000   0.305200   0.335000   0.424800   0.539000   0.625000 
262   0.266600   0.272400   0.279200   0.279200   0.280000   0.288400   0.282600   0.290400   0.303000   0.333200   0.423200   0.537400   0.623800 
263   0.264600   0.270400   0.277200   0.277400   0.278200   0.286600   0.280800   0.288800   0.300800   0.331400   0.421600   0.535800   0.622600 
264   0.262600   0.268400   0.275200   0.275600   0.276400   0.284800   0.279000   0.287200   0.298600   0.329600   0.420000   0.534200   0.621400 
265   0.260600   0.266400   0.273200   0.273800   0.274600   0.283000   0.277200   0.285600   0.296400   0.327800   0.418400   0.532600   0.620200 
266   0.258600   0.264400   0.271200   0.272000   0.272800   0.281200   0.275400   0.284000   0.294200   0.326000   0.416800   0.531000   0.619000 
267   0.256600   0.262400   0.269200   0.270200   0.271000   0.279400   0.273600   0.282400   0.292000   0.324200   0.415200   0.529400   0.617800 
268   0.254600   0.260400   0.267200   0.268400   0.269200   0.277600   0.271800   0.280800   0.289800   0.322400   0.413600   0.527800   0.616600 
269   0.252600   0.258400   0.265200   0.266600   0.267400   0.275800   0.270000   0.279200   0.287600   0.320600   0.412000   0.526200   0.615400 
270   0.250800   0.256400   0.263200   0.264800   0.265600   0.274000   0.268400   0.277600   0.285400   0.318800   0.410400   0.524600   0.614200 
271   0.249000   0.254400   0.261200   0.263000   0.263800   0.272200   0.266800   0.276000   0.283200   0.317000   0.408800   0.523000   0.613000 
272   0.247200   0.252400   0.259200   0.261200   0.262000   0.270400   0.265200   0.274400   0.281200   0.315200   0.407200   0.521400   0.611800 
273   0.245400   0.250400   0.257200   0.259400   0.260200   0.268600   0.263600   0.272800   0.279200   0.313400   0.405600   0.519800   0.610600 
274   0.243600   0.248400   0.255200   0.257600   0.258400   0.266800   0.262000   0.271200   0.277200   0.311600   0.404000   0.518200   0.609400 
275   0.242000   0.246400   0.253200   0.255800   0.256600   0.265000   0.260400   0.269600   0.275200   0.309800   0.402400   0.516600   0.608200 
276   0.240400   0.244400   0.251200   0.254000   0.254800   0.263200   0.258800   0.268000   0.273200   0.308000   0.400800   0.515000   0.607000 
277   0.238800   0.242400   0.249200   0.252200   0.253000   0.261400   0.257200   0.266400   0.271200   0.306200   0.399200   0.513400   0.606000 
278   0.237200   0.240600   0.247200   0.250400   0.251200   0.259600   0.255600   0.264800   0.269200   0.304400   0.397600   0.511800   0.605000 
279   0.235600   0.238800   0.245200   0.248600   0.249400   0.257800   0.254000   0.263400   0.267200   0.302600   0.396000   0.510200   0.604000 
280   0.234000   0.237000   0.243200   0.246800   0.247600   0.256000   0.252400   0.262000   0.265200   0.300800   0.394400   0.508600   0.603000 
281   0.232400   0.235200   0.241200   0.245000   0.245800   0.254200   0.250800   0.260600   0.263200   0.299000   0.392800   0.507000   0.602000 
282   0.230800   0.233600   0.239200   0.243200   0.244000   0.252400   0.249200   0.259200   0.261200   0.297200   0.391200   0.505400   0.601000 
283   0.229200   0.232000   0.237400   0.241400   0.242200   0.250600   0.247600   0.257800   0.259200   0.295400   0.389600   0.503800   0.600000 
284   0.227600   0.230400   0.235600   0.239600   0.240600   0.248800   0.246000   0.256400   0.257200   0.293600   0.388000   0.502200   0.599000 
285   0.226000   0.228800   0.233800   0.237800   0.239200   0.247000   0.244400   0.255000   0.255200   0.291800   0.386400   0.500600   0.598000 
286   0.224400   0.227200   0.232200   0.236000   0.237800   0.245200   0.242800   0.253600   0.253200   0.290000   0.384800   0.499000   0.597000 
287   0.222800   0.225600   0.230600   0.234200   0.236400   0.243400   0.241200   0.252200   0.251200   0.288200   0.383200   0.497400   0.596000 
288   0.221400   0.224000   0.229200   0.232400   0.235000   0.241600   0.239600   0.250800   0.249200   0.286400   0.381600   0.495800   0.595000 
289   0.220200   0.222600   0.227800   0.230600   0.233600   0.239800   0.238000   0.249400   0.247200   0.284600   0.380000   0.494200   0.594000 
290   0.219000   0.221200   0.226400   0.228800   0.232200   0.238000   0.236400   0.248200   0.245200   0.282800   0.378400   0.492600   0.593000 
291   0.217800   0.219800   0.225000   0.227000   0.230800   0.236400   0.234800   0.247000   0.243200   0.281000   0.376800   0.491000   0.592000 
292   0.216600   0.218400   0.223600   0.225200   0.229400   0.234800   0.233200   0.245800   0.241200   0.279200   0.375200   0.489400   0.591200 
293   0.215400   0.217000   0.222200   0.223400   0.228000   0.233200   0.231600   0.244600   0.239200   0.277400   0.373600   0.487800   0.590400 
294   0.214200   0.215600   0.220800   0.221600   0.226600   0.231600   0.230200   0.243400   0.237200   0.275600   0.372000   0.486200   0.589600 
295   0.213000   0.214200   0.219400   0.220200   0.225200   0.230000   0.228800   0.242200   0.235200   0.273800   0.370600   0.484600   0.588800 
296   0.211800   0.212800   0.218000   0.218800   0.223800   0.228400   0.227400   0.241000   0.233200   0.272000   0.369200   0.483000   0.588000 
297   0.210600   0.211400   0.216600   0.217600   0.222400   0.226800   0.226000   0.239800   0.231200   0.270200   0.367800   0.481400   0.587200 
298   0.209400   0.210000   0.215400   0.216400   0.221000   0.225200   0.224600   0.238600   0.229200   0.268400   0.366400   0.479800   0.586400 
299   0.208200   0.208800   0.214200   0.215200   0.219600   0.223600   0.223200   0.237400   0.227200   0.266600   0.365000   0.478200   0.585600 
300   0.207200   0.207600   0.213000   0.214000   0.218200   0.222000   0.221800   0.236200   0.225200   0.264800   0.363600   0.476600   0.584800 
301   0.206200   0.206600   0.211800   0.212800   0.216800   0.220400   0.220400   0.235000   0.223200   0.263000   0.362200   0.475000   0.584000 
302   0.205200   0.205600   0.210800   0.211600   0.215600   0.218800   0.219000   0.233800   0.221200   0.261200   0.360800   0.473400   0.583200 
303   0.204200   0.204600   0.209800   0.210400   0.214400   0.217400   0.217600   0.232600   0.219200   0.259400   0.359400   0.471800   0.582400 
304   0.203200   0.203600   0.208800   0.209200   0.213200   0.216200   0.216200   0.231400   0.217400   0.257600   0.358000   0.470200   0.581600 
305   0.202200   0.202600   0.207800   0.208000   0.212000   0.215000   0.214800   0.230200   0.215600   0.255800   0.356600   0.468600   0.580800 
306   0.201200   0.201600   0.206800   0.206800   0.210800   0.213800   0.213400   0.229000   0.213800   0.254000   0.355200   0.467000   0.580000 
307   0.200200   0.200600   0.205800   0.205600   0.209600   0.212600   0.212000   0.227800   0.212000   0.252200   0.353800   0.465400   0.579200 
308   0.199200   0.199600   0.204800   0.204600   0.208400   0.211400   0.210600   0.226600   0.210200   0.250600   0.352400   0.463800   0.578600 
309   0.198200   0.198600   0.203800   0.203600   0.207200   0.210200   0.209200   0.225400   0.208400   0.249000   0.351000   0.462200   0.578000 
310   0.197200   0.197600   0.202800   0.202600   0.206000   0.209000   0.207800   0.224200   0.206600   0.247400   0.349600   0.460600   0.577400 
311   0.196200   0.196600   0.201800   0.201600   0.205000   0.207800   0.206600   0.223000   0.204800   0.245800   0.348200   0.459000   0.576800 
312   0.195200   0.195600   0.200800   0.200600   0.204000   0.206600   0.205400   0.221800   0.203000   0.244200   0.346800   0.457400   0.576200 
313   0.194200   0.194600   0.199800   0.199600   0.203200   0.205400   0.204200   0.220600   0.201200   0.242600   0.345400   0.456000   0.575600 
314   0.193200   0.193600   0.198800   0.198800   0.202400   0.204200   0.203000   0.219400   0.199400   0.241000   0.344000   0.454600   0.575000 
315   0.192200   0.192600   0.197800   0.198000   0.201600   0.203200   0.201800   0.218200   0.197600   0.239400   0.342600   0.453200   0.574400 
316   0.191200   0.191800   0.196800   0.197200   0.200800   0.202400   0.200600   0.217000   0.195800   0.237800   0.341200   0.451800   0.573800 
317   0.190200   0.191000   0.196000   0.196400   0.200000   0.201600   0.199400   0.215800   0.194000   0.236200   0.339800   0.450400   0.573200 
318   0.189200   0.190200   0.195200   0.195600   0.199200   0.200800   0.198200   0.214600   0.192200   0.234600   0.338400   0.449000   0.572600 
319   0.188200   0.189400   0.194400   0.194800   0.198400   0.200000   0.197000   0.213400   0.190400   0.233000   0.337000   0.447600   0.572000 
320   0.187200   0.188600   0.193600   0.194000   0.197600   0.199200   0.195800   0.212200   0.188600   0.231400   0.335600   0.446400   0.571400 
321   0.186200   0.187800   0.192800   0.193200   0.196800   0.198400   0.194800   0.211000   0.186800   0.229800   0.334200   0.445200   0.570800 
322   0.185200   0.187000   0.192000   0.192400   0.196000   0.197600   0.193800   0.209800   0.185000   0.228400   0.332800   0.444000   0.570200 
323   0.184200   0.186200   0.191200   0.191600   0.195200   0.196800   0.192800   0.208600   0.183200   0.227000   0.331400   0.442800   0.569600 
324   0.183200   0.185400   0.190400   0.190800   0.194400   0.196000   0.191800   0.207400   0.181600   0.225600   0.330000   0.441600   0.569000 
325   0.182200   0.184600   0.189600   0.190000   0.193600   0.195200   0.190800   0.206200   0.180000   0.224200   0.328600   0.440400   0.568600 
326   0.181200   0.183800   0.188800   0.189200   0.192800   0.194400   0.189800   0.205000   0.178400   0.222800   0.327200   0.439200   0.568200 
327   0.180200   0.183000   0.188000   0.188400   0.192000   0.193600   0.189000   0.203800   0.176800   0.221400   0.325800   0.438000   0.567800 
328   0.179400   0.182200   0.187200   0.187600   0.191200   0.192800   0.188200   0.202800   0.175200   0.220000   0.324400   0.436800   0.567400 
329   0.178600   0.181400   0.186400   0.186800   0.190400   0.192000   0.187400   0.201800   0.173600   0.218600   0.323000   0.435600   0.567000 
330   0.177800   0.180600   0.185600   0.186000   0.189600   0.191200   0.186600   0.200800   0.172000   0.217200   0.321600   0.434400   0.566600 
331   0.177000   0.179800   0.184800   0.185200   0.188800   0.190400   0.185800   0.199800   0.170400   0.215800   0.320200   0.433200   0.566200 
332   0.176200   0.179000   0.184000   0.184400   0.188000   0.189600   0.185000   0.198800   0.168800   0.214400   0.318800   0.432000   0.565800 
333   0.175400   0.178200   0.183200   0.183600   0.187200   0.188800   0.184200   0.197800   0.167200   0.213200   0.317400   0.430800   0.565400 
334   0.174600   0.177400   0.182400   0.182800   0.186400   0.188000   0.183400   0.196800   0.165600   0.212000   0.316000   0.429600   0.565000 
335   0.173800   0.176600   0.181600   0.182000   0.185600   0.187200   0.182600   0.195800   0.164000   0.210800   0.314600   0.428400   0.564600 
336   0.173000   0.175800   0.180800   0.181200   0.184800   0.186400   0.181800   0.194800   0.162600   0.209600   0.313200   0.427200   0.564200 
337   0.172200   0.175000   0.180000   0.180400   0.184000   0.185600   0.181000   0.193800   0.161200   0.208600   0.311800   0.426000   0.563800 
338   0.171400   0.174200   0.179200   0.179600   0.183200   0.184800   0.180200   0.192800   0.159800   0.207600   0.310400   0.424800   0.563400 
339   0.170600   0.173400   0.178400   0.178800   0.182400   0.184000   0.179400   0.191800   0.158400   0.206600   0.309000   0.423600   0.563000 
340   0.170000   0.172600   0.177600   0.178000   0.181600   0.183200   0.178600   0.190800   0.157000   0.205600   0.307600   0.422400   0.562600 
341   0.169400   0.172000   0.176800   0.177200   0.180800   0.182400   0.177800   0.189800   0.155600   0.204600   0.306200   0.421200   0.562200 
342   0.168800   0.171400   0.176000   0.176400   0.180000   0.181600   0.177000   0.188800   0.154200   0.203600   0.304800   0.420000   0.561800 
343   0.168200   0.170800   0.175200   0.175600   0.179200   0.180800   0.176200   0.187800   0.152800   0.202600   0.303400   0.418800   0.561400 
344   0.167600   0.170200   0.174400   0.174800   0.178400   0.180000   0.175400   0.186800   0.151400   0.201600   0.302000   0.417600   0.561000 
345   0.167000   0.169600   0.173600   0.174000   0.177600   0.179200   0.174600   0.185800   0.150000   0.200600   0.300600   0.416400   0.560600 
346   0.166400   0.169000   0.172800   0.173000   0.176800   0.178400   0.173800   0.184800   0.148600   0.199600   0.299200   0.415200   0.560400 
347   0.165800   0.168400   0.172000   0.172000   0.176000   0.177600   0.173000   0.183800   0.147200   0.198600   0.297800   0.414000   0.560200 
348   0.165200   0.167800   0.171200   0.171000   0.175200   0.176800   0.172200   0.182800   0.145800   0.197600   0.296400   0.412800   0.560000 
349   0.164600   0.167200   0.170400   0.170000   0.174400   0.176000   0.171400   0.181800   0.144400   0.196600   0.295000   0.411600   0.559800 
350   0.164000   0.166600   0.169400   0.169000   0.173600   0.175200   0.170600   0.180800   0.143000   0.195600   0.293600   0.410400   0.559600 
351   0.163400   0.166000   0.168400   0.168000   0.172800   0.174400   0.169800   0.179800   0.141600   0.194600   0.292400   0.409200   0.559400 
352   0.162800   0.165400   0.167400   0.167000   0.172000   0.173600   0.169000   0.178800   0.140200   0.193600   0.291200   0.408000   0.559200 
353   0.162200   0.164800   0.166400   0.166000   0.171200   0.172800   0.168000   0.177800   0.138800   0.192600   0.290000   0.406800   0.559000 
354   0.161600   0.164200   0.165400   0.165000   0.170400   0.172000   0.167000   0.176800   0.137400   0.191600   0.288800   0.405600   0.558800 
355   0.161000   0.163600   0.164400   0.164000   0.169600   0.171200   0.166000   0.175800   0.136000   0.190600   0.287600   0.404400   0.558600 
356   0.160400   0.163000   0.163600   0.163000   0.168800   0.170400   0.165000   0.174800   0.134600   0.189600   0.286400   0.403200   0.558400 
357   0.159800   0.162400   0.162800   0.162000   0.168000   0.169600   0.164000   0.173800   0.133200   0.188600   0.285200   0.402000   0.558200 
358   0.159200   0.161800   0.162000   0.161000   0.167200   0.168800   0.163000   0.172800   0.131800   0.187600   0.284000   0.400800   0.558000 
359   0.158400   0.161200   0.161200   0.160000   0.166400   0.168000   0.162000   0.171800   0.130400   0.186600   0.282800   0.399600   0.557800 
360   0.157600   0.160400   0.160400   0.159000   0.165600   0.167200   0.161000   0.170600   0.129000   0.185600   0.281600   0.398400   0.557600 
361   0.156800   0.159600   0.159600   0.158000   0.164600   0.166400   0.160000   0.169400   0.127600   0.184600   0.280400   0.397200   0.557400 
362   0.156000   0.158800   0.158800   0.157000   0.163600   0.165600   0.159000   0.168200   0.126200   0.183800   0.279200   0.396000   0.557200 
363   0.155000   0.157800   0.158000   0.156000   0.162600   0.164800   0.158000   0.167000   0.124800   0.183000   0.278000   0.394800   0.557000 
364   0.154000   0.156800   0.157000   0.155000   0.161600   0.164000   0.157000   0.165800   0.123400   0.182200   0.276800   0.393600   0.556800 
365   0.153000   0.155800   0.156000   0.154000   0.160600   0.163200   0.156000   0.164800   0.122000   0.181400   0.275600   0.392400   0.556600 
366   0.152000   0.154800   0.155000   0.153000   0.159600   0.162400   0.155000   0.163800   0.120600   0.180600   0.274600   0.391200   0.556400 
367   0.151000   0.153800   0.154000   0.152200   0.158600   0.161600   0.154000   0.162800   0.119200   0.179800   0.273800   0.390000   0.556200 
368   0.150000   0.152800   0.153000   0.151600   0.157600   0.160800   0.153000   0.161800   0.117800   0.179000   0.273000   0.388800   0.556000 
369   0.149000   0.151800   0.152000   0.151000   0.156600   0.159800   0.152000   0.160800   0.116400   0.178200   0.272200   0.387600   0.555800 
370   0.148000   0.150800   0.151000   0.150400   0.155600   0.158800   0.151000   0.159800   0.115000   0.177400   0.271400   0.386400   0.555600 
371   0.147000   0.149800   0.150000   0.149800   0.154600   0.157800   0.150000   0.158800   0.113600   0.176600   0.270600   0.385200   0.555400 
372   0.146000   0.148800   0.149000   0.149200   0.153600   0.156800   0.149000   0.157800   0.112200   0.175800   0.269800   0.384000   0.555200 
373   0.145000   0.147800   0.148000   0.148600   0.152600   0.155800   0.148000   0.156800   0.110800   0.175000   0.269000   0.382800   0.555000 
374   0.144000   0.146800   0.147000   0.147800   0.151600   0.154800   0.147000   0.155800   0.109400   0.174200   0.268200   0.381600   0.554800 
375   0.143000   0.145800   0.146000   0.147000   0.150800   0.153800   0.146000   0.154800   0.108000   0.173400   0.267400   0.380400   0.554600 
376   0.142000   0.144800   0.145000   0.146200   0.150200   0.152800   0.145000   0.153800   0.106600   0.172600   0.266600   0.379200   0.554400 
377   0.141000   0.143800   0.144000   0.145400   0.149600   0.151800   0.144000   0.152800   0.105200   0.171800   0.265800   0.378000   0.554200 
378   0.140000   0.142800   0.143000   0.144600   0.149000   0.150800   0.143000   0.151800   0.103800   0.171000   0.265000   0.376800   0.554000 
379   0.139000   0.141800   0.142000   0.143800   0.148400   0.149800   0.142000   0.150800   0.102400   0.170200   0.264200   0.375600   0.553800 
380   0.138000   0.140800   0.141000   0.143000   0.147800   0.148800   0.141000   0.150000   0.101000   0.169600   0.263400   0.374400   0.553600 
381   0.137200   0.139800   0.140000   0.142200   0.147200   0.147800   0.140200   0.149200   0.099600   0.169000   0.262600   0.373200   0.553400 
382   0.136400   0.138800   0.139200   0.141400   0.146600   0.146800   0.139400   0.148400   0.098200   0.168400   0.261800   0.372000   0.553200 
383   0.135600   0.138000   0.138400   0.140600   0.146000   0.146000   0.138600   0.147600   0.096800   0.167800   0.261000   0.370800   0.553000 
384   0.134800   0.137200   0.137600   0.139800   0.145400   0.145200   0.137800   0.146800   0.095400   0.167200   0.260200   0.369600   0.552800 
385   0.134200   0.136400   0.136800   0.139000   0.144800   0.144400   0.137000   0.146000   0.094000   0.166800   0.259400   0.368600   0.552600 
386   0.133600   0.135800   0.136000   0.138200   0.144000   0.143600   0.136200   0.145200   0.092600   0.166400   0.258600   0.367600   0.552400 
387   0.133000   0.135200   0.135200   0.137400   0.143200   0.142800   0.135400   0.144400   0.091200   0.166000   0.257800   0.366600   0.552200 
388   0.132400   0.134600   0.134400   0.136800   0.142400   0.142000   0.134800   0.143600   0.089800   0.165600   0.257000   0.365600   0.552000 
389   0.131800   0.134000   0.133600   0.136200   0.141600   0.141200   0.134200   0.142800   0.088400   0.165200   0.256200   0.364600   0.551800 
390   0.131200   0.133400   0.132800   0.135600   0.140800   0.140400   0.133600   0.142000   0.087000   0.164800   0.255400   0.363600   0.551600 
391   0.130600   0.132800   0.132000   0.135000   0.140000   0.139600   0.133000   0.141200   0.085600   0.164400   0.254600   0.362600   0.551400 
392   0.130000   0.132200   0.131200   0.134400   0.139200   0.138600   0.132400   0.140400   0.084200   0.164000   0.253800   0.361600   0.551200 
393   0.129400   0.131600   0.130400   0.133800   0.138400   0.137600   0.131800   0.139600   0.082800   0.163600   0.253000   0.360600   0.551000 
394   0.128800   0.131000   0.129600   0.133200   0.137600   0.136800   0.131200   0.138600   0.081400   0.163200   0.252200   0.359600   0.550800 
395   0.128200   0.130400   0.128800   0.132600   0.136800   0.136000   0.130600   0.137600   0.080000   0.162800   0.251400   0.358600   0.550600 
396   0.127600   0.129800   0.128000   0.132000   0.136000   0.135200   0.130000   0.136600   0.078600   0.162400   0.250600   0.357600   0.550400 
397   0.127000   0.129200   0.127200   0.131400   0.135200   0.134600   0.129400   0.135600   0.077200   0.162000   0.249800   0.356600   0.550200 
398   0.126400   0.128600   0.126400   0.130800   0.134400   0.134000   0.128800   0.134600   0.075800   0.161600   0.249000   0.355600   0.550000 
399   0.125800   0.128000   0.125800   0.130200   0.133600   0.133400   0.128000   0.133600   0.074400   0.161200   0.248200   0.354600   0.549800 
400   0.125200   0.127400   0.125200   0.129600   0.132800   0.132800   0.127400   0.132600   0.073000   0.160800   0.247400   0.353600   0.549600 
401   0.124600   0.126800   0.124600   0.129000   0.132000   0.132200   0.126800   0.131600   0.071600   0.160400   0.246600   0.352600   0.549400 
402   0.124000   0.126200   0.124000   0.128400   0.131200   0.131800   0.126200   0.130600   0.070200   0.160000   0.245800   0.351800   0.549200 
403   0.123400   0.125600   0.123400   0.127800   0.130400   0.131400   0.125600   0.129600   0.068800   0.159600   0.245000   0.351000   0.549000 
404   0.122800   0.125000   0.122800   0.127200   0.129600   0.131000   0.125000   0.128600   0.067400   0.159200   0.244200   0.350200   0.548800 
405   0.122200   0.124400   0.122200   0.126600   0.128800   0.130600   0.124400   0.127600   0.066000   0.158800   0.243400   0.349400   0.548600 
406   0.121600   0.123800   0.121600   0.126000   0.128000   0.130200   0.123800   0.126800   0.064600   0.158400   0.242800   0.348600   0.548400 
407   0.121000   0.123200   0.121000   0.125400   0.127200   0.129800   0.123200   0.126000   0.063200   0.158000   0.242200   0.347800   0.548200 
408   0.120400   0.122600   0.120400   0.124800   0.126400   0.129400   0.122800   0.125200   0.061800   0.157600   0.241600   0.347000   0.548000 
409   0.119800   0.122000   0.119800   0.124200   0.125600   0.129000   0.122400   0.124400   0.060400   0.157200   0.241000   0.346200   0.547800 
410   0.119200   0.121400   0.119200   0.123600   0.124800   0.128600   0.122200   0.123600   0.059000   0.156800   0.240400   0.345400   0.547600 
411   0.118600   0.120800   0.118600   0.123000   0.124200   0.128200   0.122000   0.122800   0.057600   0.156400   0.239800   0.344600   0.547400 
412   0.118000   0.120200   0.118000   0.122400   0.123600   0.127600   0.121800   0.122000   0.056200   0.156000   0.239200   0.343800   0.547200 
413   0.117400   0.119600   0.117400   0.121800   0.123000   0.127000   0.121600   0.121200   0.054800   0.155600   0.238600   0.343000   0.547000 
414   0.116800   0.119000   0.116800   0.121200   0.122400   0.126400   0.121400   0.120400   0.053400   0.155200   0.238000   0.342200   0.546800 
415   0.116400   0.118400   0.116200   0.120600   0.121800   0.125800   0.121200   0.119600   0.052000   0.154800   0.237400   0.341400   0.546600 
416   0.116000   0.117800   0.115600   0.120000   0.121200   0.125200   0.121000   0.118800   0.050600   0.154400   0.236800   0.340600   0.546400 
417   0.115600   0.117400   0.115000   0.119400   0.120600   0.124600   0.120800   0.118000   0.049200   0.154000   0.236400   0.339800   0.546200 
418   0.115200   0.117000   0.114400   0.118800   0.120000   0.124000   0.120600   0.117200   0.047800   0.153600   0.236000   0.339000   0.546000 
419   0.114800   0.116600   0.113800   0.118200   0.119400   0.123400   0.120400   0.116400   0.046600   0.153200   0.235600   0.338400   0.545800 
420   0.114400   0.116200   0.113200   0.117600   0.118800   0.122800   0.120200   0.115600   0.045600   0.152800   0.235200   0.337800   0.545600 
421   0.114000   0.115800   0.112600   0.117000   0.118200   0.122400   0.120000   0.114800   0.044600   0.152400   0.234800   0.337200   0.545400 
422   0.113600   0.115200   0.112000   0.116400   0.117600   0.122000   0.119800   0.114200   0.043600   0.152000   0.234400   0.336600   0.545200 
423   0.113200   0.114600   0.111400   0.115800   0.117200   0.121600   0.119600   0.113600   0.042600   0.151600   0.234000   0.336000   0.545000 
424   0.112800   0.114000   0.110800   0.115200   0.116800   0.121200   0.119400   0.113000   0.041600   0.151200   0.233600   0.335400   0.544800 
425   0.112400   0.113400   0.110200   0.114600   0.116400   0.120800   0.119000   0.112400   0.040600   0.150800   0.233200   0.334800   0.544600 
426   0.112000   0.112800   0.109600   0.114000   0.116000   0.120400   0.118600   0.111800   0.039600   0.150400   0.232800   0.334200   0.544400 
427   0.111600   0.112200   0.109000   0.113400   0.115600   0.120000   0.118200   0.111200   0.038600   0.150000   0.232400   0.333600   0.544200 
428   0.111200   0.111600   0.108400   0.112800   0.115200   0.119600   0.117800   0.110600   0.037600   0.149600   0.232000   0.333200   0.544000 
429   0.110800   0.111000   0.107800   0.112200   0.114800   0.119200   0.117400   0.110000   0.036600   0.149200   0.231600   0.332800   0.543800 
430   0.110400   0.110400   0.107200   0.111800   0.114400   0.118800   0.116800   0.109400   0.035600   0.148800   0.231400   0.332400   0.543600 
431   0.110000   0.109800   0.106600   0.111400   0.114000   0.118400   0.116200   0.108800   0.034600   0.148400   0.231200   0.332000   0.543400 
432   0.109600   0.109200   0.105800   0.111000   0.113600   0.118000   0.115600   0.108200   0.033600   0.148000   0.231000   0.331600   0.543200 
433   0.109000   0.108600   0.105000   0.110600   0.113200   0.117600   0.115000   0.107600   0.032600   0.147600   0.230800   0.331200   0.543000 
434   0.108400   0.108000   0.104200   0.110200   0.112800   0.117200   0.114400   0.107000   0.031600   0.147200   0.230600   0.330800   0.542800 
435   0.107800   0.107400   0.103400   0.109800   0.112400   0.116800   0.113800   0.106400   0.030600   0.146800   0.230400   0.330400   0.542600 
436   0.107200   0.106800   0.102600   0.109400   0.112000   0.116400   0.113200   0.105800   0.029600   0.146600   0.230200   0.330000   0.542400 
437   0.106600   0.106200   0.102000   0.109000   0.111600   0.116000   0.112600   0.105200   0.028600   0.146400   0.230000   0.329600   0.542200 
438   0.106000   0.105600   0.101400   0.108600   0.111000   0.115600   0.112000   0.104600   0.027600   0.146200   0.229800   0.329200   0.542000 
439   0.105400   0.105000   0.101000   0.108200   0.110400   0.115200   0.111400   0.104000   0.026600   0.146000   0.229600   0.328800   0.541800 
440   0.104800   0.104600   0.100600   0.107800   0.109800   0.115000   0.111000   0.103400   0.025600   0.145800   0.229400   0.328400   0.541600 
441   0.104200   0.104200   0.100200   0.107400   0.109200   0.114800   0.110600   0.102800   0.024600   0.145600   0.229200   0.328000   0.541400 
442   0.103600   0.103800   0.099800   0.107000   0.108600   0.114600   0.110200   0.102200   0.023600   0.145400   0.229000   0.327600   0.541200 
443   0.103000   0.103400   0.099400   0.106800   0.108000   0.114400   0.109800   0.101600   0.022600   0.145200   0.228800   0.327200   0.541000 
444   0.102400   0.103000   0.099000   0.106600   0.107600   0.114200   0.109400   0.101000   0.021600   0.145000   0.228600   0.326800   0.540800 
445   0.101800   0.102600   0.098600   0.106400   0.107200   0.114000   0.109200   0.100400   0.020600   0.144800   0.228400   0.326400   0.540600 
446   0.101200   0.102200   0.098200   0.106200   0.106800   0.113800   0.109000   0.099800   0.019600   0.144600   0.228200   0.326000   0.540400 
447   0.100600   0.101800   0.097800   0.105800   0.106400   0.113600   0.108800   0.099200   0.018600   0.144400   0.228000   0.325600   0.540200 
448   0.100000   0.101600   0.097600   0.105400   0.106000   0.113200   0.108600   0.098600   0.017600   0.144200   0.227800   0.325200   0.540000 
449   0.099400   0.101400   0.097400   0.104800   0.105600   0.112800   0.108400   0.098000   0.016600   0.144000   0.227600   0.324800   0.539800 
450   0.098800   0.101200   0.097200   0.104200   0.105200   0.112400   0.108200   0.097600   0.015600   0.143800   0.227400   0.324400   0.539600 
451   0.098200   0.101000   0.097000   0.103600   0.104600   0.112000   0.108000   0.097200   0.014600   0.143600   0.227200   0.324000   0.539400 
452   0.097600   0.100800   0.096800   0.103000   0.104000   0.111600   0.107800   0.096800   0.013600   0.143400   0.227000   0.323600   0.539200 
453   0.097000   0.100600   0.096600   0.102600   0.103400   0.111200   0.107600   0.096400   0.012600   0.143200   0.226800   0.323200   0.539000 
454   0.096600   0.100400   0.096400   0.102200   0.102800   0.110800   0.107400   0.096000   0.011600   0.143000   0.226600   0.322800   0.538800 
455   0.096200   0.100200   0.096200   0.101800   0.102400   0.110400   0.107200   0.095600   0.010600   0.142800   0.226400   0.322400   0.538600 
456   0.095800   0.100000   0.096000   0.101400   0.102000   0.110000   0.107000   0.095200   0.009600   0.142600   0.226200   0.322000   0.538400 
457   0.095600   0.099800   0.095800   0.101000   0.101600   0.109600   0.106800   0.094800   0.008800   0.142400   0.226000   0.321600   0.538200 
458   0.095400   0.099600   0.095600   0.100600   0.101200   0.109200   0.106600   0.094400   0.008000   0.142200   0.225800   0.321200   0.538000 
459   0.095200   0.099400   0.095400   0.100200   0.100800   0.108800   0.106400   0.094200   0.007200   0.142000   0.225600   0.320800   0.537800 
460   0.095000   0.099200   0.095200   0.099800   0.100400   0.108400   0.106200   0.094200   0.006400   0.141800   0.225400   0.320400   0.537800 
461   0.094800   0.099000   0.095000   0.099400   0.100000   0.108000   0.106000   0.094200   0.005600   0.141600   0.225200   0.320000   0.537800 
462   0.094600   0.098800   0.094600   0.099000   0.099600   0.107600   0.105800   0.094200   0.004800   0.141400   0.225000   0.319600   0.537800 
463   0.094400   0.098600   0.094200   0.098600   0.099200   0.107200   0.105600   0.094200   0.004000   0.141200   0.224800   0.319200   0.537800 
464   0.094200   0.098400   0.093800   0.098200   0.098800   0.106800   0.105400   0.094200   0.003200   0.141000   0.224600   0.318800   0.537800 
465   0.094000   0.098200   0.093400   0.097800   0.098400   0.106600   0.105200   0.094200   0.002400   0.140800   0.224400   0.318400   0.537800 
466   0.093800   0.098000   0.093000   0.097400   0.098000   0.106400   0.105000   0.094200   0.001600   0.140600   0.224200   0.318000   0.537800 
467   0.093600   0.097800   0.092600   0.097000   0.097600   0.106200   0.104800   0.094200   0.000800   0.140400   0.224000   0.317600   0.537800 
468   0.093400   0.097600   0.092200   0.096600   0.097200   0.106000   0.104600   0.094200   0.000000   0.140200   0.223800   0.317200   0.537800 
469   0.093200   0.097400   0.091800   0.096200   0.096800   0.105800   0.104400   0.094200  -0.000600   0.140000   0.223600   0.316800   0.537800 
470   0.093000   0.097200   0.091400   0.095800   0.096400   0.105600   0.104200   0.094200  -0.001200   0.139800   0.223400   0.316400   0.537800 
471   0.092800   0.097000   0.091000   0.095400   0.096000   0.105400   0.104000   0.094200  -0.001800   0.139600   0.223200   0.316000   0.537800 
472   0.092600   0.096800   0.090600   0.095000   0.095600   0.105200   0.104000   0.094200  -0.002400   0.139400   0.223000   0.315600   0.537800 
473   0.092400   0.096600   0.090200   0.094600   0.095200   0.105000   0.104000   0.094200  -0.003000   0.139200   0.222800   0.315200   0.537800 
474   0.092200   0.096400   0.089800   0.094200   0.094800   0.104800   0.104000   0.094200  -0.003400   0.139000   0.222600   0.314800   0.537800 
475   0.092000   0.096200   0.089400   0.093800   0.094400   0.104600   0.104000   0.094200  -0.003800   0.138800   0.222400   0.314400   0.537800 
476   0.091800   0.096000   0.089000   0.093400   0.094000   0.104400   0.104000   0.094200  -0.004200   0.138600   0.222200   0.314000   0.537800 
477   0.091600   0.095800   0.088600   0.093000   0.093600   0.104200   0.104000   0.094200  -0.004600   0.138400   0.222000   0.313600   0.537800 
478   0.091400   0.095600   0.088200   0.092600   0.093400   0.104000   0.104000   0.094200  -0.005000   0.138200   0.221800   0.313200   0.537800 
479   0.091200   0.095400   0.087800   0.092400   0.093200   0.103800   0.104000   0.094200  -0.005400   0.138000   0.221600   0.312800   0.537800 
480   0.091000   0.095200   0.087400   0.092200   0.093000   0.103600   0.104000   0.094200  -0.005600   0.137800   0.221400   0.312400   0.537800 
481   0.090600   0.095000   0.087000   0.092000   0.092800   0.103400   0.104000   0.094200  -0.005800   0.137600   0.221200   0.312200   0.537800 
482   0.090200   0.094600   0.086600   0.091800   0.092800   0.103200   0.104000   0.094200  -0.006000   0.137400   0.221000   0.312000   0.537800 
483   0.089800   0.094200   0.086200   0.091600   0.092800   0.103000   0.104000   0.094200  -0.006000   0.137200   0.220800   0.311800   0.537800 
484   0.089400   0.093800   0.086000   0.091400   0.092800   0.103000   0.104000   0.094200  -0.006000   0.137000   0.220600   0.311600   0.537800 
485   0.089000   0.093400   0.085800   0.091400   0.092800   0.103000   0.104000   0.094200  -0.006000   0.136800   0.220400   0.311600   0.537800 
486   0.088600   0.093000   0.085600   0.091400   0.092800   0.103000   0.104000   0.094200  -0.006000   0.136600   0.220200   0.311600   0.537800 
487   0.088200   0.092600   0.085400   0.091400   0.092800   0.103000   0.104000   0.094200  -0.006000   0.136400   0.220000   0.311600   0.537800 
488   0.087800   0.092200   0.085200   0.091400   0.092800   0.103000   0.104000   0.094200  -0.006000   0.136200   0.219800   0.311600   0.537800 
489   0.087400   0.091800   0.085000   0.091400   0.092800   0.103000   0.104000   0.094200  -0.006000   0.136000   0.219600   0.311600   0.537800 
490   0.087000   0.091400   0.084800   0.091400   0.092800   0.103000   0.104000   0.094200  -0.006000   0.135800   0.219400   0.311600   0.537800 
491   0.086600   0.091000   0.084600   0.091400   0.092800   0.103000   0.104000   0.094200  -0.006000   0.135600   0.219200   0.311600   0.537800 
492   0.086200   0.090600   0.084400   0.091400   0.092800   0.103000   0.104000   0.094200  -0.006000   0.135400   0.219000   0.311600   0.537800 
493   0.085800   0.090400   0.084200   0.091400   0.092800   0.103000   0.104000   0.094200  -0.006000   0.135200   0.218800   0.311600   0.537800 
494   0.085400   0.090200   0.084000   0.091400   0.092800   0.103000   0.104000   0.094200  -0.006000   0.135000   0.218600   0.311600   0.537800 
495   0.085000   0.090000   0.083800   0.091400   0.092800   0.103000   0.104000   0.094200  -0.006000   0.134800   0.218400   0.311600   0.537800 
496   0.084800   0.089800   0.083600   0.091400   0.092800   0.103000   0.104000   0.094200  -0.006000   0.134600   0.218200   0.311600   0.537800 
497   0.084600   0.089800   0.083400   0.091400   0.092800   0.103000   0.104000   0.094200  -0.006000   0.134600   0.218000   0.311600   0.537800 
498   0.084600   0.089800   0.083200   0.091400   0.092800   0.103000   0.104000   0.094200  -0.006000   0.134600   0.217800   0.311600   0.537800 
499   0.084600   0.089800   0.083200   0.091400   0.092800   0.103000   0.104000   0.094200  -0.006000   0.134600   0.217600   0.311600   0.537800 
