0   0.761816
1   0.257944
2   0.202988
3   0.160862
4   0.128278
5   0.102400
6   0.081944
7   0.065458
8   0.050972
9   0.040306
10   0.031348
11   0.026070
12   0.021126
13   0.017454
14   0.013476
15   0.011500
16   0.009548
17   0.008172
18   0.004478
19   0.004406
20   0.002582
21   0.004162
22   0.002052
23   0.001136
24   0.002186
25   0.002432
26   0.000626
27   0.001330
28   0.000538
29   0.000272
30   0.001530
31   0.001174
32   0.001914
33   0.001122
34   0.002154
35   0.000408
36   0.001420
37  -0.000970
38  -0.000972
39   0.000226
40   0.001946
41   0.001084
42   0.000274
43  -0.000126
44   0.000326
45   0.000190
46  -0.000280
47   0.001048
48   0.000106
49   0.000500
50   0.000934
51  -0.000768
52  -0.000616
53   0.002190
54   0.000348
55   0.001676
56   0.001664
57   0.002310
58   0.000470
59   0.000524
60   0.001962
61  -0.000898
62   0.001224
63   0.000044
64   0.002142
65  -0.000030
66  -0.000090
67  -0.001018
68  -0.000742
69  -0.000004
70   0.000062
71  -0.000770
72   0.001590
73   0.000264
74  -0.001912
75  -0.002578
76  -0.001300
77  -0.000592
78  -0.003994
79  -0.000974
80  -0.001526
81  -0.001422
82   0.000094
83  -0.000298
84   0.000294
85  -0.002528
86  -0.000158
87  -0.001830
88  -0.002126
89   0.000698
90   0.001410
91  -0.000274
92  -0.000594
93  -0.000346
94   0.000458
95  -0.000088
96   0.003302
97   0.000116
98   0.001210
99   0.000058
100  -0.000054
101   0.001428
102   0.001486
103   0.002320
104   0.000192
105   0.001058
106  -0.000804
107   0.000340
108  -0.000202
109   0.000694
110   0.000662
111   0.001598
112   0.002510
113   0.001150
114   0.002140
115   0.002230
116   0.001312
117   0.000978
118   0.001250
119   0.000364
120   0.000152
121   0.002854
122   0.002028
123   0.001032
124  -0.000948
125  -0.000672
126   0.000232
127  -0.001016
128  -0.001928
129  -0.000706
130   0.000450
131  -0.001452
132   0.001082
133   0.000806
134  -0.001008
135  -0.000096
136   0.000244
137   0.002962
138   0.000818
139   0.002762
140   0.001274
141  -0.001042
142   0.000638
143  -0.000984
144   0.002192
145   0.001494
146  -0.000566
147  -0.001532
148   0.000194
149   0.001100
150  -0.000760
151   0.000650
152   0.001680
153  -0.000638
154   0.002952
155  -0.000112
156   0.000758
157   0.000594
158   0.000834
159  -0.001548
160  -0.002412
161  -0.001622
162  -0.000270
163  -0.001496
164  -0.002776
165  -0.001938
166  -0.001822
167  -0.001038
168  -0.000772
169   0.002224
170   0.000304
171   0.000012
172   0.002428
173   0.001620
174   0.001736
175   0.001778
176  -0.001006
177   0.000124
178   0.001558
179   0.002942
180   0.002464
181   0.002228
182   0.002904
183   0.000880
184   0.002854
185   0.000874
186   0.001106
187   0.000260
188   0.002614
189   0.001952
190   0.001494
191   0.001136
192   0.000540
193   0.000258
194   0.001806
195  -0.001328
196   0.000396
197  -0.001432
198  -0.002354
199  -0.002466
200  -0.000966
201  -0.001618
202  -0.000648
203  -0.000720
204  -0.000642
205  -0.001246
206   0.000188
207  -0.001474
208  -0.001684
209   0.001438
210  -0.002478
211  -0.000844
212   0.001126
213  -0.000070
214  -0.000554
215  -0.000606
216   0.001080
217   0.002092
218   0.000544
219   0.001472
220   0.000780
221   0.001402
222  -0.000126
223  -0.001364
224  -0.000640
225   0.000122
226  -0.000022
227  -0.000460
228   0.000766
229   0.000744
230   0.000522
231   0.000816
232   0.000404
233   0.001486
234   0.002760
235   0.002032
236   0.000936
237  -0.000768
238   0.000280
239   0.000386
240  -0.001866
241  -0.000262
242   0.000396
243   0.001986
244   0.001258
245   0.002668
246   0.002928
247  -0.000040
248   0.002888
249   0.001526
250   0.002072
251   0.002592
252   0.001414
253   0.001758
254   0.001152
255   0.002828
256   0.001944
257   0.000180
258   0.000508
259  -0.000860
260   0.001430
261  -0.002050
262   0.000248
263   0.001022
264   0.000416
265   0.000166
266   0.001972
267   0.000660
268  -0.000456
269   0.000572
270  -0.001360
271  -0.001962
272  -0.001030
273  -0.000520
274  -0.000134
275   0.000228
276  -0.000128
277  -0.000200
278   0.001990
279   0.002328
280   0.002834
281   0.000762
282  -0.000818
283  -0.000054
284   0.000882
285  -0.001184
286   0.000868
287   0.003480
288   0.000634
289  -0.000982
290   0.000144
291   0.000888
292   0.001998
293   0.002858
294   0.000854
295   0.000014
296  -0.000570
297  -0.000474
298  -0.001088
299  -0.001348
300  -0.002670
301  -0.002188
302  -0.004236
303  -0.001538
304  -0.002094
305  -0.002206
306  -0.002908
307  -0.004248
308  -0.002624
309  -0.003576
310  -0.000548
311  -0.000574
312  -0.001084
313  -0.000372
314  -0.001786
315  -0.001492
316  -0.001248
317  -0.001456
318  -0.000542
319   0.001888
320  -0.000410
321   0.001312
322   0.001376
323   0.001132
324  -0.001376
325   0.000584
326  -0.001096
327  -0.001246
328  -0.000042
329   0.000086
330  -0.001524
331  -0.000528
332   0.000394
333  -0.000740
334  -0.000306
335  -0.000016
336  -0.001420
337  -0.001176
338  -0.000798
339  -0.002324
340  -0.001992
341  -0.002064
342  -0.003128
343  -0.002248
344  -0.001398
345  -0.001898
346  -0.001624
347  -0.002544
348  -0.001798
349  -0.002002
350   0.000106
351  -0.001962
352  -0.002016
353  -0.000988
354  -0.000582
355  -0.002460
356  -0.002152
357  -0.001310
358  -0.003854
359  -0.003430
360  -0.004062
361  -0.004056
362  -0.002922
363  -0.003128
364  -0.002684
365  -0.003140
366  -0.002054
367  -0.001998
368  -0.001114
369  -0.000642
370  -0.000074
371   0.000240
372   0.002174
373   0.000982
374  -0.001562
375  -0.002942
376  -0.001136
377  -0.002164
378  -0.000836
379  -0.001656
380   0.000530
381  -0.000188
382   0.000116
383   0.000592
384  -0.000086
385  -0.000428
386   0.000250
387   0.001906
388   0.001074
389   0.002866
390   0.001806
391   0.001970
392   0.001082
393   0.001078
394   0.000464
395  -0.000340
396  -0.001886
397  -0.002710
398  -0.000078
399   0.001598
400   0.000192
401   0.002620
402   0.001542
403  -0.001160
404   0.001670
405   0.000054
406   0.001942
407   0.000978
408   0.001272
409   0.001192
410   0.000394
411   0.000528
412   0.002200
413   0.002234
414  -0.000424
415  -0.000688
416   0.000616
417   0.002564
418   0.001380
419   0.000844
420   0.003368
421   0.001562
422   0.001604
423   0.003564
424   0.003564
425   0.003096
426   0.003614
427   0.004652
428   0.005570
429   0.004920
430   0.003606
431   0.003080
432   0.002964
433   0.003310
434   0.002066
435   0.003674
436   0.001826
437   0.001690
438   0.002094
439   0.002056
440   0.001582
441   0.001554
442   0.002874
443   0.000882
444  -0.001044
445  -0.000728
446  -0.000188
447  -0.000058
448  -0.002410
449  -0.000236
450   0.000150
451   0.001130
452  -0.000616
453   0.000668
454  -0.000702
455  -0.000148
456  -0.001490
457  -0.001258
458  -0.000528
459  -0.001798
460   0.000920
461  -0.001282
462   0.001486
463  -0.000094
464  -0.001242
465  -0.000728
466   0.000926
467   0.001434
468   0.002216
469   0.000162
470   0.001308
471   0.002564
472   0.001406
473   0.002532
474   0.000614
475   0.001914
476   0.000136
477  -0.000748
478   0.000208
479   0.000034
480   0.000602
481  -0.000076
482   0.003860
483  -0.000020
484   0.000686
485   0.001620
486   0.002044
487  -0.000318
488  -0.001972
489  -0.001044
490   0.001072
491   0.000892
492   0.000518
493   0.001500
494   0.000650
495   0.002112
496   0.001598
497   0.000424
498   0.001786
499   0.000970
500   0.001272
-499  -0.001138
-498  -0.001720
-497   0.001498
-496   0.001632
-495   0.003090
-494   0.004258
-493   0.001584
-492  -0.000618
-491   0.000534
-490   0.001690
-489  -0.000560
-488   0.001542
-487   0.000626
-486   0.000474
-485  -0.000796
-484  -0.000372
-483  -0.000422
-482   0.000050
-481  -0.002588
-480   0.000928
-479  -0.001508
-478  -0.000128
-477  -0.001118
-476  -0.000600
-475  -0.000858
-474  -0.002488
-473   0.000350
-472   0.000628
-471   0.000712
-470   0.000950
-469   0.000822
-468  -0.000594
-467   0.000462
-466   0.000644
-465   0.000030
-464  -0.000790
-463   0.000560
-462  -0.001156
-461   0.000184
-460   0.000172
-459  -0.001194
-458   0.001482
-457   0.000614
-456  -0.001584
-455  -0.001160
-454  -0.000590
-453  -0.000870
-452  -0.000186
-451  -0.000850
-450  -0.001456
-449  -0.000106
-448   0.001076
-447   0.002104
-446   0.001590
-445   0.000798
-444  -0.000820
-443  -0.000536
-442  -0.000718
-441  -0.000928
-440   0.000252
-439  -0.001164
-438   0.000196
-437  -0.000198
-436   0.000138
-435  -0.000786
-434   0.001792
-433   0.000004
-432   0.001570
-431   0.000750
-430   0.000472
-429   0.000050
-428  -0.002376
-427  -0.001072
-426   0.000800
-425   0.000664
-424   0.002072
-423   0.001082
-422   0.001194
-421  -0.000322
-420  -0.000108
-419   0.001178
-418   0.000062
-417   0.002030
-416   0.002878
-415   0.001574
-414   0.001160
-413  -0.002104
-412   0.000910
-411   0.000112
-410   0.000810
-409  -0.000030
-408  -0.000494
-407  -0.001716
-406  -0.000868
-405  -0.000998
-404  -0.001098
-403   0.000204
-402  -0.001490
-401  -0.002618
-400  -0.000912
-399  -0.000280
-398   0.000952
-397   0.000834
-396  -0.001520
-395  -0.001930
-394  -0.001328
-393  -0.000058
-392  -0.000686
-391  -0.000240
-390  -0.000180
-389   0.001530
-388   0.001862
-387   0.002354
-386  -0.000816
-385  -0.001690
-384  -0.000146
-383   0.000836
-382  -0.000276
-381   0.001870
-380   0.000912
-379   0.002518
-378  -0.000040
-377  -0.001026
-376   0.002870
-375   0.001916
-374   0.004332
-373   0.002668
-372   0.002060
-371   0.000610
-370   0.001038
-369  -0.000902
-368  -0.000552
-367   0.000900
-366   0.000616
-365   0.000764
-364   0.001706
-363  -0.000036
-362  -0.000786
-361   0.000920
-360   0.000382
-359  -0.000184
-358  -0.000250
-357  -0.000832
-356   0.001404
-355  -0.000356
-354  -0.000398
-353   0.001458
-352   0.002024
-351   0.001098
-350  -0.000006
-349  -0.000316
-348   0.000218
-347   0.002118
-346   0.002254
-345   0.001704
-344   0.002932
-343   0.000584
-342   0.001416
-341   0.001316
-340   0.000488
-339   0.001186
-338   0.000926
-337   0.001470
-336  -0.001038
-335   0.001122
-334   0.000668
-333   0.000244
-332  -0.000306
-331  -0.001398
-330  -0.002020
-329  -0.001420
-328   0.000372
-327  -0.000596
-326   0.001922
-325   0.001896
-324   0.002366
-323   0.000598
-322   0.003204
-321   0.002050
-320   0.002208
-319   0.002522
-318   0.002050
-317   0.001534
-316   0.000864
-315  -0.000982
-314  -0.002260
-313   0.000476
-312   0.000200
-311  -0.000140
-310  -0.000360
-309  -0.001528
-308  -0.003434
-307  -0.001560
-306  -0.001854
-305   0.000688
-304   0.002148
-303   0.001148
-302   0.000622
-301   0.000686
-300   0.001954
-299   0.001052
-298   0.001070
-297   0.000084
-296  -0.001612
-295  -0.000128
-294  -0.000740
-293   0.001368
-292   0.001420
-291  -0.000532
-290   0.000894
-289  -0.000426
-288   0.000662
-287  -0.002890
-286   0.000948
-285  -0.000506
-284  -0.000978
-283   0.001190
-282   0.000202
-281  -0.000640
-280   0.000110
-279  -0.000030
-278   0.000904
-277   0.000698
-276   0.000646
-275  -0.002306
-274  -0.001548
-273  -0.002372
-272  -0.001738
-271   0.000412
-270  -0.001776
-269  -0.002084
-268  -0.001438
-267  -0.002016
-266   0.001160
-265   0.000628
-264   0.000006
-263   0.000084
-262   0.001976
-261   0.003270
-260   0.002922
-259   0.005008
-258   0.004016
-257   0.004282
-256   0.003816
-255   0.002602
-254   0.004600
-253   0.003194
-252   0.003362
-251   0.001606
-250   0.002710
-249   0.001166
-248   0.000494
-247  -0.000896
-246   0.001748
-245  -0.000244
-244   0.000930
-243   0.000388
-242  -0.000134
-241  -0.000990
-240  -0.000576
-239  -0.001094
-238  -0.001064
-237   0.000702
-236   0.000196
-235   0.000556
-234  -0.000704
-233   0.001064
-232   0.001556
-231  -0.001334
-230  -0.001004
-229  -0.001874
-228   0.000124
-227  -0.000528
-226  -0.000518
-225   0.000482
-224  -0.001206
-223  -0.000418
-222  -0.000142
-221   0.000612
-220   0.000562
-219   0.002172
-218   0.001190
-217   0.001114
-216  -0.000232
-215  -0.000026
-214   0.001664
-213   0.000182
-212  -0.000444
-211  -0.001550
-210   0.001164
-209  -0.000952
-208   0.000352
-207  -0.001810
-206   0.001078
-205  -0.001790
-204  -0.000200
-203  -0.000436
-202  -0.000702
-201   0.003272
-200   0.001386
-199   0.000074
-198   0.000356
-197   0.001106
-196   0.000294
-195   0.001194
-194   0.001504
-193  -0.001136
-192  -0.000236
-191  -0.001726
-190  -0.000398
-189  -0.001394
-188  -0.001132
-187   0.000330
-186  -0.003132
-185   0.000764
-184   0.001084
-183  -0.000108
-182  -0.000922
-181   0.000736
-180  -0.000036
-179   0.000358
-178   0.000552
-177   0.000688
-176   0.001162
-175  -0.002110
-174  -0.000816
-173  -0.002314
-172  -0.002024
-171  -0.001280
-170  -0.001500
-169   0.001422
-168  -0.000566
-167   0.001502
-166   0.000130
-165   0.001692
-164   0.001590
-163   0.001606
-162   0.003778
-161   0.002344
-160   0.002354
-159   0.001202
-158   0.002508
-157   0.002264
-156   0.001570
-155   0.000842
-154   0.000734
-153   0.000744
-152   0.000614
-151  -0.000002
-150   0.001804
-149   0.000438
-148  -0.001206
-147  -0.002948
-146  -0.001658
-145  -0.001528
-144  -0.001896
-143  -0.001502
-142  -0.000354
-141  -0.000716
-140  -0.001012
-139  -0.002228
-138  -0.002600
-137   0.000712
-136   0.000712
-135   0.002162
-134  -0.001514
-133   0.000596
-132   0.000206
-131  -0.000106
-130   0.002804
-129   0.001410
-128   0.001214
-127   0.002624
-126   0.001826
-125   0.004096
-124   0.001454
-123   0.000588
-122   0.000914
-121   0.000716
-120   0.001910
-119   0.001700
-118   0.001890
-117  -0.000018
-116   0.001280
-115   0.001594
-114   0.000620
-113  -0.002032
-112  -0.000714
-111  -0.000364
-110   0.001194
-109  -0.001054
-108  -0.000180
-107  -0.000358
-106   0.001278
-105   0.002248
-104  -0.000694
-103   0.000482
-102   0.000280
-101  -0.000162
-100  -0.000946
-99   0.001428
-98   0.003108
-97   0.004264
-96   0.002724
-95   0.002396
-94   0.002036
-93   0.003138
-92   0.002218
-91   0.003264
-90   0.003306
-89   0.000982
-88  -0.000138
-87   0.000682
-86   0.000792
-85   0.000242
-84  -0.000540
-83   0.000576
-82   0.001060
-81   0.001736
-80   0.001248
-79   0.001052
-78   0.001896
-77   0.000502
-76   0.000452
-75  -0.000968
-74  -0.001238
-73  -0.000562
-72  -0.000852
-71   0.000862
-70  -0.000366
-69  -0.000164
-68  -0.000236
-67   0.000104
-66  -0.001170
-65  -0.001272
-64  -0.002780
-63  -0.000576
-62  -0.000510
-61   0.000296
-60  -0.000362
-59  -0.001982
-58  -0.000964
-57   0.000652
-56  -0.002824
-55  -0.000974
-54  -0.002414
-53  -0.002760
-52  -0.002310
-51   0.000320
-50   0.000174
-49   0.000746
-48  -0.001464
-47   0.000272
-46   0.000842
-45   0.000134
-44   0.001562
-43   0.002308
-42   0.000208
-41  -0.000222
-40   0.000124
-39   0.000214
-38   0.000672
-37   0.002626
-36   0.002656
-35   0.002094
-34   0.002822
-33   0.003170
-32   0.000702
-31   0.002924
-30   0.001488
-29   0.002922
-28   0.001960
-27   0.003078
-26   0.003494
-25   0.002562
-24   0.003776
-23   0.004232
-22   0.003360
-21   0.002924
-20   0.004528
-19   0.007104
-18   0.006274
-17   0.008096
-16   0.009700
-15   0.013184
-14   0.013972
-13   0.017888
-12   0.020446
-11   0.025744
-10   0.032254
-9   0.040002
-8   0.051268
-7   0.061920
-6   0.082814
-5   0.102776
-4   0.128886
-3   0.161864
-2   0.204402
-1   0.256504
