0   0.318750
1   0.225574
2   0.209274
3   0.195966
4   0.182068
5   0.170736
6   0.157234
7   0.146530
8   0.135778
9   0.127844
10   0.119810
11   0.109412
12   0.102758
13   0.096036
14   0.089828
15   0.082976
16   0.075400
17   0.071132
18   0.066414
19   0.062866
20   0.060192
21   0.056506
22   0.054486
23   0.052720
24   0.049654
25   0.047834
26   0.046902
27   0.044086
28   0.042846
29   0.039246
30   0.036250
31   0.034632
32   0.033086
33   0.030950
34   0.028272
35   0.026430
36   0.024952
37   0.020414
38   0.019794
39   0.018614
40   0.017012
41   0.015776
42   0.014362
43   0.011566
44   0.011636
45   0.012364
46   0.012314
47   0.011800
48   0.012098
49   0.011226
50   0.010160
51   0.009704
52   0.008640
53   0.007712
54   0.007078
55   0.006286
56   0.005842
57   0.003994
58   0.003192
59   0.001438
60   0.002068
61   0.000826
62   0.000788
63  -0.000096
64  -0.000592
65  -0.000746
66  -0.002484
67  -0.003562
68  -0.003408
69  -0.004812
70  -0.003980
71  -0.004134
72  -0.005386
73  -0.004554
74  -0.005114
75  -0.005808
76  -0.004316
77  -0.004444
78  -0.003556
79  -0.004328
80  -0.004176
81  -0.004922
82  -0.003334
83  -0.002186
84  -0.003104
85  -0.002542
86  -0.002560
87  -0.002632
88  -0.004676
89  -0.005518
90  -0.006598
91  -0.004474
92  -0.004182
93  -0.003126
94  -0.004634
95  -0.003404
96  -0.003706
97  -0.001098
98  -0.001480
99  -0.001142
100  -0.001352
101  -0.001120
102   0.000400
103  -0.001590
104  -0.000642
105  -0.001108
106  -0.001630
107  -0.001228
108  -0.002104
109  -0.001580
110   0.000034
111   0.000166
112   0.001330
113   0.000662
114   0.000554
115   0.001086
116  -0.000382
117  -0.000986
118  -0.001368
119  -0.001086
120  -0.000302
121   0.001252
122   0.001222
123   0.000656
124  -0.001284
125  -0.001138
126  -0.000648
127  -0.001308
128   0.000540
129  -0.000944
130   0.000082
131  -0.000176
132   0.000150
133   0.001196
134   0.002100
135   0.000818
136   0.001754
137   0.001686
138   0.001958
139   0.002956
140   0.002348
141   0.001518
142   0.002216
143   0.002992
144   0.002326
145   0.003014
146   0.005830
147   0.004086
148   0.005254
149   0.006330
150   0.006778
151   0.006248
152   0.005512
153   0.005390
154   0.004452
155   0.003846
156   0.004556
157   0.003978
158   0.003630
159   0.002826
160   0.001196
161   0.001110
162  -0.000776
163   0.000822
164  -0.000438
165  -0.000968
166  -0.000956
167  -0.000824
168  -0.001222
169  -0.001042
170  -0.001912
171  -0.000462
172  -0.000830
173  -0.001862
174  -0.002208
175  -0.003554
176  -0.003572
177  -0.002322
178  -0.001812
179  -0.002646
180  -0.002688
181  -0.003586
182  -0.003022
183  -0.002522
184  -0.001996
185  -0.001584
186   0.001074
187   0.000568
188   0.000246
189  -0.000138
190  -0.000186
191  -0.000240
192   0.000384
193   0.000032
194   0.000214
195   0.001074
196   0.000710
197   0.001154
198   0.002202
199   0.000456
200  -0.000276
201   0.000436
202  -0.000068
203   0.001008
204   0.001818
205   0.001300
206   0.000646
207   0.003782
208   0.003508
209   0.004336
210   0.003418
211   0.003494
212   0.003744
213   0.004148
214   0.004790
215   0.004842
216   0.003888
217   0.003034
218   0.002108
219   0.002988
220   0.004114
221   0.003484
222   0.004264
223   0.003778
224   0.002766
225   0.001416
226   0.000414
227   0.000896
228   0.000762
229   0.000088
230  -0.001492
231  -0.000556
232   0.000270
233  -0.000838
234  -0.002488
235  -0.001778
236  -0.001120
237  -0.002928
238  -0.000322
239   0.001070
240   0.001138
241   0.002282
242   0.003718
243   0.003930
244   0.005544
245   0.005772
246   0.004924
247   0.005782
248   0.007700
249   0.007404
250   0.011096
251   0.010790
252   0.010558
253   0.011512
254   0.010584
255   0.010116
256   0.008828
257   0.008784
258   0.009152
259   0.008738
260   0.007842
261   0.008190
262   0.007472
263   0.007004
264   0.007656
265   0.007218
266   0.005626
267   0.006502
268   0.005394
269   0.005574
270   0.005778
271   0.006742
272   0.007132
273   0.006532
274   0.005836
275   0.004600
276   0.005350
277   0.005828
278   0.002700
279   0.001032
280   0.001530
281  -0.000180
282  -0.000488
283  -0.000314
284   0.000340
285  -0.000662
286  -0.001118
287  -0.001162
288  -0.003002
289  -0.002210
290  -0.003036
291  -0.004218
292  -0.003442
293  -0.005406
294  -0.006406
295  -0.005838
296  -0.006164
297  -0.005108
298  -0.003724
299  -0.003792
300  -0.003700
301  -0.003584
302  -0.002792
303  -0.001566
304   0.000282
305   0.000130
306   0.001660
307   0.000294
308  -0.000002
309   0.000576
310   0.003170
311   0.002744
312   0.003838
313   0.002900
314   0.003198
315   0.005124
316   0.002782
317   0.004414
318   0.004380
319   0.002870
320   0.003034
321   0.001066
322   0.001738
323   0.002262
324   0.000952
325   0.000518
326  -0.000758
327  -0.001300
328   0.000086
329   0.000042
330  -0.000412
331   0.000196
332  -0.000300
333  -0.000888
334  -0.001632
335   0.000568
336   0.001076
337   0.000754
338   0.001636
339  -0.000732
340  -0.000602
341   0.000896
342   0.000006
343   0.000816
344  -0.000062
345   0.001264
346   0.002804
347   0.002094
348   0.001960
349   0.003012
350   0.001838
351   0.002554
352   0.003908
353   0.003912
354   0.003550
355   0.003100
356   0.003456
357   0.003770
358   0.004990
359   0.006016
360   0.007110
361   0.007046
362   0.006024
363   0.005514
364   0.005240
365   0.006140
366   0.005682
367   0.005312
368   0.005590
369   0.004156
370   0.003266
371   0.002064
372   0.002560
373   0.002724
374   0.002732
375   0.002120
376   0.002106
377   0.003592
378   0.002942
379   0.002730
380   0.003508
381   0.002982
382   0.002412
383   0.003298
384   0.002876
385   0.002136
386   0.002882
387   0.003494
388   0.002846
389   0.002950
390   0.003836
391   0.003532
392   0.004050
393   0.004114
394   0.003910
395   0.003892
396   0.006300
397   0.006874
398   0.007942
399   0.007426
400   0.007844
401   0.009962
402   0.010304
403   0.010234
404   0.010854
405   0.012028
406   0.013492
407   0.015232
408   0.017142
409   0.018288
410   0.018372
411   0.018786
412   0.019398
413   0.018584
414   0.018934
415   0.018596
416   0.017146
417   0.017354
418   0.018016
419   0.016316
420   0.017658
421   0.015776
422   0.014792
423   0.013004
424   0.013178
425   0.013066
426   0.010590
427   0.010138
428   0.009694
429   0.007950
430   0.007908
431   0.006518
432   0.005196
433   0.006780
434   0.007162
435   0.007900
436   0.008712
437   0.007280
438   0.009680
439   0.009038
440   0.008272
441   0.007154
442   0.008436
443   0.007296
444   0.005910
445   0.007388
446   0.007846
447   0.006634
448   0.006564
449   0.008362
450   0.008450
451   0.008574
452   0.008028
453   0.006992
454   0.008490
455   0.007152
456   0.006908
457   0.005580
458   0.004828
459   0.004132
460   0.004318
461   0.002684
462   0.002088
463   0.000440
464  -0.000124
465  -0.001560
466  -0.001064
467  -0.001128
468  -0.001646
469  -0.002238
470  -0.002156
471  -0.003082
472  -0.001456
473  -0.000786
474  -0.000396
475   0.000676
476  -0.000156
477   0.002524
478   0.002016
479   0.003036
480   0.003222
481   0.003912
482   0.003544
483   0.003840
484   0.004146
485   0.004968
486   0.004948
487   0.005722
488   0.005050
489   0.004306
490   0.003634
491   0.004878
492   0.003210
493   0.002884
494   0.001750
495  -0.000224
496   0.000090
497  -0.001404
498  -0.001580
499  -0.002626
500  -0.003262
-499  -0.003386
-498  -0.006020
-497  -0.006388
-496  -0.005758
-495  -0.005906
-494  -0.005536
-493  -0.004534
-492  -0.004292
-491  -0.003916
-490  -0.002948
-489  -0.004156
-488  -0.003832
-487  -0.002670
-486  -0.001510
-485  -0.002076
-484  -0.003022
-483  -0.003146
-482  -0.001624
-481  -0.001936
-480  -0.002588
-479  -0.002092
-478  -0.001348
-477  -0.001776
-476  -0.001080
-475  -0.000262
-474   0.001618
-473   0.002502
-472   0.001256
-471   0.001942
-470   0.002788
-469   0.002572
-468   0.001876
-467   0.001890
-466   0.000782
-465   0.000628
-464  -0.000232
-463   0.000850
-462   0.001254
-461  -0.000120
-460   0.000842
-459   0.001054
-458   0.001356
-457   0.004044
-456   0.005250
-455   0.006012
-454   0.007088
-453   0.007030
-452   0.005686
-451   0.006764
-450   0.005762
-449   0.007572
-448   0.005844
-447   0.005936
-446   0.006486
-445   0.006436
-444   0.007912
-443   0.006432
-442   0.005250
-441   0.005822
-440   0.005148
-439   0.005552
-438   0.006586
-437   0.006450
-436   0.006990
-435   0.006668
-434   0.007052
-433   0.005412
-432   0.004700
-431   0.001936
-430   0.001806
-429  -0.000762
-428  -0.002126
-427  -0.002026
-426  -0.001926
-425  -0.003906
-424  -0.002806
-423  -0.004656
-422  -0.005112
-421  -0.005922
-420  -0.004996
-419  -0.005018
-418  -0.006142
-417  -0.006922
-416  -0.008358
-415  -0.008080
-414  -0.009478
-413  -0.005410
-412  -0.005730
-411  -0.006192
-410  -0.004040
-409  -0.003346
-408  -0.001232
-407  -0.002862
-406  -0.001516
-405  -0.000400
-404   0.000818
-403   0.001394
-402   0.003130
-401   0.003142
-400   0.003476
-399   0.004774
-398   0.004082
-397   0.005560
-396   0.005014
-395   0.005826
-394   0.004622
-393   0.004324
-392   0.004874
-391   0.003254
-390   0.002652
-389   0.002554
-388   0.001718
-387   0.002290
-386   0.003562
-385   0.002566
-384   0.003462
-383   0.004258
-382   0.003542
-381   0.004050
-380   0.004202
-379   0.004146
-378   0.003588
-377   0.002416
-376   0.001394
-375   0.001860
-374   0.001044
-373   0.000588
-372  -0.001020
-371  -0.001180
-370  -0.001270
-369  -0.000576
-368  -0.000352
-367  -0.000446
-366   0.000632
-365  -0.000058
-364  -0.000912
-363  -0.002140
-362  -0.001860
-361  -0.002160
-360  -0.001874
-359  -0.001876
-358  -0.001288
-357  -0.002418
-356  -0.000378
-355  -0.000910
-354  -0.000496
-353  -0.000774
-352  -0.001470
-351  -0.001418
-350  -0.000220
-349  -0.001302
-348  -0.002986
-347  -0.003808
-346  -0.002284
-345  -0.001772
-344  -0.002592
-343  -0.003008
-342  -0.003630
-341  -0.003242
-340  -0.002372
-339  -0.003354
-338  -0.004328
-337  -0.005198
-336  -0.006334
-335  -0.006286
-334  -0.007528
-333  -0.008684
-332  -0.007826
-331  -0.007032
-330  -0.007720
-329  -0.006046
-328  -0.006144
-327  -0.005684
-326  -0.004308
-325  -0.003566
-324  -0.002890
-323  -0.001102
-322  -0.002324
-321  -0.001374
-320  -0.001538
-319   0.001180
-318   0.001814
-317   0.003152
-316   0.002972
-315   0.004044
-314   0.004096
-313   0.003892
-312   0.002978
-311   0.002564
-310   0.002332
-309   0.002320
-308   0.001542
-307   0.001804
-306   0.002310
-305   0.000914
-304   0.000796
-303   0.001058
-302   0.001102
-301   0.001416
-300   0.002382
-299   0.002098
-298   0.001914
-297   0.001852
-296  -0.000030
-295   0.000432
-294   0.000776
-293  -0.001508
-292  -0.000888
-291  -0.001768
-290  -0.001086
-289  -0.002234
-288  -0.001894
-287  -0.002562
-286  -0.003886
-285  -0.002222
-284  -0.004260
-283  -0.004096
-282  -0.005418
-281  -0.005840
-280  -0.004530
-279  -0.003784
-278  -0.001864
-277  -0.002262
-276  -0.001674
-275  -0.002022
-274  -0.003890
-273  -0.001902
-272  -0.001894
-271  -0.002982
-270  -0.003230
-269  -0.001488
-268  -0.002726
-267  -0.002138
-266  -0.001734
-265  -0.000344
-264  -0.000212
-263   0.001092
-262   0.001066
-261   0.000548
-260   0.000920
-259  -0.000670
-258  -0.001532
-257  -0.000788
-256   0.000644
-255   0.000420
-254   0.000170
-253  -0.000654
-252  -0.000112
-251   0.002202
-250   0.001928
-249   0.003100
-248   0.001200
-247   0.002082
-246   0.000548
-245   0.000590
-244   0.002582
-243   0.002208
-242   0.003144
-241   0.004738
-240   0.004200
-239   0.003550
-238   0.004160
-237   0.003896
-236   0.005022
-235   0.003074
-234   0.001414
-233   0.002672
-232   0.001466
-231   0.001874
-230   0.001562
-229  -0.000904
-228   0.000062
-227  -0.002726
-226  -0.001354
-225  -0.001746
-224  -0.003108
-223  -0.003556
-222  -0.002218
-221  -0.003796
-220  -0.003422
-219  -0.003498
-218  -0.003080
-217  -0.003484
-216  -0.003768
-215  -0.003058
-214  -0.003814
-213  -0.003000
-212  -0.003842
-211  -0.004720
-210  -0.005302
-209  -0.006758
-208  -0.006792
-207  -0.005190
-206  -0.006904
-205  -0.008684
-204  -0.008696
-203  -0.007830
-202  -0.009802
-201  -0.008772
-200  -0.008118
-199  -0.008138
-198  -0.006900
-197  -0.006164
-196  -0.005648
-195  -0.005254
-194  -0.005030
-193  -0.004950
-192  -0.004294
-191  -0.003098
-190  -0.003892
-189  -0.003732
-188  -0.003066
-187  -0.002834
-186  -0.001910
-185  -0.002472
-184  -0.002296
-183  -0.002938
-182  -0.003198
-181  -0.003794
-180  -0.003948
-179  -0.003448
-178  -0.003460
-177  -0.003978
-176  -0.002510
-175  -0.002156
-174  -0.002908
-173  -0.004058
-172  -0.003854
-171  -0.004680
-170  -0.006574
-169  -0.007160
-168  -0.007280
-167  -0.008244
-166  -0.008838
-165  -0.009596
-164  -0.009142
-163  -0.010146
-162  -0.011130
-161  -0.013232
-160  -0.012986
-159  -0.014096
-158  -0.014192
-157  -0.014460
-156  -0.014942
-155  -0.015274
-154  -0.014240
-153  -0.013980
-152  -0.013496
-151  -0.014472
-150  -0.012844
-149  -0.012558
-148  -0.011320
-147  -0.010828
-146  -0.009710
-145  -0.009778
-144  -0.008730
-143  -0.009078
-142  -0.007994
-141  -0.006120
-140  -0.005186
-139  -0.004932
-138  -0.003346
-137  -0.002606
-136  -0.002322
-135  -0.002692
-134  -0.001058
-133  -0.000356
-132   0.000892
-131   0.001470
-130   0.003118
-129   0.002474
-128   0.001896
-127   0.001854
-126   0.002680
-125   0.001806
-124   0.001720
-123   0.001874
-122   0.001978
-121   0.002264
-120   0.001310
-119   0.002234
-118   0.002654
-117   0.001728
-116   0.000862
-115   0.001988
-114   0.002176
-113   0.000130
-112   0.001492
-111   0.000326
-110   0.001342
-109  -0.001000
-108   0.000566
-107   0.000022
-106   0.001630
-105  -0.000284
-104   0.002370
-103  -0.000004
-102   0.001904
-101   0.000766
-100   0.000548
-99  -0.000174
-98   0.000134
-97  -0.000066
-96   0.000344
-95  -0.000184
-94   0.000824
-93   0.002458
-92   0.002150
-91   0.002844
-90   0.003228
-89   0.003274
-88   0.004018
-87   0.004836
-86   0.004644
-85   0.005636
-84   0.006274
-83   0.006674
-82   0.005734
-81   0.006130
-80   0.006018
-79   0.006554
-78   0.006464
-77   0.005448
-76   0.006132
-75   0.005644
-74   0.004802
-73   0.005738
-72   0.004616
-71   0.006528
-70   0.004468
-69   0.005120
-68   0.006580
-67   0.007336
-66   0.007300
-65   0.007398
-64   0.007662
-63   0.007936
-62   0.007744
-61   0.008086
-60   0.008002
-59   0.008020
-58   0.007326
-57   0.007274
-56   0.007322
-55   0.009368
-54   0.008730
-53   0.008644
-52   0.009160
-51   0.009224
-50   0.010272
-49   0.011048
-48   0.009278
-47   0.009658
-46   0.009470
-45   0.009484
-44   0.009370
-43   0.010434
-42   0.009328
-41   0.011260
-40   0.010398
-39   0.010240
-38   0.011306
-37   0.011422
-36   0.012768
-35   0.013898
-34   0.015840
-33   0.016020
-32   0.018540
-31   0.021688
-30   0.023836
-29   0.027828
-28   0.029826
-27   0.033030
-26   0.035752
-25   0.041578
-24   0.043900
-23   0.047140
-22   0.051918
-21   0.057078
-20   0.060482
-19   0.064594
-18   0.070700
-17   0.074516
-16   0.079388
-15   0.084132
-14   0.091150
-13   0.097404
-12   0.105814
-11   0.113544
-10   0.121378
-9   0.128654
-8   0.137330
-7   0.145906
-6   0.157142
-5   0.167486
-4   0.181244
-3   0.195048
-2   0.209930
-1   0.226324
