0   0.748874
1   0.747542
2   0.746100
3   0.744484
4   0.742898
5   0.741282
6   0.739486
7   0.737558
8   0.735696
9   0.733838
10   0.732114
11   0.730298
12   0.728474
13   0.726588
14   0.724640
15   0.722602
16   0.720540
17   0.718300
18   0.716050
19   0.713900
20   0.711994
21   0.710106
22   0.707992
23   0.705826
24   0.703550
25   0.701278
26   0.699048
27   0.696732
28   0.694308
29   0.691774
30   0.689296
31   0.686788
32   0.684348
33   0.681928
34   0.679460
35   0.677008
36   0.674622
37   0.672416
38   0.670218
39   0.667996
40   0.665892
41   0.663714
42   0.661426
43   0.659176
44   0.656850
45   0.654700
46   0.652482
47   0.650234
48   0.648036
49   0.645864
50   0.643572
51   0.641066
52   0.638756
53   0.636568
54   0.634468
55   0.632340
56   0.630142
57   0.627944
58   0.625924
59   0.623692
60   0.621496
61   0.619324
62   0.617220
63   0.615248
64   0.613602
65   0.611766
66   0.610038
67   0.608212
68   0.606380
69   0.604378
70   0.602448
71   0.600368
72   0.598308
73   0.596412
74   0.594486
75   0.592610
76   0.590876
77   0.589056
78   0.587174
79   0.585360
80   0.583468
81   0.581676
82   0.579652
83   0.577662
84   0.575456
85   0.573284
86   0.570936
87   0.568714
88   0.566544
89   0.564462
90   0.562238
91   0.560094
92   0.558130
93   0.556006
94   0.553920
95   0.551862
96   0.549740
97   0.547718
98   0.545750
99   0.543772
100   0.541880
101   0.540072
102   0.538106
103   0.536244
104   0.534374
105   0.532446
106   0.530624
107   0.528836
108   0.526980
109   0.525280
110   0.523538
111   0.521888
112   0.520214
113   0.518690
114   0.516982
115   0.515496
116   0.513818
117   0.512314
118   0.510830
119   0.509386
120   0.507926
121   0.506552
122   0.505174
123   0.503812
124   0.502422
125   0.501016
126   0.499590
127   0.498218
128   0.497054
129   0.495780
130   0.494532
131   0.493378
132   0.492218
133   0.491092
134   0.490016
135   0.488924
136   0.487978
137   0.487040
138   0.486044
139   0.485104
140   0.484180
141   0.483252
142   0.482278
143   0.481376
144   0.480322
145   0.479396
146   0.478506
147   0.477634
148   0.476680
149   0.475850
150   0.475066
151   0.474342
152   0.473464
153   0.472458
154   0.471592
155   0.470558
156   0.469414
157   0.468480
158   0.467638
159   0.466800
160   0.466022
161   0.465132
162   0.464172
163   0.463430
164   0.462694
165   0.461946
166   0.461254
167   0.460660
168   0.459940
169   0.459074
170   0.458338
171   0.457678
172   0.457070
173   0.456466
174   0.455834
175   0.455184
176   0.454428
177   0.453744
178   0.453062
179   0.452422
180   0.451766
181   0.451054
182   0.450326
183   0.449606
184   0.448854
185   0.448260
186   0.447594
187   0.446904
188   0.446196
189   0.445642
190   0.445088
191   0.444576
192   0.444118
193   0.443512
194   0.442924
195   0.442218
196   0.441484
197   0.440820
198   0.440140
199   0.439416
200   0.438712
201   0.437976
202   0.437226
203   0.436584
204   0.435992
205   0.435346
206   0.434696
207   0.434216
208   0.433732
209   0.433228
210   0.432760
211   0.432336
212   0.431772
213   0.431128
214   0.430490
215   0.429836
216   0.429192
217   0.428720
218   0.428318
219   0.427822
220   0.427226
221   0.426572
222   0.425704
223   0.424784
224   0.423942
225   0.423208
226   0.422536
227   0.421820
228   0.421258
229   0.420732
230   0.420330
231   0.420000
232   0.419654
233   0.419264
234   0.418960
235   0.418758
236   0.418370
237   0.418144
238   0.417766
239   0.417336
240   0.416792
241   0.416080
242   0.415390
243   0.414574
244   0.413716
245   0.412710
246   0.411834
247   0.411008
248   0.410106
249   0.409366
250   0.408554
251   0.407792
252   0.407028
253   0.406242
254   0.405360
255   0.404544
256   0.403570
257   0.402760
258   0.401868
259   0.400994
260   0.400282
261   0.399436
262   0.398488
263   0.397470
264   0.396450
265   0.395494
266   0.394572
267   0.393686
268   0.392564
269   0.391346
270   0.390168
271   0.388934
272   0.387586
273   0.386288
274   0.384822
275   0.383358
276   0.381768
277   0.380050
278   0.378366
279   0.376792
280   0.375250
281   0.373772
282   0.372414
283   0.371196
284   0.370058
285   0.368954
286   0.367934
287   0.366824
288   0.365680
289   0.364500
290   0.363414
291   0.362322
292   0.361348
293   0.360294
294   0.359254
295   0.358262
296   0.357382
297   0.356476
298   0.355528
299   0.354662
300   0.353948
301   0.353188
302   0.352578
303   0.352028
304   0.351560
305   0.351110
306   0.350704
307   0.350370
308   0.349940
309   0.349444
310   0.348910
311   0.348334
312   0.347716
313   0.347112
314   0.346440
315   0.345906
316   0.345258
317   0.344770
318   0.344306
319   0.343762
320   0.343210
321   0.342628
322   0.341956
323   0.341304
324   0.340696
325   0.340140
326   0.339640
327   0.339066
328   0.338488
329   0.337922
330   0.337318
331   0.336826
332   0.336342
333   0.335918
334   0.335490
335   0.335024
336   0.334644
337   0.334276
338   0.333830
339   0.333480
340   0.333190
341   0.332870
342   0.332600
343   0.332376
344   0.332120
345   0.332044
346   0.331912
347   0.331806
348   0.331662
349   0.331540
350   0.331446
351   0.331486
352   0.331504
353   0.331642
354   0.331754
355   0.331842
356   0.331954
357   0.332176
358   0.332314
359   0.332498
360   0.332664
361   0.332854
362   0.332964
363   0.333136
364   0.333386
365   0.333546
366   0.333672
367   0.333876
368   0.333986
369   0.334166
370   0.334408
371   0.334598
372   0.334784
373   0.334854
374   0.335076
375   0.335256
376   0.335252
377   0.335220
378   0.335062
379   0.334956
380   0.334926
381   0.334898
382   0.334942
383   0.334882
384   0.334780
385   0.334602
386   0.334530
387   0.334372
388   0.334178
389   0.334014
390   0.333802
391   0.333724
392   0.333706
393   0.333630
394   0.333626
395   0.333672
396   0.333658
397   0.333712
398   0.333726
399   0.333774
400   0.333714
401   0.333598
402   0.333480
403   0.333496
404   0.333514
405   0.333406
406   0.333416
407   0.333376
408   0.333302
409   0.333212
410   0.333138
411   0.333118
412   0.333134
413   0.333332
414   0.333638
415   0.333822
416   0.334030
417   0.334252
418   0.334554
419   0.334664
420   0.334950
421   0.335156
422   0.335364
423   0.335518
424   0.335670
425   0.335880
426   0.336174
427   0.336340
428   0.336688
429   0.336924
430   0.337300
431   0.337652
432   0.338022
433   0.338356
434   0.338570
435   0.338760
436   0.338978
437   0.339170
438   0.339308
439   0.339632
440   0.339896
441   0.340144
442   0.340282
443   0.340426
444   0.340550
445   0.340530
446   0.340562
447   0.340672
448   0.340738
449   0.340762
450   0.340862
451   0.340912
452   0.340914
453   0.340894
454   0.340816
455   0.340752
456   0.340650
457   0.340492
458   0.340372
459   0.340230
460   0.340086
461   0.339962
462   0.339758
463   0.339594
464   0.339406
465   0.339112
466   0.338942
467   0.338860
468   0.338904
469   0.339056
470   0.339262
471   0.339568
472   0.340034
473   0.340448
474   0.340860
475   0.341258
476   0.341682
477   0.342132
478   0.342640
479   0.343168
480   0.343664
481   0.344388
482   0.345208
483   0.346000
484   0.346612
485   0.347176
486   0.347772
487   0.348280
488   0.348700
489   0.349216
490   0.349678
491   0.349982
492   0.350128
493   0.350370
494   0.350646
495   0.350760
496   0.350896
497   0.351062
498   0.351404
499   0.351916
500   0.352528
-499   0.353124
-498   0.353668
-497   0.354116
-496   0.354382
-495   0.354632
-494   0.354828
-493   0.354918
-492   0.354974
-491   0.355046
-490   0.354890
-489   0.354880
-488   0.354732
-487   0.354288
-486   0.353748
-485   0.353284
-484   0.352868
-483   0.352386
-482   0.351862
-481   0.351284
-480   0.350634
-479   0.350216
-478   0.350070
-477   0.349800
-476   0.349750
-475   0.349648
-474   0.349516
-473   0.349368
-472   0.349288
-471   0.349068
-470   0.348796
-469   0.348576
-468   0.348484
-467   0.348322
-466   0.348356
-465   0.348228
-464   0.348220
-463   0.348188
-462   0.348084
-461   0.347910
-460   0.347702
-459   0.347648
-458   0.347322
-457   0.346948
-456   0.346312
-455   0.345908
-454   0.345496
-453   0.345036
-452   0.344622
-451   0.344314
-450   0.344070
-449   0.343778
-448   0.343636
-447   0.343536
-446   0.343542
-445   0.343444
-444   0.343334
-443   0.343214
-442   0.342990
-441   0.342684
-440   0.342262
-439   0.341682
-438   0.340976
-437   0.340286
-436   0.339608
-435   0.338892
-434   0.338304
-433   0.337558
-432   0.336604
-431   0.335746
-430   0.334902
-429   0.334126
-428   0.333556
-427   0.333040
-426   0.332688
-425   0.332328
-424   0.332050
-423   0.331780
-422   0.331384
-421   0.331176
-420   0.330750
-419   0.330154
-418   0.329656
-417   0.328984
-416   0.328362
-415   0.327788
-414   0.327230
-413   0.326718
-412   0.326102
-411   0.325716
-410   0.325284
-409   0.324910
-408   0.324570
-407   0.324488
-406   0.324536
-405   0.324508
-404   0.324690
-403   0.324808
-402   0.324908
-401   0.324990
-400   0.324968
-399   0.324946
-398   0.325026
-397   0.325246
-396   0.325378
-395   0.325586
-394   0.325724
-393   0.325936
-392   0.326140
-391   0.326400
-390   0.326528
-389   0.326602
-388   0.326490
-387   0.326404
-386   0.326416
-385   0.326248
-384   0.325974
-383   0.325816
-382   0.325658
-381   0.325612
-380   0.325340
-379   0.325254
-378   0.325024
-377   0.324784
-376   0.324598
-375   0.324300
-374   0.324042
-373   0.323644
-372   0.323398
-371   0.323106
-370   0.322824
-369   0.322574
-368   0.322544
-367   0.322440
-366   0.322264
-365   0.322386
-364   0.322452
-363   0.322868
-362   0.323336
-361   0.323642
-360   0.323806
-359   0.323904
-358   0.324094
-357   0.324270
-356   0.324600
-355   0.324858
-354   0.325242
-353   0.325584
-352   0.325748
-351   0.325952
-350   0.326222
-349   0.326564
-348   0.326844
-347   0.327152
-346   0.327514
-345   0.327972
-344   0.328332
-343   0.328634
-342   0.328906
-341   0.329408
-340   0.329996
-339   0.330500
-338   0.331016
-337   0.331432
-336   0.331774
-335   0.332038
-334   0.332182
-333   0.332356
-332   0.332448
-331   0.332514
-330   0.332726
-329   0.332942
-328   0.333200
-327   0.333646
-326   0.333870
-325   0.334174
-324   0.334266
-323   0.334540
-322   0.334922
-321   0.335120
-320   0.335374
-319   0.335640
-318   0.335774
-317   0.335868
-316   0.336166
-315   0.336450
-314   0.336658
-313   0.336880
-312   0.336968
-311   0.337122
-310   0.337394
-309   0.337732
-308   0.338056
-307   0.338452
-306   0.339086
-305   0.339600
-304   0.340096
-303   0.340540
-302   0.341220
-301   0.341778
-300   0.342400
-299   0.343088
-298   0.343612
-297   0.344134
-296   0.344578
-295   0.345270
-294   0.346062
-293   0.346958
-292   0.347754
-291   0.348378
-290   0.349068
-289   0.349708
-288   0.350442
-287   0.351166
-286   0.351862
-285   0.352574
-284   0.353260
-283   0.353932
-282   0.354604
-281   0.355312
-280   0.355986
-279   0.356672
-278   0.357618
-277   0.358478
-276   0.359242
-275   0.360140
-274   0.360820
-273   0.361456
-272   0.362024
-271   0.362552
-270   0.362962
-269   0.363354
-268   0.363854
-267   0.364232
-266   0.364752
-265   0.365262
-264   0.365882
-263   0.366324
-262   0.366760
-261   0.367312
-260   0.367632
-259   0.368036
-258   0.368494
-257   0.369060
-256   0.369636
-255   0.370114
-254   0.370500
-253   0.370854
-252   0.371100
-251   0.371402
-250   0.371700
-249   0.371886
-248   0.372080
-247   0.372198
-246   0.372170
-245   0.372142
-244   0.372054
-243   0.372050
-242   0.372084
-241   0.372138
-240   0.372398
-239   0.372562
-238   0.372834
-237   0.373158
-236   0.373488
-235   0.373994
-234   0.374416
-233   0.374944
-232   0.375496
-231   0.376004
-230   0.376420
-229   0.376848
-228   0.377318
-227   0.377782
-226   0.378212
-225   0.378614
-224   0.379108
-223   0.379586
-222   0.380038
-221   0.380494
-220   0.381044
-219   0.381590
-218   0.382318
-217   0.382978
-216   0.383668
-215   0.384392
-214   0.385142
-213   0.385938
-212   0.386754
-211   0.387468
-210   0.388092
-209   0.388762
-208   0.389402
-207   0.389952
-206   0.390482
-205   0.391040
-204   0.391630
-203   0.392206
-202   0.392942
-201   0.393624
-200   0.394360
-199   0.395020
-198   0.395774
-197   0.396490
-196   0.397176
-195   0.397894
-194   0.398748
-193   0.399640
-192   0.400488
-191   0.401464
-190   0.402446
-189   0.403482
-188   0.404620
-187   0.405590
-186   0.406440
-185   0.407396
-184   0.408326
-183   0.409348
-182   0.410334
-181   0.411442
-180   0.412654
-179   0.413780
-178   0.415058
-177   0.416266
-176   0.417700
-175   0.419000
-174   0.420230
-173   0.421396
-172   0.422568
-171   0.423782
-170   0.424918
-169   0.426326
-168   0.427720
-167   0.429110
-166   0.430530
-165   0.431946
-164   0.433446
-163   0.435014
-162   0.436606
-161   0.438186
-160   0.439866
-159   0.441598
-158   0.443440
-157   0.445162
-156   0.446792
-155   0.448486
-154   0.450116
-153   0.451640
-152   0.453196
-151   0.454702
-150   0.456074
-149   0.457590
-148   0.458932
-147   0.460436
-146   0.461908
-145   0.463416
-144   0.465048
-143   0.466692
-142   0.468402
-141   0.470064
-140   0.471862
-139   0.473614
-138   0.475264
-137   0.476902
-136   0.478346
-135   0.480048
-134   0.481902
-133   0.483748
-132   0.485422
-131   0.487168
-130   0.488836
-129   0.490440
-128   0.492164
-127   0.494064
-126   0.495954
-125   0.497644
-124   0.499326
-123   0.500892
-122   0.502406
-121   0.503934
-120   0.505520
-119   0.507118
-118   0.508728
-117   0.510296
-116   0.511726
-115   0.513152
-114   0.514560
-113   0.515974
-112   0.517300
-111   0.518626
-110   0.519910
-109   0.521272
-108   0.522758
-107   0.524244
-106   0.525738
-105   0.527330
-104   0.528744
-103   0.530410
-102   0.532210
-101   0.533848
-100   0.535590
-99   0.537324
-98   0.539100
-97   0.540882
-96   0.542602
-95   0.544408
-94   0.546170
-93   0.548022
-92   0.549768
-91   0.551374
-90   0.552902
-89   0.554368
-88   0.555830
-87   0.557238
-86   0.558684
-85   0.560112
-84   0.561628
-83   0.563116
-82   0.564564
-81   0.566066
-80   0.567530
-79   0.569034
-78   0.570556
-77   0.572228
-76   0.573930
-75   0.575638
-74   0.577378
-73   0.579194
-72   0.581334
-71   0.583636
-70   0.585954
-69   0.588152
-68   0.590242
-67   0.592540
-66   0.594810
-65   0.597154
-64   0.599562
-63   0.601748
-62   0.603982
-61   0.606388
-60   0.608904
-59   0.611376
-58   0.613844
-57   0.616300
-56   0.618500
-55   0.620864
-54   0.623128
-53   0.625392
-52   0.627706
-51   0.630034
-50   0.632368
-49   0.634684
-48   0.637192
-47   0.639702
-46   0.642312
-45   0.644762
-44   0.647358
-43   0.649748
-42   0.652056
-41   0.654402
-40   0.656740
-39   0.659258
-38   0.661632
-37   0.664030
-36   0.666360
-35   0.668672
-34   0.671106
-33   0.673572
-32   0.676158
-31   0.678440
-30   0.680726
-29   0.682954
-28   0.685166
-27   0.687366
-26   0.689734
-25   0.692088
-24   0.694564
-23   0.696862
-22   0.699142
-21   0.701426
-20   0.703692
-19   0.705816
-18   0.707906
-17   0.710066
-16   0.712368
-15   0.714646
-14   0.716888
-13   0.719098
-12   0.721312
-11   0.723558
-10   0.725956
-9   0.728354
-8   0.730710
-7   0.733092
-6   0.735474
-5   0.737858
-4   0.740326
-3   0.742578
-2   0.744812
-1   0.746878
