0   0.999262
1   0.904340
2   0.857466
3   0.813524
4   0.772142
5   0.732772
6   0.695652
7   0.659340
8   0.625998
9   0.595034
10   0.565422
11   0.536638
12   0.508572
13   0.482238
14   0.456816
15   0.432252
16   0.409352
17   0.389008
18   0.369332
19   0.350342
20   0.331792
21   0.313910
22   0.297574
23   0.281902
24   0.267040
25   0.252272
26   0.239066
27   0.224360
28   0.210302
29   0.197038
30   0.184974
31   0.173188
32   0.162700
33   0.152868
34   0.144912
35   0.135856
36   0.127310
37   0.120638
38   0.114578
39   0.107084
40   0.100480
41   0.093532
42   0.087162
43   0.080858
44   0.074278
45   0.067420
46   0.059694
47   0.054052
48   0.048050
49   0.042122
50   0.037066
51   0.033198
52   0.029136
53   0.025630
54   0.023734
55   0.021880
56   0.020516
57   0.019106
58   0.018028
59   0.016520
60   0.015332
61   0.015212
62   0.015360
63   0.015704
64   0.015780
65   0.015426
66   0.015378
67   0.015772
68   0.015310
69   0.013578
70   0.013164
71   0.012396
72   0.012342
73   0.011898
74   0.012122
75   0.011946
76   0.012278
77   0.012764
78   0.012760
79   0.013012
80   0.012984
81   0.013194
82   0.014316
83   0.015304
84   0.016284
85   0.017128
86   0.017260
87   0.016838
88   0.015340
89   0.015278
90   0.014714
91   0.013074
92   0.011718
93   0.011314
94   0.009884
95   0.008982
96   0.007900
97   0.006532
98   0.005122
99   0.003294
100   0.003024
101   0.001790
102   0.000952
103  -0.000282
104   0.000834
105  -0.000406
106  -0.000568
107  -0.001230
108  -0.000910
109  -0.001196
110  -0.003006
111  -0.002430
112  -0.002320
113  -0.002510
114  -0.001508
115  -0.002112
116  -0.001442
117  -0.000820
118  -0.000344
119   0.001254
120   0.001674
121   0.002804
122   0.003782
123   0.004940
124   0.005294
125   0.004790
126   0.003648
127   0.003956
128   0.003162
129   0.002970
130   0.003632
131   0.002812
132   0.003916
133   0.004638
134   0.004690
135   0.005772
136   0.005980
137   0.007000
138   0.006658
139   0.007974
140   0.008354
141   0.009254
142   0.009164
143   0.009100
144   0.008856
145   0.009078
146   0.009070
147   0.008874
148   0.009252
149   0.008968
150   0.010238
151   0.009356
152   0.009614
153   0.009556
154   0.009080
155   0.008464
156   0.007746
157   0.006530
158   0.005042
159   0.005490
160   0.004572
161   0.004252
162   0.004168
163   0.002678
164   0.002304
165   0.001232
166   0.000368
167  -0.000026
168   0.000142
169   0.000820
170   0.001256
171   0.001090
172   0.001698
173   0.002036
174   0.001766
175   0.001496
176   0.000314
177   0.000064
178  -0.000542
179  -0.000280
180  -0.000978
181  -0.001554
182  -0.002234
183  -0.002248
184  -0.002918
185  -0.003832
186  -0.004308
187  -0.004030
188  -0.002276
189  -0.001410
190  -0.001364
191  -0.000650
192  -0.000470
193  -0.001322
194  -0.001600
195  -0.001394
196  -0.002330
197  -0.002948
198  -0.003746
199  -0.004194
200  -0.004858
201  -0.005064
202  -0.004334
203  -0.004490
204  -0.005896
205  -0.006484
206  -0.006004
207  -0.007038
208  -0.008702
209  -0.009816
210  -0.011432
211  -0.011764
212  -0.012830
213  -0.012858
214  -0.013280
215  -0.013084
216  -0.012958
217  -0.012010
218  -0.010806
219  -0.009432
220  -0.008998
221  -0.008130
222  -0.007654
223  -0.006284
224  -0.004654
225  -0.003798
226  -0.002442
227  -0.000330
228   0.000972
229   0.003012
230   0.005300
231   0.007960
232   0.009192
233   0.009446
234   0.011322
235   0.012470
236   0.014246
237   0.015992
238   0.016790
239   0.017232
240   0.017600
241   0.018372
242   0.019580
243   0.020076
244   0.019304
245   0.020906
246   0.021468
247   0.022588
248   0.023404
249   0.024038
250   0.023698
251   0.023498
252   0.022086
253   0.020798
254   0.018368
255   0.016206
256   0.013620
257   0.011896
258   0.010630
259   0.010392
260   0.009298
261   0.008796
262   0.008536
263   0.007770
264   0.005528
265   0.005204
266   0.004288
267   0.002898
268   0.002192
269   0.001520
270   0.000784
271   0.000572
272   0.000504
273  -0.000440
274  -0.001224
275  -0.002160
276  -0.002504
277  -0.002972
278  -0.002868
279  -0.002930
280  -0.002630
281  -0.002552
282  -0.002130
283  -0.001990
284  -0.000968
285  -0.002002
286  -0.000968
287  -0.000740
288  -0.000262
289  -0.000186
290   0.000310
291  -0.000308
292  -0.000066
293   0.000202
294  -0.000636
295  -0.001852
296  -0.002156
297  -0.003698
298  -0.003916
299  -0.004940
300  -0.005498
301  -0.005970
302  -0.006912
303  -0.007124
304  -0.008728
305  -0.010212
306  -0.011272
307  -0.012334
308  -0.013450
309  -0.014278
310  -0.015202
311  -0.015374
312  -0.014474
313  -0.014386
314  -0.015028
315  -0.014710
316  -0.015338
317  -0.015428
318  -0.015282
319  -0.014346
320  -0.014490
321  -0.013656
322  -0.013710
323  -0.013760
324  -0.013032
325  -0.011856
326  -0.010184
327  -0.009254
328  -0.008616
329  -0.007020
330  -0.006744
331  -0.006558
332  -0.006582
333  -0.006552
334  -0.006286
335  -0.006676
336  -0.006748
337  -0.007718
338  -0.008794
339  -0.010354
340  -0.011216
341  -0.012232
342  -0.013214
343  -0.014124
344  -0.015184
345  -0.016888
346  -0.018906
347  -0.019130
348  -0.019732
349  -0.020140
350  -0.020952
351  -0.022018
352  -0.021798
353  -0.022344
354  -0.023582
355  -0.024438
356  -0.025774
357  -0.026010
358  -0.027076
359  -0.028108
360  -0.029586
361  -0.030776
362  -0.031460
363  -0.031700
364  -0.031286
365  -0.031320
366  -0.032224
367  -0.032604
368  -0.032852
369  -0.032548
370  -0.031954
371  -0.032026
372  -0.031768
373  -0.031206
374  -0.031132
375  -0.028726
376  -0.027216
377  -0.024568
378  -0.022802
379  -0.020034
380  -0.018384
381  -0.015702
382  -0.014294
383  -0.013448
384  -0.012040
385  -0.010648
386  -0.010754
387  -0.010330
388  -0.009252
389  -0.009130
390  -0.009730
391  -0.010016
392  -0.009602
393  -0.009692
394  -0.009744
395  -0.009858
396  -0.009322
397  -0.007782
398  -0.006280
399  -0.005436
400  -0.004766
401  -0.002966
402  -0.001286
403   0.000272
404   0.001246
405   0.001838
406   0.003090
407   0.003786
408   0.004688
409   0.006758
410   0.006996
411   0.008090
412   0.007390
413   0.007196
414   0.005770
415   0.004474
416   0.003056
417   0.002932
418   0.003292
419   0.004772
420   0.006076
421   0.007390
422   0.007270
423   0.007400
424   0.007450
425   0.007460
426   0.007654
427   0.007222
428   0.006532
429   0.005564
430   0.005132
431   0.004652
432   0.004938
433   0.004454
434   0.004806
435   0.004870
436   0.005542
437   0.006352
438   0.007052
439   0.008872
440   0.010516
441   0.011746
442   0.012796
443   0.012904
444   0.012682
445   0.012646
446   0.013320
447   0.013938
448   0.013190
449   0.013458
450   0.013636
451   0.014814
452   0.015538
453   0.014298
454   0.015178
455   0.014334
456   0.013510
457   0.012460
458   0.011778
459   0.010666
460   0.009956
461   0.008028
462   0.008272
463   0.008678
464   0.008580
465   0.009048
466   0.008550
467   0.009238
468   0.008866
469   0.007378
470   0.007498
471   0.007470
472   0.007484
473   0.007220
474   0.007232
475   0.007166
476   0.007364
477   0.007644
478   0.008258
479   0.007784
480   0.007964
481   0.007514
482   0.007354
483   0.007746
484   0.007678
485   0.007222
486   0.006758
487   0.006974
488   0.006544
489   0.006154
490   0.006062
491   0.005482
492   0.003308
493   0.002394
494   0.000164
495  -0.001706
496  -0.002832
497  -0.003240
498  -0.003690
499  -0.003836
500  -0.004004
-499  -0.004076
-498  -0.004334
-497  -0.004134
-496  -0.005228
-495  -0.004950
-494  -0.004732
-493  -0.004366
-492  -0.002926
-491  -0.002334
-490  -0.000952
-489   0.000672
-488   0.001600
-487   0.003082
-486   0.004340
-485   0.005872
-484   0.006684
-483   0.008828
-482   0.010346
-481   0.010724
-480   0.011692
-479   0.013688
-478   0.014874
-477   0.015494
-476   0.015760
-475   0.018182
-474   0.018346
-473   0.018874
-472   0.018320
-471   0.018796
-470   0.019242
-469   0.018746
-468   0.017994
-467   0.017394
-466   0.017474
-465   0.017078
-464   0.015216
-463   0.015640
-462   0.014194
-461   0.014432
-460   0.012912
-459   0.012730
-458   0.012268
-457   0.011100
-456   0.009836
-455   0.009744
-454   0.008494
-453   0.007606
-452   0.006192
-451   0.004506
-450   0.003398
-449   0.002338
-448   0.002050
-447   0.001756
-446   0.001856
-445   0.001724
-444   0.002552
-443   0.002604
-442   0.002936
-441   0.003218
-440   0.003984
-439   0.004156
-438   0.004806
-437   0.005338
-436   0.006482
-435   0.005670
-434   0.006764
-433   0.006890
-432   0.007358
-431   0.006852
-430   0.007456
-429   0.006600
-428   0.007114
-427   0.007722
-426   0.007628
-425   0.007290
-424   0.006618
-423   0.006308
-422   0.006744
-421   0.007566
-420   0.007748
-419   0.007392
-418   0.008694
-417   0.008208
-416   0.007788
-415   0.008266
-414   0.007878
-413   0.008974
-412   0.008972
-411   0.009490
-410   0.009822
-409   0.010362
-408   0.010022
-407   0.010158
-406   0.010494
-405   0.010806
-404   0.010056
-403   0.010228
-402   0.010080
-401   0.010992
-400   0.011230
-399   0.012844
-398   0.013744
-397   0.014156
-396   0.015546
-395   0.015798
-394   0.014318
-393   0.013916
-392   0.013378
-391   0.012246
-390   0.013028
-389   0.013966
-388   0.014564
-387   0.014722
-386   0.014338
-385   0.015566
-384   0.014814
-383   0.013536
-382   0.012784
-381   0.012412
-380   0.012432
-379   0.012630
-378   0.013284
-377   0.013218
-376   0.012766
-375   0.013048
-374   0.012668
-373   0.012564
-372   0.010694
-371   0.010046
-370   0.009048
-369   0.007908
-368   0.007778
-367   0.007194
-366   0.008736
-365   0.009004
-364   0.009752
-363   0.010524
-362   0.010996
-361   0.011876
-360   0.011976
-359   0.011534
-358   0.012454
-357   0.012594
-356   0.012510
-355   0.012122
-354   0.012068
-353   0.012562
-352   0.013456
-351   0.012962
-350   0.012768
-349   0.013982
-348   0.014830
-347   0.016186
-346   0.016756
-345   0.018248
-344   0.018784
-343   0.020096
-342   0.021106
-341   0.022374
-340   0.023474
-339   0.023828
-338   0.024568
-337   0.024770
-336   0.024720
-335   0.025102
-334   0.025904
-333   0.026454
-332   0.026988
-331   0.027896
-330   0.026906
-329   0.025760
-328   0.024208
-327   0.023666
-326   0.022728
-325   0.023304
-324   0.023978
-323   0.023510
-322   0.023432
-321   0.024524
-320   0.025062
-319   0.024944
-318   0.024684
-317   0.023948
-316   0.024500
-315   0.023488
-314   0.024864
-313   0.024216
-312   0.024180
-311   0.024388
-310   0.022892
-309   0.023652
-308   0.022894
-307   0.022530
-306   0.022220
-305   0.021206
-304   0.019874
-303   0.018896
-302   0.017606
-301   0.016804
-300   0.016676
-299   0.015920
-298   0.015932
-297   0.014976
-296   0.014550
-295   0.013840
-294   0.014922
-293   0.014540
-292   0.014662
-291   0.015272
-290   0.016082
-289   0.014942
-288   0.014500
-287   0.012886
-286   0.011570
-285   0.010966
-284   0.010656
-283   0.010664
-282   0.009892
-281   0.009532
-280   0.008370
-279   0.007458
-278   0.006186
-277   0.004962
-276   0.004366
-275   0.003378
-274   0.002852
-273   0.001642
-272   0.001814
-271   0.000960
-270   0.000976
-269   0.000446
-268  -0.000648
-267  -0.001312
-266  -0.002592
-265  -0.003914
-264  -0.005106
-263  -0.006192
-262  -0.007362
-261  -0.009334
-260  -0.010772
-259  -0.012004
-258  -0.013982
-257  -0.014336
-256  -0.015016
-255  -0.015776
-254  -0.016110
-253  -0.016778
-252  -0.017544
-251  -0.018976
-250  -0.020352
-249  -0.020824
-248  -0.022152
-247  -0.023148
-246  -0.024656
-245  -0.025412
-244  -0.026964
-243  -0.029250
-242  -0.029462
-241  -0.030782
-240  -0.031840
-239  -0.031840
-238  -0.032446
-237  -0.031558
-236  -0.031686
-235  -0.032496
-234  -0.033216
-233  -0.032966
-232  -0.032366
-231  -0.032196
-230  -0.031170
-229  -0.030718
-228  -0.029938
-227  -0.028952
-226  -0.028940
-225  -0.028062
-224  -0.027968
-223  -0.027166
-222  -0.026134
-221  -0.025156
-220  -0.023846
-219  -0.022484
-218  -0.021618
-217  -0.021188
-216  -0.019426
-215  -0.018024
-214  -0.016156
-213  -0.014740
-212  -0.012630
-211  -0.011088
-210  -0.008132
-209  -0.006828
-208  -0.006700
-207  -0.004360
-206  -0.001768
-205  -0.000326
-204   0.001580
-203   0.003454
-202   0.004706
-201   0.007202
-200   0.007918
-199   0.009054
-198   0.009658
-197   0.010032
-196   0.010478
-195   0.011568
-194   0.013180
-193   0.013960
-192   0.014160
-191   0.014336
-190   0.016006
-189   0.016434
-188   0.017312
-187   0.017062
-186   0.017724
-185   0.017646
-184   0.018706
-183   0.019154
-182   0.018428
-181   0.019326
-180   0.018786
-179   0.018148
-178   0.017852
-177   0.017252
-176   0.016170
-175   0.015978
-174   0.016958
-173   0.017666
-172   0.017932
-171   0.018908
-170   0.019124
-169   0.018750
-168   0.018690
-167   0.018710
-166   0.018522
-165   0.017756
-164   0.017494
-163   0.015834
-162   0.014300
-161   0.013290
-160   0.011682
-159   0.010702
-158   0.009446
-157   0.009580
-156   0.008912
-155   0.008748
-154   0.008582
-153   0.008124
-152   0.007828
-151   0.007992
-150   0.008396
-149   0.008064
-148   0.008680
-147   0.008486
-146   0.009682
-145   0.010318
-144   0.010932
-143   0.011618
-142   0.012270
-141   0.012290
-140   0.012542
-139   0.012352
-138   0.011958
-137   0.012902
-136   0.013998
-135   0.015094
-134   0.016078
-133   0.017228
-132   0.018832
-131   0.020802
-130   0.022820
-129   0.025118
-128   0.026228
-127   0.028450
-126   0.029820
-125   0.030872
-124   0.031188
-123   0.032782
-122   0.033084
-121   0.033262
-120   0.033334
-119   0.032442
-118   0.030998
-117   0.029626
-116   0.028492
-115   0.026472
-114   0.024640
-113   0.021952
-112   0.020292
-111   0.017830
-110   0.015048
-109   0.013028
-108   0.010632
-107   0.009146
-106   0.006374
-105   0.003354
-104   0.000022
-103  -0.003360
-102  -0.006042
-101  -0.008330
-100  -0.010480
-99  -0.011820
-98  -0.013690
-97  -0.015854
-96  -0.017374
-95  -0.016518
-94  -0.016650
-93  -0.017030
-92  -0.017332
-91  -0.016532
-90  -0.014804
-89  -0.013898
-88  -0.012522
-87  -0.010260
-86  -0.008530
-85  -0.007898
-84  -0.007430
-83  -0.007578
-82  -0.007568
-81  -0.006774
-80  -0.005600
-79  -0.005350
-78  -0.005706
-77  -0.005472
-76  -0.004484
-75  -0.003658
-74  -0.002642
-73  -0.002690
-72  -0.001824
-71  -0.001082
-70  -0.000788
-69  -0.000594
-68   0.000402
-67   0.001350
-66   0.003910
-65   0.006960
-64   0.009376
-63   0.012230
-62   0.014956
-61   0.017760
-60   0.019998
-59   0.023174
-58   0.024902
-57   0.027452
-56   0.029250
-55   0.031988
-54   0.034636
-53   0.037926
-52   0.040970
-51   0.044920
-50   0.048810
-49   0.052886
-48   0.058032
-47   0.063256
-46   0.068308
-45   0.073228
-44   0.078528
-43   0.082698
-42   0.088298
-41   0.093218
-40   0.098088
-39   0.104322
-38   0.110738
-37   0.117660
-36   0.124984
-35   0.132682
-34   0.140874
-33   0.150262
-32   0.159938
-31   0.170914
-30   0.182746
-29   0.193576
-28   0.206016
-27   0.218114
-26   0.231344
-25   0.244652
-24   0.259332
-23   0.274962
-22   0.290752
-21   0.308268
-20   0.325996
-19   0.345452
-18   0.365804
-17   0.385726
-16   0.406706
-15   0.429638
-14   0.453398
-13   0.478830
-12   0.505094
-11   0.531292
-10   0.559354
-9   0.589690
-8   0.623004
-7   0.655840
-6   0.691504
-5   0.727816
-4   0.769222
-3   0.810230
-2   0.855792
-1   0.903296
