0   0.592076
1   0.588754
2   0.585304
3   0.581858
4   0.578116
5   0.574462
6   0.570960
7   0.567306
8   0.563678
9   0.560184
10   0.556470
11   0.552728
12   0.548998
13   0.545276
14   0.541748
15   0.538282
16   0.534724
17   0.531358
18   0.528134
19   0.524600
20   0.521080
21   0.517382
22   0.513760
23   0.509970
24   0.506184
25   0.502458
26   0.498494
27   0.494616
28   0.490740
29   0.486918
30   0.483238
31   0.479726
32   0.476164
33   0.472474
34   0.468892
35   0.465116
36   0.461574
37   0.457928
38   0.454528
39   0.450714
40   0.446910
41   0.443160
42   0.439588
43   0.436076
44   0.432554
45   0.429028
46   0.425396
47   0.421736
48   0.418132
49   0.414536
50   0.410916
51   0.407504
52   0.404200
53   0.400954
54   0.397778
55   0.394542
56   0.391176
57   0.387812
58   0.384664
59   0.381662
60   0.378518
61   0.375304
62   0.372042
63   0.368818
64   0.365746
65   0.362488
66   0.359296
67   0.356210
68   0.353272
69   0.350350
70   0.347522
71   0.344906
72   0.342368
73   0.339986
74   0.337318
75   0.334610
76   0.331830
77   0.329164
78   0.326370
79   0.323798
80   0.321172
81   0.318528
82   0.315870
83   0.313160
84   0.310366
85   0.307694
86   0.305432
87   0.302888
88   0.300474
89   0.297888
90   0.295298
91   0.292638
92   0.290244
93   0.287718
94   0.285394
95   0.283038
96   0.280756
97   0.278422
98   0.276306
99   0.274424
100   0.272452
101   0.270490
102   0.268880
103   0.267276
104   0.265730
105   0.264202
106   0.262812
107   0.261338
108   0.259920
109   0.258412
110   0.257072
111   0.255756
112   0.254456
113   0.253208
114   0.251886
115   0.250498
116   0.249284
117   0.248218
118   0.247118
119   0.246126
120   0.245132
121   0.244098
122   0.242840
123   0.241606
124   0.240214
125   0.238702
126   0.237376
127   0.236120
128   0.234868
129   0.233734
130   0.232610
131   0.231474
132   0.230414
133   0.229398
134   0.228370
135   0.227510
136   0.226548
137   0.225538
138   0.224690
139   0.223844
140   0.223078
141   0.222222
142   0.221368
143   0.220578
144   0.219856
145   0.219080
146   0.218358
147   0.217716
148   0.216974
149   0.216414
150   0.215854
151   0.215218
152   0.214670
153   0.213772
154   0.212814
155   0.212060
156   0.211328
157   0.210596
158   0.209828
159   0.209124
160   0.208476
161   0.207868
162   0.207364
163   0.206586
164   0.205700
165   0.204910
166   0.204172
167   0.203346
168   0.202494
169   0.201420
170   0.200258
171   0.199244
172   0.197982
173   0.196604
174   0.195210
175   0.193986
176   0.192684
177   0.191368
178   0.190008
179   0.188670
180   0.187274
181   0.185880
182   0.184472
183   0.183106
184   0.181796
185   0.180574
186   0.179188
187   0.177796
188   0.176372
189   0.174920
190   0.173598
191   0.172104
192   0.170688
193   0.169112
194   0.167480
195   0.165700
196   0.163780
197   0.162002
198   0.160226
199   0.158510
200   0.156904
201   0.155264
202   0.153658
203   0.152114
204   0.150616
205   0.148932
206   0.147326
207   0.145624
208   0.143954
209   0.142060
210   0.140184
211   0.138208
212   0.136232
213   0.134400
214   0.132500
215   0.130338
216   0.128374
217   0.126338
218   0.124476
219   0.122510
220   0.120666
221   0.118930
222   0.117212
223   0.115522
224   0.113888
225   0.112258
226   0.110732
227   0.109150
228   0.107452
229   0.105728
230   0.104160
231   0.102430
232   0.100850
233   0.099248
234   0.097768
235   0.096272
236   0.094840
237   0.093296
238   0.091968
239   0.090826
240   0.089456
241   0.088020
242   0.086502
243   0.085030
244   0.083572
245   0.082022
246   0.080520
247   0.079032
248   0.077450
249   0.075768
250   0.073946
251   0.072284
252   0.070408
253   0.068664
254   0.066808
255   0.065042
256   0.063246
257   0.061456
258   0.059682
259   0.058190
260   0.056728
261   0.055204
262   0.053608
263   0.051986
264   0.050190
265   0.048554
266   0.046858
267   0.045084
268   0.043488
269   0.041988
270   0.040410
271   0.039138
272   0.037992
273   0.036676
274   0.035294
275   0.033626
276   0.032144
277   0.030688
278   0.029508
279   0.028414
280   0.027244
281   0.025998
282   0.024834
283   0.023718
284   0.022634
285   0.021588
286   0.020594
287   0.019742
288   0.018940
289   0.018386
290   0.017746
291   0.017354
292   0.017074
293   0.016738
294   0.016414
295   0.015862
296   0.015350
297   0.014874
298   0.014378
299   0.013906
300   0.013510
301   0.013130
302   0.012662
303   0.012242
304   0.011846
305   0.011382
306   0.011038
307   0.010672
308   0.010364
309   0.010132
310   0.009888
311   0.009602
312   0.009290
313   0.009034
314   0.008650
315   0.008380
316   0.008188
317   0.007864
318   0.007566
319   0.007356
320   0.007062
321   0.006606
322   0.006126
323   0.005624
324   0.005142
325   0.004672
326   0.004222
327   0.003782
328   0.003338
329   0.002972
330   0.002690
331   0.002286
332   0.001744
333   0.001116
334   0.000540
335  -0.000146
336  -0.000806
337  -0.001584
338  -0.002244
339  -0.002974
340  -0.003710
341  -0.004276
342  -0.004958
343  -0.005642
344  -0.006254
345  -0.006728
346  -0.007240
347  -0.007822
348  -0.008442
349  -0.009060
350  -0.009524
351  -0.009838
352  -0.010230
353  -0.010654
354  -0.011034
355  -0.011428
356  -0.011758
357  -0.011944
358  -0.012168
359  -0.012340
360  -0.012410
361  -0.012552
362  -0.012814
363  -0.013114
364  -0.013396
365  -0.013672
366  -0.013850
367  -0.013788
368  -0.013716
369  -0.013744
370  -0.013682
371  -0.013534
372  -0.013408
373  -0.013250
374  -0.013072
375  -0.012878
376  -0.012416
377  -0.012044
378  -0.011714
379  -0.011368
380  -0.011020
381  -0.010618
382  -0.010268
383  -0.009980
384  -0.009694
385  -0.009332
386  -0.008832
387  -0.008442
388  -0.008058
389  -0.007468
390  -0.006762
391  -0.006140
392  -0.005474
393  -0.004714
394  -0.004072
395  -0.003346
396  -0.002642
397  -0.001924
398  -0.001226
399  -0.000368
400   0.000484
401   0.001442
402   0.002664
403   0.003776
404   0.004902
405   0.006192
406   0.007356
407   0.008390
408   0.009272
409   0.010228
410   0.011086
411   0.011916
412   0.012972
413   0.014036
414   0.015288
415   0.016474
416   0.017574
417   0.018762
418   0.020084
419   0.021464
420   0.022810
421   0.024094
422   0.025334
423   0.026578
424   0.027644
425   0.028696
426   0.029606
427   0.030460
428   0.031230
429   0.031940
430   0.032698
431   0.033368
432   0.034052
433   0.034682
434   0.035452
435   0.036154
436   0.036928
437   0.037750
438   0.038490
439   0.039248
440   0.039936
441   0.040670
442   0.041436
443   0.041984
444   0.042580
445   0.043258
446   0.043718
447   0.044144
448   0.044576
449   0.045044
450   0.045462
451   0.045948
452   0.046480
453   0.046998
454   0.047386
455   0.047698
456   0.047920
457   0.048234
458   0.048328
459   0.048626
460   0.048888
461   0.049344
462   0.049880
463   0.050328
464   0.050752
465   0.051264
466   0.051750
467   0.052516
468   0.053186
469   0.053808
470   0.054454
471   0.055140
472   0.055586
473   0.056152
474   0.056808
475   0.057434
476   0.058232
477   0.059110
478   0.059968
479   0.060840
480   0.061628
481   0.062332
482   0.063244
483   0.064098
484   0.064926
485   0.065734
486   0.066562
487   0.067574
488   0.068344
489   0.069244
490   0.070096
491   0.070948
492   0.071842
493   0.072660
494   0.073674
495   0.074588
496   0.075574
497   0.076580
498   0.077636
499   0.078676
500   0.079596
-499   0.080570
-498   0.081496
-497   0.082400
-496   0.083008
-495   0.083630
-494   0.084142
-493   0.084702
-492   0.085250
-491   0.085820
-490   0.086436
-489   0.087014
-488   0.087686
-487   0.088152
-486   0.088634
-485   0.089108
-484   0.089512
-483   0.090040
-482   0.090564
-481   0.091056
-480   0.091568
-479   0.092050
-478   0.092688
-477   0.093296
-476   0.094028
-475   0.094802
-474   0.095630
-473   0.096362
-472   0.097038
-471   0.097834
-470   0.098566
-469   0.099394
-468   0.100172
-467   0.100894
-466   0.101868
-465   0.102880
-464   0.103822
-463   0.104712
-462   0.105534
-461   0.106408
-460   0.107202
-459   0.107988
-458   0.108764
-457   0.109616
-456   0.110282
-455   0.111024
-454   0.111850
-453   0.112680
-452   0.113492
-451   0.114298
-450   0.115094
-449   0.115748
-448   0.116406
-447   0.117154
-446   0.117978
-445   0.118864
-444   0.119834
-443   0.120814
-442   0.121836
-441   0.122716
-440   0.123630
-439   0.124650
-438   0.125612
-437   0.126502
-436   0.127464
-435   0.128430
-434   0.129566
-433   0.130678
-432   0.131738
-431   0.132894
-430   0.133994
-429   0.135018
-428   0.136006
-427   0.136936
-426   0.137910
-425   0.138942
-424   0.139802
-423   0.140630
-422   0.141570
-421   0.142458
-420   0.143400
-419   0.144460
-418   0.145626
-417   0.146844
-416   0.148008
-415   0.149158
-414   0.150262
-413   0.151194
-412   0.152186
-411   0.153234
-410   0.154148
-409   0.155096
-408   0.156018
-407   0.156904
-406   0.157714
-405   0.158526
-404   0.159314
-403   0.160102
-402   0.160804
-401   0.161552
-400   0.162132
-399   0.162680
-398   0.163192
-397   0.163626
-396   0.164094
-395   0.164490
-394   0.165028
-393   0.165502
-392   0.166008
-391   0.166428
-390   0.166958
-389   0.167608
-388   0.168226
-387   0.168924
-386   0.169570
-385   0.170318
-384   0.171066
-383   0.171862
-382   0.172704
-381   0.173648
-380   0.174588
-379   0.175442
-378   0.176234
-377   0.176710
-376   0.177532
-375   0.178366
-374   0.179132
-373   0.179898
-372   0.180612
-371   0.181298
-370   0.181936
-369   0.182564
-368   0.183348
-367   0.184100
-366   0.184816
-365   0.185424
-364   0.185998
-363   0.186490
-362   0.187126
-361   0.187776
-360   0.188362
-359   0.188950
-358   0.189464
-357   0.189742
-356   0.190222
-355   0.190678
-354   0.190856
-353   0.190984
-352   0.191152
-351   0.191398
-350   0.191536
-349   0.191534
-348   0.191630
-347   0.191996
-346   0.192354
-345   0.192754
-344   0.193426
-343   0.194202
-342   0.194948
-341   0.195570
-340   0.196298
-339   0.197052
-338   0.197756
-337   0.198678
-336   0.199644
-335   0.200576
-334   0.201448
-333   0.202436
-332   0.203194
-331   0.204006
-330   0.204786
-329   0.205482
-328   0.206256
-327   0.206964
-326   0.207706
-325   0.208622
-324   0.209464
-323   0.210218
-322   0.211022
-321   0.211830
-320   0.212782
-319   0.213648
-318   0.214456
-317   0.215440
-316   0.216190
-315   0.216914
-314   0.217744
-313   0.218480
-312   0.219316
-311   0.220184
-310   0.221098
-309   0.222076
-308   0.223102
-307   0.224084
-306   0.225126
-305   0.226212
-304   0.227136
-303   0.228142
-302   0.229266
-301   0.230460
-300   0.231572
-299   0.232622
-298   0.233648
-297   0.234652
-296   0.235454
-295   0.236370
-294   0.237280
-293   0.238064
-292   0.238994
-291   0.239936
-290   0.240838
-289   0.241842
-288   0.242974
-287   0.243990
-286   0.245000
-285   0.245952
-284   0.246962
-283   0.248034
-282   0.248966
-281   0.249988
-280   0.251036
-279   0.251870
-278   0.252720
-277   0.253506
-276   0.254296
-275   0.255108
-274   0.255862
-273   0.256698
-272   0.257580
-271   0.258498
-270   0.259426
-269   0.260332
-268   0.261122
-267   0.261948
-266   0.262910
-265   0.264024
-264   0.265210
-263   0.266602
-262   0.267746
-261   0.268906
-260   0.270212
-259   0.271500
-258   0.272782
-257   0.273896
-256   0.274982
-255   0.276112
-254   0.277056
-253   0.277930
-252   0.278820
-251   0.279472
-250   0.280044
-249   0.280648
-248   0.281268
-247   0.281980
-246   0.282586
-245   0.283212
-244   0.283876
-243   0.284600
-242   0.285260
-241   0.285980
-240   0.286810
-239   0.287850
-238   0.288940
-237   0.290010
-236   0.290972
-235   0.291830
-234   0.292704
-233   0.293518
-232   0.294522
-231   0.295434
-230   0.296332
-229   0.297318
-228   0.298304
-227   0.299376
-226   0.300722
-225   0.302070
-224   0.303500
-223   0.304950
-222   0.306426
-221   0.307844
-220   0.309208
-219   0.310598
-218   0.311928
-217   0.313268
-216   0.314660
-215   0.316080
-214   0.317508
-213   0.318928
-212   0.320210
-211   0.321660
-210   0.323130
-209   0.324660
-208   0.326324
-207   0.327916
-206   0.329480
-205   0.331066
-204   0.332640
-203   0.334198
-202   0.335742
-201   0.337278
-200   0.338902
-199   0.340578
-198   0.342120
-197   0.343634
-196   0.345098
-195   0.346518
-194   0.348046
-193   0.349502
-192   0.350930
-191   0.352288
-190   0.353648
-189   0.354844
-188   0.356076
-187   0.357244
-186   0.358256
-185   0.359308
-184   0.360430
-183   0.361514
-182   0.362744
-181   0.363928
-180   0.365048
-179   0.366012
-178   0.366914
-177   0.368092
-176   0.369366
-175   0.370506
-174   0.371658
-173   0.372616
-172   0.373576
-171   0.374538
-170   0.375496
-169   0.376456
-168   0.377600
-167   0.378700
-166   0.379732
-165   0.380718
-164   0.381680
-163   0.382522
-162   0.383474
-161   0.384542
-160   0.385524
-159   0.386440
-158   0.387160
-157   0.387880
-156   0.388712
-155   0.389610
-154   0.390496
-153   0.391424
-152   0.392420
-151   0.393390
-150   0.394344
-149   0.395350
-148   0.396304
-147   0.397198
-146   0.398122
-145   0.399174
-144   0.400270
-143   0.401172
-142   0.402186
-141   0.403216
-140   0.404218
-139   0.405182
-138   0.406196
-137   0.407084
-136   0.408002
-135   0.408926
-134   0.409990
-133   0.410906
-132   0.411786
-131   0.412746
-130   0.413792
-129   0.414794
-128   0.415762
-127   0.416682
-126   0.417544
-125   0.418500
-124   0.419318
-123   0.420100
-122   0.421034
-121   0.422188
-120   0.423214
-119   0.424374
-118   0.425622
-117   0.426838
-116   0.428078
-115   0.429238
-114   0.430422
-113   0.431642
-112   0.432982
-111   0.434246
-110   0.435590
-109   0.436938
-108   0.438226
-107   0.439526
-106   0.440818
-105   0.442154
-104   0.443504
-103   0.444900
-102   0.446392
-101   0.447906
-100   0.449438
-99   0.450920
-98   0.452342
-97   0.453680
-96   0.454958
-95   0.456424
-94   0.457798
-93   0.459008
-92   0.460434
-91   0.461660
-90   0.462888
-89   0.464012
-88   0.465274
-87   0.466378
-86   0.467632
-85   0.468774
-84   0.470002
-83   0.471198
-82   0.472356
-81   0.473644
-80   0.474872
-79   0.476086
-78   0.477378
-77   0.478590
-76   0.479900
-75   0.481134
-74   0.482364
-73   0.483638
-72   0.484888
-71   0.486222
-70   0.487606
-69   0.489030
-68   0.490356
-67   0.491732
-66   0.492904
-65   0.494036
-64   0.495124
-63   0.496224
-62   0.497308
-61   0.498248
-60   0.499308
-59   0.500378
-58   0.501420
-57   0.502410
-56   0.503578
-55   0.504700
-54   0.505880
-53   0.507170
-52   0.508498
-51   0.509706
-50   0.511056
-49   0.512342
-48   0.513648
-47   0.514962
-46   0.516232
-45   0.517500
-44   0.518770
-43   0.520146
-42   0.521470
-41   0.522808
-40   0.524180
-39   0.525598
-38   0.526984
-37   0.528440
-36   0.529908
-35   0.531444
-34   0.533052
-33   0.534678
-32   0.536372
-31   0.538090
-30   0.539990
-29   0.541850
-28   0.543770
-27   0.545678
-26   0.547342
-25   0.549084
-24   0.550888
-23   0.552768
-22   0.554662
-21   0.556588
-20   0.558748
-19   0.560768
-18   0.562726
-17   0.564568
-16   0.566288
-15   0.568014
-14   0.569614
-13   0.571242
-12   0.572872
-11   0.574640
-10   0.576194
-9   0.577790
-8   0.579310
-7   0.580880
-6   0.582324
-5   0.583886
-4   0.585488
-3   0.587226
-2   0.588896
-1   0.590502
