0   0.995158
1   0.490776
2   0.363780
3   0.269748
4   0.203022
5   0.150234
6   0.111420
7   0.083004
8   0.061420
9   0.044834
10   0.033506
11   0.025272
12   0.019404
13   0.013154
14   0.009660
15   0.006424
16   0.005140
17   0.002480
18   0.001378
19   0.001480
20   0.002360
21   0.000842
22   0.001628
23   0.000318
24   0.000786
25   0.001164
26   0.002300
27   0.002618
28   0.003180
29   0.002658
30   0.001998
31   0.001090
32   0.002180
33   0.002536
34   0.002152
35   0.002802
36   0.002252
37   0.001976
38  -0.000060
39  -0.000390
40  -0.000618
41  -0.000878
42   0.000388
43  -0.000742
44  -0.000714
45  -0.002318
46  -0.001222
47  -0.001796
48  -0.001204
49  -0.002340
50  -0.001154
51  -0.001334
52  -0.000028
53   0.000838
54  -0.000524
55   0.000288
56   0.000548
57   0.000378
58  -0.001006
59  -0.001110
60  -0.000294
61   0.000642
62   0.001130
63   0.001564
64   0.000848
65   0.001280
66   0.000986
67   0.000574
68   0.001682
69   0.002164
70   0.004756
71   0.004204
72   0.004354
73   0.004272
74   0.003816
75   0.002632
76   0.003582
77   0.004288
78   0.002610
79   0.000958
80   0.000998
81   0.000370
82  -0.000590
83  -0.003814
84  -0.003844
85  -0.003556
86  -0.004414
87  -0.004044
88  -0.003544
89  -0.004034
90  -0.002666
91  -0.001104
92   0.000430
93   0.000580
94   0.002030
95  -0.000620
96   0.000772
97   0.000196
98  -0.000100
99  -0.000080
100  -0.000550
101  -0.000620
102  -0.000006
103  -0.001852
104  -0.002474
105  -0.001508
106  -0.002034
107  -0.000294
108  -0.003000
109  -0.003056
110  -0.002450
111  -0.004908
112  -0.004000
113  -0.001522
114  -0.000174
115   0.002738
116   0.001882
117   0.002320
118   0.003068
119   0.003720
120   0.003316
121   0.001980
122   0.001958
123   0.000836
124   0.001204
125   0.002718
126   0.001890
127   0.000794
128   0.000970
129  -0.000188
130  -0.001314
131  -0.001640
132  -0.000596
133  -0.000014
134  -0.002162
135  -0.002098
136  -0.001352
137  -0.000576
138   0.000368
139   0.002412
140   0.002418
141   0.001884
142   0.003526
143   0.003422
144   0.001304
145   0.001154
146   0.002420
147  -0.000204
148   0.000448
149  -0.000768
150  -0.000632
151  -0.000410
152   0.000014
153  -0.000642
154  -0.000472
155   0.000036
156   0.001548
157  -0.000348
158  -0.002056
159  -0.001362
160  -0.002870
161  -0.003368
162  -0.002156
163  -0.001200
164  -0.002138
165  -0.001690
166  -0.000410
167   0.000448
168   0.001494
169   0.001352
170   0.001808
171   0.000510
172   0.001202
173   0.000402
174   0.003816
175   0.002386
176   0.003570
177   0.004892
178   0.003668
179   0.002006
180   0.003310
181   0.001962
182  -0.000008
183   0.000152
184  -0.002176
185  -0.000624
186  -0.000966
187  -0.001874
188   0.000510
189   0.000418
190   0.000014
191   0.000892
192   0.000742
193   0.000590
194  -0.000590
195  -0.000328
196   0.000272
197   0.001430
198  -0.002520
199  -0.000312
200   0.000330
201   0.000664
202   0.000784
203   0.000746
204   0.000932
205   0.001138
206   0.000774
207   0.001004
208   0.001422
209  -0.000012
210  -0.001916
211  -0.003154
212  -0.003134
213  -0.003648
214  -0.003952
215  -0.002446
216  -0.003110
217  -0.002796
218  -0.002260
219  -0.002924
220  -0.004320
221  -0.005052
222  -0.004266
223  -0.005404
224  -0.005036
225  -0.002752
226  -0.002940
227  -0.002684
228  -0.004442
229  -0.004120
230  -0.003842
231  -0.003464
232  -0.004210
233  -0.003288
234  -0.001338
235  -0.001466
236  -0.000778
237  -0.000978
238   0.000152
239  -0.000398
240  -0.000394
241   0.001324
242   0.001274
243   0.001008
244  -0.000608
245  -0.001066
246  -0.001096
247  -0.000216
248  -0.000168
249   0.000634
250   0.000442
251   0.000552
252   0.001764
253   0.001504
254  -0.000310
255  -0.001114
256  -0.000152
257   0.000056
258  -0.000576
259  -0.000278
260   0.000772
261   0.000276
262   0.000028
263  -0.000618
264   0.000128
265   0.000020
266  -0.000726
267  -0.001486
268   0.001646
269   0.001558
270   0.001498
271   0.001522
272   0.001720
273   0.000410
274  -0.000170
275   0.000394
276   0.000928
277   0.000260
278  -0.001224
279  -0.002918
280  -0.001698
281  -0.002654
282  -0.004134
283  -0.002196
284  -0.000824
285   0.000070
286   0.000948
287  -0.000416
288   0.001382
289   0.002064
290   0.001238
291   0.002376
292   0.002688
293   0.004516
294   0.003058
295   0.001878
296   0.001964
297   0.001276
298  -0.000144
299   0.000410
300   0.000038
301   0.000144
302   0.002388
303   0.000890
304   0.000320
305   0.000686
306   0.002740
307   0.002656
308   0.002292
309   0.002796
310   0.002132
311   0.000948
312   0.001370
313   0.001196
314  -0.000550
315  -0.000164
316  -0.001592
317  -0.003194
318  -0.002390
319  -0.001976
320   0.000658
321   0.000460
322   0.001044
323   0.000160
324   0.000096
325   0.001548
326   0.002346
327   0.003000
328   0.003550
329   0.001466
330   0.001998
331   0.001954
332   0.000578
333  -0.001016
334   0.002220
335   0.001344
336   0.000766
337   0.000282
338   0.000576
339   0.000232
340  -0.001762
341  -0.000602
342   0.000128
343  -0.000994
344  -0.002036
345  -0.003116
346  -0.002386
347  -0.004106
348  -0.004492
349  -0.004092
350  -0.005434
351  -0.005588
352  -0.003108
353  -0.002722
354  -0.002460
355  -0.002030
356  -0.001814
357  -0.000006
358   0.001102
359  -0.001630
360  -0.000458
361  -0.003490
362  -0.003132
363  -0.001512
364  -0.000610
365  -0.001062
366  -0.000600
367   0.000116
368   0.000948
369  -0.001340
370  -0.000050
371   0.000472
372   0.000204
373  -0.000676
374  -0.001716
375  -0.000608
376  -0.000384
377   0.000156
378   0.000830
379   0.001830
380   0.000026
381  -0.001070
382  -0.000448
383  -0.000172
384  -0.000602
385  -0.001344
386  -0.001856
387  -0.002306
388  -0.003840
389  -0.002546
390  -0.004370
391  -0.002342
392  -0.001418
393  -0.003386
394  -0.002646
395  -0.001658
396  -0.001884
397  -0.000638
398  -0.001090
399  -0.002534
400  -0.001288
401   0.000856
402   0.003042
403   0.002654
404   0.003644
405   0.004876
406   0.003400
407   0.002554
408   0.003426
409   0.001418
410   0.002196
411   0.000538
412   0.000312
413  -0.000514
414  -0.000990
415  -0.000184
416  -0.000182
417  -0.000112
418  -0.001424
419  -0.001668
420  -0.001928
421  -0.001836
422  -0.001924
423   0.001246
424   0.001146
425   0.000912
426   0.003674
427   0.001742
428   0.003200
429   0.005030
430   0.004126
431   0.004226
432   0.003026
433   0.004208
434   0.005454
435   0.005306
436   0.005876
437   0.002720
438   0.001928
439   0.001936
440   0.001726
441   0.004396
442   0.003424
443   0.001334
444   0.001148
445   0.000486
446   0.000404
447   0.002678
448   0.001650
449   0.001312
450   0.000240
451  -0.001712
452  -0.000354
453  -0.000834
454  -0.001178
455  -0.000912
456  -0.001394
457  -0.000528
458  -0.001608
459  -0.000484
460   0.001562
461   0.000288
462   0.000700
463  -0.000906
464   0.001020
465   0.001766
466   0.002212
467   0.004456
468   0.002900
469   0.001948
470   0.001750
471   0.001516
472  -0.000164
473  -0.000216
474  -0.002416
475  -0.002612
476  -0.002128
477  -0.002772
478  -0.004138
479  -0.003010
480  -0.001632
481  -0.001290
482  -0.002504
483  -0.002186
484  -0.002076
485  -0.002018
486  -0.003494
487  -0.000482
488  -0.001704
489  -0.000586
490  -0.000204
491   0.003004
492   0.002342
493  -0.000050
494   0.000410
495  -0.001254
496  -0.000050
497   0.001536
498   0.002196
499   0.000436
500   0.002022
-499   0.001804
-498   0.002292
-497   0.002858
-496   0.002020
-495   0.000954
-494   0.001400
-493   0.003280
-492   0.002016
-491   0.000240
-490   0.001984
-489   0.000282
-488   0.001614
-487   0.002812
-486   0.000598
-485  -0.000178
-484   0.000388
-483  -0.001128
-482  -0.000612
-481  -0.001816
-480  -0.001980
-479  -0.001366
-478  -0.000892
-477  -0.002924
-476  -0.001320
-475  -0.001310
-474  -0.000062
-473  -0.001452
-472   0.001442
-471  -0.002246
-470  -0.003642
-469  -0.002462
-468  -0.003356
-467  -0.003296
-466  -0.003002
-465  -0.003082
-464  -0.002640
-463  -0.001332
-462  -0.001646
-461   0.000216
-460   0.000180
-459   0.000564
-458  -0.000224
-457   0.001382
-456   0.001092
-455   0.000034
-454  -0.002976
-453  -0.002868
-452  -0.005972
-451  -0.004926
-450  -0.004448
-449  -0.004218
-448  -0.002190
-447  -0.001706
-446  -0.001620
-445  -0.001250
-444  -0.000060
-443   0.000876
-442   0.001248
-441   0.000926
-440  -0.000728
-439  -0.001738
-438  -0.000314
-437  -0.001474
-436   0.000704
-435   0.002550
-434   0.001826
-433   0.002046
-432   0.000160
-431   0.001670
-430   0.002976
-429   0.002748
-428  -0.000040
-427   0.000158
-426  -0.000558
-425  -0.000834
-424   0.000258
-423  -0.000492
-422  -0.000528
-421   0.002280
-420   0.003360
-419   0.003058
-418   0.002842
-417   0.004728
-416   0.003466
-415   0.002524
-414   0.000514
-413   0.000866
-412   0.000708
-411  -0.000004
-410  -0.000200
-409   0.002208
-408   0.000920
-407   0.000408
-406   0.001606
-405   0.000018
-404  -0.001386
-403  -0.001334
-402  -0.000470
-401   0.000720
-400   0.000594
-399   0.003042
-398   0.003666
-397   0.002224
-396   0.003702
-395   0.004536
-394   0.002374
-393   0.000220
-392   0.000550
-391   0.000920
-390  -0.000784
-389   0.001574
-388  -0.000780
-387  -0.000656
-386   0.001726
-385   0.002026
-384   0.001536
-383   0.002886
-382   0.003154
-381   0.002332
-380   0.002592
-379   0.003730
-378   0.004964
-377   0.004996
-376   0.002954
-375   0.003986
-374   0.005026
-373   0.005978
-372   0.003820
-371   0.003528
-370   0.003104
-369   0.004126
-368   0.002792
-367   0.002926
-366   0.002152
-365   0.001804
-364   0.001056
-363  -0.000640
-362  -0.002380
-361  -0.002242
-360  -0.001410
-359  -0.000884
-358   0.000400
-357   0.000522
-356   0.001816
-355   0.000002
-354  -0.000080
-353  -0.000924
-352   0.000014
-351   0.002708
-350   0.002686
-349   0.001842
-348   0.001102
-347   0.002086
-346   0.002476
-345   0.003254
-344   0.002328
-343   0.000484
-342   0.002212
-341   0.001084
-340   0.000456
-339   0.000282
-338  -0.001308
-337   0.001012
-336   0.000066
-335   0.001766
-334   0.001518
-333   0.001226
-332   0.001508
-331  -0.001222
-330  -0.001428
-329  -0.002360
-328  -0.001426
-327  -0.000978
-326  -0.000236
-325   0.000650
-324   0.000798
-323  -0.000972
-322  -0.000652
-321  -0.000486
-320   0.000062
-319   0.000540
-318   0.001948
-317   0.001954
-316   0.002054
-315   0.001998
-314   0.003014
-313   0.002492
-312   0.001070
-311   0.001496
-310  -0.000892
-309   0.000760
-308   0.001130
-307   0.002708
-306   0.001688
-305   0.002366
-304   0.003782
-303   0.003886
-302   0.003070
-301   0.002394
-300   0.003782
-299   0.002760
-298   0.003780
-297   0.001842
-296   0.000834
-295   0.004348
-294   0.004714
-293   0.003286
-292   0.002138
-291   0.002738
-290   0.002608
-289   0.001602
-288   0.000822
-287   0.002166
-286  -0.000114
-285   0.001314
-284   0.001220
-283   0.000214
-282   0.001744
-281   0.000906
-280  -0.000498
-279  -0.000042
-278  -0.000304
-277  -0.000660
-276  -0.000936
-275  -0.001542
-274  -0.002484
-273   0.000518
-272   0.000276
-271  -0.000528
-270   0.000480
-269   0.001240
-268   0.001684
-267   0.001426
-266   0.001444
-265   0.002688
-264   0.002134
-263   0.001060
-262  -0.000010
-261  -0.001164
-260   0.000084
-259   0.000322
-258   0.000112
-257   0.001370
-256   0.001040
-255  -0.000472
-254  -0.000784
-253   0.000168
-252   0.000542
-251   0.002188
-250  -0.000030
-249   0.000932
-248  -0.000250
-247   0.002230
-246   0.001790
-245   0.000856
-244   0.000382
-243   0.000900
-242   0.001754
-241   0.000866
-240   0.001184
-239  -0.000226
-238  -0.002716
-237  -0.003266
-236  -0.003394
-235  -0.004280
-234  -0.002788
-233  -0.002608
-232  -0.002878
-231  -0.003320
-230  -0.001200
-229  -0.001814
-228  -0.000912
-227   0.001110
-226  -0.000342
-225   0.000112
-224   0.000672
-223   0.002408
-222   0.002070
-221   0.000472
-220   0.000252
-219  -0.000726
-218   0.000894
-217  -0.000506
-216   0.001214
-215   0.001030
-214   0.000490
-213   0.000134
-212  -0.000164
-211   0.000550
-210   0.000324
-209  -0.000998
-208  -0.000378
-207   0.000200
-206  -0.000322
-205   0.000690
-204   0.000982
-203   0.001116
-202   0.000896
-201   0.000500
-200   0.000840
-199  -0.000378
-198  -0.003392
-197   0.000320
-196   0.000374
-195   0.000582
-194   0.001116
-193   0.000954
-192   0.000652
-191  -0.000754
-190  -0.000860
-189   0.002032
-188   0.000202
-187   0.002304
-186   0.001910
-185   0.001792
-184   0.001612
-183   0.003080
-182   0.001886
-181   0.001838
-180   0.001692
-179   0.001898
-178  -0.002580
-177  -0.000900
-176  -0.000552
-175  -0.001378
-174  -0.002090
-173  -0.003032
-172  -0.001614
-171  -0.001024
-170  -0.001660
-169  -0.001628
-168  -0.000334
-167   0.001388
-166   0.003106
-165   0.003562
-164   0.001782
-163   0.003506
-162   0.002920
-161   0.002296
-160   0.002064
-159   0.002400
-158   0.002092
-157  -0.000002
-156  -0.000924
-155  -0.000176
-154   0.000228
-153  -0.000548
-152  -0.002296
-151  -0.001566
-150  -0.000972
-149  -0.001028
-148  -0.001578
-147  -0.002958
-146  -0.000496
-145  -0.000998
-144   0.000872
-143   0.002494
-142   0.002032
-141   0.003128
-140   0.002950
-139   0.000906
-138   0.000740
-137   0.001132
-136   0.000128
-135   0.001290
-134   0.001350
-133   0.001230
-132   0.000824
-131  -0.001046
-130   0.000962
-129  -0.001140
-128  -0.001642
-127  -0.001620
-126  -0.000846
-125  -0.001548
-124   0.000624
-123   0.000176
-122   0.001486
-121   0.001404
-120   0.001058
-119  -0.001242
-118  -0.000938
-117  -0.002104
-116  -0.001610
-115  -0.000652
-114   0.002384
-113   0.000574
-112   0.001086
-111  -0.000554
-110  -0.000652
-109   0.000052
-108  -0.000250
-107  -0.000828
-106  -0.002216
-105  -0.005244
-104  -0.002818
-103  -0.000936
-102  -0.000556
-101  -0.001808
-100  -0.002654
-99  -0.001264
-98   0.000032
-97  -0.000694
-96  -0.003774
-95  -0.004118
-94  -0.003702
-93  -0.003468
-92  -0.005810
-91  -0.002168
-90  -0.001810
-89  -0.000492
-88  -0.001542
-87   0.000854
-86  -0.000188
-85  -0.000302
-84  -0.001950
-83   0.000234
-82   0.000612
-81   0.000052
-80  -0.001978
-79  -0.001996
-78  -0.000628
-77  -0.001128
-76  -0.001010
-75  -0.001638
-74  -0.000158
-73   0.002166
-72   0.002570
-71   0.002234
-70   0.006660
-69   0.005196
-68   0.004656
-67   0.005308
-66   0.005520
-65   0.004366
-64   0.004942
-63   0.005802
-62   0.004306
-61   0.002674
-60   0.004318
-59   0.002192
-58   0.003632
-57   0.002800
-56   0.001072
-55   0.001034
-54   0.001908
-53   0.000544
-52  -0.000416
-51  -0.000038
-50   0.000334
-49   0.001798
-48   0.004882
-47   0.005482
-46   0.005754
-45   0.004226
-44   0.003464
-43   0.004980
-42   0.006918
-41   0.004264
-40   0.004326
-39   0.004228
-38   0.004142
-37   0.004486
-36   0.003340
-35   0.002966
-34   0.002910
-33   0.002776
-32   0.005128
-31   0.002670
-30   0.001694
-29   0.001540
-28  -0.000722
-27   0.000920
-26  -0.000380
-25   0.000602
-24   0.001110
-23   0.002066
-22   0.003944
-21   0.003254
-20   0.004010
-19   0.004816
-18   0.005222
-17   0.007312
-16   0.009134
-15   0.009198
-14   0.010996
-13   0.016536
-12   0.020370
-11   0.027296
-10   0.035054
-9   0.047856
-8   0.062620
-7   0.083366
-6   0.112094
-5   0.151660
-4   0.201102
-3   0.269844
-2   0.362372
-1   0.491886
