0  -0.134128
1  -0.134728
2  -0.135198
3  -0.135784
4  -0.136166
5  -0.136656
6  -0.137288
7  -0.137960
8  -0.138582
9  -0.139456
10  -0.140370
11  -0.141398
12  -0.142208
13  -0.143038
14  -0.143988
15  -0.144744
16  -0.145498
17  -0.146206
18  -0.146748
19  -0.147530
20  -0.148142
21  -0.148972
22  -0.149588
23  -0.150324
24  -0.151074
25  -0.151912
26  -0.152830
27  -0.153888
28  -0.154852
29  -0.155764
30  -0.156718
31  -0.157806
32  -0.158824
33  -0.160104
34  -0.161374
35  -0.162510
36  -0.163788
37  -0.165076
38  -0.166256
39  -0.167606
40  -0.168988
41  -0.170284
42  -0.171678
43  -0.173078
44  -0.174570
45  -0.175918
46  -0.177360
47  -0.178834
48  -0.180224
49  -0.181546
50  -0.182890
51  -0.184182
52  -0.185534
53  -0.187062
54  -0.188450
55  -0.189804
56  -0.191082
57  -0.192358
58  -0.193642
59  -0.194968
60  -0.196204
61  -0.197296
62  -0.198404
63  -0.199580
64  -0.200818
65  -0.201976
66  -0.202950
67  -0.204166
68  -0.205256
69  -0.205884
70  -0.206896
71  -0.207644
72  -0.208458
73  -0.209198
74  -0.209776
75  -0.210382
76  -0.211198
77  -0.211934
78  -0.212568
79  -0.213234
80  -0.214014
81  -0.214588
82  -0.215324
83  -0.216004
84  -0.216730
85  -0.217456
86  -0.217816
87  -0.218132
88  -0.218364
89  -0.218586
90  -0.218782
91  -0.219016
92  -0.219254
93  -0.219838
94  -0.220324
95  -0.220890
96  -0.221220
97  -0.221688
98  -0.222226
99  -0.222650
100  -0.223164
101  -0.223456
102  -0.224020
103  -0.224486
104  -0.224918
105  -0.225388
106  -0.225808
107  -0.226134
108  -0.226580
109  -0.226996
110  -0.227434
111  -0.227710
112  -0.227954
113  -0.228376
114  -0.228854
115  -0.229478
116  -0.230248
117  -0.231120
118  -0.232156
119  -0.233260
120  -0.234224
121  -0.235244
122  -0.236296
123  -0.237164
124  -0.238208
125  -0.239054
126  -0.239974
127  -0.241086
128  -0.242078
129  -0.243206
130  -0.244362
131  -0.245380
132  -0.246358
133  -0.247202
134  -0.248048
135  -0.248726
136  -0.249504
137  -0.250348
138  -0.251160
139  -0.251982
140  -0.252526
141  -0.253096
142  -0.253392
143  -0.253694
144  -0.253884
145  -0.253872
146  -0.253868
147  -0.253874
148  -0.254066
149  -0.254074
150  -0.254256
151  -0.254568
152  -0.254852
153  -0.255032
154  -0.255060
155  -0.255116
156  -0.255242
157  -0.255368
158  -0.255610
159  -0.255808
160  -0.256192
161  -0.256600
162  -0.257010
163  -0.257636
164  -0.258046
165  -0.258594
166  -0.259050
167  -0.259304
168  -0.259680
169  -0.259916
170  -0.260296
171  -0.260708
172  -0.261096
173  -0.261372
174  -0.261780
175  -0.262146
176  -0.262408
177  -0.262658
178  -0.262844
179  -0.262984
180  -0.263340
181  -0.263370
182  -0.263576
183  -0.263788
184  -0.263978
185  -0.264114
186  -0.264276
187  -0.264422
188  -0.264706
189  -0.265000
190  -0.265228
191  -0.265514
192  -0.265844
193  -0.265840
194  -0.265796
195  -0.265906
196  -0.265794
197  -0.265556
198  -0.265306
199  -0.265104
200  -0.265030
201  -0.265034
202  -0.265028
203  -0.265016
204  -0.264996
205  -0.264914
206  -0.264840
207  -0.264512
208  -0.264302
209  -0.264208
210  -0.263968
211  -0.263814
212  -0.263576
213  -0.263090
214  -0.262494
215  -0.261772
216  -0.261090
217  -0.260512
218  -0.259800
219  -0.259046
220  -0.258250
221  -0.257494
222  -0.256662
223  -0.255794
224  -0.254938
225  -0.253984
226  -0.253080
227  -0.252220
228  -0.251258
229  -0.250348
230  -0.249308
231  -0.248162
232  -0.247016
233  -0.245664
234  -0.244650
235  -0.243628
236  -0.242806
237  -0.241810
238  -0.240798
239  -0.239948
240  -0.239112
241  -0.238078
242  -0.237138
243  -0.236104
244  -0.235028
245  -0.233990
246  -0.233060
247  -0.232280
248  -0.231428
249  -0.230602
250  -0.229790
251  -0.228872
252  -0.228180
253  -0.227380
254  -0.226780
255  -0.226056
256  -0.225602
257  -0.225010
258  -0.224512
259  -0.223914
260  -0.223248
261  -0.222662
262  -0.222006
263  -0.221242
264  -0.220734
265  -0.220336
266  -0.219968
267  -0.219358
268  -0.218940
269  -0.218700
270  -0.218444
271  -0.218266
272  -0.218108
273  -0.218026
274  -0.217910
275  -0.217642
276  -0.217534
277  -0.217498
278  -0.217600
279  -0.217660
280  -0.217840
281  -0.217908
282  -0.217946
283  -0.217900
284  -0.217902
285  -0.217938
286  -0.218140
287  -0.218230
288  -0.218334
289  -0.218402
290  -0.218502
291  -0.218624
292  -0.218592
293  -0.218842
294  -0.218940
295  -0.218986
296  -0.219030
297  -0.219020
298  -0.219114
299  -0.219004
300  -0.219078
301  -0.219186
302  -0.219320
303  -0.219400
304  -0.219546
305  -0.219620
306  -0.219706
307  -0.219766
308  -0.219832
309  -0.219844
310  -0.219874
311  -0.219862
312  -0.219856
313  -0.219890
314  -0.219848
315  -0.219734
316  -0.219632
317  -0.219590
318  -0.219464
319  -0.219430
320  -0.219380
321  -0.219386
322  -0.219256
323  -0.219292
324  -0.219286
325  -0.219040
326  -0.218870
327  -0.218580
328  -0.218398
329  -0.218150
330  -0.217970
331  -0.217774
332  -0.217504
333  -0.217260
334  -0.217022
335  -0.216714
336  -0.216408
337  -0.216080
338  -0.215796
339  -0.215432
340  -0.215208
341  -0.214962
342  -0.214742
343  -0.214570
344  -0.214458
345  -0.214418
346  -0.214180
347  -0.213994
348  -0.213810
349  -0.213574
350  -0.213250
351  -0.212886
352  -0.212584
353  -0.212292
354  -0.211928
355  -0.211482
356  -0.210964
357  -0.210454
358  -0.210050
359  -0.209756
360  -0.209432
361  -0.209008
362  -0.208694
363  -0.208268
364  -0.207972
365  -0.207574
366  -0.207146
367  -0.206718
368  -0.206362
369  -0.206016
370  -0.205670
371  -0.205462
372  -0.205278
373  -0.205060
374  -0.204868
375  -0.204524
376  -0.204094
377  -0.203692
378  -0.203332
379  -0.203188
380  -0.203018
381  -0.202888
382  -0.202774
383  -0.202590
384  -0.202516
385  -0.202426
386  -0.202394
387  -0.202222
388  -0.202078
389  -0.201798
390  -0.201494
391  -0.201064
392  -0.200750
393  -0.200364
394  -0.199874
395  -0.199584
396  -0.199058
397  -0.198586
398  -0.197894
399  -0.196964
400  -0.196168
401  -0.195556
402  -0.194826
403  -0.193954
404  -0.193184
405  -0.192276
406  -0.191314
407  -0.190312
408  -0.189406
409  -0.188766
410  -0.188096
411  -0.187530
412  -0.186888
413  -0.186158
414  -0.185226
415  -0.184236
416  -0.183222
417  -0.182180
418  -0.180940
419  -0.179872
420  -0.178940
421  -0.177810
422  -0.176848
423  -0.175954
424  -0.174958
425  -0.173836
426  -0.172698
427  -0.171576
428  -0.170608
429  -0.169336
430  -0.167980
431  -0.166516
432  -0.165000
433  -0.163626
434  -0.162180
435  -0.160726
436  -0.159364
437  -0.157726
438  -0.156216
439  -0.154772
440  -0.153144
441  -0.151550
442  -0.150018
443  -0.148394
444  -0.146902
445  -0.145352
446  -0.143968
447  -0.142434
448  -0.140900
449  -0.139602
450  -0.138264
451  -0.137140
452  -0.135914
453  -0.134584
454  -0.133188
455  -0.131728
456  -0.130370
457  -0.129080
458  -0.127766
459  -0.126528
460  -0.125272
461  -0.124048
462  -0.122878
463  -0.121676
464  -0.120366
465  -0.118846
466  -0.117418
467  -0.115848
468  -0.114230
469  -0.112934
470  -0.111764
471  -0.110526
472  -0.109154
473  -0.107866
474  -0.106636
475  -0.105660
476  -0.104732
477  -0.104044
478  -0.103188
479  -0.102432
480  -0.101438
481  -0.100634
482  -0.099712
483  -0.098852
484  -0.098098
485  -0.097334
486  -0.096636
487  -0.096010
488  -0.095520
489  -0.095278
490  -0.095056
491  -0.094864
492  -0.094620
493  -0.094366
494  -0.094100
495  -0.093758
496  -0.093498
497  -0.093286
498  -0.092864
499  -0.092438
500  -0.091946
-499  -0.091564
-498  -0.091094
-497  -0.090798
-496  -0.090326
-495  -0.089870
-494  -0.089282
-493  -0.088626
-492  -0.088136
-491  -0.087736
-490  -0.087406
-489  -0.087114
-488  -0.086910
-487  -0.086676
-486  -0.086598
-485  -0.086506
-484  -0.086356
-483  -0.086096
-482  -0.085908
-481  -0.085680
-480  -0.085450
-479  -0.085190
-478  -0.084998
-477  -0.084982
-476  -0.085030
-475  -0.085124
-474  -0.085292
-473  -0.085292
-472  -0.085292
-471  -0.085382
-470  -0.085504
-469  -0.085610
-468  -0.085726
-467  -0.085644
-466  -0.085600
-465  -0.085744
-464  -0.085924
-463  -0.086148
-462  -0.086300
-461  -0.086428
-460  -0.086582
-459  -0.086886
-458  -0.087224
-457  -0.087502
-456  -0.087776
-455  -0.088140
-454  -0.088556
-453  -0.088996
-452  -0.089544
-451  -0.089870
-450  -0.090136
-449  -0.090432
-448  -0.090708
-447  -0.091092
-446  -0.091504
-445  -0.091758
-444  -0.092060
-443  -0.092212
-442  -0.092656
-441  -0.093038
-440  -0.093406
-439  -0.093894
-438  -0.094246
-437  -0.094694
-436  -0.095040
-435  -0.095476
-434  -0.095828
-433  -0.095964
-432  -0.096074
-431  -0.096152
-430  -0.096144
-429  -0.096054
-428  -0.095906
-427  -0.095860
-426  -0.095832
-425  -0.095820
-424  -0.095632
-423  -0.095494
-422  -0.095166
-421  -0.094994
-420  -0.094784
-419  -0.094630
-418  -0.094412
-417  -0.094204
-416  -0.093914
-415  -0.093772
-414  -0.093686
-413  -0.093556
-412  -0.093298
-411  -0.093052
-410  -0.092826
-409  -0.092630
-408  -0.092394
-407  -0.092172
-406  -0.091920
-405  -0.091612
-404  -0.091310
-403  -0.090924
-402  -0.090568
-401  -0.090152
-400  -0.089594
-399  -0.089114
-398  -0.088718
-397  -0.088422
-396  -0.088046
-395  -0.087644
-394  -0.087366
-393  -0.087140
-392  -0.087028
-391  -0.087074
-390  -0.087180
-389  -0.087262
-388  -0.087220
-387  -0.087252
-386  -0.087186
-385  -0.087052
-384  -0.086944
-383  -0.086844
-382  -0.086732
-381  -0.086682
-380  -0.086466
-379  -0.086156
-378  -0.085898
-377  -0.085730
-376  -0.085668
-375  -0.085590
-374  -0.085512
-373  -0.085324
-372  -0.085044
-371  -0.084782
-370  -0.084494
-369  -0.084068
-368  -0.083578
-367  -0.083136
-366  -0.082536
-365  -0.082080
-364  -0.081586
-363  -0.080950
-362  -0.080368
-361  -0.079856
-360  -0.079348
-359  -0.078930
-358  -0.078660
-357  -0.078236
-356  -0.077942
-355  -0.077494
-354  -0.077160
-353  -0.076814
-352  -0.076612
-351  -0.076218
-350  -0.075680
-349  -0.075138
-348  -0.074696
-347  -0.074170
-346  -0.073584
-345  -0.073110
-344  -0.072544
-343  -0.071842
-342  -0.071144
-341  -0.070406
-340  -0.069760
-339  -0.069138
-338  -0.068596
-337  -0.068000
-336  -0.067322
-335  -0.066864
-334  -0.066334
-333  -0.065774
-332  -0.065168
-331  -0.064736
-330  -0.064178
-329  -0.063856
-328  -0.063354
-327  -0.062864
-326  -0.062396
-325  -0.062026
-324  -0.061728
-323  -0.061402
-322  -0.061190
-321  -0.061008
-320  -0.060774
-319  -0.060602
-318  -0.060438
-317  -0.060124
-316  -0.059934
-315  -0.059752
-314  -0.059488
-313  -0.059400
-312  -0.059212
-311  -0.058788
-310  -0.058568
-309  -0.058430
-308  -0.058412
-307  -0.058354
-306  -0.058386
-305  -0.058362
-304  -0.058490
-303  -0.058504
-302  -0.058520
-301  -0.058508
-300  -0.058710
-299  -0.058840
-298  -0.059004
-297  -0.059334
-296  -0.059678
-295  -0.060014
-294  -0.060310
-293  -0.060530
-292  -0.060864
-291  -0.061194
-290  -0.061502
-289  -0.062092
-288  -0.062720
-287  -0.063256
-286  -0.063808
-285  -0.064380
-284  -0.064772
-283  -0.065158
-282  -0.065354
-281  -0.065644
-280  -0.065950
-279  -0.066298
-278  -0.066746
-277  -0.067320
-276  -0.067826
-275  -0.068290
-274  -0.068766
-273  -0.069224
-272  -0.069708
-271  -0.070106
-270  -0.070572
-269  -0.070946
-268  -0.071242
-267  -0.071590
-266  -0.071830
-265  -0.072016
-264  -0.072130
-263  -0.072092
-262  -0.071990
-261  -0.071942
-260  -0.071844
-259  -0.071768
-258  -0.071720
-257  -0.071752
-256  -0.071786
-255  -0.071834
-254  -0.072026
-253  -0.072210
-252  -0.072346
-251  -0.072426
-250  -0.072516
-249  -0.072630
-248  -0.072794
-247  -0.072976
-246  -0.073088
-245  -0.073290
-244  -0.073474
-243  -0.073624
-242  -0.073808
-241  -0.073944
-240  -0.074172
-239  -0.074358
-238  -0.074538
-237  -0.074582
-236  -0.074638
-235  -0.074704
-234  -0.074854
-233  -0.075024
-232  -0.075314
-231  -0.075580
-230  -0.075688
-229  -0.075876
-228  -0.076092
-227  -0.076228
-226  -0.076340
-225  -0.076578
-224  -0.076778
-223  -0.076968
-222  -0.077242
-221  -0.077522
-220  -0.077834
-219  -0.078252
-218  -0.078542
-217  -0.078810
-216  -0.079142
-215  -0.079592
-214  -0.080098
-213  -0.080626
-212  -0.081236
-211  -0.081784
-210  -0.082360
-209  -0.082952
-208  -0.083632
-207  -0.084380
-206  -0.085294
-205  -0.086106
-204  -0.087054
-203  -0.087988
-202  -0.088778
-201  -0.089684
-200  -0.090724
-199  -0.091676
-198  -0.092648
-197  -0.093494
-196  -0.094400
-195  -0.095190
-194  -0.096016
-193  -0.096856
-192  -0.097752
-191  -0.098526
-190  -0.099316
-189  -0.100004
-188  -0.100662
-187  -0.101156
-186  -0.101664
-185  -0.102228
-184  -0.102786
-183  -0.103314
-182  -0.103900
-181  -0.104506
-180  -0.105100
-179  -0.105592
-178  -0.106130
-177  -0.106862
-176  -0.107468
-175  -0.108060
-174  -0.108672
-173  -0.109214
-172  -0.109978
-171  -0.110598
-170  -0.111182
-169  -0.111604
-168  -0.111986
-167  -0.112400
-166  -0.112834
-165  -0.113096
-164  -0.113484
-163  -0.113700
-162  -0.113828
-161  -0.113758
-160  -0.113716
-159  -0.113670
-158  -0.113590
-157  -0.113558
-156  -0.113540
-155  -0.113582
-154  -0.113478
-153  -0.113436
-152  -0.113466
-151  -0.113486
-150  -0.113550
-149  -0.113490
-148  -0.113488
-147  -0.113510
-146  -0.113526
-145  -0.113616
-144  -0.113612
-143  -0.113662
-142  -0.113726
-141  -0.113894
-140  -0.113964
-139  -0.113942
-138  -0.114108
-137  -0.114324
-136  -0.114486
-135  -0.114776
-134  -0.114884
-133  -0.115084
-132  -0.115162
-131  -0.115358
-130  -0.115486
-129  -0.115574
-128  -0.115698
-127  -0.115792
-126  -0.115872
-125  -0.115762
-124  -0.115850
-123  -0.115896
-122  -0.115906
-121  -0.115914
-120  -0.115966
-119  -0.116082
-118  -0.116238
-117  -0.116406
-116  -0.116344
-115  -0.116406
-114  -0.116484
-113  -0.116700
-112  -0.116794
-111  -0.116758
-110  -0.116748
-109  -0.116462
-108  -0.116294
-107  -0.116340
-106  -0.116498
-105  -0.116482
-104  -0.116546
-103  -0.116520
-102  -0.116568
-101  -0.116666
-100  -0.116656
-99  -0.116574
-98  -0.116596
-97  -0.116642
-96  -0.116734
-95  -0.116918
-94  -0.116984
-93  -0.117206
-92  -0.117336
-91  -0.117328
-90  -0.117354
-89  -0.117390
-88  -0.117560
-87  -0.117700
-86  -0.118020
-85  -0.118340
-84  -0.118670
-83  -0.119154
-82  -0.119570
-81  -0.119694
-80  -0.119742
-79  -0.119898
-78  -0.120152
-77  -0.120336
-76  -0.120450
-75  -0.120676
-74  -0.121078
-73  -0.121402
-72  -0.121666
-71  -0.122050
-70  -0.122158
-69  -0.122384
-68  -0.122538
-67  -0.122778
-66  -0.122962
-65  -0.123016
-64  -0.123298
-63  -0.123548
-62  -0.123668
-61  -0.123820
-60  -0.124068
-59  -0.124296
-58  -0.124722
-57  -0.125108
-56  -0.125562
-55  -0.125746
-54  -0.125918
-53  -0.125938
-52  -0.126050
-51  -0.126082
-50  -0.126032
-49  -0.126090
-48  -0.126052
-47  -0.126038
-46  -0.126062
-45  -0.126006
-44  -0.126040
-43  -0.126208
-42  -0.126312
-41  -0.126348
-40  -0.126334
-39  -0.126428
-38  -0.126570
-37  -0.126634
-36  -0.126782
-35  -0.126708
-34  -0.126702
-33  -0.126674
-32  -0.126712
-31  -0.126746
-30  -0.126706
-29  -0.126710
-28  -0.126676
-27  -0.126790
-26  -0.127064
-25  -0.127032
-24  -0.127028
-23  -0.127188
-22  -0.127340
-21  -0.127440
-20  -0.127598
-19  -0.127794
-18  -0.128146
-17  -0.128550
-16  -0.129042
-15  -0.129592
-14  -0.129998
-13  -0.130376
-12  -0.130804
-11  -0.131162
-10  -0.131422
-9  -0.131428
-8  -0.131384
-7  -0.131396
-6  -0.131400
-5  -0.131700
-4  -0.132038
-3  -0.132342
-2  -0.132920
-1  -0.133602
