r MCS_10 MCS_20 MCS_40 MCS_80 MCS_160 MCS_320 MCS_640 MCS_1280 MCS_2560 MCS_5120 MCS_10240 MCS_20480 MCS_40960 
0   1.000000   1.000000   1.000000   1.000000   1.000000   1.000000   1.000000   1.000000   1.000000   1.000000   1.000000   1.000000   1.000000 
1   0.996400   0.996400   0.996400   0.996400   0.996400   0.996400   0.996400   0.996400   0.996600   0.996800   0.997400   0.998000   0.998600 
2   0.992800   0.992800   0.992800   0.992800   0.992800   0.992800   0.992800   0.992800   0.993200   0.993600   0.994800   0.996000   0.997200 
3   0.989200   0.989200   0.989200   0.989200   0.989200   0.989200   0.989200   0.989200   0.989800   0.990400   0.992200   0.994000   0.995800 
4   0.985600   0.985600   0.985600   0.985600   0.985600   0.985600   0.985600   0.985600   0.986400   0.987200   0.989600   0.992000   0.994400 
5   0.982000   0.982000   0.982000   0.982000   0.982000   0.982000   0.982000   0.982000   0.983000   0.984000   0.987000   0.990000   0.993000 
6   0.978400   0.978400   0.978400   0.978400   0.978400   0.978400   0.978400   0.978400   0.979600   0.980800   0.984400   0.988000   0.991600 
7   0.974800   0.974800   0.974800   0.974800   0.974800   0.974800   0.974800   0.974800   0.976200   0.977600   0.981800   0.986000   0.990200 
8   0.971200   0.971200   0.971200   0.971200   0.971200   0.971200   0.971200   0.971200   0.972800   0.974400   0.979200   0.984000   0.988800 
9   0.967600   0.967600   0.967600   0.967600   0.967600   0.967600   0.967600   0.967600   0.969400   0.971200   0.976600   0.982000   0.987400 
10   0.964000   0.964000   0.964000   0.964000   0.964000   0.964000   0.964000   0.964000   0.966000   0.968000   0.974000   0.980000   0.986000 
11   0.960400   0.960400   0.960400   0.960400   0.960400   0.960400   0.960400   0.960400   0.962600   0.964800   0.971400   0.978000   0.984600 
12   0.956800   0.956800   0.956800   0.956800   0.956800   0.956800   0.956800   0.956800   0.959200   0.961600   0.968800   0.976000   0.983200 
13   0.953200   0.953200   0.953200   0.953200   0.953200   0.953200   0.953200   0.953200   0.955800   0.958400   0.966200   0.974000   0.981800 
14   0.949600   0.949600   0.949600   0.949600   0.949600   0.949600   0.949600   0.949600   0.952400   0.955200   0.963600   0.972000   0.980400 
15   0.946000   0.946000   0.946000   0.946000   0.946000   0.946000   0.946000   0.946000   0.949000   0.952000   0.961000   0.970000   0.979000 
16   0.942400   0.942400   0.942400   0.942400   0.942400   0.942400   0.942400   0.942400   0.945600   0.948800   0.958400   0.968000   0.977600 
17   0.938800   0.938800   0.938800   0.938800   0.938800   0.938800   0.938800   0.938800   0.942200   0.945600   0.955800   0.966000   0.976200 
18   0.935200   0.935200   0.935200   0.935200   0.935200   0.935200   0.935200   0.935200   0.938800   0.942400   0.953200   0.964000   0.974800 
19   0.931600   0.931600   0.931600   0.931600   0.931600   0.931600   0.931600   0.931600   0.935400   0.939200   0.950600   0.962000   0.973400 
20   0.928000   0.928000   0.928000   0.928000   0.928000   0.928000   0.928000   0.928000   0.932000   0.936000   0.948000   0.960000   0.972000 
21   0.924400   0.924400   0.924400   0.924400   0.924400   0.924400   0.924400   0.924400   0.928600   0.932800   0.945400   0.958000   0.970600 
22   0.920800   0.920800   0.920800   0.920800   0.920800   0.920800   0.920800   0.920800   0.925200   0.929600   0.942800   0.956000   0.969200 
23   0.917200   0.917200   0.917200   0.917200   0.917200   0.917200   0.917200   0.917200   0.921800   0.926400   0.940200   0.954000   0.967800 
24   0.913600   0.913600   0.913600   0.913600   0.913600   0.913600   0.913600   0.913600   0.918400   0.923200   0.937600   0.952000   0.966400 
25   0.910000   0.910000   0.910000   0.910000   0.910000   0.910000   0.910000   0.910000   0.915000   0.920000   0.935000   0.950000   0.965000 
26   0.906400   0.906400   0.906400   0.906400   0.906400   0.906400   0.906400   0.906400   0.911600   0.916800   0.932400   0.948000   0.963600 
27   0.902800   0.902800   0.902800   0.902800   0.902800   0.902800   0.902800   0.902800   0.908200   0.913600   0.929800   0.946000   0.962200 
28   0.899200   0.899200   0.899200   0.899200   0.899200   0.899200   0.899200   0.899200   0.904800   0.910400   0.927200   0.944000   0.960800 
29   0.895600   0.895600   0.895600   0.895600   0.895600   0.895600   0.895600   0.895600   0.901400   0.907200   0.924600   0.942000   0.959400 
30   0.892000   0.892000   0.892000   0.892000   0.892000   0.892000   0.892000   0.892000   0.898000   0.904000   0.922000   0.940000   0.958000 
31   0.888400   0.888400   0.888400   0.888400   0.888400   0.888400   0.888400   0.888400   0.894600   0.900800   0.919400   0.938000   0.956600 
32   0.884800   0.884800   0.884800   0.884800   0.884800   0.884800   0.884800   0.884800   0.891200   0.897600   0.916800   0.936000   0.955200 
33   0.881200   0.881200   0.881200   0.881200   0.881200   0.881200   0.881200   0.881200   0.887800   0.894400   0.914200   0.934000   0.953800 
34   0.877600   0.877600   0.877600   0.877600   0.877600   0.877600   0.877600   0.877600   0.884400   0.891200   0.911600   0.932000   0.952400 
35   0.874000   0.874000   0.874000   0.874000   0.874000   0.874000   0.874000   0.874000   0.881000   0.888000   0.909000   0.930000   0.951000 
36   0.870400   0.870400   0.870400   0.870400   0.870400   0.870400   0.870400   0.870400   0.877600   0.884800   0.906400   0.928000   0.949600 
37   0.866800   0.866800   0.866800   0.866800   0.866800   0.866800   0.866800   0.866800   0.874200   0.881600   0.903800   0.926000   0.948200 
38   0.863200   0.863200   0.863200   0.863200   0.863200   0.863200   0.863200   0.863200   0.870800   0.878400   0.901200   0.924000   0.946800 
39   0.859600   0.859600   0.859600   0.859600   0.859600   0.859600   0.859800   0.859600   0.867600   0.875200   0.898600   0.922000   0.945400 
40   0.856000   0.856000   0.856000   0.856000   0.856000   0.856200   0.856400   0.856000   0.864400   0.872000   0.896000   0.920000   0.944000 
41   0.852400   0.852400   0.852400   0.852400   0.852400   0.852800   0.853000   0.852400   0.861200   0.868800   0.893400   0.918000   0.942600 
42   0.848800   0.848800   0.848800   0.848800   0.848800   0.849400   0.849600   0.848800   0.858000   0.865600   0.890800   0.916000   0.941200 
43   0.845200   0.845200   0.845200   0.845200   0.845200   0.846000   0.846200   0.845200   0.854800   0.862400   0.888200   0.914000   0.939800 
44   0.841600   0.841600   0.841600   0.841600   0.841600   0.842600   0.842800   0.841800   0.851600   0.859200   0.885600   0.912000   0.938400 
45   0.838000   0.838000   0.838000   0.838000   0.838000   0.839200   0.839400   0.838400   0.848400   0.856000   0.883000   0.910000   0.937000 
46   0.834400   0.834400   0.834400   0.834400   0.834400   0.835800   0.836000   0.835000   0.845200   0.852800   0.880400   0.908000   0.935600 
47   0.830800   0.830800   0.830800   0.830800   0.830800   0.832400   0.832600   0.831600   0.842000   0.849600   0.877800   0.906000   0.934200 
48   0.827200   0.827200   0.827200   0.827200   0.827200   0.829000   0.829200   0.828200   0.838800   0.846400   0.875200   0.904000   0.932800 
49   0.823600   0.823600   0.823600   0.823600   0.823600   0.825600   0.825800   0.824800   0.835600   0.843200   0.872600   0.902000   0.931400 
50   0.820000   0.820000   0.820000   0.820000   0.820000   0.822200   0.822400   0.821400   0.832400   0.840000   0.870000   0.900000   0.930000 
51   0.816400   0.816400   0.816400   0.816400   0.816400   0.818800   0.819000   0.818000   0.829200   0.836800   0.867600   0.898000   0.928600 
52   0.812800   0.812800   0.812800   0.812800   0.812800   0.815400   0.815600   0.814600   0.826000   0.833600   0.865200   0.896000   0.927200 
53   0.809200   0.809200   0.809200   0.809200   0.809200   0.812000   0.812200   0.811200   0.822800   0.830400   0.862800   0.894000   0.925800 
54   0.805600   0.805600   0.805600   0.805600   0.805600   0.808600   0.808800   0.807800   0.819600   0.827200   0.860400   0.892000   0.924400 
55   0.802000   0.802000   0.802000   0.802000   0.802000   0.805200   0.805400   0.804400   0.816400   0.824000   0.858000   0.890000   0.923000 
56   0.798400   0.798400   0.798400   0.798400   0.798400   0.801800   0.802000   0.801000   0.813200   0.820800   0.855600   0.888000   0.921600 
57   0.794800   0.794800   0.794800   0.794800   0.794800   0.798400   0.798600   0.797600   0.810000   0.817600   0.853200   0.886000   0.920200 
58   0.791200   0.791200   0.791200   0.791200   0.791200   0.795000   0.795200   0.794200   0.806800   0.814400   0.850800   0.884000   0.918800 
59   0.787600   0.787600   0.787600   0.787600   0.787600   0.791600   0.791800   0.790800   0.803600   0.811200   0.848400   0.882000   0.917400 
60   0.784000   0.784000   0.784000   0.784000   0.784000   0.788200   0.788400   0.787400   0.800400   0.808000   0.846000   0.880000   0.916000 
61   0.780400   0.780400   0.780400   0.780400   0.780400   0.784800   0.785000   0.784000   0.797400   0.804800   0.843600   0.878000   0.914600 
62   0.776800   0.776800   0.776800   0.776800   0.776800   0.781400   0.781600   0.780600   0.794400   0.801600   0.841200   0.876000   0.913200 
63   0.773200   0.773200   0.773200   0.773200   0.773200   0.778000   0.778200   0.777400   0.791400   0.798400   0.838800   0.874000   0.911800 
64   0.769600   0.769600   0.769600   0.769600   0.769800   0.774600   0.774800   0.774200   0.788400   0.795200   0.836400   0.872000   0.910400 
65   0.766000   0.766000   0.766000   0.766000   0.766400   0.771200   0.771400   0.771000   0.785400   0.792000   0.834000   0.870000   0.909000 
66   0.762400   0.762400   0.762400   0.762400   0.763000   0.767800   0.768000   0.767800   0.782400   0.788800   0.831600   0.868000   0.907600 
67   0.758800   0.758800   0.758800   0.758800   0.759600   0.764400   0.764600   0.764600   0.779400   0.785600   0.829200   0.866000   0.906200 
68   0.755200   0.755200   0.755200   0.755200   0.756200   0.761000   0.761200   0.761400   0.776400   0.782400   0.826800   0.864000   0.904800 
69   0.751600   0.751600   0.751600   0.751600   0.752800   0.757800   0.757800   0.758200   0.773400   0.779200   0.824400   0.862000   0.903400 
70   0.748000   0.748000   0.748000   0.748000   0.749400   0.754600   0.754400   0.755000   0.770400   0.776000   0.822000   0.860000   0.902000 
71   0.744400   0.744400   0.744400   0.744600   0.746000   0.751400   0.751000   0.751800   0.767400   0.772800   0.819600   0.858000   0.900600 
72   0.740800   0.740800   0.740800   0.741400   0.742600   0.748200   0.747600   0.748600   0.764400   0.769600   0.817200   0.856000   0.899200 
73   0.737200   0.737200   0.737200   0.738200   0.739200   0.745000   0.744200   0.745400   0.761400   0.766400   0.814800   0.854000   0.897800 
74   0.733600   0.733600   0.733600   0.735000   0.735800   0.741800   0.741000   0.742200   0.758400   0.763200   0.812400   0.852000   0.896400 
75   0.730000   0.730000   0.730000   0.731800   0.732400   0.738600   0.737800   0.739000   0.755400   0.760000   0.810000   0.850000   0.895000 
76   0.726400   0.726400   0.726400   0.728800   0.729000   0.735400   0.734600   0.735800   0.752400   0.756800   0.807600   0.848000   0.893600 
77   0.722800   0.722800   0.722800   0.725800   0.725800   0.732200   0.731400   0.732800   0.749400   0.753600   0.805200   0.846000   0.892200 
78   0.719200   0.719200   0.719200   0.722800   0.722600   0.729000   0.728200   0.729800   0.746400   0.750400   0.802800   0.844000   0.890800 
79   0.715600   0.715600   0.715600   0.719800   0.719400   0.725800   0.725000   0.726800   0.743400   0.747200   0.800400   0.842000   0.889400 
80   0.712000   0.712000   0.712000   0.716800   0.716200   0.722600   0.721800   0.723800   0.740400   0.744000   0.798000   0.840000   0.888000 
81   0.708400   0.708400   0.708400   0.713800   0.713000   0.719400   0.718800   0.720800   0.737400   0.740800   0.795600   0.838000   0.886600 
82   0.704800   0.704800   0.704800   0.710800   0.709800   0.716200   0.715800   0.717800   0.734400   0.737600   0.793200   0.836000   0.885200 
83   0.701200   0.701200   0.701200   0.707800   0.706600   0.713000   0.712800   0.714800   0.731400   0.734400   0.790800   0.834000   0.883800 
84   0.697600   0.697600   0.697800   0.704800   0.703400   0.709800   0.709800   0.711800   0.728400   0.731200   0.788400   0.832000   0.882400 
85   0.694000   0.694000   0.694400   0.701800   0.700400   0.706600   0.706800   0.708800   0.725400   0.728200   0.786000   0.830000   0.881000 
86   0.690400   0.690400   0.691000   0.698800   0.697400   0.703600   0.703800   0.705800   0.722400   0.725200   0.783600   0.828000   0.879600 
87   0.686800   0.686800   0.687600   0.695800   0.694400   0.700600   0.700800   0.703000   0.719400   0.722200   0.781200   0.826000   0.878200 
88   0.683200   0.683200   0.684200   0.692800   0.691400   0.697600   0.697800   0.700200   0.716400   0.719200   0.778800   0.824000   0.876800 
89   0.679600   0.679600   0.680800   0.689800   0.688400   0.694600   0.694800   0.697400   0.713600   0.716200   0.776400   0.822000   0.875400 
90   0.676200   0.676000   0.677400   0.686800   0.685400   0.691600   0.691800   0.694600   0.710800   0.713200   0.774000   0.820000   0.874000 
91   0.672800   0.672400   0.674000   0.683800   0.682400   0.688600   0.688800   0.691800   0.708000   0.710200   0.771600   0.818000   0.872600 
92   0.669400   0.668800   0.670600   0.680800   0.679400   0.685600   0.685800   0.689000   0.705200   0.707200   0.769200   0.816000   0.871200 
93   0.666000   0.665600   0.667200   0.677800   0.676400   0.682600   0.683000   0.686200   0.702400   0.704200   0.766800   0.814000   0.869800 
94   0.662600   0.662400   0.663800   0.674800   0.673400   0.679600   0.680200   0.683400   0.699600   0.701200   0.764400   0.812000   0.868400 
95   0.659400   0.659200   0.660600   0.671800   0.670400   0.676600   0.677400   0.680600   0.696800   0.698200   0.762000   0.810000   0.867000 
96   0.656200   0.656000   0.657600   0.668800   0.667400   0.673600   0.674600   0.677800   0.694000   0.695200   0.759600   0.808000   0.865600 
97   0.653000   0.652800   0.654600   0.665800   0.664400   0.670600   0.671800   0.675000   0.691200   0.692200   0.757200   0.806000   0.864200 
98   0.649800   0.649600   0.651600   0.662800   0.661400   0.667600   0.669000   0.672200   0.688400   0.689200   0.754800   0.804000   0.862800 
99   0.646600   0.646400   0.648600   0.659800   0.658400   0.664600   0.666200   0.669400   0.685600   0.686200   0.752400   0.802000   0.861400 
100   0.643400   0.643200   0.645600   0.656800   0.655400   0.661600   0.663400   0.666600   0.682800   0.683200   0.750000   0.800000   0.860000 
101   0.640200   0.640000   0.642600   0.653800   0.652400   0.658800   0.660600   0.663800   0.680000   0.680200   0.747600   0.798000   0.858600 
102   0.637000   0.636800   0.639600   0.650800   0.649400   0.656000   0.657800   0.661000   0.677200   0.677200   0.745200   0.796000   0.857200 
103   0.633800   0.633600   0.636600   0.648000   0.646400   0.653200   0.655000   0.658200   0.674400   0.674200   0.742800   0.794000   0.855800 
104   0.630600   0.630600   0.633600   0.645200   0.643400   0.650400   0.652200   0.655400   0.671600   0.671200   0.740400   0.792000   0.854400 
105   0.627400   0.627600   0.630600   0.642400   0.640400   0.647600   0.649400   0.652600   0.668800   0.668200   0.738000   0.790000   0.853000 
106   0.624400   0.624600   0.627800   0.639600   0.637400   0.644800   0.646600   0.649800   0.666000   0.665400   0.735600   0.788000   0.851600 
107   0.621400   0.621600   0.625000   0.636800   0.634400   0.642000   0.643800   0.647000   0.663200   0.662600   0.733200   0.786000   0.850200 
108   0.618400   0.618600   0.622200   0.634000   0.631400   0.639200   0.641000   0.644200   0.660400   0.659800   0.730800   0.784000   0.848800 
109   0.615400   0.615600   0.619400   0.631200   0.628400   0.636400   0.638200   0.641400   0.657600   0.657000   0.728400   0.782000   0.847400 
110   0.612400   0.612600   0.616600   0.628400   0.625400   0.633600   0.635400   0.638600   0.654800   0.654200   0.726000   0.780000   0.846000 
111   0.609400   0.609600   0.613800   0.625600   0.622400   0.630800   0.632600   0.635800   0.652000   0.651400   0.723600   0.778000   0.844600 
112   0.606400   0.606600   0.611000   0.622800   0.619400   0.628000   0.629800   0.633000   0.649400   0.648600   0.721200   0.776000   0.843200 
113   0.603600   0.603800   0.608200   0.620000   0.616400   0.625200   0.627000   0.630200   0.647000   0.645800   0.718800   0.774000   0.841800 
114   0.600800   0.601000   0.605400   0.617200   0.613400   0.622400   0.624200   0.627400   0.644600   0.643200   0.716400   0.772000   0.840400 
115   0.598200   0.598200   0.602600   0.614400   0.610400   0.619600   0.621400   0.624600   0.642200   0.640600   0.714000   0.770000   0.839000 
116   0.595600   0.595400   0.599800   0.611600   0.607400   0.616800   0.618600   0.621800   0.639800   0.638000   0.711600   0.768000   0.837600 
117   0.593000   0.592600   0.597000   0.608800   0.604400   0.614000   0.615800   0.619200   0.637400   0.635400   0.709200   0.766000   0.836200 
118   0.590400   0.590000   0.594200   0.606000   0.601400   0.611200   0.613000   0.616600   0.635200   0.632800   0.706800   0.764000   0.834800 
119   0.587800   0.587400   0.591400   0.603200   0.598400   0.608400   0.610200   0.614000   0.633000   0.630200   0.704400   0.762000   0.833400 
120   0.585200   0.584800   0.588600   0.600600   0.595400   0.605600   0.607400   0.611600   0.630800   0.627600   0.702000   0.760000   0.832000 
121   0.582600   0.582200   0.585800   0.598000   0.592400   0.602800   0.604600   0.609200   0.628600   0.625000   0.699600   0.758000   0.830600 
122   0.580000   0.579600   0.583000   0.595400   0.589400   0.600000   0.602000   0.606800   0.626400   0.622600   0.697200   0.756000   0.829200 
123   0.577400   0.577000   0.580400   0.592800   0.586400   0.597200   0.599400   0.604400   0.624200   0.620200   0.694800   0.754000   0.827800 
124   0.574800   0.574400   0.577800   0.590200   0.583400   0.594400   0.596800   0.602000   0.622000   0.617800   0.692400   0.752000   0.826400 
125   0.572200   0.571800   0.575200   0.587600   0.580400   0.591600   0.594200   0.599600   0.619800   0.615400   0.690000   0.750000   0.825000 
126   0.569600   0.569200   0.572600   0.585000   0.577600   0.588800   0.591600   0.597200   0.617600   0.613000   0.687600   0.748000   0.823600 
127   0.567000   0.566600   0.570000   0.582400   0.574800   0.586000   0.589000   0.594800   0.615400   0.610800   0.685200   0.746000   0.822200 
128   0.564400   0.564000   0.567400   0.579800   0.572000   0.583200   0.586400   0.592400   0.613200   0.608600   0.682800   0.744000   0.820800 
129   0.561800   0.561400   0.564800   0.577200   0.569400   0.580400   0.583800   0.590000   0.611000   0.606400   0.680400   0.742000   0.819400 
130   0.559200   0.558800   0.562200   0.574600   0.566800   0.577600   0.581200   0.587600   0.608800   0.604200   0.678000   0.740000   0.818000 
131   0.556600   0.556200   0.559600   0.572000   0.564200   0.574800   0.578600   0.585200   0.606600   0.602000   0.675600   0.738000   0.816600 
132   0.554000   0.553600   0.557000   0.569400   0.561600   0.572200   0.576000   0.582800   0.604400   0.599800   0.673200   0.736000   0.815200 
133   0.551400   0.551000   0.554400   0.566800   0.559000   0.569600   0.573400   0.580400   0.602200   0.597600   0.670800   0.734000   0.813800 
134   0.549000   0.548400   0.551800   0.564200   0.556400   0.567000   0.570800   0.578000   0.600000   0.595400   0.668400   0.732000   0.812400 
135   0.546600   0.546000   0.549200   0.561600   0.553800   0.564400   0.568200   0.575600   0.597800   0.593200   0.666000   0.730000   0.811000 
136   0.544200   0.543600   0.546600   0.559000   0.551200   0.561800   0.565600   0.573200   0.595600   0.591000   0.663600   0.728000   0.809600 
137   0.541800   0.541200   0.544000   0.556400   0.548600   0.559200   0.563000   0.570800   0.593400   0.589000   0.661200   0.726000   0.808200 
138   0.539400   0.538800   0.541400   0.553800   0.546000   0.556600   0.560400   0.568400   0.591200   0.587000   0.658800   0.724000   0.806800 
139   0.537000   0.536400   0.538800   0.551200   0.543400   0.554000   0.557800   0.566000   0.589000   0.585000   0.656400   0.722000   0.805400 
140   0.534600   0.534000   0.536200   0.548600   0.540800   0.551400   0.555200   0.563600   0.586800   0.583000   0.654000   0.720000   0.804000 
141   0.532200   0.531600   0.533600   0.546000   0.538200   0.548800   0.552600   0.561200   0.584600   0.581000   0.651600   0.718000   0.802600 
142   0.529800   0.529200   0.531400   0.543400   0.535600   0.546200   0.550000   0.558800   0.582400   0.579000   0.649200   0.716000   0.801200 
143   0.527400   0.526800   0.529200   0.540800   0.533000   0.543600   0.547400   0.556400   0.580200   0.577000   0.646800   0.714000   0.800000 
144   0.525000   0.524600   0.527000   0.538200   0.530400   0.541000   0.544800   0.554000   0.578000   0.575000   0.644400   0.712000   0.798800 
145   0.522600   0.522400   0.524800   0.535600   0.527800   0.538400   0.542200   0.551600   0.575800   0.573000   0.642000   0.710000   0.797600 
146   0.520200   0.520200   0.522600   0.533000   0.525200   0.535800   0.539600   0.549200   0.573600   0.571000   0.639600   0.708000   0.796400 
147   0.518000   0.518000   0.520400   0.530400   0.522800   0.533200   0.537000   0.546800   0.571400   0.569000   0.637200   0.706000   0.795200 
148   0.515800   0.515800   0.518200   0.527800   0.520400   0.530600   0.534400   0.544400   0.569200   0.567000   0.634800   0.704000   0.794000 
149   0.513600   0.513600   0.516000   0.525200   0.518000   0.528000   0.531800   0.542000   0.567000   0.565000   0.632400   0.702000   0.792800 
150   0.511600   0.511400   0.513800   0.522600   0.515800   0.525400   0.529200   0.539600   0.564800   0.563000   0.630000   0.700000   0.791600 
151   0.509600   0.509200   0.511800   0.520000   0.513600   0.522800   0.526600   0.537400   0.562400   0.561000   0.627600   0.698000   0.790400 
152   0.507600   0.507000   0.509800   0.517400   0.511400   0.520200   0.524000   0.535200   0.560000   0.559000   0.625200   0.696000   0.789200 
153   0.505600   0.504800   0.507800   0.514800   0.509200   0.517600   0.521400   0.533200   0.557600   0.557200   0.622800   0.694000   0.788000 
154   0.503600   0.502600   0.505800   0.512200   0.507000   0.515000   0.518800   0.531200   0.555200   0.555400   0.620400   0.692000   0.786800 
155   0.501600   0.500400   0.503800   0.509600   0.504800   0.512400   0.516200   0.529200   0.552800   0.553600   0.618000   0.690000   0.785600 
156   0.499600   0.498200   0.501800   0.507000   0.502600   0.510000   0.513600   0.527200   0.550400   0.551800   0.615600   0.688000   0.784400 
157   0.497600   0.496400   0.499800   0.504400   0.500400   0.507600   0.511200   0.525200   0.548000   0.550000   0.613200   0.686000   0.783200 
158   0.495800   0.494600   0.497800   0.501800   0.498200   0.505200   0.508800   0.523200   0.545600   0.548200   0.611000   0.684000   0.782000 
159   0.494000   0.492800   0.495800   0.499200   0.496000   0.502800   0.506400   0.521200   0.543200   0.546400   0.608800   0.682000   0.780800 
160   0.492200   0.491000   0.493800   0.496600   0.493800   0.500400   0.504000   0.519200   0.540800   0.544600   0.606600   0.680000   0.779600 
161   0.490400   0.489200   0.491800   0.494200   0.491600   0.498000   0.501600   0.517200   0.538400   0.542800   0.604400   0.678000   0.778400 
162   0.488600   0.487400   0.489800   0.492000   0.489400   0.495600   0.499200   0.515200   0.536000   0.541000   0.602200   0.676000   0.777200 
163   0.486800   0.485600   0.487800   0.489800   0.487200   0.493200   0.496800   0.513200   0.533600   0.539200   0.600000   0.674000   0.776000 
164   0.485000   0.483800   0.485800   0.487600   0.485000   0.490800   0.494400   0.511200   0.531200   0.537400   0.597800   0.672000   0.774800 
165   0.483200   0.482000   0.483800   0.485400   0.482800   0.488400   0.492000   0.509200   0.528800   0.535600   0.595600   0.670000   0.773600 
166   0.481400   0.480200   0.481800   0.483200   0.480600   0.486000   0.489600   0.507200   0.526400   0.533800   0.593400   0.668000   0.772400 
167   0.479600   0.478400   0.479800   0.481000   0.478400   0.483600   0.487200   0.505200   0.524000   0.532000   0.591200   0.666000   0.771200 
168   0.477800   0.476600   0.477800   0.478800   0.476200   0.481200   0.484800   0.503200   0.521600   0.530200   0.589000   0.664000   0.770000 
169   0.476000   0.474800   0.476000   0.476600   0.474000   0.478800   0.482400   0.501200   0.519200   0.528400   0.586800   0.662000   0.768800 
170   0.474200   0.473000   0.474200   0.474400   0.471800   0.476400   0.480000   0.499200   0.516800   0.526600   0.584600   0.660000   0.767600 
171   0.472400   0.471200   0.472400   0.472400   0.469600   0.474000   0.477600   0.497200   0.514400   0.524800   0.582400   0.658000   0.766600 
172   0.470600   0.469400   0.470600   0.470400   0.467400   0.471600   0.475200   0.495200   0.512000   0.523000   0.580200   0.656000   0.765600 
173   0.468800   0.467600   0.468800   0.468400   0.465400   0.469200   0.472800   0.493200   0.509600   0.521200   0.578000   0.654000   0.764600 
174   0.467000   0.465800   0.467000   0.466600   0.463400   0.467000   0.470400   0.491200   0.507200   0.519400   0.575800   0.652000   0.763600 
175   0.465200   0.464000   0.465200   0.464800   0.461400   0.464800   0.468000   0.489200   0.504800   0.517600   0.573600   0.650000   0.762600 
176   0.463400   0.462200   0.463400   0.463000   0.459400   0.462600   0.465600   0.487200   0.502400   0.515800   0.571400   0.648000   0.761600 
177   0.461600   0.460400   0.461600   0.461200   0.457400   0.460400   0.463400   0.485200   0.500000   0.514000   0.569200   0.646000   0.760600 
178   0.459800   0.458600   0.459800   0.459400   0.455600   0.458200   0.461200   0.483200   0.497600   0.512200   0.567000   0.644000   0.759600 
179   0.458000   0.456800   0.458000   0.457600   0.453800   0.456000   0.459000   0.481200   0.495200   0.510400   0.564800   0.642000   0.758600 
180   0.456200   0.455000   0.456200   0.455800   0.452000   0.453800   0.456800   0.479200   0.492800   0.508600   0.562600   0.640000   0.757600 
181   0.454400   0.453200   0.454400   0.454000   0.450200   0.451600   0.454600   0.477200   0.490400   0.506800   0.560400   0.638000   0.756600 
182   0.452600   0.451400   0.452800   0.452200   0.448400   0.449400   0.452400   0.475000   0.488000   0.505000   0.558200   0.636000   0.755600 
183   0.450800   0.449600   0.451200   0.450400   0.446600   0.447200   0.450200   0.472800   0.485600   0.503200   0.556000   0.634000   0.754600 
184   0.449000   0.447800   0.449600   0.448600   0.444800   0.445000   0.448000   0.470600   0.483200   0.501400   0.554000   0.632000   0.753600 
185   0.447200   0.446000   0.448000   0.446800   0.443000   0.442800   0.445800   0.468400   0.480800   0.499600   0.552000   0.630000   0.752600 
186   0.445400   0.444200   0.446400   0.445000   0.441200   0.440600   0.443600   0.466200   0.478400   0.497800   0.550000   0.628000   0.751600 
187   0.443600   0.442400   0.444800   0.443200   0.439400   0.438400   0.441400   0.464000   0.476200   0.496000   0.548000   0.626000   0.750600 
188   0.441800   0.440600   0.443200   0.441600   0.437600   0.436400   0.439200   0.461800   0.474000   0.494200   0.546000   0.624000   0.749600 
189   0.440000   0.438800   0.441600   0.440000   0.435800   0.434600   0.437000   0.459600   0.471800   0.492400   0.544000   0.622000   0.748600 
190   0.438200   0.437000   0.440000   0.438400   0.434000   0.432800   0.434800   0.457400   0.469600   0.490600   0.542000   0.620000   0.747600 
191   0.436400   0.435200   0.438400   0.436800   0.432200   0.431000   0.432600   0.455200   0.467400   0.488800   0.540000   0.618000   0.746600 
192   0.434600   0.433400   0.436800   0.435200   0.430400   0.429200   0.430400   0.453000   0.465200   0.487000   0.538000   0.616000   0.745600 
193   0.432800   0.431600   0.435200   0.433600   0.428600   0.427400   0.428200   0.450800   0.463000   0.485200   0.536000   0.614000   0.744600 
194   0.431000   0.429800   0.433600   0.432000   0.426800   0.425600   0.426000   0.448600   0.460800   0.483400   0.534000   0.612000   0.743600 
195   0.429200   0.428000   0.432000   0.430400   0.425000   0.423600   0.423800   0.446400   0.458600   0.481600   0.532000   0.610000   0.742600 
196   0.427600   0.426400   0.430400   0.428800   0.423200   0.421600   0.421600   0.444200   0.456400   0.479800   0.530000   0.608000   0.741600 
197   0.426000   0.424800   0.428800   0.427200   0.421400   0.419600   0.419400   0.442000   0.454200   0.478000   0.528000   0.606000   0.740600 
198   0.424400   0.423200   0.427200   0.425600   0.419600   0.417600   0.417200   0.439800   0.452000   0.476200   0.526000   0.604000   0.739600 
199   0.422800   0.421600   0.425600   0.424000   0.417800   0.415600   0.415000   0.437800   0.449800   0.474400   0.524000   0.602000   0.738600 
200   0.421200   0.420000   0.424000   0.422400   0.416000   0.413600   0.412800   0.435800   0.447600   0.472600   0.522000   0.600000   0.737600 
201   0.419600   0.418400   0.422400   0.420800   0.414200   0.411600   0.410600   0.433800   0.445400   0.470800   0.520000   0.598000   0.736600 
202   0.418000   0.416800   0.420800   0.419200   0.412400   0.409600   0.408400   0.431800   0.443200   0.469000   0.518000   0.596000   0.735600 
203   0.416400   0.415200   0.419200   0.417600   0.410600   0.407600   0.406200   0.429600   0.441000   0.467200   0.516200   0.594000   0.734600 
204   0.414800   0.413600   0.417600   0.416000   0.408800   0.405600   0.404000   0.427400   0.438800   0.465400   0.514400   0.592000   0.733600 
205   0.413200   0.412000   0.416000   0.414400   0.407000   0.403600   0.401800   0.425200   0.436600   0.463600   0.512600   0.590000   0.732600 
206   0.411600   0.410400   0.414400   0.412800   0.405200   0.401600   0.399600   0.423000   0.434400   0.461800   0.510800   0.588000   0.731600 
207   0.410000   0.408800   0.412800   0.411200   0.403400   0.399600   0.397600   0.420800   0.432200   0.460000   0.509000   0.586000   0.730600 
208   0.408400   0.407200   0.411200   0.409600   0.401800   0.397600   0.395600   0.418600   0.430000   0.458200   0.507200   0.584000   0.729600 
209   0.406800   0.405600   0.409600   0.408000   0.400200   0.395600   0.393600   0.416400   0.427800   0.456400   0.505400   0.582000   0.728600 
210   0.405200   0.404000   0.408000   0.406400   0.398800   0.393600   0.391600   0.414200   0.425600   0.454800   0.503600   0.580000   0.727600 
211   0.403600   0.402400   0.406400   0.404800   0.397400   0.391600   0.389600   0.412000   0.423400   0.453200   0.501800   0.578000   0.726600 
212   0.402000   0.400800   0.404800   0.403200   0.396000   0.389800   0.387600   0.409800   0.421200   0.451600   0.500000   0.576000   0.725600 
213   0.400400   0.399200   0.403200   0.401600   0.394400   0.388000   0.385800   0.407600   0.419000   0.450000   0.498200   0.574000   0.724600 
214   0.398800   0.397600   0.401600   0.400000   0.392800   0.386400   0.383800   0.405400   0.416800   0.448400   0.496400   0.572000   0.723600 
215   0.397200   0.396000   0.400000   0.398400   0.391200   0.384800   0.381800   0.403200   0.414600   0.446800   0.494600   0.570000   0.722600 
216   0.395600   0.394400   0.398400   0.396800   0.389600   0.383200   0.379800   0.401000   0.412400   0.445200   0.492800   0.568000   0.721600 
217   0.394000   0.392800   0.396800   0.395200   0.388000   0.381400   0.377800   0.399000   0.410200   0.443600   0.491000   0.566000   0.720600 
218   0.392400   0.391200   0.395200   0.393600   0.386400   0.379600   0.376000   0.397000   0.408000   0.442000   0.489200   0.564000   0.719600 
219   0.390800   0.389600   0.393600   0.392000   0.384800   0.378000   0.374200   0.395000   0.406000   0.440400   0.487400   0.562000   0.718600 
220   0.389200   0.388000   0.392000   0.390400   0.383200   0.376400   0.372400   0.393000   0.404000   0.438800   0.485600   0.560000   0.717600 
221   0.387600   0.386400   0.390400   0.388800   0.381600   0.374800   0.370800   0.391000   0.402000   0.437200   0.483800   0.558000   0.716600 
222   0.386000   0.384800   0.388800   0.387200   0.380000   0.373200   0.369400   0.389000   0.400000   0.435600   0.482000   0.556000   0.715600 
223   0.384400   0.383200   0.387200   0.385600   0.378200   0.371600   0.368000   0.387000   0.398000   0.434000   0.480200   0.554000   0.714600 
224   0.382800   0.381600   0.385600   0.384000   0.376400   0.370000   0.366600   0.385000   0.396000   0.432400   0.478400   0.552000   0.713600 
225   0.381200   0.380000   0.384000   0.382400   0.374600   0.368400   0.365200   0.383000   0.394000   0.430800   0.476600   0.550000   0.712600 
226   0.379600   0.378400   0.382400   0.380800   0.372800   0.366800   0.363800   0.381000   0.392000   0.429200   0.474800   0.548000   0.711600 
227   0.377800   0.376800   0.380800   0.379200   0.371000   0.365200   0.362600   0.378800   0.390000   0.427400   0.473000   0.546000   0.710600 
228   0.376000   0.375400   0.379000   0.377600   0.369200   0.363600   0.361400   0.376600   0.388000   0.425600   0.471200   0.544000   0.709600 
229   0.374200   0.374000   0.377200   0.376000   0.367400   0.362000   0.360400   0.374400   0.385800   0.423800   0.469400   0.542000   0.708600 
230   0.372400   0.372400   0.375400   0.374400   0.365600   0.360400   0.359200   0.372200   0.383600   0.422000   0.467600   0.540000   0.707600 
231   0.370600   0.370800   0.373600   0.372600   0.363800   0.358800   0.358000   0.370000   0.381400   0.420200   0.465800   0.538000   0.706600 
232   0.368800   0.369200   0.371800   0.370800   0.362200   0.357200   0.356800   0.367800   0.379200   0.418400   0.464000   0.536000   0.705600 
233   0.367000   0.367800   0.370000   0.368800   0.360600   0.355600   0.355600   0.365600   0.377000   0.416600   0.462200   0.534000   0.704600 
234   0.365200   0.366400   0.368000   0.366800   0.359000   0.354000   0.354400   0.363400   0.374800   0.414800   0.460400   0.532000   0.703600 
235   0.363400   0.365000   0.366000   0.364800   0.357400   0.352400   0.353200   0.361200   0.372600   0.413000   0.458800   0.530000   0.702600 
236   0.361600   0.363400   0.364000   0.362800   0.355800   0.350800   0.352000   0.359000   0.370400   0.411200   0.457200   0.528000   0.701600 
237   0.360200   0.361800   0.362200   0.360800   0.354200   0.349200   0.350800   0.356800   0.368400   0.409200   0.455600   0.526200   0.700600 
238   0.359000   0.360200   0.360400   0.358800   0.352600   0.347600   0.349600   0.354600   0.366400   0.407200   0.454000   0.524400   0.699600 
239   0.357600   0.358600   0.358600   0.356800   0.351000   0.346000   0.348400   0.352400   0.364400   0.405200   0.452400   0.522600   0.698600 
240   0.356200   0.357000   0.356800   0.354800   0.349400   0.344400   0.347200   0.350200   0.362400   0.403200   0.450800   0.520800   0.697600 
241   0.354800   0.355600   0.355000   0.352800   0.347800   0.342800   0.346000   0.348000   0.360400   0.401200   0.449200   0.519000   0.696600 
242   0.353400   0.354200   0.353200   0.350800   0.346400   0.341000   0.344800   0.345800   0.358400   0.399200   0.447600   0.517200   0.695600 
243   0.352000   0.352800   0.351400   0.348800   0.345000   0.339200   0.343600   0.343600   0.356400   0.397200   0.446000   0.515400   0.694600 
244   0.350800   0.351400   0.349600   0.346800   0.343600   0.337400   0.342400   0.341600   0.354400   0.395200   0.444400   0.513600   0.693600 
245   0.349600   0.350000   0.347800   0.344800   0.342200   0.335600   0.341000   0.339600   0.352400   0.393200   0.442800   0.511800   0.692600 
246   0.348400   0.348600   0.346000   0.343000   0.340800   0.333800   0.339600   0.337600   0.350400   0.391200   0.441200   0.510000   0.691600 
247   0.347200   0.347400   0.344200   0.341200   0.339400   0.332000   0.338200   0.335600   0.348400   0.389200   0.439600   0.508200   0.690600 
248   0.346200   0.346200   0.342400   0.339400   0.338000   0.330200   0.336800   0.333600   0.346400   0.387200   0.438000   0.506400   0.689600 
249   0.345200   0.344800   0.340600   0.337800   0.336800   0.328400   0.335600   0.331600   0.344400   0.385200   0.436400   0.504600   0.688600 
250   0.344200   0.343400   0.338800   0.336200   0.335600   0.326600   0.334400   0.329600   0.342400   0.383200   0.434800   0.502800   0.687600 
251   0.343200   0.342000   0.337200   0.334600   0.334400   0.325000   0.333200   0.327600   0.340400   0.381200   0.433200   0.501000   0.686600 
252   0.342000   0.340800   0.335600   0.333200   0.333200   0.323400   0.332000   0.325600   0.338400   0.379200   0.431600   0.499200   0.685600 
253   0.340800   0.339600   0.334000   0.331800   0.332000   0.321800   0.330800   0.323600   0.336400   0.377200   0.430000   0.497400   0.684600 
254   0.339600   0.338400   0.332400   0.330400   0.330600   0.320200   0.329600   0.321600   0.334400   0.375200   0.428400   0.495600   0.683600 
255   0.338400   0.337200   0.331000   0.329000   0.329200   0.318600   0.328400   0.319600   0.332400   0.373200   0.426800   0.493800   0.682600 
256   0.337200   0.336000   0.329600   0.327600   0.327800   0.317000   0.327200   0.317600   0.330400   0.371400   0.425200   0.492000   0.681600 
257   0.336000   0.334800   0.328200   0.326200   0.326400   0.315400   0.326000   0.315600   0.328400   0.369600   0.423600   0.490200   0.680600 
258   0.334800   0.333600   0.326800   0.325000   0.325000   0.313800   0.324800   0.313600   0.326400   0.367800   0.422000   0.488400   0.679600 
259   0.333600   0.332400   0.325600   0.323800   0.323600   0.312200   0.323600   0.311600   0.324400   0.366000   0.420400   0.486600   0.678600 
260   0.332400   0.331200   0.324400   0.322600   0.322200   0.310600   0.322400   0.309600   0.322400   0.364200   0.418800   0.485000   0.677600 
261   0.331200   0.330000   0.323200   0.321400   0.320800   0.309000   0.321200   0.307600   0.320400   0.362600   0.417200   0.483400   0.676600 
262   0.330000   0.328800   0.322000   0.320200   0.319400   0.307400   0.320000   0.305800   0.318400   0.361000   0.415600   0.481800   0.675600 
263   0.328800   0.327600   0.320800   0.319000   0.318000   0.305800   0.319000   0.304000   0.316400   0.359400   0.414000   0.480200   0.674600 
264   0.327600   0.326400   0.319600   0.317800   0.316800   0.304200   0.318000   0.302200   0.314400   0.357800   0.412400   0.478800   0.673600 
265   0.326400   0.325200   0.318400   0.316600   0.315600   0.302600   0.317000   0.300400   0.312400   0.356200   0.410800   0.477400   0.672600 
266   0.325200   0.324000   0.317200   0.315400   0.314400   0.301000   0.316000   0.298600   0.310400   0.354400   0.409200   0.476000   0.671600 
267   0.324000   0.322800   0.316000   0.314200   0.313200   0.299400   0.315000   0.296800   0.308400   0.352600   0.407600   0.474600   0.670600 
268   0.322800   0.321600   0.314800   0.313000   0.312000   0.297800   0.314000   0.295000   0.306400   0.350800   0.406000   0.473200   0.669600 
269   0.321600   0.320400   0.313600   0.312000   0.310800   0.296200   0.313000   0.293200   0.304400   0.349000   0.404400   0.471800   0.668600 
270   0.320400   0.319200   0.312400   0.311200   0.309600   0.294800   0.312000   0.291600   0.302400   0.347200   0.402800   0.470400   0.667600 
271   0.319200   0.318000   0.311200   0.310400   0.308400   0.293400   0.311000   0.290200   0.300400   0.345400   0.401200   0.469000   0.666600 
272   0.318000   0.316800   0.310000   0.309600   0.307200   0.292000   0.310000   0.288800   0.298400   0.343600   0.399600   0.467600   0.665600 
273   0.316800   0.315600   0.308800   0.308800   0.306000   0.290600   0.309000   0.287400   0.296400   0.341800   0.398000   0.466200   0.664600 
274   0.315600   0.314400   0.307600   0.308000   0.304800   0.289200   0.308000   0.286000   0.294400   0.340000   0.396400   0.464800   0.663600 
275   0.314400   0.313200   0.306400   0.307200   0.303600   0.287800   0.307000   0.284800   0.292400   0.338200   0.394800   0.463400   0.662600 
276   0.313200   0.312000   0.305200   0.306400   0.302400   0.286400   0.306000   0.283600   0.290400   0.336400   0.393200   0.462000   0.661600 
277   0.312000   0.310800   0.304000   0.305600   0.301200   0.285000   0.305000   0.282400   0.288400   0.334600   0.391600   0.460600   0.660600 
278   0.310800   0.309600   0.302800   0.304800   0.300200   0.283600   0.304000   0.281200   0.286400   0.332800   0.390000   0.459200   0.659600 
279   0.309600   0.308400   0.301600   0.304000   0.299200   0.282400   0.303000   0.280000   0.284400   0.331000   0.388400   0.457800   0.658600 
280   0.308400   0.307200   0.300400   0.303200   0.298200   0.281200   0.302000   0.278800   0.282400   0.329400   0.386800   0.456400   0.657600 
281   0.307200   0.306000   0.299200   0.302400   0.297200   0.280200   0.301000   0.277600   0.280400   0.327800   0.385200   0.455000   0.656600 
282   0.306000   0.304800   0.298000   0.301600   0.296200   0.279200   0.300000   0.276400   0.278400   0.326200   0.383600   0.453600   0.655600 
283   0.304800   0.303600   0.296800   0.300800   0.295200   0.278200   0.299000   0.275200   0.276400   0.324600   0.382000   0.452200   0.654600 
284   0.303800   0.302600   0.295600   0.300000   0.294200   0.277200   0.298000   0.274000   0.274400   0.323000   0.380400   0.450800   0.653600 
285   0.302800   0.301600   0.294600   0.299200   0.293200   0.276200   0.297000   0.272800   0.272400   0.321400   0.378800   0.449400   0.652600 
286   0.301800   0.300600   0.293600   0.298400   0.292200   0.275200   0.296000   0.271600   0.270400   0.319800   0.377200   0.448000   0.651600 
287   0.300800   0.299600   0.292600   0.297600   0.291200   0.274200   0.295000   0.270600   0.268400   0.318200   0.375600   0.446600   0.650600 
288   0.299800   0.298600   0.291600   0.296800   0.290200   0.273200   0.294000   0.269600   0.266600   0.316600   0.374000   0.445200   0.649600 
289   0.298800   0.297600   0.290600   0.296000   0.289200   0.272200   0.293000   0.268600   0.264800   0.315000   0.372400   0.443800   0.648600 
290   0.297800   0.296600   0.289600   0.295200   0.288200   0.271200   0.292000   0.267600   0.263000   0.313400   0.370800   0.442400   0.647600 
291   0.296800   0.295600   0.288600   0.294400   0.287200   0.270200   0.291000   0.266600   0.261200   0.311800   0.369200   0.441000   0.646600 
292   0.295800   0.294600   0.287600   0.293600   0.286200   0.269200   0.290000   0.265600   0.259400   0.310200   0.367600   0.439600   0.645600 
293   0.294800   0.293600   0.286800   0.292800   0.285200   0.268200   0.289000   0.264600   0.257800   0.308600   0.366000   0.438200   0.644600 
294   0.294000   0.292600   0.286200   0.292200   0.284200   0.267400   0.288000   0.263600   0.256400   0.307000   0.364400   0.436800   0.643600 
295   0.293200   0.291600   0.285600   0.291600   0.283200   0.266600   0.287000   0.262600   0.255000   0.305400   0.362800   0.435400   0.642600 
296   0.292400   0.290600   0.285000   0.291000   0.282200   0.265800   0.286000   0.261600   0.253600   0.303800   0.361200   0.434000   0.641600 
297   0.291800   0.289600   0.284400   0.290400   0.281200   0.265000   0.285000   0.260600   0.252200   0.302200   0.359600   0.432600   0.640600 
298   0.291200   0.288600   0.283800   0.289800   0.280200   0.264200   0.284200   0.259600   0.250800   0.300600   0.358000   0.431200   0.639600 
299   0.290600   0.287800   0.283200   0.289200   0.279200   0.263400   0.283400   0.258600   0.249400   0.299000   0.356400   0.429800   0.638600 
300   0.290000   0.287000   0.282600   0.288600   0.278200   0.262800   0.282600   0.257600   0.248000   0.297400   0.354800   0.428400   0.637600 
301   0.289400   0.286200   0.282000   0.288000   0.277200   0.262200   0.281800   0.256600   0.246600   0.295800   0.353200   0.427000   0.636600 
302   0.289000   0.285600   0.281600   0.287400   0.276200   0.261600   0.281000   0.255600   0.245200   0.294200   0.351600   0.425600   0.635600 
303   0.288600   0.285000   0.281200   0.286800   0.275400   0.261000   0.280200   0.254600   0.243800   0.292600   0.350000   0.424200   0.634600 
304   0.288200   0.284600   0.280800   0.286200   0.274600   0.260400   0.279400   0.253600   0.242400   0.291000   0.348400   0.422800   0.633600 
305   0.287800   0.284200   0.280400   0.285600   0.273800   0.259800   0.278600   0.252600   0.241000   0.289400   0.346800   0.421600   0.632600 
306   0.287400   0.283800   0.280000   0.285000   0.273000   0.259200   0.277800   0.251600   0.239600   0.287800   0.345200   0.420400   0.631600 
307   0.287000   0.283400   0.279600   0.284400   0.272200   0.258600   0.277000   0.250600   0.238200   0.286200   0.343600   0.419200   0.630600 
308   0.286600   0.283000   0.279200   0.283800   0.271600   0.258000   0.276200   0.249600   0.236800   0.284600   0.342000   0.418000   0.629600 
309   0.286200   0.282600   0.278800   0.283200   0.271000   0.257400   0.275400   0.248600   0.235600   0.283000   0.340400   0.416800   0.628600 
310   0.285800   0.282200   0.278400   0.282600   0.270400   0.256800   0.274600   0.247600   0.234400   0.281400   0.338800   0.415600   0.627600 
311   0.285400   0.281800   0.278000   0.282000   0.270000   0.256200   0.273800   0.246600   0.233200   0.279800   0.337200   0.414600   0.626600 
312   0.285000   0.281400   0.277600   0.281400   0.269600   0.255600   0.273000   0.245600   0.232000   0.278200   0.335600   0.413600   0.625800 
313   0.284600   0.281000   0.277200   0.280800   0.269200   0.255000   0.272200   0.244600   0.230800   0.276800   0.334200   0.412600   0.625000 
314   0.284200   0.280600   0.276800   0.280200   0.268800   0.254400   0.271400   0.243800   0.229600   0.275400   0.332800   0.411800   0.624200 
315   0.283800   0.280200   0.276400   0.279600   0.268400   0.253800   0.270600   0.243200   0.228400   0.274000   0.331400   0.411000   0.623400 
316   0.283400   0.279800   0.276000   0.279000   0.268000   0.253400   0.269800   0.242600   0.227200   0.272600   0.330000   0.410200   0.622600 
317   0.283000   0.279400   0.275800   0.278400   0.267600   0.253200   0.269000   0.242000   0.226000   0.271200   0.328600   0.409400   0.621800 
318   0.282600   0.279000   0.275600   0.277800   0.267200   0.253000   0.268200   0.241400   0.224800   0.269800   0.327200   0.408600   0.621000 
319   0.282200   0.278600   0.275400   0.277200   0.266800   0.252800   0.267400   0.240800   0.223600   0.268400   0.325800   0.407800   0.620200 
320   0.281800   0.278200   0.275200   0.276800   0.266400   0.252600   0.266600   0.240200   0.222400   0.267000   0.324600   0.407000   0.619400 
321   0.281400   0.277800   0.275000   0.276400   0.266000   0.252400   0.265800   0.239600   0.221200   0.265600   0.323400   0.406200   0.618600 
322   0.281000   0.277400   0.274800   0.276200   0.265600   0.252200   0.265000   0.239000   0.220000   0.264200   0.322200   0.405400   0.617800 
323   0.280600   0.277000   0.274600   0.276000   0.265200   0.252000   0.264200   0.238400   0.219000   0.262800   0.321000   0.404600   0.617000 
324   0.280200   0.276600   0.274400   0.275800   0.264800   0.251800   0.263400   0.237800   0.218000   0.261400   0.319800   0.403800   0.616200 
325   0.279800   0.276400   0.274200   0.275600   0.264400   0.251600   0.262600   0.237200   0.217000   0.260000   0.318600   0.403000   0.615400 
326   0.279400   0.276200   0.274000   0.275400   0.264000   0.251400   0.261800   0.236600   0.215800   0.258600   0.317400   0.402200   0.614600 
327   0.279000   0.276000   0.273800   0.275200   0.263600   0.251200   0.261000   0.236000   0.214600   0.257200   0.316200   0.401400   0.613800 
328   0.278600   0.275800   0.273600   0.275000   0.263200   0.251000   0.260200   0.235400   0.213400   0.255800   0.315000   0.400600   0.613000 
329   0.278200   0.275600   0.273400   0.274800   0.262800   0.250800   0.259400   0.234800   0.212200   0.254400   0.313800   0.399800   0.612200 
330   0.278000   0.275400   0.273200   0.274600   0.262400   0.250600   0.258600   0.234200   0.210800   0.253000   0.312600   0.399000   0.611400 
331   0.277800   0.275200   0.273000   0.274400   0.262000   0.250400   0.257800   0.233600   0.209400   0.251600   0.311400   0.398200   0.610600 
332   0.277600   0.275000   0.272800   0.274200   0.261600   0.250200   0.257000   0.233000   0.208000   0.250200   0.310200   0.397400   0.609800 
333   0.277400   0.274800   0.272800   0.274000   0.261200   0.250000   0.256200   0.232400   0.206600   0.248800   0.309000   0.396600   0.609000 
334   0.277200   0.274600   0.272800   0.273800   0.260800   0.249800   0.255400   0.231800   0.205200   0.247400   0.307800   0.395800   0.608400 
335   0.277000   0.274400   0.272800   0.273600   0.260400   0.249600   0.254600   0.231200   0.203800   0.246000   0.306600   0.395000   0.607800 
336   0.276800   0.274200   0.272800   0.273400   0.260000   0.249400   0.253800   0.230600   0.202400   0.244600   0.305400   0.394200   0.607200 
337   0.276600   0.274000   0.272800   0.273200   0.259600   0.249200   0.253000   0.230000   0.201000   0.243200   0.304200   0.393400   0.606600 
338   0.276400   0.273800   0.272800   0.273200   0.259400   0.249000   0.252400   0.229400   0.199600   0.241800   0.303000   0.392600   0.606000 
339   0.276200   0.273600   0.272800   0.273200   0.259200   0.248800   0.251800   0.228800   0.198200   0.240400   0.302000   0.391800   0.605400 
340   0.276000   0.273400   0.272800   0.273200   0.259000   0.248600   0.251200   0.228200   0.196800   0.239000   0.301000   0.391000   0.604800 
341   0.275800   0.273200   0.272800   0.273200   0.258800   0.248400   0.250600   0.227600   0.195400   0.237600   0.300000   0.390200   0.604200 
342   0.275600   0.273000   0.272800   0.273200   0.258600   0.248200   0.250000   0.227000   0.194000   0.236200   0.299000   0.389400   0.603600 
343   0.275400   0.272800   0.272800   0.273200   0.258400   0.248000   0.249400   0.226400   0.192600   0.234800   0.298000   0.388600   0.603000 
344   0.275200   0.272600   0.272800   0.273200   0.258200   0.247800   0.248800   0.225800   0.191400   0.233400   0.297000   0.387800   0.602400 
345   0.275000   0.272400   0.272800   0.273200   0.258000   0.247600   0.248200   0.225200   0.190200   0.232000   0.296000   0.387200   0.601800 
346   0.274800   0.272200   0.272800   0.273200   0.257800   0.247400   0.247600   0.224600   0.189000   0.230600   0.295000   0.386600   0.601200 
347   0.274600   0.272200   0.272800   0.273200   0.257600   0.247200   0.247200   0.224000   0.187800   0.229200   0.294000   0.386000   0.600600 
348   0.274400   0.272200   0.272800   0.273200   0.257400   0.247000   0.246800   0.223400   0.186600   0.227800   0.293000   0.385400   0.600000 
349   0.274200   0.272200   0.272800   0.273200   0.257200   0.246800   0.246400   0.222800   0.185400   0.226400   0.292000   0.384800   0.599400 
350   0.274000   0.272200   0.272800   0.273200   0.257000   0.246600   0.246000   0.222200   0.184200   0.225200   0.291000   0.384200   0.598800 
351   0.273800   0.272200   0.272800   0.273200   0.256800   0.246400   0.245600   0.221600   0.183000   0.224000   0.290000   0.383600   0.598200 
352   0.273600   0.272200   0.272800   0.273200   0.256600   0.246200   0.245200   0.221000   0.181800   0.222800   0.289000   0.383200   0.597600 
353   0.273400   0.272200   0.272800   0.273200   0.256400   0.246000   0.244800   0.220400   0.180600   0.221600   0.288000   0.382800   0.597000 
354   0.273200   0.272200   0.272800   0.273200   0.256200   0.245800   0.244400   0.219800   0.179400   0.220600   0.287000   0.382400   0.596400 
355   0.273000   0.272200   0.272800   0.273200   0.256000   0.245600   0.244000   0.219200   0.178200   0.219600   0.286000   0.382000   0.595800 
356   0.272800   0.272200   0.272800   0.273200   0.255800   0.245400   0.243600   0.218600   0.177000   0.218600   0.285000   0.381600   0.595200 
357   0.272800   0.272200   0.272800   0.273200   0.255600   0.245200   0.243200   0.217800   0.175800   0.217600   0.284000   0.381200   0.594600 
358   0.272800   0.272200   0.272800   0.273200   0.255400   0.245000   0.242800   0.217000   0.174600   0.216600   0.283000   0.380800   0.594000 
359   0.272800   0.272200   0.272800   0.273200   0.255200   0.244800   0.242400   0.216200   0.173400   0.215600   0.282000   0.380400   0.593400 
360   0.272800   0.272200   0.272800   0.273200   0.255000   0.244600   0.242000   0.215400   0.172200   0.214600   0.281000   0.380000   0.592800 
361   0.272800   0.272200   0.272800   0.273200   0.254800   0.244400   0.241600   0.214600   0.171000   0.213600   0.280000   0.379600   0.592200 
362   0.272800   0.272200   0.272800   0.273200   0.254600   0.244200   0.241200   0.213800   0.169800   0.212600   0.279000   0.379200   0.591600 
363   0.272800   0.272200   0.272800   0.273200   0.254400   0.244000   0.240800   0.213000   0.168600   0.211600   0.278000   0.378800   0.591000 
364   0.272800   0.272200   0.272800   0.273200   0.254200   0.243600   0.240400   0.212200   0.167400   0.210600   0.277000   0.378400   0.590400 
365   0.272800   0.272200   0.272800   0.273200   0.254200   0.243200   0.240000   0.211400   0.166400   0.209600   0.276000   0.378000   0.589800 
366   0.272800   0.272200   0.272800   0.273200   0.254200   0.242800   0.239600   0.210600   0.165400   0.208600   0.275000   0.377600   0.589200 
367   0.272800   0.272200   0.272800   0.273200   0.254200   0.242400   0.239200   0.209800   0.164400   0.207600   0.274000   0.377200   0.588600 
368   0.272800   0.272200   0.272800   0.273200   0.254200   0.242000   0.238800   0.209000   0.163400   0.206600   0.273000   0.376800   0.588000 
369   0.272800   0.272200   0.272800   0.273200   0.254200   0.241800   0.238600   0.208200   0.162400   0.205600   0.272000   0.376400   0.587400 
370   0.272800   0.272200   0.272800   0.273200   0.254200   0.241600   0.238400   0.207400   0.161400   0.204600   0.271000   0.376000   0.586800 
371   0.272800   0.272200   0.272800   0.273200   0.254200   0.241400   0.238000   0.206600   0.160400   0.203600   0.270000   0.375600   0.586200 
372   0.272800   0.272200   0.272800   0.273200   0.254200   0.241200   0.237600   0.205800   0.159400   0.202600   0.269000   0.375200   0.585600 
373   0.272800   0.272200   0.272800   0.273200   0.254200   0.241000   0.237200   0.205000   0.158400   0.201600   0.268000   0.374800   0.585000 
374   0.272800   0.272200   0.272800   0.273200   0.254200   0.240800   0.236800   0.204400   0.157400   0.200600   0.267000   0.374400   0.584400 
375   0.272800   0.272200   0.272800   0.273200   0.254200   0.240600   0.236400   0.203800   0.156400   0.199600   0.266000   0.374000   0.583800 
376   0.272800   0.272200   0.272800   0.273200   0.254200   0.240400   0.236000   0.203000   0.155600   0.198600   0.265000   0.373600   0.583200 
377   0.272800   0.272200   0.272800   0.273200   0.254000   0.240200   0.235600   0.202200   0.154800   0.197400   0.264000   0.373200   0.582600 
378   0.272800   0.272200   0.272800   0.273200   0.253800   0.240000   0.235200   0.201400   0.154000   0.196200   0.263200   0.372800   0.582000 
379   0.272800   0.272200   0.272800   0.273200   0.253600   0.239800   0.234800   0.200600   0.153200   0.195000   0.262400   0.372400   0.581400 
380   0.272800   0.272200   0.272800   0.273200   0.253400   0.239600   0.234400   0.199800   0.152400   0.193800   0.261600   0.372000   0.580800 
381   0.272800   0.272200   0.272800   0.273200   0.253200   0.239400   0.234000   0.199000   0.151600   0.192600   0.260800   0.371600   0.580200 
382   0.272800   0.272200   0.272800   0.273200   0.253000   0.239200   0.233600   0.198200   0.150800   0.191400   0.260000   0.371200   0.579600 
383   0.272800   0.272200   0.272800   0.273200   0.252800   0.239000   0.233400   0.197400   0.150000   0.190200   0.259200   0.370800   0.579000 
384   0.272800   0.272200   0.272800   0.273200   0.252600   0.238800   0.233000   0.196600   0.149200   0.189000   0.258400   0.370400   0.578400 
385   0.272800   0.272200   0.272800   0.273200   0.252400   0.238400   0.232600   0.195800   0.148400   0.187800   0.257600   0.370000   0.577800 
386   0.272800   0.272200   0.272800   0.273200   0.252200   0.238000   0.232200   0.195000   0.147600   0.186600   0.256800   0.369600   0.577200 
387   0.272800   0.272200   0.272800   0.273200   0.252000   0.237600   0.231800   0.194200   0.146800   0.185400   0.256000   0.369200   0.576600 
388   0.272800   0.272200   0.272800   0.273000   0.251800   0.237200   0.231400   0.193400   0.146000   0.184200   0.255200   0.368800   0.576000 
389   0.272800   0.272200   0.272800   0.272800   0.251600   0.236800   0.231000   0.192600   0.145200   0.183000   0.254600   0.368400   0.575400 
390   0.272800   0.272200   0.272800   0.272600   0.251400   0.236400   0.230600   0.191800   0.144400   0.181800   0.254000   0.368000   0.574800 
391   0.272800   0.272200   0.272800   0.272200   0.251200   0.236000   0.230200   0.191000   0.143600   0.180600   0.253400   0.367600   0.574200 
392   0.272800   0.272200   0.272800   0.271800   0.251000   0.235600   0.229800   0.190200   0.142800   0.179400   0.252800   0.367200   0.573600 
393   0.272600   0.272200   0.272800   0.271400   0.250800   0.235200   0.229400   0.189400   0.142000   0.178200   0.252200   0.366800   0.573000 
394   0.272400   0.272000   0.272800   0.271000   0.250600   0.234800   0.229000   0.188400   0.141200   0.177000   0.251600   0.366400   0.572400 
395   0.272200   0.271600   0.272800   0.270600   0.250400   0.234400   0.228600   0.187600   0.140400   0.175800   0.251000   0.366200   0.571800 
396   0.272000   0.271200   0.272800   0.270200   0.250200   0.234000   0.228200   0.186800   0.139600   0.174600   0.250400   0.366000   0.571200 
397   0.271800   0.270800   0.272600   0.269800   0.250000   0.233600   0.227800   0.186000   0.138800   0.173400   0.249800   0.365800   0.570600 
398   0.271400   0.270400   0.272400   0.269400   0.249800   0.233200   0.227400   0.185200   0.138000   0.172200   0.249200   0.365600   0.570000 
399   0.271000   0.270000   0.272200   0.269000   0.249600   0.232800   0.227000   0.184400   0.137200   0.171000   0.248600   0.365400   0.569400 
400   0.270600   0.269600   0.272000   0.268600   0.249400   0.232400   0.226600   0.183600   0.136400   0.170000   0.248000   0.365200   0.569000 
401   0.270200   0.269000   0.271800   0.268200   0.249200   0.232000   0.226200   0.182800   0.135600   0.169000   0.247400   0.365000   0.568600 
402   0.269800   0.268400   0.271600   0.267800   0.249000   0.231600   0.225800   0.182000   0.134800   0.168000   0.246800   0.364800   0.568200 
403   0.269400   0.267800   0.271400   0.267400   0.248800   0.231200   0.225400   0.181200   0.134000   0.167000   0.246200   0.364600   0.567800 
404   0.269000   0.267200   0.271200   0.267000   0.248600   0.230800   0.225000   0.180600   0.133200   0.166000   0.245600   0.364400   0.567400 
405   0.268600   0.266600   0.271000   0.266600   0.248400   0.230400   0.224600   0.180000   0.132400   0.165200   0.245000   0.364200   0.567000 
406   0.268200   0.266000   0.270800   0.266200   0.248200   0.230000   0.224200   0.179400   0.131600   0.164400   0.244400   0.364000   0.566600 
407   0.267600   0.265400   0.270400   0.265800   0.248000   0.229600   0.223800   0.178800   0.130800   0.163600   0.243800   0.363800   0.566200 
408   0.267000   0.264800   0.270000   0.265400   0.247800   0.229200   0.223400   0.178200   0.130000   0.162800   0.243200   0.363600   0.565800 
409   0.266400   0.264200   0.269400   0.265000   0.247600   0.228800   0.223000   0.177600   0.129200   0.162000   0.242600   0.363400   0.565400 
410   0.265800   0.263600   0.268800   0.264600   0.247400   0.228400   0.222600   0.177000   0.128400   0.161200   0.242000   0.363200   0.565000 
411   0.265200   0.263000   0.268200   0.264200   0.247200   0.228000   0.222200   0.176400   0.127600   0.160400   0.241400   0.363000   0.564600 
412   0.264600   0.262400   0.267600   0.263600   0.247000   0.227600   0.221800   0.175800   0.126800   0.159600   0.240800   0.362800   0.564200 
413   0.264000   0.261800   0.267000   0.263000   0.246800   0.227200   0.221400   0.175200   0.126000   0.159000   0.240200   0.362800   0.563800 
414   0.263400   0.261200   0.266400   0.262400   0.246400   0.226800   0.221000   0.174600   0.125200   0.158400   0.239600   0.362800   0.563400 
415   0.262800   0.260600   0.265800   0.261800   0.246000   0.226400   0.220600   0.174000   0.124400   0.157800   0.239000   0.362800   0.563000 
416   0.262200   0.260000   0.265200   0.261200   0.245600   0.226000   0.220200   0.173400   0.123600   0.157200   0.238400   0.362800   0.562600 
417   0.261600   0.259400   0.264600   0.260600   0.245200   0.225600   0.219800   0.172800   0.122800   0.156600   0.238000   0.362800   0.562200 
418   0.261000   0.258800   0.264000   0.260000   0.244800   0.225200   0.219400   0.172200   0.122000   0.156000   0.237600   0.362800   0.561800 
419   0.260400   0.258200   0.263400   0.259400   0.244400   0.224800   0.218800   0.171600   0.121200   0.155400   0.237200   0.362800   0.561400 
420   0.259800   0.257600   0.262800   0.258800   0.244000   0.224400   0.218200   0.171000   0.120400   0.154800   0.236800   0.362800   0.561000 
421   0.259200   0.257000   0.262200   0.258200   0.243600   0.224000   0.217600   0.170400   0.119600   0.154200   0.236400   0.362800   0.560600 
422   0.258600   0.256400   0.261600   0.257600   0.243200   0.223600   0.217000   0.169800   0.118800   0.153600   0.236000   0.362800   0.560200 
423   0.258000   0.255800   0.261000   0.257000   0.242800   0.223200   0.216400   0.169200   0.118000   0.153000   0.235600   0.362800   0.559800 
424   0.257400   0.255200   0.260400   0.256400   0.242400   0.222800   0.215800   0.168600   0.117200   0.152400   0.235200   0.362800   0.559400 
425   0.256800   0.254600   0.259800   0.255800   0.242000   0.222200   0.215200   0.168000   0.116400   0.152000   0.234800   0.362800   0.559000 
426   0.256200   0.254000   0.259200   0.255200   0.241600   0.221600   0.214600   0.167400   0.115600   0.151600   0.234400   0.362800   0.558600 
427   0.255600   0.253400   0.258600   0.254600   0.241000   0.221000   0.214000   0.166800   0.114800   0.151200   0.234000   0.362800   0.558200 
428   0.255000   0.252800   0.258000   0.254000   0.240400   0.220400   0.213400   0.166200   0.114000   0.150800   0.233600   0.362800   0.557800 
429   0.254400   0.252200   0.257400   0.253400   0.239800   0.219800   0.212800   0.165600   0.113200   0.150400   0.233200   0.362800   0.557400 
430   0.253800   0.251600   0.256800   0.252800   0.239200   0.219200   0.212200   0.165000   0.112400   0.150000   0.232800   0.362800   0.557000 
431   0.253200   0.251000   0.256200   0.252200   0.238600   0.218600   0.211600   0.164400   0.111600   0.149600   0.232400   0.362800   0.556600 
432   0.252600   0.250400   0.255600   0.251600   0.238000   0.218000   0.211000   0.163800   0.110800   0.149200   0.232000   0.362800   0.556200 
433   0.252000   0.249800   0.255000   0.251000   0.237400   0.217400   0.210400   0.163200   0.110000   0.148800   0.231600   0.362800   0.555800 
434   0.251400   0.249200   0.254400   0.250400   0.236800   0.216800   0.209800   0.162600   0.109200   0.148400   0.231200   0.362800   0.555400 
435   0.250800   0.248600   0.253800   0.249800   0.236200   0.216200   0.209200   0.162000   0.108400   0.148000   0.230800   0.362800   0.555400 
436   0.250200   0.248000   0.253200   0.249200   0.235600   0.215600   0.208600   0.161400   0.107600   0.147600   0.230400   0.362800   0.555400 
437   0.249600   0.247400   0.252600   0.248600   0.235000   0.215000   0.208000   0.160800   0.106800   0.147200   0.230000   0.362800   0.555400 
438   0.249000   0.246800   0.252000   0.248000   0.234400   0.214400   0.207400   0.160200   0.106200   0.146800   0.229600   0.362800   0.555400 
439   0.248400   0.246200   0.251400   0.247400   0.233800   0.213800   0.206800   0.159600   0.105600   0.146400   0.229200   0.362800   0.555400 
440   0.247800   0.245600   0.250800   0.246800   0.233200   0.213200   0.206200   0.159000   0.105000   0.146000   0.228800   0.362800   0.555400 
441   0.247200   0.245000   0.250200   0.246200   0.232600   0.212600   0.205600   0.158400   0.104400   0.145600   0.228400   0.362800   0.555400 
442   0.246600   0.244400   0.249600   0.245600   0.232200   0.212000   0.205000   0.157800   0.103800   0.145200   0.228000   0.362800   0.555400 
443   0.246000   0.243800   0.249000   0.245000   0.231800   0.211400   0.204400   0.157200   0.103200   0.144800   0.227600   0.362800   0.555400 
444   0.245400   0.243200   0.248400   0.244400   0.231400   0.211000   0.203800   0.156600   0.102600   0.144400   0.227200   0.362800   0.555400 
445   0.244800   0.242600   0.247800   0.243800   0.231000   0.210600   0.203200   0.156000   0.102000   0.144000   0.226800   0.362800   0.555400 
446   0.244200   0.242000   0.247200   0.243200   0.230600   0.210200   0.202600   0.155400   0.101400   0.143600   0.226400   0.362800   0.555400 
447   0.243600   0.241400   0.246600   0.242600   0.230200   0.209800   0.202000   0.154800   0.101000   0.143200   0.226000   0.362800   0.555400 
448   0.243000   0.240800   0.246000   0.242000   0.229800   0.209400   0.201400   0.154200   0.100600   0.142800   0.225600   0.362800   0.555400 
449   0.242600   0.240200   0.245400   0.241400   0.229400   0.209000   0.200800   0.153600   0.100200   0.142400   0.225400   0.362800   0.555400 
450   0.242200   0.239600   0.244800   0.241000   0.229000   0.208600   0.200200   0.153000   0.099800   0.142000   0.225200   0.362800   0.555400 
451   0.241800   0.239000   0.244200   0.240600   0.228600   0.208200   0.199600   0.152400   0.099400   0.141600   0.225000   0.362800   0.555400 
452   0.241400   0.238600   0.243600   0.240200   0.228200   0.207800   0.199000   0.151800   0.099000   0.141200   0.224800   0.362800   0.555400 
453   0.241000   0.238200   0.243000   0.239800   0.227800   0.207400   0.198400   0.151200   0.098600   0.140800   0.224600   0.362800   0.555400 
454   0.240600   0.237800   0.242400   0.239400   0.227400   0.207000   0.197800   0.150600   0.098200   0.140400   0.224400   0.362800   0.555400 
455   0.240200   0.237400   0.241800   0.239000   0.227000   0.206600   0.197200   0.150000   0.097800   0.140000   0.224200   0.362800   0.555400 
456   0.239800   0.237000   0.241200   0.238600   0.226600   0.206200   0.196600   0.149400   0.097400   0.139600   0.224000   0.362800   0.555400 
457   0.239400   0.236600   0.240600   0.238200   0.226200   0.205800   0.196200   0.148800   0.097000   0.139200   0.223800   0.362800   0.555400 
458   0.239000   0.236200   0.240000   0.237800   0.225800   0.205400   0.195800   0.148200   0.096600   0.138800   0.223600   0.362800   0.555400 
459   0.238600   0.235800   0.239400   0.237400   0.225400   0.205000   0.195400   0.147600   0.096200   0.138400   0.223400   0.362800   0.555400 
460   0.238200   0.235400   0.238800   0.237000   0.225000   0.204600   0.195000   0.147000   0.095800   0.138000   0.223200   0.362800   0.555400 
461   0.237800   0.235000   0.238200   0.236600   0.224600   0.204200   0.194600   0.146400   0.095400   0.137600   0.223000   0.362800   0.555400 
462   0.237400   0.234600   0.237600   0.236200   0.224200   0.203800   0.194200   0.145800   0.095000   0.137200   0.222800   0.362800   0.555400 
463   0.237000   0.234200   0.237000   0.235800   0.223800   0.203400   0.193800   0.145200   0.094600   0.136800   0.222600   0.362800   0.555400 
464   0.236600   0.233800   0.236600   0.235400   0.223400   0.203200   0.193400   0.144600   0.094200   0.136400   0.222400   0.362800   0.555400 
465   0.236200   0.233400   0.236200   0.235000   0.223000   0.203000   0.193000   0.144000   0.093800   0.136000   0.222200   0.362800   0.555400 
466   0.235800   0.233000   0.235800   0.234600   0.222600   0.202800   0.192600   0.143400   0.093400   0.135600   0.222000   0.362800   0.555400 
467   0.235400   0.232600   0.235400   0.234200   0.222200   0.202600   0.192200   0.142800   0.093000   0.135200   0.222000   0.362800   0.555400 
468   0.235000   0.232200   0.235000   0.233800   0.221800   0.202400   0.191800   0.142200   0.092600   0.134800   0.222000   0.362800   0.555400 
469   0.234600   0.231800   0.234600   0.233400   0.221400   0.202200   0.191400   0.141600   0.092200   0.134400   0.222000   0.362800   0.555400 
470   0.234200   0.231400   0.234200   0.233000   0.221000   0.202000   0.191000   0.141200   0.091800   0.134000   0.222000   0.362800   0.555400 
471   0.233800   0.231000   0.233800   0.232600   0.220600   0.201800   0.190600   0.140800   0.091400   0.133600   0.222000   0.362800   0.555400 
472   0.233400   0.230600   0.233400   0.232200   0.220200   0.201600   0.190200   0.140400   0.091000   0.133200   0.222000   0.362800   0.555400 
473   0.233000   0.230200   0.233000   0.231800   0.219800   0.201400   0.189800   0.140200   0.090800   0.132800   0.222000   0.362800   0.555400 
474   0.232600   0.229800   0.232600   0.231400   0.219400   0.201200   0.189400   0.140000   0.090600   0.132400   0.222000   0.362800   0.555400 
475   0.232200   0.229400   0.232200   0.231000   0.219000   0.201000   0.189200   0.139800   0.090400   0.132000   0.222000   0.362800   0.555400 
476   0.231800   0.229000   0.231800   0.230600   0.218600   0.200800   0.189200   0.139600   0.090200   0.131600   0.222000   0.362800   0.555400 
477   0.231400   0.228600   0.231400   0.230200   0.218200   0.200600   0.189200   0.139400   0.090000   0.131200   0.222000   0.362800   0.555400 
478   0.231000   0.228200   0.231000   0.229800   0.217800   0.200400   0.189200   0.139200   0.089800   0.130800   0.222000   0.362800   0.555400 
479   0.230600   0.227800   0.230600   0.229400   0.217400   0.200200   0.189200   0.139000   0.089600   0.130400   0.222000   0.362800   0.555400 
480   0.230200   0.227400   0.230200   0.229000   0.217000   0.200000   0.189200   0.138800   0.089400   0.130000   0.222000   0.362800   0.555400 
481   0.229800   0.227000   0.229800   0.228600   0.216600   0.199800   0.189200   0.138600   0.089200   0.129600   0.222000   0.362800   0.555400 
482   0.229600   0.226600   0.229400   0.228400   0.216200   0.199600   0.189200   0.138400   0.089000   0.129400   0.222000   0.362800   0.555400 
483   0.229400   0.226200   0.229000   0.228200   0.215800   0.199400   0.189200   0.138200   0.088800   0.129200   0.222000   0.362800   0.555400 
484   0.229200   0.225800   0.228600   0.228000   0.215400   0.199200   0.189200   0.138000   0.088600   0.129000   0.222000   0.362800   0.555400 
485   0.229000   0.225400   0.228200   0.227800   0.215000   0.199000   0.189200   0.137800   0.088400   0.128800   0.222000   0.362800   0.555400 
486   0.228800   0.225000   0.227800   0.227600   0.214600   0.198800   0.189200   0.137600   0.088200   0.128600   0.222000   0.362800   0.555400 
487   0.228600   0.224800   0.227400   0.227400   0.214200   0.198600   0.189200   0.137400   0.088000   0.128400   0.222000   0.362800   0.555400 
488   0.228400   0.224600   0.227000   0.227200   0.213800   0.198400   0.189200   0.137200   0.087800   0.128200   0.222000   0.362800   0.555400 
489   0.228200   0.224600   0.226600   0.227000   0.213400   0.198200   0.189200   0.137000   0.087600   0.128000   0.222000   0.362800   0.555400 
490   0.228000   0.224600   0.226400   0.227000   0.213200   0.198000   0.189200   0.136800   0.087400   0.127800   0.222000   0.362800   0.555400 
491   0.227800   0.224600   0.226200   0.227000   0.213000   0.197800   0.189200   0.136600   0.087200   0.127600   0.222000   0.362800   0.555400 
492   0.227800   0.224600   0.226200   0.227000   0.212800   0.197600   0.189200   0.136400   0.087000   0.127400   0.222000   0.362800   0.555400 
493   0.227800   0.224600   0.226200   0.227000   0.212600   0.197400   0.189200   0.136200   0.086800   0.127200   0.222000   0.362800   0.555400 
494   0.227800   0.224600   0.226200   0.227000   0.212400   0.197200   0.189200   0.136000   0.086800   0.127000   0.222000   0.362800   0.555400 
495   0.227800   0.224600   0.226200   0.227000   0.212200   0.197200   0.189200   0.136000   0.086800   0.127000   0.222000   0.362800   0.555400 
496   0.227800   0.224600   0.226200   0.227000   0.212000   0.197200   0.189200   0.136000   0.086800   0.127000   0.222000   0.362800   0.555400 
497   0.227800   0.224600   0.226200   0.227000   0.211800   0.197200   0.189200   0.136000   0.086800   0.127000   0.222000   0.362800   0.555400 
498   0.227800   0.224600   0.226200   0.227000   0.211600   0.197200   0.189200   0.136000   0.086800   0.127000   0.222000   0.362800   0.555400 
499   0.227800   0.224600   0.226200   0.227000   0.211400   0.197200   0.189200   0.136000   0.086800   0.127000   0.222000   0.362800   0.555400 
