0  -0.121520
1  -0.120950
2  -0.120308
3  -0.119614
4  -0.118836
5  -0.118012
6  -0.117250
7  -0.116386
8  -0.115422
9  -0.114470
10  -0.113556
11  -0.112636
12  -0.111802
13  -0.110940
14  -0.110218
15  -0.109428
16  -0.108682
17  -0.107802
18  -0.106900
19  -0.105998
20  -0.104870
21  -0.103888
22  -0.102950
23  -0.102000
24  -0.101114
25  -0.100266
26  -0.099362
27  -0.098368
28  -0.097570
29  -0.096828
30  -0.096084
31  -0.095438
32  -0.094822
33  -0.094186
34  -0.093540
35  -0.092954
36  -0.092432
37  -0.091992
38  -0.091586
39  -0.091154
40  -0.090844
41  -0.090504
42  -0.090052
43  -0.089644
44  -0.089278
45  -0.088862
46  -0.088410
47  -0.087986
48  -0.087420
49  -0.086832
50  -0.086224
51  -0.085486
52  -0.084642
53  -0.083896
54  -0.083250
55  -0.082734
56  -0.082174
57  -0.081670
58  -0.081154
59  -0.080666
60  -0.080116
61  -0.079582
62  -0.079132
63  -0.078648
64  -0.078128
65  -0.077580
66  -0.077164
67  -0.076754
68  -0.076238
69  -0.075706
70  -0.075152
71  -0.074608
72  -0.073966
73  -0.073466
74  -0.072928
75  -0.072304
76  -0.071624
77  -0.070914
78  -0.070210
79  -0.069538
80  -0.068930
81  -0.068248
82  -0.067478
83  -0.066748
84  -0.066024
85  -0.065322
86  -0.064698
87  -0.064056
88  -0.063466
89  -0.062770
90  -0.062134
91  -0.061436
92  -0.060790
93  -0.060064
94  -0.059402
95  -0.058746
96  -0.058150
97  -0.057662
98  -0.057198
99  -0.056730
100  -0.056212
101  -0.055672
102  -0.055104
103  -0.054576
104  -0.054060
105  -0.053514
106  -0.052950
107  -0.052460
108  -0.052008
109  -0.051510
110  -0.051082
111  -0.050764
112  -0.050492
113  -0.050180
114  -0.049890
115  -0.049676
116  -0.049566
117  -0.049470
118  -0.049568
119  -0.049612
120  -0.049736
121  -0.049860
122  -0.049956
123  -0.049906
124  -0.049820
125  -0.049710
126  -0.049468
127  -0.049260
128  -0.049148
129  -0.049030
130  -0.048948
131  -0.048924
132  -0.048814
133  -0.048654
134  -0.048502
135  -0.048350
136  -0.048300
137  -0.048364
138  -0.048372
139  -0.048452
140  -0.048462
141  -0.048338
142  -0.048308
143  -0.048198
144  -0.048208
145  -0.048228
146  -0.048264
147  -0.048322
148  -0.048474
149  -0.048664
150  -0.048766
151  -0.048900
152  -0.049020
153  -0.049086
154  -0.049130
155  -0.049216
156  -0.049178
157  -0.049038
158  -0.048846
159  -0.048586
160  -0.048290
161  -0.047926
162  -0.047620
163  -0.047294
164  -0.046868
165  -0.046500
166  -0.046170
167  -0.045936
168  -0.045782
169  -0.045646
170  -0.045510
171  -0.045408
172  -0.045284
173  -0.045208
174  -0.045218
175  -0.045102
176  -0.045092
177  -0.045164
178  -0.045204
179  -0.045190
180  -0.045250
181  -0.045322
182  -0.045358
183  -0.045414
184  -0.045478
185  -0.045510
186  -0.045522
187  -0.045482
188  -0.045406
189  -0.045222
190  -0.045080
191  -0.044982
192  -0.044898
193  -0.044772
194  -0.044632
195  -0.044554
196  -0.044560
197  -0.044548
198  -0.044534
199  -0.044520
200  -0.044472
201  -0.044400
202  -0.044440
203  -0.044544
204  -0.044596
205  -0.044738
206  -0.044806
207  -0.044894
208  -0.044894
209  -0.045030
210  -0.045136
211  -0.045348
212  -0.045546
213  -0.045822
214  -0.046082
215  -0.046340
216  -0.046608
217  -0.046816
218  -0.046966
219  -0.047162
220  -0.047494
221  -0.047762
222  -0.048040
223  -0.048282
224  -0.048560
225  -0.048836
226  -0.049192
227  -0.049554
228  -0.050038
229  -0.050474
230  -0.051102
231  -0.051650
232  -0.052314
233  -0.052888
234  -0.053360
235  -0.053882
236  -0.054478
237  -0.055164
238  -0.055860
239  -0.056462
240  -0.057016
241  -0.057634
242  -0.058268
243  -0.058806
244  -0.059226
245  -0.059828
246  -0.060294
247  -0.060752
248  -0.061280
249  -0.061722
250  -0.062150
251  -0.062558
252  -0.062970
253  -0.063354
254  -0.063642
255  -0.063970
256  -0.064160
257  -0.064278
258  -0.064324
259  -0.064574
260  -0.064808
261  -0.065014
262  -0.065232
263  -0.065524
264  -0.065626
265  -0.065862
266  -0.066200
267  -0.066404
268  -0.066652
269  -0.066942
270  -0.067224
271  -0.067532
272  -0.067748
273  -0.067902
274  -0.068114
275  -0.068340
276  -0.068660
277  -0.069014
278  -0.069530
279  -0.069988
280  -0.070502
281  -0.071042
282  -0.071606
283  -0.072188
284  -0.072854
285  -0.073668
286  -0.074378
287  -0.074998
288  -0.075564
289  -0.076270
290  -0.076780
291  -0.077344
292  -0.078032
293  -0.078610
294  -0.079162
295  -0.079592
296  -0.079970
297  -0.080340
298  -0.080584
299  -0.080896
300  -0.081324
301  -0.081806
302  -0.082298
303  -0.082650
304  -0.083082
305  -0.083434
306  -0.083740
307  -0.083918
308  -0.084092
309  -0.084062
310  -0.084018
311  -0.084130
312  -0.084350
313  -0.084360
314  -0.084414
315  -0.084410
316  -0.084440
317  -0.084544
318  -0.084476
319  -0.084296
320  -0.084140
321  -0.083908
322  -0.083700
323  -0.083494
324  -0.083352
325  -0.083362
326  -0.083366
327  -0.083280
328  -0.083090
329  -0.083052
330  -0.083098
331  -0.083154
332  -0.083178
333  -0.083146
334  -0.083022
335  -0.082892
336  -0.082716
337  -0.082740
338  -0.082838
339  -0.082994
340  -0.083124
341  -0.083202
342  -0.083266
343  -0.083258
344  -0.083458
345  -0.083648
346  -0.083876
347  -0.084166
348  -0.084396
349  -0.084694
350  -0.084946
351  -0.085096
352  -0.085394
353  -0.085526
354  -0.085734
355  -0.086014
356  -0.086404
357  -0.086724
358  -0.087042
359  -0.087296
360  -0.087610
361  -0.087910
362  -0.087996
363  -0.087836
364  -0.087744
365  -0.087522
366  -0.087260
367  -0.086972
368  -0.086830
369  -0.086554
370  -0.086514
371  -0.086500
372  -0.086502
373  -0.086578
374  -0.086728
375  -0.086800
376  -0.086798
377  -0.086952
378  -0.086914
379  -0.087016
380  -0.087148
381  -0.087302
382  -0.087510
383  -0.087844
384  -0.088194
385  -0.088638
386  -0.089050
387  -0.089288
388  -0.089496
389  -0.089554
390  -0.089594
391  -0.089676
392  -0.089596
393  -0.089586
394  -0.089454
395  -0.089346
396  -0.089274
397  -0.089380
398  -0.089318
399  -0.089240
400  -0.089146
401  -0.089186
402  -0.089246
403  -0.089296
404  -0.089366
405  -0.089398
406  -0.089456
407  -0.089320
408  -0.089308
409  -0.089300
410  -0.089350
411  -0.089498
412  -0.089468
413  -0.089424
414  -0.089450
415  -0.089552
416  -0.089742
417  -0.089706
418  -0.089774
419  -0.089786
420  -0.089742
421  -0.089828
422  -0.089886
423  -0.090028
424  -0.090176
425  -0.090480
426  -0.090876
427  -0.091208
428  -0.091574
429  -0.092016
430  -0.092668
431  -0.093146
432  -0.093514
433  -0.093840
434  -0.094264
435  -0.094618
436  -0.095024
437  -0.095510
438  -0.096068
439  -0.096584
440  -0.097188
441  -0.097828
442  -0.098596
443  -0.099362
444  -0.100144
445  -0.100844
446  -0.101602
447  -0.102362
448  -0.103214
449  -0.103912
450  -0.104630
451  -0.105308
452  -0.105924
453  -0.106330
454  -0.106802
455  -0.107298
456  -0.107776
457  -0.108312
458  -0.108748
459  -0.109196
460  -0.109816
461  -0.110506
462  -0.111288
463  -0.112050
464  -0.112810
465  -0.113498
466  -0.114098
467  -0.114564
468  -0.115106
469  -0.115586
470  -0.115948
471  -0.116270
472  -0.116478
473  -0.116712
474  -0.116996
475  -0.117126
476  -0.117246
477  -0.117358
478  -0.117384
479  -0.117348
480  -0.117362
481  -0.117244
482  -0.117150
483  -0.117098
484  -0.117128
485  -0.117132
486  -0.116968
487  -0.116890
488  -0.116778
489  -0.116794
490  -0.116828
491  -0.116870
492  -0.116960
493  -0.116980
494  -0.116948
495  -0.116922
496  -0.116842
497  -0.116738
498  -0.116846
499  -0.116758
500  -0.116704
-499  -0.116644
-498  -0.116648
-497  -0.116634
-496  -0.116618
-495  -0.116678
-494  -0.116834
-493  -0.117060
-492  -0.117374
-491  -0.117646
-490  -0.118006
-489  -0.118546
-488  -0.119134
-487  -0.119506
-486  -0.119854
-485  -0.120178
-484  -0.120570
-483  -0.120930
-482  -0.121374
-481  -0.121746
-480  -0.121986
-479  -0.122366
-478  -0.122678
-477  -0.122962
-476  -0.123138
-475  -0.123364
-474  -0.123772
-473  -0.124030
-472  -0.124338
-471  -0.124528
-470  -0.124524
-469  -0.124542
-468  -0.124682
-467  -0.124806
-466  -0.125218
-465  -0.125546
-464  -0.125808
-463  -0.125914
-462  -0.126136
-461  -0.126244
-460  -0.126348
-459  -0.126368
-458  -0.126314
-457  -0.126174
-456  -0.125846
-455  -0.125378
-454  -0.124992
-453  -0.124518
-452  -0.124072
-451  -0.123664
-450  -0.123360
-449  -0.123050
-448  -0.122694
-447  -0.122202
-446  -0.121622
-445  -0.121106
-444  -0.120516
-443  -0.119766
-442  -0.119020
-441  -0.118238
-440  -0.117576
-439  -0.116776
-438  -0.115876
-437  -0.114940
-436  -0.114042
-435  -0.113120
-434  -0.112248
-433  -0.111508
-432  -0.110856
-431  -0.110310
-430  -0.109714
-429  -0.108950
-428  -0.108146
-427  -0.107280
-426  -0.106310
-425  -0.105514
-424  -0.104734
-423  -0.103914
-422  -0.103098
-421  -0.102222
-420  -0.101400
-419  -0.100586
-418  -0.099700
-417  -0.098810
-416  -0.097880
-415  -0.096900
-414  -0.095982
-413  -0.094804
-412  -0.093628
-411  -0.092444
-410  -0.091268
-409  -0.090174
-408  -0.089110
-407  -0.087974
-406  -0.086726
-405  -0.085418
-404  -0.084036
-403  -0.082706
-402  -0.081320
-401  -0.080250
-400  -0.079046
-399  -0.077960
-398  -0.076916
-397  -0.075964
-396  -0.075074
-395  -0.074238
-394  -0.073340
-393  -0.072386
-392  -0.071452
-391  -0.070670
-390  -0.069904
-389  -0.069112
-388  -0.068242
-387  -0.067492
-386  -0.066620
-385  -0.065718
-384  -0.064830
-383  -0.064036
-382  -0.063106
-381  -0.062346
-380  -0.061480
-379  -0.060636
-378  -0.059832
-377  -0.058934
-376  -0.058068
-375  -0.057210
-374  -0.056426
-373  -0.055594
-372  -0.054828
-371  -0.054142
-370  -0.053486
-369  -0.052820
-368  -0.052178
-367  -0.051598
-366  -0.051036
-365  -0.050534
-364  -0.050098
-363  -0.049626
-362  -0.049178
-361  -0.048932
-360  -0.048642
-359  -0.048444
-358  -0.048300
-357  -0.048088
-356  -0.047912
-355  -0.047832
-354  -0.047804
-353  -0.047734
-352  -0.047792
-351  -0.047840
-350  -0.047896
-349  -0.047982
-348  -0.047934
-347  -0.047904
-346  -0.047898
-345  -0.047842
-344  -0.047868
-343  -0.047902
-342  -0.047882
-341  -0.047872
-340  -0.047880
-339  -0.047958
-338  -0.048012
-337  -0.048068
-336  -0.048078
-335  -0.048154
-334  -0.048184
-333  -0.048222
-332  -0.048298
-331  -0.048338
-330  -0.048396
-329  -0.048504
-328  -0.048556
-327  -0.048600
-326  -0.048622
-325  -0.048782
-324  -0.048968
-323  -0.049074
-322  -0.049204
-321  -0.049364
-320  -0.049446
-319  -0.049468
-318  -0.049448
-317  -0.049422
-316  -0.049312
-315  -0.049050
-314  -0.048962
-313  -0.048896
-312  -0.048750
-311  -0.048640
-310  -0.048618
-309  -0.048630
-308  -0.048590
-307  -0.048430
-306  -0.048518
-305  -0.048440
-304  -0.048346
-303  -0.048276
-302  -0.048224
-301  -0.048132
-300  -0.048114
-299  -0.048094
-298  -0.048128
-297  -0.048026
-296  -0.047968
-295  -0.047834
-294  -0.047736
-293  -0.047712
-292  -0.047726
-291  -0.047764
-290  -0.048020
-289  -0.048224
-288  -0.048364
-287  -0.048320
-286  -0.048328
-285  -0.048304
-284  -0.048168
-283  -0.048032
-282  -0.047902
-281  -0.047852
-280  -0.047780
-279  -0.047946
-278  -0.048166
-277  -0.048272
-276  -0.048354
-275  -0.048376
-274  -0.048370
-273  -0.048392
-272  -0.048384
-271  -0.048112
-270  -0.047656
-269  -0.047032
-268  -0.046456
-267  -0.045878
-266  -0.045360
-265  -0.044898
-264  -0.044440
-263  -0.043844
-262  -0.043250
-261  -0.042442
-260  -0.041756
-259  -0.041160
-258  -0.040368
-257  -0.039816
-256  -0.039124
-255  -0.038528
-254  -0.038070
-253  -0.037540
-252  -0.037184
-251  -0.036946
-250  -0.036706
-249  -0.036520
-248  -0.036458
-247  -0.036344
-246  -0.036390
-245  -0.036366
-244  -0.036206
-243  -0.036146
-242  -0.036264
-241  -0.036398
-240  -0.036500
-239  -0.036728
-238  -0.036984
-237  -0.037132
-236  -0.037260
-235  -0.037380
-234  -0.037496
-233  -0.037688
-232  -0.037974
-231  -0.038134
-230  -0.038304
-229  -0.038476
-228  -0.038612
-227  -0.038860
-226  -0.039074
-225  -0.039108
-224  -0.039240
-223  -0.039224
-222  -0.039178
-221  -0.039214
-220  -0.039170
-219  -0.039180
-218  -0.039368
-217  -0.039678
-216  -0.039962
-215  -0.040294
-214  -0.040402
-213  -0.040494
-212  -0.040488
-211  -0.040450
-210  -0.040562
-209  -0.040694
-208  -0.040670
-207  -0.040794
-206  -0.040852
-205  -0.040910
-204  -0.041036
-203  -0.041274
-202  -0.041352
-201  -0.041412
-200  -0.041620
-199  -0.041926
-198  -0.042226
-197  -0.042540
-196  -0.042764
-195  -0.043074
-194  -0.043366
-193  -0.043736
-192  -0.044100
-191  -0.044412
-190  -0.044782
-189  -0.045090
-188  -0.045504
-187  -0.045936
-186  -0.046650
-185  -0.047324
-184  -0.048158
-183  -0.048914
-182  -0.049750
-181  -0.050750
-180  -0.051844
-179  -0.052666
-178  -0.053492
-177  -0.054380
-176  -0.055210
-175  -0.056048
-174  -0.056630
-173  -0.057324
-172  -0.058050
-171  -0.058910
-170  -0.059612
-169  -0.060292
-168  -0.061156
-167  -0.061972
-166  -0.062624
-165  -0.063460
-164  -0.064362
-163  -0.065048
-162  -0.065760
-161  -0.066568
-160  -0.067364
-159  -0.068208
-158  -0.068980
-157  -0.069792
-156  -0.070704
-155  -0.071646
-154  -0.072570
-153  -0.073300
-152  -0.074086
-151  -0.074940
-150  -0.075684
-149  -0.076464
-148  -0.077198
-147  -0.077876
-146  -0.078472
-145  -0.079090
-144  -0.079930
-143  -0.080784
-142  -0.081704
-141  -0.082700
-140  -0.083662
-139  -0.084458
-138  -0.085126
-137  -0.085912
-136  -0.086670
-135  -0.087316
-134  -0.088124
-133  -0.088962
-132  -0.089744
-131  -0.090620
-130  -0.091462
-129  -0.092342
-128  -0.093290
-127  -0.094182
-126  -0.094968
-125  -0.095712
-124  -0.096488
-123  -0.097246
-122  -0.097808
-121  -0.098348
-120  -0.098862
-119  -0.099356
-118  -0.099866
-117  -0.100548
-116  -0.101116
-115  -0.101668
-114  -0.102294
-113  -0.102752
-112  -0.103222
-111  -0.103616
-110  -0.104058
-109  -0.104522
-108  -0.105000
-107  -0.105448
-106  -0.106032
-105  -0.106520
-104  -0.107080
-103  -0.107600
-102  -0.108288
-101  -0.108820
-100  -0.109396
-99  -0.109958
-98  -0.110508
-97  -0.111020
-96  -0.111498
-95  -0.112016
-94  -0.112726
-93  -0.113346
-92  -0.113986
-91  -0.114640
-90  -0.115406
-89  -0.116132
-88  -0.116794
-87  -0.117458
-86  -0.118096
-85  -0.118772
-84  -0.119470
-83  -0.120256
-82  -0.120928
-81  -0.121670
-80  -0.122262
-79  -0.122806
-78  -0.123296
-77  -0.123784
-76  -0.124194
-75  -0.124666
-74  -0.125190
-73  -0.125730
-72  -0.126098
-71  -0.126526
-70  -0.127040
-69  -0.127418
-68  -0.127838
-67  -0.128186
-66  -0.128460
-65  -0.128612
-64  -0.128730
-63  -0.128992
-62  -0.129262
-61  -0.129432
-60  -0.129808
-59  -0.130176
-58  -0.130474
-57  -0.130744
-56  -0.131010
-55  -0.131286
-54  -0.131480
-53  -0.131696
-52  -0.131914
-51  -0.132108
-50  -0.132226
-49  -0.132452
-48  -0.132754
-47  -0.132992
-46  -0.133194
-45  -0.133246
-44  -0.133402
-43  -0.133516
-42  -0.133552
-41  -0.133718
-40  -0.133752
-39  -0.133744
-38  -0.133678
-37  -0.133636
-36  -0.133600
-35  -0.133430
-34  -0.133264
-33  -0.133068
-32  -0.132958
-31  -0.132730
-30  -0.132546
-29  -0.132392
-28  -0.132284
-27  -0.132178
-26  -0.132164
-25  -0.132096
-24  -0.132032
-23  -0.131950
-22  -0.131738
-21  -0.131428
-20  -0.131034
-19  -0.130732
-18  -0.130526
-17  -0.130186
-16  -0.129880
-15  -0.129558
-14  -0.129142
-13  -0.128594
-12  -0.128086
-11  -0.127488
-10  -0.126908
-9  -0.126388
-8  -0.125870
-7  -0.125356
-6  -0.124786
-5  -0.124368
-4  -0.123926
-3  -0.123428
-2  -0.122954
-1  -0.122206
