0   0.759556
1   0.540974
2   0.482828
3   0.430620
4   0.384978
5   0.344942
6   0.308578
7   0.276832
8   0.246940
9   0.221724
10   0.197772
11   0.174302
12   0.156148
13   0.138918
14   0.122324
15   0.109010
16   0.097186
17   0.087942
18   0.077968
19   0.068552
20   0.060896
21   0.053566
22   0.047572
23   0.041950
24   0.036600
25   0.032344
26   0.031220
27   0.026746
28   0.023714
29   0.019230
30   0.016320
31   0.016524
32   0.012420
33   0.010698
34   0.007556
35   0.006128
36   0.004248
37   0.003260
38  -0.000266
39  -0.001006
40  -0.000184
41  -0.002728
42  -0.005724
43  -0.005938
44  -0.006462
45  -0.006866
46  -0.007532
47  -0.008076
48  -0.006886
49  -0.009214
50  -0.010402
51  -0.010202
52  -0.009276
53  -0.010926
54  -0.009714
55  -0.008794
56  -0.008988
57  -0.008162
58  -0.009612
59  -0.009464
60  -0.009432
61  -0.009176
62  -0.007156
63  -0.006382
64  -0.007204
65  -0.006950
66  -0.006050
67  -0.005500
68  -0.005272
69  -0.004646
70  -0.002950
71  -0.003708
72  -0.002272
73  -0.001638
74  -0.001586
75  -0.002334
76   0.000158
77   0.001154
78   0.003052
79   0.001074
80   0.002320
81   0.002822
82   0.004318
83   0.005340
84   0.005096
85   0.005928
86   0.005456
87   0.004614
88   0.003758
89   0.003750
90   0.005748
91   0.005342
92   0.005936
93   0.006656
94   0.006132
95   0.008248
96   0.007848
97   0.008390
98   0.008810
99   0.008054
100   0.009350
101   0.009266
102   0.008114
103   0.008414
104   0.006906
105   0.007734
106   0.008356
107   0.006684
108   0.006952
109   0.007498
110   0.007944
111   0.007698
112   0.008504
113   0.008276
114   0.009188
115   0.009040
116   0.009348
117   0.009454
118   0.009332
119   0.011148
120   0.009262
121   0.009842
122   0.008458
123   0.009850
124   0.008866
125   0.009380
126   0.007550
127   0.007098
128   0.006122
129   0.005716
130   0.003556
131   0.004966
132   0.002664
133   0.001726
134   0.001348
135  -0.000752
136  -0.001722
137  -0.000948
138  -0.002298
139  -0.002142
140  -0.002792
141  -0.001300
142  -0.001268
143   0.000166
144  -0.001312
145  -0.000144
146  -0.000744
147   0.000982
148   0.000804
149  -0.000336
150  -0.000244
151  -0.001974
152  -0.000700
153  -0.000660
154  -0.000296
155  -0.000562
156  -0.001240
157  -0.001152
158  -0.000644
159  -0.000432
160  -0.001516
161  -0.001294
162  -0.000842
163  -0.000832
164  -0.001946
165  -0.002346
166  -0.000708
167   0.001118
168  -0.000166
169   0.001474
170   0.000706
171   0.002276
172   0.002402
173   0.001042
174   0.002066
175   0.001360
176   0.003272
177   0.004000
178   0.003708
179   0.005214
180   0.005232
181   0.004400
182   0.004680
183   0.004256
184   0.003738
185   0.003790
186   0.002088
187   0.002016
188   0.001454
189   0.003834
190   0.002996
191   0.003932
192   0.005994
193   0.004804
194   0.005708
195   0.005612
196   0.005654
197   0.005256
198   0.005404
199   0.004688
200   0.006336
201   0.005098
202   0.004802
203   0.003332
204   0.005342
205   0.004624
206   0.004062
207   0.003832
208   0.004128
209   0.003184
210   0.004138
211   0.005052
212   0.004856
213   0.004426
214   0.005024
215   0.003906
216   0.003914
217   0.004790
218   0.003062
219   0.002518
220   0.001216
221   0.001590
222   0.000594
223   0.000788
224   0.001360
225   0.001652
226   0.002350
227   0.002858
228   0.003094
229   0.004070
230   0.004328
231   0.004680
232   0.004158
233   0.002276
234  -0.000054
235  -0.000486
236  -0.001814
237  -0.003166
238  -0.002384
239  -0.002522
240  -0.002724
241  -0.005232
242  -0.005252
243  -0.005176
244  -0.004874
245  -0.005100
246  -0.007090
247  -0.007696
248  -0.006362
249  -0.005402
250  -0.005430
251  -0.004104
252  -0.002612
253  -0.002038
254  -0.002198
255  -0.001130
256   0.000960
257   0.001500
258   0.001400
259   0.001594
260   0.004488
261   0.004628
262   0.003502
263   0.003910
264   0.004530
265   0.005086
266   0.005224
267   0.007376
268   0.007276
269   0.005502
270   0.004954
271   0.006144
272   0.005286
273   0.005326
274   0.004154
275   0.003824
276   0.002752
277   0.003210
278   0.000826
279   0.001228
280  -0.001026
281  -0.001182
282  -0.001440
283  -0.001802
284  -0.001102
285  -0.000840
286  -0.001004
287   0.000414
288   0.000162
289   0.000682
290   0.001338
291   0.000690
292   0.002550
293   0.000914
294   0.000358
295  -0.002602
296  -0.001196
297  -0.003560
298  -0.002900
299  -0.004178
300  -0.005534
301  -0.006906
302  -0.007108
303  -0.006882
304  -0.008774
305  -0.010038
306  -0.012514
307  -0.012476
308  -0.011904
309  -0.011398
310  -0.011542
311  -0.009348
312  -0.009900
313  -0.008846
314  -0.008916
315  -0.006472
316  -0.005178
317  -0.006066
318  -0.005438
319  -0.006820
320  -0.006296
321  -0.007476
322  -0.006962
323  -0.007308
324  -0.005834
325  -0.006496
326  -0.006556
327  -0.007346
328  -0.007896
329  -0.007732
330  -0.007788
331  -0.006842
332  -0.006282
333  -0.004714
334  -0.004766
335  -0.002812
336  -0.002480
337  -0.000944
338  -0.000876
339  -0.000856
340   0.000392
341  -0.000998
342  -0.000334
343   0.001558
344   0.001412
345   0.001336
346   0.000164
347   0.001876
348   0.000440
349   0.000798
350  -0.001064
351  -0.001962
352   0.000206
353   0.000022
354  -0.000224
355  -0.000360
356  -0.001742
357  -0.003338
358  -0.003302
359  -0.004510
360  -0.003328
361  -0.003622
362  -0.003754
363  -0.001058
364  -0.000052
365  -0.000630
366  -0.000560
367   0.000912
368   0.000672
369   0.002236
370   0.003970
371   0.003336
372   0.003954
373   0.004800
374   0.003148
375   0.001894
376   0.003764
377   0.001598
378   0.002998
379   0.003032
380   0.001826
381   0.000202
382  -0.000520
383   0.000230
384   0.000222
385  -0.000266
386   0.000128
387   0.000448
388   0.002216
389   0.002016
390   0.000942
391   0.000228
392   0.000002
393   0.001190
394   0.000658
395   0.000934
396   0.000846
397   0.000336
398  -0.000132
399  -0.000408
400  -0.001140
401  -0.002250
402  -0.003420
403  -0.004534
404  -0.003156
405  -0.004472
406  -0.005864
407  -0.007612
408  -0.005808
409  -0.007452
410  -0.006944
411  -0.006668
412  -0.007324
413  -0.007686
414  -0.007816
415  -0.007134
416  -0.007726
417  -0.005678
418  -0.005700
419  -0.006388
420  -0.004612
421  -0.005540
422  -0.003616
423  -0.006836
424  -0.006144
425  -0.007848
426  -0.006482
427  -0.006646
428  -0.008360
429  -0.008290
430  -0.008902
431  -0.008712
432  -0.009390
433  -0.009768
434  -0.011124
435  -0.010622
436  -0.011322
437  -0.013288
438  -0.012970
439  -0.011848
440  -0.011676
441  -0.012854
442  -0.012444
443  -0.012772
444  -0.012588
445  -0.012366
446  -0.012214
447  -0.009858
448  -0.009498
449  -0.007928
450  -0.007824
451  -0.005808
452  -0.005888
453  -0.004472
454  -0.003246
455  -0.002988
456  -0.003356
457  -0.003620
458  -0.002336
459  -0.001430
460   0.000596
461   0.000004
462   0.000752
463  -0.000128
464  -0.000414
465  -0.000510
466  -0.000156
467  -0.001790
468  -0.002826
469  -0.001834
470  -0.000844
471  -0.000402
472   0.000284
473   0.000070
474  -0.000268
475   0.001248
476   0.000508
477   0.000544
478   0.001050
479  -0.000234
480  -0.000478
481  -0.000908
482   0.001068
483   0.001586
484   0.002016
485   0.003610
486   0.004024
487   0.003192
488   0.003116
489   0.001322
490   0.000854
491   0.000064
492  -0.000440
493  -0.001542
494   0.000184
495  -0.001572
496  -0.000954
497  -0.000336
498   0.000372
499   0.001240
500   0.002098
-499   0.002100
-498   0.004396
-497   0.006706
-496   0.006986
-495   0.007150
-494   0.007188
-493   0.008080
-492   0.005636
-491   0.006666
-490   0.005656
-489   0.003916
-488   0.002896
-487   0.003586
-486   0.004144
-485   0.005582
-484   0.004626
-483   0.003396
-482   0.001286
-481   0.000416
-480  -0.000070
-479  -0.000790
-478  -0.001170
-477  -0.000392
-476  -0.000354
-475   0.000110
-474   0.000558
-473  -0.000812
-472  -0.000410
-471  -0.001324
-470  -0.002620
-469  -0.001078
-468  -0.002810
-467  -0.002958
-466  -0.002994
-465  -0.002508
-464  -0.002272
-463  -0.000770
-462  -0.000416
-461   0.001128
-460  -0.000796
-459   0.000972
-458   0.001246
-457   0.002468
-456   0.002482
-455   0.002234
-454   0.001930
-453   0.001118
-452   0.001674
-451   0.002002
-450   0.004304
-449   0.003182
-448   0.003130
-447   0.003870
-446   0.004376
-445   0.005584
-444   0.005492
-443   0.005108
-442   0.006292
-441   0.005816
-440   0.006012
-439   0.008378
-438   0.007528
-437   0.007210
-436   0.008666
-435   0.008282
-434   0.008922
-433   0.009314
-432   0.007088
-431   0.006062
-430   0.001882
-429   0.001336
-428   0.002226
-427   0.002134
-426   0.000734
-425   0.000566
-424   0.000248
-423   0.001662
-422  -0.000224
-421   0.004064
-420   0.003190
-419   0.003856
-418   0.004004
-417   0.004188
-416   0.004878
-415   0.004950
-414   0.004240
-413   0.005876
-412   0.006106
-411   0.005710
-410   0.006416
-409   0.006700
-408   0.005662
-407   0.006534
-406   0.005298
-405   0.003940
-404   0.005166
-403   0.005104
-402   0.005798
-401   0.005062
-400   0.005654
-399   0.003110
-398   0.003248
-397   0.003640
-396   0.002438
-395   0.001282
-394  -0.000476
-393  -0.001030
-392   0.000726
-391   0.000296
-390   0.000696
-389   0.001678
-388   0.002196
-387   0.000418
-386   0.000928
-385   0.000598
-384  -0.000680
-383  -0.002128
-382  -0.003708
-381  -0.003902
-380  -0.003632
-379  -0.004068
-378  -0.002954
-377  -0.002910
-376  -0.001908
-375  -0.002904
-374  -0.003044
-373  -0.001076
-372  -0.001136
-371  -0.000644
-370  -0.001184
-369  -0.002502
-368  -0.001766
-367  -0.000852
-366  -0.000856
-365   0.000008
-364   0.001784
-363   0.000712
-362   0.002596
-361   0.002470
-360   0.002806
-359   0.002166
-358   0.002838
-357   0.003230
-356   0.003988
-355   0.003024
-354   0.002428
-353   0.003294
-352   0.003182
-351   0.004630
-350   0.002764
-349   0.001282
-348   0.000096
-347  -0.000760
-346  -0.002588
-345  -0.002502
-344  -0.003716
-343  -0.005288
-342  -0.006748
-341  -0.007262
-340  -0.009608
-339  -0.009146
-338  -0.010308
-337  -0.009190
-336  -0.008894
-335  -0.009254
-334  -0.008408
-333  -0.007068
-332  -0.006998
-331  -0.007052
-330  -0.007442
-329  -0.008166
-328  -0.007414
-327  -0.010142
-326  -0.010010
-325  -0.010890
-324  -0.011676
-323  -0.010584
-322  -0.011518
-321  -0.011770
-320  -0.010652
-319  -0.010684
-318  -0.010026
-317  -0.009538
-316  -0.009064
-315  -0.006998
-314  -0.004724
-313  -0.004148
-312  -0.005302
-311  -0.005350
-310  -0.005324
-309  -0.003838
-308  -0.004128
-307  -0.002268
-306  -0.003112
-305  -0.001942
-304  -0.001610
-303  -0.001990
-302  -0.002508
-301  -0.002498
-300  -0.003798
-299  -0.002444
-298  -0.002472
-297  -0.002742
-296  -0.000780
-295   0.000858
-294   0.001908
-293   0.003106
-292   0.003622
-291   0.003848
-290   0.002256
-289   0.002068
-288   0.000466
-287  -0.000436
-286  -0.001546
-285  -0.002046
-284  -0.002150
-283  -0.003252
-282  -0.002422
-281   0.000404
-280  -0.001216
-279  -0.000238
-278  -0.001668
-277   0.000232
-276  -0.000566
-275  -0.000642
-274  -0.002300
-273  -0.001202
-272  -0.002494
-271  -0.003824
-270  -0.004286
-269  -0.004226
-268  -0.003482
-267  -0.002950
-266  -0.003380
-265  -0.005168
-264  -0.004402
-263  -0.003850
-262  -0.002402
-261  -0.002888
-260  -0.002152
-259  -0.003030
-258  -0.002532
-257  -0.002704
-256  -0.003776
-255  -0.003794
-254  -0.004136
-253  -0.003344
-252  -0.003764
-251  -0.003084
-250  -0.003934
-249  -0.004594
-248  -0.004846
-247  -0.004036
-246  -0.005276
-245  -0.005064
-244  -0.003464
-243  -0.002730
-242  -0.002860
-241  -0.004270
-240  -0.004640
-239  -0.003930
-238  -0.004310
-237  -0.005164
-236  -0.006212
-235  -0.006130
-234  -0.006428
-233  -0.007552
-232  -0.009246
-231  -0.008748
-230  -0.008914
-229  -0.008450
-228  -0.008560
-227  -0.008476
-226  -0.007558
-225  -0.005784
-224  -0.006158
-223  -0.005194
-222  -0.002720
-221  -0.003326
-220  -0.003042
-219  -0.000030
-218   0.000880
-217   0.000346
-216   0.001188
-215  -0.000686
-214   0.000800
-213  -0.001462
-212  -0.001864
-211  -0.001118
-210  -0.002632
-209  -0.004796
-208  -0.005666
-207  -0.006792
-206  -0.006436
-205  -0.005972
-204  -0.007072
-203  -0.006684
-202  -0.007332
-201  -0.007462
-200  -0.007266
-199  -0.007128
-198  -0.005742
-197  -0.006972
-196  -0.005662
-195  -0.005454
-194  -0.004316
-193  -0.003540
-192  -0.002178
-191  -0.003036
-190  -0.003682
-189  -0.004402
-188  -0.002952
-187  -0.003666
-186  -0.004946
-185  -0.004214
-184  -0.004156
-183  -0.004448
-182  -0.004526
-181  -0.005974
-180  -0.006846
-179  -0.007774
-178  -0.008948
-177  -0.009964
-176  -0.009738
-175  -0.010086
-174  -0.009746
-173  -0.007968
-172  -0.009806
-171  -0.008582
-170  -0.008980
-169  -0.009244
-168  -0.008862
-167  -0.010272
-166  -0.010002
-165  -0.010630
-164  -0.009676
-163  -0.011000
-162  -0.010368
-161  -0.010646
-160  -0.010724
-159  -0.009536
-158  -0.008982
-157  -0.006970
-156  -0.006122
-155  -0.006260
-154  -0.005792
-153  -0.006408
-152  -0.007156
-151  -0.008818
-150  -0.011440
-149  -0.010116
-148  -0.008798
-147  -0.008236
-146  -0.007664
-145  -0.007116
-144  -0.005004
-143  -0.005192
-142  -0.004106
-141  -0.003744
-140  -0.004016
-139  -0.002416
-138  -0.002678
-137  -0.002580
-136  -0.001782
-135  -0.000784
-134  -0.000676
-133  -0.001320
-132  -0.002238
-131  -0.003498
-130  -0.003748
-129  -0.002546
-128  -0.000956
-127   0.000620
-126  -0.000566
-125   0.001892
-124   0.001164
-123   0.000162
-122   0.001398
-121   0.002016
-120   0.000590
-119   0.000572
-118   0.000164
-117  -0.001686
-116  -0.002036
-115  -0.003302
-114  -0.002708
-113  -0.002384
-112  -0.004124
-111  -0.003394
-110  -0.002918
-109  -0.004112
-108  -0.003466
-107  -0.005332
-106  -0.001788
-105  -0.001484
-104  -0.001946
-103  -0.001640
-102  -0.001468
-101   0.000882
-100   0.000608
-99   0.001210
-98   0.001546
-97   0.003522
-96   0.003052
-95   0.005054
-94   0.005452
-93   0.004758
-92   0.005254
-91   0.004994
-90   0.005722
-89   0.005460
-88   0.005074
-87   0.005228
-86   0.004190
-85   0.006324
-84   0.004384
-83   0.004970
-82   0.004572
-81   0.004448
-80   0.004086
-79   0.005430
-78   0.004468
-77   0.004416
-76   0.003536
-75   0.005168
-74   0.004776
-73   0.005548
-72   0.004402
-71   0.001386
-70   0.001894
-69   0.000676
-68  -0.000644
-67  -0.002448
-66  -0.002984
-65  -0.004984
-64  -0.004248
-63  -0.004988
-62  -0.005114
-61  -0.006938
-60  -0.006364
-59  -0.005364
-58  -0.005142
-57  -0.004072
-56  -0.006122
-55  -0.006556
-54  -0.006640
-53  -0.005982
-52  -0.006664
-51  -0.005904
-50  -0.004524
-49  -0.004486
-48  -0.003182
-47  -0.000426
-46   0.000072
-45   0.000262
-44   0.000056
-43   0.001348
-42   0.003364
-41   0.003748
-40   0.003538
-39   0.005560
-38   0.007214
-37   0.010056
-36   0.009612
-35   0.011686
-34   0.016258
-33   0.017062
-32   0.019580
-31   0.023316
-30   0.025406
-29   0.028112
-28   0.030892
-27   0.032124
-26   0.034716
-25   0.039252
-24   0.043180
-23   0.047774
-22   0.051602
-21   0.059822
-20   0.065998
-19   0.072500
-18   0.081948
-17   0.090346
-16   0.101514
-15   0.112236
-14   0.125542
-13   0.140708
-12   0.157140
-11   0.175456
-10   0.196358
-9   0.219976
-8   0.244862
-7   0.274730
-6   0.306176
-5   0.341844
-4   0.382070
-3   0.430066
-2   0.482552
-1   0.541890
