r MCS_10 MCS_20 MCS_40 MCS_80 MCS_160 MCS_320 MCS_640 MCS_1280 MCS_2560 MCS_5120 MCS_10240 MCS_20480 MCS_40960 
0   1.000000   1.000000   1.000000   1.000000   1.000000   1.000000   1.000000   1.000000   1.000000   1.000000   1.000000   1.000000   1.000000 
1   0.996200   0.996200   0.996200   0.996200   0.996200   0.996200   0.996200   0.996200   0.996400   0.996600   0.997200   0.997800   0.997800 
2   0.992400   0.992400   0.992400   0.992400   0.992400   0.992400   0.992400   0.992400   0.992800   0.993200   0.994400   0.995600   0.995600 
3   0.988600   0.988600   0.988600   0.988600   0.988600   0.988600   0.988600   0.988600   0.989200   0.989800   0.991600   0.993400   0.993400 
4   0.984800   0.984800   0.984800   0.984800   0.984800   0.984800   0.984800   0.984800   0.985600   0.986400   0.988800   0.991200   0.991200 
5   0.981000   0.981000   0.981000   0.981000   0.981000   0.981000   0.981000   0.981000   0.982000   0.983000   0.986000   0.989000   0.989000 
6   0.977200   0.977200   0.977200   0.977200   0.977200   0.977200   0.977200   0.977200   0.978400   0.979600   0.983200   0.986800   0.986800 
7   0.973400   0.973400   0.973400   0.973400   0.973400   0.973400   0.973400   0.973400   0.974800   0.976200   0.980400   0.984600   0.984600 
8   0.969600   0.969600   0.969600   0.969600   0.969600   0.969600   0.969600   0.969600   0.971200   0.972800   0.977600   0.982400   0.982400 
9   0.965800   0.965800   0.965800   0.965800   0.965800   0.965800   0.965800   0.965800   0.967600   0.969400   0.974800   0.980200   0.980200 
10   0.962000   0.962000   0.962000   0.962000   0.962000   0.962000   0.962000   0.962000   0.964000   0.966000   0.972000   0.978000   0.978000 
11   0.958200   0.958200   0.958200   0.958200   0.958200   0.958200   0.958200   0.958200   0.960400   0.962600   0.969200   0.975800   0.975800 
12   0.954400   0.954400   0.954400   0.954400   0.954400   0.954400   0.954400   0.954400   0.956800   0.959200   0.966400   0.973600   0.973600 
13   0.950600   0.950600   0.950600   0.950600   0.950600   0.950600   0.950600   0.950600   0.953200   0.955800   0.963600   0.971400   0.971400 
14   0.946800   0.946800   0.946800   0.946800   0.946800   0.946800   0.946800   0.946800   0.949600   0.952400   0.960800   0.969200   0.969200 
15   0.943000   0.943000   0.943000   0.943000   0.943000   0.943000   0.943000   0.943000   0.946000   0.949000   0.958000   0.967000   0.967000 
16   0.939200   0.939200   0.939200   0.939200   0.939200   0.939200   0.939200   0.939200   0.942400   0.945600   0.955200   0.964800   0.964800 
17   0.935400   0.935400   0.935400   0.935400   0.935400   0.935400   0.935400   0.935400   0.938800   0.942200   0.952400   0.962600   0.962600 
18   0.931600   0.931600   0.931600   0.931600   0.931600   0.931600   0.931600   0.931600   0.935200   0.938800   0.949600   0.960400   0.960400 
19   0.927800   0.927800   0.927800   0.927800   0.927800   0.927800   0.927800   0.927800   0.931600   0.935400   0.946800   0.958200   0.958200 
20   0.924000   0.924000   0.924000   0.924000   0.924000   0.924000   0.924000   0.924000   0.928000   0.932000   0.944000   0.956000   0.956000 
21   0.920200   0.920200   0.920200   0.920200   0.920200   0.920200   0.920200   0.920200   0.924400   0.928600   0.941200   0.953800   0.953800 
22   0.916400   0.916400   0.916400   0.916400   0.916400   0.916400   0.916400   0.916400   0.920800   0.925200   0.938400   0.951600   0.951600 
23   0.912600   0.912600   0.912600   0.912600   0.912600   0.912600   0.912600   0.912600   0.917200   0.921800   0.935600   0.949400   0.949400 
24   0.908800   0.908800   0.908800   0.908800   0.908800   0.908800   0.908800   0.908800   0.913600   0.918400   0.932800   0.947200   0.947200 
25   0.905000   0.905000   0.905000   0.905000   0.905000   0.905000   0.905000   0.905000   0.910000   0.915000   0.930000   0.945000   0.945000 
26   0.901200   0.901200   0.901200   0.901200   0.901200   0.901200   0.901200   0.901200   0.906400   0.911600   0.927200   0.942800   0.942800 
27   0.897400   0.897400   0.897400   0.897400   0.897400   0.897400   0.897400   0.897400   0.902800   0.908200   0.924400   0.940600   0.940600 
28   0.893600   0.893600   0.893600   0.893600   0.893600   0.893600   0.893600   0.893600   0.899200   0.904800   0.921600   0.938400   0.938400 
29   0.889800   0.889800   0.889800   0.889800   0.889800   0.889800   0.889800   0.889800   0.895600   0.901400   0.918800   0.936200   0.936200 
30   0.886000   0.886000   0.886000   0.886000   0.886000   0.886000   0.886000   0.886000   0.892000   0.898000   0.916200   0.934000   0.934000 
31   0.882200   0.882200   0.882200   0.882200   0.882200   0.882200   0.882200   0.882200   0.888400   0.894600   0.913600   0.931800   0.931800 
32   0.878400   0.878400   0.878400   0.878400   0.878400   0.878400   0.878400   0.878400   0.884800   0.891200   0.911000   0.929600   0.929600 
33   0.874600   0.874600   0.874600   0.874600   0.874600   0.874600   0.874600   0.874600   0.881200   0.887800   0.908400   0.927400   0.927400 
34   0.870800   0.870800   0.870800   0.870800   0.870800   0.870800   0.870800   0.870800   0.877600   0.884400   0.905800   0.925200   0.925200 
35   0.867000   0.867000   0.867000   0.867000   0.867000   0.867000   0.867000   0.867000   0.874000   0.881000   0.903200   0.923000   0.923000 
36   0.863200   0.863200   0.863200   0.863200   0.863200   0.863200   0.863200   0.863200   0.870400   0.877600   0.900600   0.920800   0.920800 
37   0.859400   0.859400   0.859400   0.859400   0.859400   0.859400   0.859400   0.859400   0.866800   0.874200   0.898000   0.918600   0.918600 
38   0.855600   0.855600   0.855600   0.855600   0.855600   0.855600   0.855600   0.855600   0.863200   0.870800   0.895400   0.916400   0.916400 
39   0.851800   0.851800   0.851800   0.851800   0.851800   0.851800   0.851800   0.851800   0.859600   0.867400   0.892800   0.914200   0.914200 
40   0.848000   0.848000   0.848000   0.848000   0.848000   0.848000   0.848000   0.848000   0.856000   0.864000   0.890200   0.912000   0.912000 
41   0.844200   0.844200   0.844200   0.844200   0.844200   0.844200   0.844200   0.844200   0.852400   0.860600   0.887600   0.909800   0.909800 
42   0.840400   0.840400   0.840400   0.840400   0.840400   0.840400   0.840400   0.840400   0.848800   0.857200   0.885000   0.907600   0.907600 
43   0.836600   0.836600   0.836600   0.836600   0.836600   0.836600   0.836600   0.836600   0.845200   0.853800   0.882400   0.905400   0.905400 
44   0.832800   0.832800   0.832800   0.832800   0.832800   0.832800   0.832800   0.832800   0.841600   0.850400   0.879800   0.903200   0.903200 
45   0.829000   0.829000   0.829000   0.829000   0.829000   0.829000   0.829000   0.829000   0.838000   0.847000   0.877200   0.901000   0.901000 
46   0.825200   0.825200   0.825200   0.825200   0.825200   0.825200   0.825200   0.825200   0.834400   0.843600   0.874600   0.898800   0.898800 
47   0.821400   0.821400   0.821400   0.821400   0.821400   0.821400   0.821400   0.821400   0.830800   0.840200   0.872000   0.896600   0.896600 
48   0.817600   0.817600   0.817600   0.817600   0.817600   0.817600   0.817600   0.817600   0.827200   0.837000   0.869400   0.894400   0.894400 
49   0.813800   0.813800   0.813800   0.813800   0.813800   0.813800   0.813800   0.813800   0.823600   0.833800   0.866800   0.892200   0.892200 
50   0.810000   0.810000   0.810000   0.810000   0.810000   0.810000   0.810000   0.810000   0.820000   0.830600   0.864200   0.890000   0.890000 
51   0.806200   0.806200   0.806200   0.806200   0.806200   0.806200   0.806200   0.806200   0.816400   0.827400   0.861600   0.887800   0.887800 
52   0.802400   0.802400   0.802400   0.802400   0.802400   0.802400   0.802400   0.802400   0.812800   0.824200   0.859000   0.885600   0.885600 
53   0.798600   0.798600   0.798600   0.798600   0.798600   0.798600   0.798600   0.798600   0.809200   0.821000   0.856400   0.883400   0.883400 
54   0.794800   0.794800   0.794800   0.794800   0.794800   0.794800   0.794800   0.794800   0.805600   0.817800   0.853800   0.881200   0.881200 
55   0.791000   0.791000   0.791000   0.791000   0.791000   0.791000   0.791000   0.791000   0.802000   0.814600   0.851200   0.879000   0.879000 
56   0.787200   0.787200   0.787200   0.787200   0.787200   0.787200   0.787200   0.787200   0.798400   0.811400   0.848600   0.876800   0.876800 
57   0.783400   0.783400   0.783400   0.783400   0.783400   0.783400   0.783400   0.783400   0.794800   0.808200   0.846000   0.874600   0.874600 
58   0.779600   0.779600   0.779600   0.779600   0.779600   0.779600   0.779600   0.779600   0.791200   0.805000   0.843400   0.872400   0.872400 
59   0.775800   0.775800   0.775800   0.775800   0.775800   0.775800   0.775800   0.775800   0.787600   0.801800   0.840800   0.870200   0.870200 
60   0.772000   0.772000   0.772000   0.772000   0.772000   0.772000   0.772000   0.772000   0.784000   0.798600   0.838200   0.868000   0.868000 
61   0.768200   0.768200   0.768200   0.768200   0.768200   0.768200   0.768200   0.768200   0.780600   0.795400   0.835600   0.865800   0.865800 
62   0.764400   0.764400   0.764400   0.764400   0.764400   0.764400   0.764400   0.764400   0.777200   0.792200   0.833000   0.863600   0.863600 
63   0.760600   0.760600   0.760600   0.760600   0.760600   0.760600   0.760600   0.760600   0.773800   0.789000   0.830400   0.861400   0.861400 
64   0.756800   0.756800   0.756800   0.756800   0.756800   0.756800   0.756800   0.756800   0.770400   0.785800   0.827800   0.859200   0.859200 
65   0.753000   0.753000   0.753000   0.753000   0.753000   0.753000   0.753000   0.753000   0.767000   0.782600   0.825200   0.857000   0.857000 
66   0.749200   0.749200   0.749200   0.749200   0.749200   0.749200   0.749200   0.749200   0.763600   0.779400   0.822600   0.854800   0.854800 
67   0.745400   0.745400   0.745400   0.745400   0.745600   0.745400   0.745400   0.745400   0.760200   0.776200   0.820000   0.852600   0.852600 
68   0.741600   0.741600   0.741600   0.741600   0.742000   0.741600   0.741600   0.741600   0.756800   0.773000   0.817400   0.850400   0.850400 
69   0.737800   0.737800   0.737800   0.737800   0.738400   0.737800   0.737800   0.737800   0.753400   0.769800   0.814800   0.848200   0.848200 
70   0.734000   0.734000   0.734000   0.734000   0.734800   0.734000   0.734000   0.734200   0.750000   0.766600   0.812200   0.846000   0.846000 
71   0.730200   0.730200   0.730200   0.730200   0.731200   0.730200   0.730200   0.730600   0.746600   0.763400   0.809600   0.843800   0.843800 
72   0.726400   0.726400   0.726400   0.726400   0.727600   0.726400   0.726400   0.727000   0.743200   0.760200   0.807000   0.841600   0.841600 
73   0.722600   0.722600   0.722600   0.722600   0.724000   0.722600   0.722600   0.723400   0.739800   0.757000   0.804400   0.839400   0.839400 
74   0.718800   0.718800   0.718800   0.719000   0.720400   0.718800   0.718800   0.719800   0.736400   0.753800   0.801800   0.837200   0.837200 
75   0.715000   0.715000   0.715000   0.715400   0.716800   0.715000   0.715000   0.716200   0.733000   0.750600   0.799200   0.835000   0.835000 
76   0.711200   0.711200   0.711200   0.711800   0.713200   0.711200   0.711200   0.712600   0.729600   0.747400   0.796600   0.832800   0.832800 
77   0.707400   0.707400   0.707400   0.708200   0.709600   0.707400   0.707400   0.709200   0.726200   0.744200   0.794000   0.830600   0.830600 
78   0.703600   0.703600   0.703600   0.704600   0.706000   0.703600   0.703600   0.705800   0.722800   0.741000   0.791400   0.828400   0.828400 
79   0.699800   0.699800   0.699800   0.701000   0.702400   0.699800   0.699800   0.702400   0.719400   0.737800   0.788800   0.826200   0.826200 
80   0.696000   0.696000   0.696000   0.697400   0.698800   0.696000   0.696000   0.699000   0.716000   0.734600   0.786200   0.824000   0.824000 
81   0.692200   0.692200   0.692200   0.693800   0.695200   0.692200   0.692200   0.695800   0.712600   0.731600   0.783600   0.821800   0.821800 
82   0.688400   0.688400   0.688400   0.690200   0.691600   0.688400   0.688400   0.692600   0.709200   0.728600   0.781000   0.819600   0.819600 
83   0.684600   0.684600   0.684600   0.686600   0.688000   0.684600   0.684600   0.689400   0.705800   0.725600   0.778400   0.817400   0.817400 
84   0.680800   0.680800   0.680800   0.683000   0.684400   0.680800   0.680800   0.686200   0.702400   0.722600   0.775800   0.815200   0.815200 
85   0.677000   0.677000   0.677000   0.679400   0.680800   0.677000   0.677000   0.683000   0.699000   0.719600   0.773200   0.813000   0.813000 
86   0.673200   0.673200   0.673200   0.675800   0.677200   0.673200   0.673200   0.679800   0.695600   0.716600   0.770600   0.810800   0.810800 
87   0.669400   0.669400   0.669400   0.672200   0.673600   0.669400   0.669400   0.676600   0.692200   0.713600   0.768000   0.808600   0.808600 
88   0.665600   0.665600   0.665600   0.668600   0.670000   0.665600   0.665600   0.673400   0.688800   0.710600   0.765400   0.806400   0.806400 
89   0.661800   0.661800   0.661800   0.665000   0.666400   0.661800   0.661800   0.670200   0.685400   0.707600   0.762800   0.804200   0.804200 
90   0.658000   0.658000   0.658000   0.661400   0.662800   0.658000   0.658000   0.667000   0.682000   0.704600   0.760200   0.802000   0.802000 
91   0.654200   0.654200   0.654200   0.657800   0.659200   0.654200   0.654200   0.663800   0.678600   0.701600   0.757600   0.799800   0.799800 
92   0.650400   0.650400   0.650400   0.654200   0.655600   0.650400   0.650400   0.660600   0.675200   0.698600   0.755000   0.797600   0.797600 
93   0.646600   0.646600   0.646600   0.650600   0.652000   0.646600   0.646600   0.657400   0.671800   0.695600   0.752400   0.795400   0.795400 
94   0.642800   0.642800   0.642800   0.647000   0.648400   0.642800   0.642800   0.654200   0.668400   0.692600   0.749800   0.793200   0.793200 
95   0.639000   0.639000   0.639000   0.643400   0.644800   0.639200   0.639000   0.651000   0.665000   0.689600   0.747200   0.791000   0.791000 
96   0.635400   0.635200   0.635200   0.639800   0.641200   0.635600   0.635200   0.647800   0.661600   0.686600   0.744600   0.788800   0.788800 
97   0.631800   0.631400   0.631600   0.636200   0.637600   0.632000   0.631400   0.644600   0.658200   0.683600   0.742000   0.786600   0.786600 
98   0.628200   0.627800   0.628000   0.632600   0.634000   0.628400   0.627600   0.641400   0.654800   0.680600   0.739400   0.784400   0.784400 
99   0.624600   0.624200   0.624400   0.629000   0.630400   0.624800   0.623800   0.638200   0.651400   0.677600   0.736800   0.782200   0.782200 
100   0.621000   0.620600   0.620800   0.625400   0.626800   0.621200   0.620000   0.635000   0.648000   0.674600   0.734200   0.780000   0.780000 
101   0.617400   0.617000   0.617200   0.621800   0.623200   0.617600   0.616200   0.631800   0.644600   0.671600   0.731600   0.777800   0.777800 
102   0.613800   0.613400   0.613600   0.618200   0.619600   0.614000   0.612400   0.628600   0.641200   0.668600   0.729000   0.775600   0.775600 
103   0.610200   0.609800   0.610000   0.614600   0.616000   0.610400   0.608600   0.625400   0.637800   0.665600   0.726400   0.773400   0.773400 
104   0.606600   0.606200   0.606400   0.611000   0.612400   0.606800   0.604800   0.622200   0.634400   0.662600   0.723800   0.771200   0.771200 
105   0.603000   0.602600   0.602800   0.607400   0.608800   0.603200   0.601000   0.619200   0.631000   0.659600   0.721200   0.769000   0.769000 
106   0.599400   0.599000   0.599200   0.603800   0.605200   0.599600   0.597200   0.616200   0.627800   0.656600   0.718600   0.766800   0.766800 
107   0.596000   0.595400   0.595600   0.600200   0.601600   0.596000   0.593600   0.613200   0.624600   0.653600   0.716000   0.764600   0.764600 
108   0.592600   0.591800   0.592000   0.596600   0.598000   0.592400   0.590000   0.610200   0.621400   0.650600   0.713400   0.762400   0.762400 
109   0.589200   0.588200   0.588400   0.593000   0.594400   0.588800   0.586400   0.607200   0.618200   0.647600   0.710800   0.760200   0.760200 
110   0.585800   0.584600   0.584800   0.589400   0.590800   0.585200   0.582800   0.604200   0.615200   0.644600   0.708200   0.758000   0.758000 
111   0.582400   0.581000   0.581200   0.585800   0.587200   0.581800   0.579200   0.601200   0.612200   0.641600   0.705600   0.755800   0.755800 
112   0.579000   0.577400   0.577600   0.582200   0.583600   0.578400   0.575600   0.598200   0.609200   0.638600   0.703000   0.753600   0.753600 
113   0.575600   0.573800   0.574000   0.578600   0.580000   0.575000   0.572000   0.595400   0.606200   0.635600   0.700400   0.751400   0.751400 
114   0.572200   0.570400   0.570400   0.575000   0.576400   0.571600   0.568400   0.592600   0.603200   0.632600   0.697800   0.749200   0.749200 
115   0.568800   0.567000   0.566800   0.571400   0.572800   0.568200   0.564800   0.589800   0.600200   0.629600   0.695200   0.747000   0.747000 
116   0.565400   0.563600   0.563200   0.567800   0.569200   0.564800   0.561200   0.587000   0.597200   0.626600   0.692600   0.744800   0.744800 
117   0.562000   0.560200   0.559600   0.564200   0.565600   0.561400   0.557600   0.584200   0.594200   0.623600   0.690000   0.742600   0.742600 
118   0.558600   0.557000   0.556000   0.560600   0.562000   0.558000   0.554000   0.581400   0.591200   0.620600   0.687400   0.740400   0.740400 
119   0.555200   0.553800   0.552400   0.557000   0.558400   0.554600   0.550400   0.578600   0.588200   0.617600   0.684800   0.738200   0.738200 
120   0.551800   0.550600   0.548800   0.553400   0.554800   0.551200   0.546800   0.575800   0.585200   0.614600   0.682200   0.736000   0.736000 
121   0.548400   0.547400   0.545200   0.549800   0.551200   0.547800   0.543200   0.573000   0.582200   0.611600   0.679600   0.733800   0.733800 
122   0.545000   0.544200   0.541800   0.546200   0.547800   0.544400   0.539600   0.570200   0.579200   0.608600   0.677000   0.731600   0.731600 
123   0.541600   0.541000   0.538600   0.542600   0.544400   0.541000   0.536000   0.567400   0.576200   0.605600   0.674400   0.729400   0.729400 
124   0.538400   0.537800   0.535400   0.539200   0.541000   0.537600   0.532400   0.564600   0.573200   0.602600   0.671800   0.727200   0.727400 
125   0.535200   0.534600   0.532200   0.535800   0.537600   0.534200   0.528800   0.561800   0.570200   0.599600   0.669200   0.725000   0.725400 
126   0.532000   0.531400   0.529000   0.532400   0.534200   0.530800   0.525200   0.559000   0.567200   0.596600   0.666600   0.722800   0.723400 
127   0.528800   0.528200   0.525800   0.529000   0.530800   0.527400   0.521600   0.556200   0.564200   0.593600   0.664000   0.720600   0.721400 
128   0.525600   0.525000   0.522600   0.525600   0.527400   0.524000   0.518000   0.553400   0.561200   0.590800   0.661400   0.718400   0.719400 
129   0.522400   0.521800   0.519400   0.522200   0.524000   0.520600   0.514400   0.550600   0.558200   0.588000   0.658800   0.716200   0.717400 
130   0.519200   0.518600   0.516200   0.518800   0.520600   0.517400   0.510800   0.547800   0.555200   0.585200   0.656200   0.714000   0.715400 
131   0.516000   0.515400   0.513000   0.515400   0.517200   0.514200   0.507200   0.545000   0.552200   0.582400   0.653600   0.711800   0.713400 
132   0.512800   0.512200   0.509800   0.512000   0.513800   0.511000   0.503600   0.542200   0.549200   0.579600   0.651000   0.709600   0.711400 
133   0.509600   0.509000   0.506600   0.508600   0.510400   0.507800   0.500000   0.539400   0.546200   0.576800   0.648400   0.707400   0.709400 
134   0.506400   0.505800   0.503400   0.505200   0.507000   0.504600   0.496400   0.536600   0.543200   0.574000   0.645800   0.705200   0.707400 
135   0.503200   0.502600   0.500200   0.501800   0.503600   0.501400   0.492800   0.533800   0.540200   0.571200   0.643200   0.703000   0.705400 
136   0.500000   0.499400   0.497000   0.498400   0.500200   0.498200   0.489200   0.531000   0.537200   0.568400   0.640600   0.700800   0.703400 
137   0.496800   0.496200   0.493800   0.495000   0.496800   0.495000   0.485600   0.528200   0.534200   0.565600   0.638000   0.698600   0.701400 
138   0.493600   0.493000   0.490600   0.491600   0.493600   0.491800   0.482000   0.525400   0.531200   0.562800   0.635400   0.696400   0.699400 
139   0.490400   0.489800   0.487400   0.488200   0.490400   0.488600   0.478400   0.522600   0.528200   0.560000   0.632800   0.694200   0.697400 
140   0.487200   0.486600   0.484200   0.484800   0.487200   0.485400   0.475000   0.520000   0.525200   0.557200   0.630200   0.692000   0.695400 
141   0.484000   0.483400   0.481000   0.481400   0.484000   0.482200   0.471600   0.517400   0.522200   0.554400   0.627800   0.689800   0.693400 
142   0.480800   0.480200   0.477800   0.478000   0.480800   0.479000   0.468200   0.514800   0.519200   0.551600   0.625400   0.687600   0.691400 
143   0.477600   0.477000   0.474600   0.474600   0.477600   0.475800   0.464800   0.512200   0.516200   0.548800   0.623000   0.685400   0.689400 
144   0.474400   0.473800   0.471400   0.471200   0.474400   0.472600   0.461600   0.509600   0.513200   0.546000   0.620600   0.683200   0.687400 
145   0.471200   0.470600   0.468200   0.467800   0.471200   0.469400   0.458400   0.507000   0.510200   0.543200   0.618200   0.681000   0.685400 
146   0.468000   0.467400   0.465000   0.464400   0.468000   0.466200   0.455200   0.504400   0.507200   0.540400   0.615800   0.678800   0.683400 
147   0.464800   0.464200   0.461800   0.461000   0.464800   0.463000   0.452000   0.501800   0.504200   0.537600   0.613400   0.676600   0.681400 
148   0.461600   0.461000   0.458600   0.457600   0.461600   0.459800   0.448800   0.499200   0.501200   0.534800   0.611000   0.674400   0.679400 
149   0.458400   0.457800   0.455400   0.454200   0.458400   0.456600   0.445600   0.496600   0.498200   0.532000   0.608600   0.672200   0.677400 
150   0.455200   0.454600   0.452200   0.450800   0.455400   0.453400   0.442400   0.494000   0.495200   0.529200   0.606200   0.670000   0.675400 
151   0.452000   0.451400   0.449000   0.447600   0.452400   0.450200   0.439200   0.491400   0.492200   0.526400   0.603800   0.667800   0.673400 
152   0.448800   0.448200   0.445800   0.444400   0.449400   0.447200   0.436200   0.488800   0.489200   0.523600   0.601400   0.665600   0.671400 
153   0.445600   0.445000   0.442600   0.441200   0.446400   0.444200   0.433200   0.486200   0.486200   0.521000   0.599000   0.663400   0.669400 
154   0.442400   0.441800   0.439400   0.438000   0.443400   0.441200   0.430200   0.483600   0.483400   0.518400   0.596600   0.661200   0.667400 
155   0.439200   0.438600   0.436200   0.434800   0.440400   0.438200   0.427200   0.481000   0.480600   0.515800   0.594200   0.659000   0.665600 
156   0.436000   0.435400   0.433000   0.431600   0.437400   0.435200   0.424200   0.478400   0.477800   0.513200   0.591800   0.656800   0.663800 
157   0.432800   0.432200   0.429800   0.428400   0.434400   0.432200   0.421200   0.475800   0.475000   0.510600   0.589400   0.654600   0.662000 
158   0.429600   0.429000   0.426600   0.425200   0.431400   0.429200   0.418200   0.473200   0.472200   0.508000   0.587000   0.652400   0.660200 
159   0.426400   0.425800   0.423400   0.422000   0.428400   0.426200   0.415200   0.470600   0.469400   0.505400   0.584600   0.650200   0.658400 
160   0.423200   0.422600   0.420200   0.418800   0.425400   0.423200   0.412200   0.468000   0.466600   0.502800   0.582200   0.648000   0.656600 
161   0.420000   0.419400   0.417000   0.415600   0.422400   0.420200   0.409200   0.465400   0.463800   0.500200   0.579800   0.645800   0.654800 
162   0.416800   0.416200   0.413800   0.412400   0.419400   0.417200   0.406200   0.462800   0.461000   0.497600   0.577400   0.643600   0.653000 
163   0.413600   0.413000   0.410600   0.409200   0.416400   0.414200   0.403200   0.460200   0.458200   0.495000   0.575000   0.641400   0.651200 
164   0.410400   0.409800   0.407400   0.406000   0.413400   0.411200   0.400200   0.457600   0.455400   0.492400   0.572600   0.639200   0.649400 
165   0.407200   0.406600   0.404200   0.402800   0.410400   0.408200   0.397200   0.455000   0.452600   0.489800   0.570200   0.637000   0.647600 
166   0.404000   0.403400   0.401000   0.399800   0.407400   0.405200   0.394200   0.452400   0.449800   0.487200   0.567800   0.634800   0.645800 
167   0.400800   0.400200   0.397800   0.396800   0.404400   0.402200   0.391200   0.449800   0.447000   0.484600   0.565400   0.632600   0.644000 
168   0.397600   0.397000   0.394600   0.393800   0.401400   0.399200   0.388200   0.447200   0.444200   0.482000   0.563000   0.630400   0.642200 
169   0.394400   0.393800   0.391400   0.390800   0.398400   0.396200   0.385200   0.444600   0.441400   0.479400   0.560600   0.628200   0.640400 
170   0.391400   0.390600   0.388200   0.387800   0.395400   0.393200   0.382400   0.442000   0.438600   0.476800   0.558200   0.626000   0.638600 
171   0.388400   0.387600   0.385200   0.384800   0.392400   0.390200   0.379600   0.439400   0.435800   0.474200   0.555800   0.623800   0.636800 
172   0.385400   0.384600   0.382200   0.381800   0.389400   0.387200   0.376800   0.436800   0.433000   0.471600   0.553400   0.621600   0.635000 
173   0.382400   0.381600   0.379200   0.378800   0.386400   0.384200   0.374000   0.434200   0.430200   0.469000   0.551000   0.619400   0.633200 
174   0.379400   0.378600   0.376200   0.375800   0.383400   0.381200   0.371200   0.431600   0.427400   0.466400   0.548600   0.617200   0.631400 
175   0.376400   0.375600   0.373200   0.372800   0.380400   0.378200   0.368400   0.429000   0.424600   0.464000   0.546200   0.615000   0.629600 
176   0.373400   0.372600   0.370200   0.369800   0.377400   0.375200   0.365600   0.426400   0.421800   0.461600   0.543800   0.612800   0.627800 
177   0.370400   0.369600   0.367200   0.366800   0.374400   0.372200   0.362800   0.423800   0.419000   0.459200   0.541400   0.610800   0.626000 
178   0.367400   0.366600   0.364200   0.363800   0.371400   0.369200   0.360000   0.421200   0.416200   0.456800   0.539000   0.608800   0.624200 
179   0.364400   0.363600   0.361200   0.360800   0.368400   0.366200   0.357200   0.418600   0.413400   0.454400   0.536600   0.606800   0.622400 
180   0.361400   0.360600   0.358200   0.357800   0.365400   0.363200   0.354400   0.416000   0.410600   0.452000   0.534200   0.604800   0.620600 
181   0.358400   0.357600   0.355200   0.354800   0.362400   0.360200   0.351600   0.413400   0.407800   0.449600   0.531800   0.602800   0.618800 
182   0.355400   0.354600   0.352200   0.351800   0.359400   0.357200   0.348800   0.410800   0.405000   0.447200   0.529400   0.600800   0.617000 
183   0.352400   0.351600   0.349200   0.348800   0.356400   0.354200   0.346000   0.408200   0.402200   0.444800   0.527000   0.598800   0.615200 
184   0.349400   0.348600   0.346200   0.345800   0.353400   0.351200   0.343200   0.405600   0.399400   0.442400   0.524800   0.596800   0.613400 
185   0.346400   0.345600   0.343200   0.342800   0.350400   0.348200   0.340400   0.403000   0.396600   0.440000   0.522600   0.594800   0.611600 
186   0.343400   0.342600   0.340200   0.339800   0.347400   0.345200   0.337600   0.400400   0.393800   0.437600   0.520400   0.592800   0.609800 
187   0.340400   0.339600   0.337200   0.336800   0.344400   0.342200   0.334800   0.397800   0.391000   0.435200   0.518200   0.590800   0.608000 
188   0.337400   0.336600   0.334200   0.333800   0.341400   0.339200   0.332000   0.395200   0.388200   0.432800   0.516000   0.588800   0.606200 
189   0.334400   0.333600   0.331200   0.330800   0.338400   0.336200   0.329200   0.392600   0.385400   0.430400   0.513800   0.586800   0.604400 
190   0.331400   0.330600   0.328200   0.327800   0.335400   0.333200   0.326400   0.390000   0.382600   0.428000   0.511600   0.584800   0.602600 
191   0.328400   0.327600   0.325200   0.324800   0.332400   0.330200   0.323600   0.387400   0.379800   0.425600   0.509400   0.582800   0.600800 
192   0.325400   0.324600   0.322200   0.321800   0.329400   0.327200   0.320800   0.384800   0.377000   0.423200   0.507200   0.580800   0.599000 
193   0.322400   0.321600   0.319200   0.318800   0.326400   0.324200   0.318000   0.382200   0.374200   0.420800   0.505200   0.578800   0.597200 
194   0.319400   0.318600   0.316200   0.315800   0.323400   0.321200   0.315200   0.379800   0.371400   0.418600   0.503200   0.576800   0.595400 
195   0.316400   0.315600   0.313200   0.312800   0.320400   0.318200   0.312400   0.377400   0.368600   0.416400   0.501200   0.574800   0.593600 
196   0.313400   0.312600   0.310200   0.309800   0.317400   0.315200   0.309600   0.375000   0.365800   0.414200   0.499200   0.572800   0.591800 
197   0.310400   0.309600   0.307200   0.306800   0.314400   0.312200   0.306800   0.372600   0.363000   0.412000   0.497200   0.570800   0.590000 
198   0.307400   0.306600   0.304400   0.303800   0.311400   0.309200   0.304000   0.370200   0.360200   0.409800   0.495200   0.568800   0.588200 
199   0.304400   0.303600   0.301600   0.300800   0.308400   0.306200   0.301200   0.367800   0.357400   0.407600   0.493200   0.566800   0.586400 
200   0.301400   0.300600   0.298800   0.297800   0.305400   0.303200   0.298400   0.365400   0.354600   0.405400   0.491200   0.564800   0.584600 
201   0.298400   0.297600   0.296000   0.294800   0.302400   0.300200   0.295600   0.363000   0.351800   0.403200   0.489200   0.562800   0.582800 
202   0.295400   0.294600   0.293200   0.291800   0.299400   0.297200   0.292800   0.360600   0.349000   0.401000   0.487200   0.560800   0.581000 
203   0.292400   0.291600   0.290400   0.288800   0.296400   0.294200   0.290000   0.358200   0.346200   0.398800   0.485200   0.558800   0.579200 
204   0.289400   0.288600   0.287600   0.285800   0.293400   0.291200   0.287200   0.355800   0.343400   0.396600   0.483200   0.556800   0.577400 
205   0.286400   0.285600   0.284800   0.282800   0.290600   0.288200   0.284400   0.353400   0.340600   0.394400   0.481200   0.554800   0.575600 
206   0.283400   0.282600   0.282000   0.279800   0.287800   0.285400   0.281600   0.351000   0.337800   0.392400   0.479200   0.552800   0.573800 
207   0.280400   0.279800   0.279200   0.276800   0.285000   0.282600   0.278800   0.348600   0.335000   0.390400   0.477200   0.550800   0.572000 
208   0.277400   0.277000   0.276400   0.273800   0.282200   0.279800   0.276000   0.346200   0.332200   0.388400   0.475200   0.548800   0.570200 
209   0.274400   0.274200   0.273600   0.271000   0.279400   0.277000   0.273200   0.343800   0.329400   0.386400   0.473200   0.546800   0.568400 
210   0.271400   0.271400   0.270800   0.268200   0.276600   0.274200   0.270400   0.341400   0.326600   0.384400   0.471200   0.544800   0.566600 
211   0.268400   0.268600   0.268000   0.265400   0.273800   0.271400   0.267800   0.339000   0.323800   0.382400   0.469200   0.542800   0.564800 
212   0.265400   0.265800   0.265200   0.262600   0.271000   0.268600   0.265200   0.336600   0.321000   0.380400   0.467200   0.540800   0.563200 
213   0.262400   0.263000   0.262400   0.259800   0.268200   0.265800   0.262600   0.334200   0.318200   0.378400   0.465200   0.538800   0.561600 
214   0.259600   0.260200   0.259600   0.257000   0.265400   0.263000   0.260000   0.331800   0.315400   0.376400   0.463200   0.536800   0.560000 
215   0.256800   0.257400   0.256800   0.254200   0.262600   0.260200   0.257400   0.329400   0.312600   0.374400   0.461200   0.534800   0.558400 
216   0.254000   0.254600   0.254000   0.251400   0.259800   0.257400   0.254800   0.327000   0.309800   0.372400   0.459200   0.532800   0.556800 
217   0.251200   0.251800   0.251200   0.248600   0.257000   0.254600   0.252200   0.324800   0.307000   0.370400   0.457200   0.530800   0.555200 
218   0.248400   0.249000   0.248600   0.245800   0.254200   0.251800   0.249600   0.322600   0.304200   0.368400   0.455200   0.528800   0.553600 
219   0.245600   0.246200   0.246000   0.243000   0.251400   0.249000   0.247000   0.320400   0.301400   0.366400   0.453200   0.526800   0.552000 
220   0.243000   0.243400   0.243400   0.240200   0.248600   0.246200   0.244400   0.318200   0.298600   0.364400   0.451200   0.524800   0.550400 
221   0.240400   0.240600   0.240800   0.237400   0.246000   0.243400   0.241800   0.316000   0.296400   0.362400   0.449200   0.522800   0.548800 
222   0.237800   0.237800   0.238200   0.234600   0.243400   0.240600   0.239200   0.313800   0.294200   0.360400   0.447200   0.520800   0.547200 
223   0.235200   0.235200   0.235600   0.232000   0.240800   0.237800   0.236600   0.311600   0.292000   0.358400   0.445200   0.518800   0.545600 
224   0.232600   0.232800   0.233000   0.229400   0.238200   0.235000   0.234000   0.309400   0.289800   0.356400   0.443200   0.516800   0.544000 
225   0.230200   0.230400   0.230400   0.226800   0.235600   0.232200   0.231400   0.307200   0.287600   0.354400   0.441200   0.514800   0.542400 
226   0.227800   0.228000   0.227800   0.224200   0.233000   0.229400   0.228800   0.305000   0.285400   0.352400   0.439200   0.512800   0.540800 
227   0.225400   0.225600   0.225200   0.221600   0.230400   0.226600   0.226200   0.302800   0.283200   0.350400   0.437200   0.510800   0.539200 
228   0.223000   0.223200   0.222600   0.219000   0.227800   0.223800   0.223600   0.300600   0.281000   0.348400   0.435200   0.508800   0.537600 
229   0.220600   0.220800   0.220000   0.216400   0.225200   0.221000   0.221000   0.298400   0.278800   0.346400   0.433400   0.506800   0.536000 
230   0.218200   0.218400   0.217400   0.213800   0.222600   0.218200   0.218400   0.296200   0.276600   0.344400   0.431600   0.504800   0.534400 
231   0.215800   0.216000   0.214800   0.211200   0.220000   0.215400   0.215800   0.294000   0.274400   0.342400   0.429800   0.502800   0.532800 
232   0.213400   0.213600   0.212200   0.208600   0.217400   0.212800   0.213400   0.291800   0.272200   0.340400   0.428000   0.500800   0.531200 
233   0.211000   0.211200   0.209600   0.206200   0.214800   0.210400   0.211000   0.289600   0.270200   0.338400   0.426200   0.498800   0.529600 
234   0.208600   0.208800   0.207200   0.203800   0.212200   0.208000   0.208600   0.287400   0.268200   0.336400   0.424400   0.496800   0.528000 
235   0.206200   0.206400   0.204800   0.201400   0.209600   0.205600   0.206200   0.285200   0.266200   0.334400   0.422600   0.494800   0.526400 
236   0.203800   0.204000   0.202400   0.199000   0.207200   0.203200   0.203800   0.283000   0.264200   0.332600   0.420800   0.492800   0.524800 
237   0.201400   0.201800   0.200000   0.196600   0.204800   0.200800   0.201400   0.280800   0.262200   0.330800   0.419200   0.490800   0.523200 
238   0.199000   0.199600   0.197600   0.194200   0.202400   0.198400   0.199000   0.278600   0.260200   0.329000   0.417600   0.488800   0.521600 
239   0.196600   0.197400   0.195200   0.192000   0.200000   0.196000   0.196600   0.276400   0.258200   0.327200   0.416000   0.486800   0.520000 
240   0.194200   0.195200   0.192800   0.189800   0.197600   0.193600   0.194400   0.274200   0.256200   0.325400   0.414400   0.484800   0.518400 
241   0.191800   0.193000   0.190400   0.187600   0.195200   0.191200   0.192200   0.272000   0.254200   0.323600   0.412800   0.482800   0.516800 
242   0.189400   0.190800   0.188000   0.185400   0.192800   0.188800   0.190000   0.269800   0.252200   0.321800   0.411200   0.480800   0.515200 
243   0.187200   0.188600   0.185600   0.183400   0.190400   0.186400   0.187800   0.267600   0.250200   0.320000   0.409600   0.478800   0.513600 
244   0.185000   0.186400   0.183200   0.181400   0.188000   0.184000   0.185600   0.265400   0.248200   0.318200   0.408000   0.476800   0.512000 
245   0.182800   0.184200   0.180800   0.179400   0.185600   0.181600   0.183400   0.263200   0.246200   0.316400   0.406400   0.474800   0.510400 
246   0.180600   0.182000   0.178400   0.177400   0.183200   0.179200   0.181200   0.261000   0.244200   0.314600   0.404800   0.472800   0.508800 
247   0.178400   0.179800   0.176200   0.175400   0.180800   0.176800   0.179000   0.258800   0.242200   0.312800   0.403200   0.470800   0.507200 
248   0.176200   0.177600   0.174000   0.173400   0.178400   0.174400   0.176800   0.256600   0.240200   0.311000   0.401600   0.468800   0.505600 
249   0.174000   0.175400   0.171800   0.171400   0.176000   0.172200   0.174600   0.254400   0.238200   0.309200   0.400000   0.466800   0.504000 
250   0.171800   0.173200   0.169600   0.169400   0.173600   0.170000   0.172400   0.252200   0.236400   0.307400   0.398400   0.464800   0.502400 
251   0.169600   0.171000   0.167400   0.167400   0.171200   0.167800   0.170200   0.250000   0.234600   0.305600   0.396800   0.462800   0.500800 
252   0.167400   0.168800   0.165200   0.165400   0.168800   0.165600   0.168000   0.248000   0.232800   0.303800   0.395200   0.460800   0.499200 
253   0.165200   0.166600   0.163000   0.163400   0.166400   0.163400   0.165800   0.246200   0.231000   0.302000   0.393600   0.458800   0.497600 
254   0.163000   0.164400   0.160800   0.161400   0.164200   0.161200   0.163600   0.244400   0.229200   0.300200   0.392000   0.456800   0.496000 
255   0.160800   0.162200   0.158600   0.159400   0.162000   0.159000   0.161400   0.242600   0.227400   0.298400   0.390400   0.454800   0.494400 
256   0.158600   0.160000   0.156400   0.157400   0.159800   0.156800   0.159200   0.240800   0.225600   0.296600   0.388800   0.452800   0.492800 
257   0.156400   0.157800   0.154200   0.155400   0.157600   0.154600   0.157000   0.239000   0.223800   0.294800   0.387200   0.450800   0.491200 
258   0.154200   0.155600   0.152000   0.153400   0.155400   0.152400   0.154800   0.237200   0.222000   0.293000   0.385600   0.448800   0.489600 
259   0.152000   0.153400   0.149800   0.151400   0.153200   0.150200   0.152600   0.235400   0.220400   0.291200   0.384000   0.446800   0.488000 
260   0.149800   0.151200   0.147800   0.149400   0.151200   0.148000   0.150400   0.233600   0.218800   0.289400   0.382400   0.444800   0.486400 
261   0.147800   0.149000   0.145800   0.147400   0.149200   0.145800   0.148200   0.231800   0.217200   0.287600   0.380800   0.442800   0.484800 
262   0.145800   0.146800   0.143800   0.145400   0.147200   0.143600   0.146000   0.230000   0.215600   0.285800   0.379200   0.440800   0.483200 
263   0.143800   0.144600   0.141800   0.143400   0.145200   0.141400   0.143800   0.228200   0.214000   0.284000   0.377600   0.438800   0.481600 
264   0.141800   0.142600   0.139800   0.141400   0.143200   0.139200   0.141600   0.226400   0.212400   0.282200   0.376000   0.436800   0.480000 
265   0.139800   0.140600   0.137800   0.139400   0.141200   0.137000   0.139400   0.224600   0.210800   0.280400   0.374400   0.434800   0.478400 
266   0.137800   0.138600   0.135800   0.137400   0.139200   0.134800   0.137400   0.222800   0.209200   0.278600   0.372800   0.432800   0.476800 
267   0.135800   0.136600   0.133800   0.135400   0.137200   0.132600   0.135400   0.221000   0.207600   0.276800   0.371200   0.430800   0.475200 
268   0.133800   0.134600   0.131800   0.133400   0.135200   0.130400   0.133400   0.219200   0.206000   0.275000   0.369600   0.428800   0.473600 
269   0.131800   0.132600   0.129800   0.131400   0.133200   0.128200   0.131400   0.217400   0.204400   0.273200   0.368000   0.426800   0.472000 
270   0.129800   0.130600   0.127800   0.129400   0.131200   0.126000   0.129400   0.215600   0.202800   0.271400   0.366400   0.424800   0.470400 
271   0.127800   0.128600   0.125800   0.127400   0.129200   0.123800   0.127600   0.213800   0.201200   0.269600   0.364800   0.422800   0.468800 
272   0.125800   0.126600   0.123800   0.125400   0.127200   0.121600   0.125800   0.212000   0.199600   0.267800   0.363200   0.421000   0.467200 
273   0.123800   0.124600   0.121800   0.123400   0.125200   0.119400   0.124000   0.210200   0.198000   0.266000   0.361600   0.419200   0.465600 
274   0.121800   0.122600   0.119800   0.121400   0.123200   0.117200   0.122200   0.208400   0.196400   0.264200   0.360000   0.417400   0.464000 
275   0.119800   0.120600   0.117800   0.119400   0.121200   0.115200   0.120400   0.206600   0.194800   0.262400   0.358400   0.415600   0.462400 
276   0.117800   0.118600   0.115800   0.117400   0.119200   0.113200   0.118600   0.204800   0.193200   0.260600   0.356800   0.413800   0.460800 
277   0.115800   0.116600   0.113800   0.115400   0.117200   0.111200   0.116800   0.203000   0.191600   0.258800   0.355200   0.412000   0.459200 
278   0.113800   0.114600   0.111800   0.113400   0.115200   0.109200   0.115000   0.201200   0.190000   0.257000   0.353600   0.410200   0.457600 
279   0.111800   0.112600   0.109800   0.111400   0.113400   0.107200   0.113200   0.199400   0.188400   0.255200   0.352000   0.408400   0.456000 
280   0.109800   0.110600   0.107800   0.109400   0.111600   0.105200   0.111400   0.197600   0.186800   0.253400   0.350400   0.406600   0.454400 
281   0.107800   0.108600   0.105800   0.107400   0.109800   0.103200   0.109600   0.196000   0.185000   0.251600   0.348800   0.404800   0.452800 
282   0.106000   0.106800   0.103800   0.105400   0.108000   0.101400   0.107800   0.194400   0.183200   0.249800   0.347200   0.403000   0.451200 
283   0.104200   0.105000   0.101800   0.103400   0.106200   0.099600   0.106000   0.192800   0.181600   0.247800   0.345600   0.401200   0.449600 
284   0.102400   0.103200   0.099800   0.101400   0.104400   0.097800   0.104200   0.191200   0.180000   0.245800   0.344000   0.399400   0.448000 
285   0.100600   0.101400   0.097800   0.099400   0.102800   0.096000   0.102400   0.189600   0.178400   0.243800   0.342400   0.397600   0.446400 
286   0.098800   0.099600   0.095800   0.097400   0.101200   0.094200   0.100800   0.188000   0.176800   0.241800   0.340800   0.395800   0.444800 
287   0.097000   0.097800   0.094000   0.095400   0.099600   0.092600   0.099200   0.186400   0.175200   0.239800   0.339200   0.394000   0.443200 
288   0.095200   0.096000   0.092200   0.093400   0.098000   0.091000   0.097600   0.184800   0.173600   0.237800   0.337600   0.392200   0.441600 
289   0.093400   0.094200   0.090400   0.091400   0.096400   0.089400   0.096000   0.183200   0.172000   0.235800   0.336000   0.390400   0.440000 
290   0.091600   0.092400   0.088600   0.089400   0.094800   0.087800   0.094400   0.181600   0.170400   0.233800   0.334400   0.388600   0.438400 
291   0.089800   0.090800   0.086800   0.087400   0.093200   0.086200   0.092800   0.180000   0.168800   0.231800   0.332800   0.386800   0.436800 
292   0.088000   0.089200   0.085000   0.085400   0.091600   0.084600   0.091200   0.178400   0.167200   0.229800   0.331200   0.385000   0.435200 
293   0.086400   0.087600   0.083200   0.083400   0.090000   0.083000   0.089600   0.176800   0.165600   0.227800   0.329600   0.383200   0.433600 
294   0.084800   0.086000   0.081400   0.081400   0.088400   0.081600   0.088000   0.175200   0.164000   0.225800   0.328000   0.381400   0.432000 
295   0.083200   0.084400   0.079600   0.079400   0.086800   0.080200   0.086400   0.173600   0.162400   0.223800   0.326400   0.379600   0.430400 
296   0.081600   0.082800   0.078000   0.077600   0.085200   0.078800   0.084800   0.172000   0.160800   0.221800   0.324800   0.377800   0.428800 
297   0.080000   0.081200   0.076400   0.075800   0.083600   0.077400   0.083200   0.170400   0.159200   0.219800   0.323200   0.376000   0.427200 
298   0.078400   0.079600   0.074800   0.074200   0.082200   0.076000   0.081600   0.168800   0.157600   0.218000   0.321600   0.374400   0.425600 
299   0.076800   0.078000   0.073200   0.072600   0.080800   0.074600   0.080000   0.167200   0.156000   0.216200   0.320000   0.372800   0.424000 
300   0.075200   0.076400   0.071600   0.071000   0.079400   0.073200   0.078400   0.165600   0.154400   0.214400   0.318400   0.371200   0.422400 
301   0.073600   0.074800   0.070000   0.069400   0.078000   0.071800   0.077000   0.164000   0.152800   0.212600   0.316800   0.369600   0.420800 
302   0.072000   0.073200   0.068400   0.067800   0.076600   0.070400   0.075600   0.162400   0.151200   0.210800   0.315200   0.368000   0.419200 
303   0.070400   0.071600   0.066800   0.066200   0.075200   0.069000   0.074200   0.160800   0.149600   0.209200   0.313600   0.366400   0.417600 
304   0.069000   0.070000   0.065200   0.064600   0.073800   0.067600   0.072800   0.159200   0.148000   0.207600   0.312000   0.364800   0.416000 
305   0.067600   0.068400   0.063600   0.063000   0.072400   0.066200   0.071400   0.157600   0.146400   0.206000   0.310400   0.363200   0.414400 
306   0.066200   0.066800   0.062000   0.061400   0.071000   0.064800   0.070000   0.156000   0.144800   0.204400   0.308800   0.361600   0.412800 
307   0.064800   0.065200   0.060400   0.059800   0.069600   0.063400   0.068600   0.154400   0.143200   0.202800   0.307200   0.360000   0.411200 
308   0.063400   0.063600   0.058800   0.058200   0.068200   0.062000   0.067200   0.152800   0.141600   0.201200   0.305600   0.358400   0.409600 
309   0.062000   0.062000   0.057200   0.056600   0.066800   0.060600   0.065800   0.151200   0.140000   0.199600   0.304000   0.356800   0.408000 
310   0.060600   0.060600   0.055600   0.055000   0.065400   0.059200   0.064400   0.149600   0.138400   0.198000   0.302400   0.355200   0.406400 
311   0.059200   0.059200   0.054000   0.053400   0.064000   0.057800   0.063000   0.148000   0.136800   0.196400   0.300800   0.353600   0.404800 
312   0.057800   0.057800   0.052600   0.051800   0.062600   0.056400   0.061600   0.146400   0.135200   0.194800   0.299200   0.352000   0.403200 
313   0.056400   0.056400   0.051200   0.050200   0.061200   0.055000   0.060200   0.144800   0.133600   0.193200   0.297600   0.350400   0.401600 
314   0.055000   0.055000   0.049800   0.048600   0.059800   0.053600   0.058800   0.143200   0.132000   0.191600   0.296000   0.348800   0.400000 
315   0.053600   0.053600   0.048400   0.047000   0.058400   0.052200   0.057400   0.141600   0.130400   0.190000   0.294400   0.347200   0.398400 
316   0.052200   0.052200   0.047000   0.045400   0.057000   0.050800   0.056000   0.140000   0.128800   0.188400   0.292800   0.345600   0.396800 
317   0.050800   0.050800   0.045600   0.043800   0.055600   0.049400   0.054600   0.138400   0.127200   0.186800   0.291200   0.344000   0.395200 
318   0.049400   0.049400   0.044200   0.042400   0.054200   0.048000   0.053200   0.136800   0.125600   0.185200   0.289600   0.342400   0.393600 
319   0.048000   0.048200   0.042800   0.041000   0.052800   0.046600   0.051800   0.135200   0.124000   0.183600   0.288000   0.340800   0.392000 
320   0.046600   0.047000   0.041400   0.039600   0.051400   0.045200   0.050400   0.133600   0.122400   0.182000   0.286400   0.339200   0.390400 
321   0.045200   0.045800   0.040000   0.038400   0.050000   0.043800   0.049000   0.132000   0.120800   0.180600   0.284800   0.337600   0.388800 
322   0.044000   0.044600   0.038600   0.037200   0.048600   0.042400   0.047600   0.130600   0.119200   0.179200   0.283200   0.336000   0.387200 
323   0.042800   0.043400   0.037200   0.036000   0.047200   0.041000   0.046200   0.129200   0.117600   0.177800   0.281600   0.334400   0.385600 
324   0.041600   0.042400   0.035800   0.034800   0.045800   0.039600   0.044800   0.127800   0.116000   0.176400   0.280000   0.332800   0.384000 
325   0.040600   0.041400   0.034400   0.033800   0.044400   0.038200   0.043400   0.126400   0.114400   0.175000   0.278400   0.331200   0.382400 
326   0.039600   0.040400   0.033000   0.032800   0.043000   0.036800   0.042000   0.125000   0.112800   0.173600   0.276800   0.329600   0.380800 
327   0.038600   0.039400   0.032000   0.031800   0.041600   0.035400   0.040800   0.123600   0.111200   0.172200   0.275200   0.328000   0.379400 
328   0.037600   0.038400   0.031000   0.030800   0.040200   0.034000   0.039600   0.122200   0.109600   0.170800   0.273600   0.326400   0.378000 
329   0.036600   0.037400   0.030200   0.029800   0.038800   0.032600   0.038400   0.120800   0.108000   0.169600   0.272000   0.324800   0.376600 
330   0.035600   0.036400   0.029400   0.028800   0.037600   0.031200   0.037200   0.119400   0.106400   0.168400   0.270600   0.323200   0.375200 
331   0.034600   0.035400   0.028600   0.027800   0.036600   0.029800   0.036000   0.118000   0.104800   0.167200   0.269200   0.321600   0.373800 
332   0.033600   0.034400   0.027800   0.026800   0.035600   0.028400   0.034800   0.116600   0.103200   0.166000   0.267800   0.320000   0.372400 
333   0.032600   0.033400   0.027000   0.025800   0.034600   0.027000   0.033600   0.115200   0.101600   0.164800   0.266400   0.318400   0.371000 
334   0.031600   0.032400   0.026200   0.024800   0.033600   0.025600   0.032400   0.113800   0.100000   0.163600   0.265000   0.316800   0.369600 
335   0.030600   0.031400   0.025400   0.023800   0.032600   0.024200   0.031200   0.112400   0.098400   0.162400   0.263600   0.315200   0.368200 
336   0.029600   0.030400   0.024600   0.022800   0.031600   0.022800   0.030000   0.111000   0.096800   0.161200   0.262200   0.313600   0.366800 
337   0.028600   0.029400   0.023800   0.022000   0.030600   0.021400   0.028800   0.109600   0.095200   0.160000   0.260800   0.312000   0.365400 
338   0.027600   0.028400   0.023000   0.021200   0.029600   0.020000   0.027600   0.108200   0.093600   0.158800   0.259400   0.310400   0.364000 
339   0.026600   0.027400   0.022200   0.020400   0.028600   0.018600   0.026400   0.106800   0.092000   0.157600   0.258000   0.308800   0.362600 
340   0.025600   0.026400   0.021600   0.019600   0.027600   0.017200   0.025200   0.105400   0.090400   0.156400   0.256600   0.307200   0.361200 
341   0.025000   0.025400   0.021000   0.018800   0.026600   0.015800   0.024000   0.104000   0.088800   0.155200   0.255200   0.305600   0.359800 
342   0.024400   0.024400   0.020400   0.018000   0.025600   0.014400   0.022800   0.102600   0.087200   0.154000   0.253800   0.304000   0.358400 
343   0.023800   0.023400   0.019800   0.017200   0.024600   0.013000   0.021600   0.101200   0.085600   0.152800   0.252400   0.302400   0.357000 
344   0.023200   0.022600   0.019200   0.016400   0.023600   0.011600   0.020400   0.099800   0.084000   0.151600   0.251000   0.300800   0.355600 
345   0.022600   0.021800   0.018600   0.015600   0.022600   0.010200   0.019200   0.098400   0.082400   0.150400   0.249600   0.299200   0.354200 
346   0.022000   0.021000   0.018000   0.014800   0.021600   0.008800   0.018000   0.097000   0.080800   0.149200   0.248200   0.297600   0.352800 
347   0.021400   0.020200   0.017400   0.014000   0.020600   0.007400   0.016800   0.095600   0.079200   0.148000   0.246800   0.296000   0.351400 
348   0.020800   0.019400   0.016800   0.013200   0.019600   0.006000   0.015600   0.094200   0.077600   0.146800   0.245400   0.294400   0.350000 
349   0.020200   0.018600   0.016200   0.012400   0.018600   0.004800   0.014400   0.092800   0.076000   0.145600   0.244200   0.292800   0.348600 
350   0.019600   0.017800   0.015600   0.011600   0.017600   0.003600   0.013200   0.091400   0.074400   0.144400   0.243000   0.291200   0.347200 
351   0.019000   0.017200   0.015000   0.010800   0.016600   0.002400   0.012000   0.090000   0.072800   0.143200   0.241800   0.289600   0.345800 
352   0.018400   0.016600   0.014400   0.010000   0.015600   0.001200   0.010800   0.088600   0.071200   0.142000   0.240600   0.288000   0.344400 
353   0.017800   0.016000   0.013800   0.009200   0.014600   0.000000   0.009600   0.087200   0.069600   0.140800   0.239400   0.286400   0.343000 
354   0.017200   0.015400   0.013200   0.008400   0.013600  -0.001200   0.008400   0.085800   0.068000   0.139600   0.238200   0.284800   0.341600 
355   0.016600   0.014800   0.012600   0.007600   0.012600  -0.002400   0.007200   0.084400   0.066400   0.138400   0.237000   0.283200   0.340200 
356   0.016000   0.014200   0.012000   0.006800   0.011600  -0.003600   0.006000   0.083000   0.064800   0.137200   0.235800   0.281600   0.338800 
357   0.015400   0.013600   0.011400   0.006000   0.010800  -0.004800   0.005000   0.081600   0.063200   0.136000   0.234600   0.280000   0.337400 
358   0.014800   0.013000   0.010800   0.005200   0.010000  -0.006000   0.004000   0.080200   0.061600   0.134800   0.233400   0.278400   0.336000 
359   0.014200   0.012400   0.010200   0.004400   0.009200  -0.007200   0.003000   0.078800   0.060000   0.133600   0.232200   0.276800   0.334600 
360   0.013600   0.011800   0.009600   0.003600   0.008400  -0.008400   0.002000   0.077400   0.058400   0.132400   0.231000   0.275200   0.333200 
361   0.013000   0.011200   0.009000   0.003000   0.007600  -0.009600   0.001000   0.076000   0.056800   0.131200   0.230000   0.273600   0.331800 
362   0.012400   0.010600   0.008400   0.002400   0.006800  -0.010800   0.000000   0.074800   0.055200   0.130000   0.229000   0.272000   0.330400 
363   0.011800   0.010000   0.007800   0.001800   0.006000  -0.012000  -0.001000   0.073600   0.053600   0.128800   0.228000   0.270400   0.329200 
364   0.011200   0.009400   0.007200   0.001200   0.005200  -0.013200  -0.002000   0.072400   0.052000   0.127600   0.227200   0.268800   0.328000 
365   0.010600   0.008800   0.006600   0.000600   0.004400  -0.014400  -0.003000   0.071200   0.050400   0.126400   0.226400   0.267200   0.326800 
366   0.010000   0.008200   0.006000   0.000000   0.003600  -0.015400  -0.004000   0.070000   0.048800   0.125200   0.225600   0.265600   0.325600 
367   0.009200   0.007600   0.005600  -0.000600   0.002800  -0.016400  -0.005000   0.068800   0.047200   0.124000   0.224800   0.264000   0.324400 
368   0.008400   0.007000   0.005200  -0.001200   0.002000  -0.017400  -0.006000   0.067600   0.045600   0.122800   0.224000   0.262400   0.323400 
369   0.007600   0.006400   0.004800  -0.001800   0.001200  -0.018400  -0.007000   0.066400   0.044000   0.121600   0.223200   0.261000   0.322400 
370   0.006800   0.005800   0.004400  -0.002400   0.000400  -0.019400  -0.008000   0.065200   0.042400   0.120400   0.222400   0.259600   0.321400 
371   0.006000   0.005200   0.004000  -0.003000  -0.000400  -0.020400  -0.009000   0.064000   0.040800   0.119200   0.221600   0.258200   0.320400 
372   0.005200   0.004600   0.003600  -0.003600  -0.001200  -0.021200  -0.010000   0.062800   0.039400   0.118000   0.220800   0.256800   0.319400 
373   0.004400   0.004200   0.003200  -0.004200  -0.002200  -0.022000  -0.011000   0.061600   0.038000   0.116800   0.220000   0.255400   0.318400 
374   0.003600   0.003800   0.002800  -0.004800  -0.003200  -0.022800  -0.012000   0.060400   0.036600   0.115600   0.219200   0.254000   0.317400 
375   0.002800   0.003400   0.002400  -0.005400  -0.004200  -0.023600  -0.013000   0.059400   0.035200   0.114400   0.218400   0.252600   0.316400 
376   0.002200   0.003000   0.002000  -0.006000  -0.005200  -0.024400  -0.014000   0.058400   0.033800   0.113200   0.217600   0.251200   0.315400 
377   0.001600   0.002600   0.001600  -0.006600  -0.006000  -0.025200  -0.015000   0.057400   0.032400   0.112000   0.216800   0.249800   0.314400 
378   0.001000   0.002400   0.001200  -0.007200  -0.006800  -0.026000  -0.016000   0.056400   0.031000   0.110800   0.216000   0.248400   0.313400 
379   0.000400   0.002200   0.000800  -0.007800  -0.007600  -0.026800  -0.016800   0.055400   0.029600   0.109600   0.215200   0.247000   0.312400 
380  -0.000200   0.002000   0.000400  -0.008400  -0.008400  -0.027600  -0.017600   0.054400   0.028400   0.108400   0.214400   0.245600   0.311400 
381  -0.000800   0.001600   0.000000  -0.009000  -0.009200  -0.028400  -0.018400   0.053400   0.027200   0.107200   0.213600   0.244200   0.310400 
382  -0.001400   0.001200  -0.000600  -0.009600  -0.010000  -0.029200  -0.019200   0.052400   0.026000   0.106000   0.212800   0.243000   0.309400 
383  -0.002000   0.000800  -0.001200  -0.010400  -0.010800  -0.030000  -0.020000   0.051400   0.024800   0.104800   0.212000   0.241800   0.308400 
384  -0.002600   0.000400  -0.001800  -0.011200  -0.011400  -0.030800  -0.020800   0.050400   0.023600   0.103600   0.211200   0.240600   0.307400 
385  -0.003200  -0.000000  -0.002400  -0.011800  -0.012000  -0.031600  -0.021600   0.049400   0.022400   0.102400   0.210400   0.239400   0.306400 
386  -0.003800  -0.000200  -0.003000  -0.012400  -0.012600  -0.032400  -0.022400   0.048400   0.021200   0.101200   0.209600   0.238200   0.305400 
387  -0.004200  -0.000400  -0.003600  -0.013000  -0.013200  -0.033200  -0.023200   0.047400   0.020000   0.100000   0.208800   0.237000   0.304400 
388  -0.004600  -0.000600  -0.004200  -0.013600  -0.013800  -0.034000  -0.024000   0.046400   0.018800   0.098800   0.208000   0.235800   0.303400 
389  -0.004800  -0.000800  -0.004800  -0.014000  -0.014400  -0.034800  -0.024800   0.045600   0.017600   0.097600   0.207200   0.234600   0.302400 
390  -0.005000  -0.001000  -0.005200  -0.014400  -0.014800  -0.035600  -0.025600   0.044800   0.016400   0.096400   0.206400   0.233400   0.301400 
391  -0.005000  -0.001200  -0.005400  -0.014800  -0.015200  -0.036400  -0.026200   0.044000   0.015200   0.095200   0.205600   0.232200   0.300400 
392  -0.005000  -0.001400  -0.005600  -0.015200  -0.015600  -0.037200  -0.026800   0.043200   0.014000   0.094000   0.204800   0.231000   0.299400 
393  -0.005000  -0.001600  -0.005800  -0.015600  -0.016000  -0.037800  -0.027400   0.042400   0.012800   0.092800   0.204000   0.229800   0.298400 
394  -0.005000  -0.001800  -0.006000  -0.016200  -0.016400  -0.038400  -0.028000   0.041600   0.011600   0.091600   0.203200   0.228600   0.297400 
395  -0.005000  -0.002000  -0.006200  -0.016800  -0.016800  -0.039000  -0.028600   0.040800   0.010400   0.090400   0.202400   0.227400   0.296400 
396  -0.005000  -0.002200  -0.006400  -0.017400  -0.017200  -0.039600  -0.029200   0.040000   0.009200   0.089200   0.201600   0.226200   0.295400 
397  -0.005000  -0.002400  -0.006400  -0.017800  -0.017800  -0.040200  -0.029800   0.039200   0.008000   0.088000   0.200800   0.225000   0.294400 
398  -0.005000  -0.002400  -0.006400  -0.018200  -0.018400  -0.040800  -0.030400   0.038400   0.006800   0.086800   0.200000   0.223800   0.293400 
399  -0.005000  -0.002400  -0.006400  -0.018600  -0.019000  -0.041400  -0.031000   0.037600   0.005600   0.085800   0.199200   0.222600   0.292400 
400  -0.005000  -0.002400  -0.006400  -0.019000  -0.019600  -0.042000  -0.031600   0.036800   0.004600   0.084800   0.198600   0.221400   0.291400 
401  -0.005000  -0.002400  -0.006400  -0.019200  -0.020200  -0.042600  -0.032200   0.036000   0.003600   0.083800   0.198000   0.220200   0.290400 
402  -0.005000  -0.002400  -0.006400  -0.019400  -0.020800  -0.043200  -0.032800   0.035000   0.002800   0.082800   0.197400   0.219000   0.289400 
403  -0.005000  -0.002400  -0.006400  -0.019600  -0.021400  -0.043800  -0.033400   0.034000   0.002000   0.081800   0.196800   0.217800   0.288400 
404  -0.005000  -0.002400  -0.006400  -0.019800  -0.022000  -0.044400  -0.034000   0.033000   0.001200   0.080800   0.196200   0.216600   0.287400 
405  -0.005000  -0.002400  -0.006400  -0.020000  -0.022400  -0.044800  -0.034800   0.032000   0.000400   0.079800   0.195600   0.215400   0.286400 
406  -0.005000  -0.002400  -0.006400  -0.020200  -0.022800  -0.045200  -0.035600   0.031000  -0.000400   0.078800   0.195000   0.214200   0.285400 
407  -0.005000  -0.002400  -0.006400  -0.020400  -0.023200  -0.045600  -0.036400   0.030000  -0.001200   0.077800   0.194400   0.213000   0.284400 
408  -0.005000  -0.002400  -0.006600  -0.020600  -0.023600  -0.046000  -0.037200   0.029000  -0.002000   0.076800   0.193800   0.211800   0.283400 
409  -0.005000  -0.002400  -0.006800  -0.020600  -0.023800  -0.046400  -0.038200   0.028000  -0.002800   0.076000   0.193200   0.210600   0.282400 
410  -0.005000  -0.002400  -0.007000  -0.020600  -0.024000  -0.046800  -0.039000   0.027000  -0.003400   0.075200   0.192600   0.209400   0.281400 
411  -0.005000  -0.002400  -0.007200  -0.020600  -0.024200  -0.047000  -0.039800   0.026000  -0.004000   0.074400   0.192000   0.208200   0.280400 
412  -0.005000  -0.002400  -0.007400  -0.020600  -0.024400  -0.047200  -0.040400   0.025000  -0.004600   0.073600   0.191400   0.207000   0.279400 
413  -0.005000  -0.002400  -0.007600  -0.020600  -0.024600  -0.047400  -0.041000   0.024000  -0.005000   0.072800   0.190800   0.205800   0.278400 
414  -0.005000  -0.002400  -0.007800  -0.020600  -0.024800  -0.047600  -0.041600   0.023000  -0.005400   0.072000   0.190200   0.204600   0.277600 
415  -0.005000  -0.002200  -0.008000  -0.020600  -0.025000  -0.047800  -0.042200   0.022000  -0.005800   0.071200   0.189600   0.203400   0.276800 
416  -0.005000  -0.002200  -0.008200  -0.020600  -0.025200  -0.048000  -0.042800   0.021200  -0.006200   0.070400   0.189000   0.202200   0.276000 
417  -0.005200  -0.002200  -0.008400  -0.020600  -0.025400  -0.048000  -0.043400   0.020400  -0.006600   0.069800   0.188400   0.201000   0.275200 
418  -0.005400  -0.002200  -0.008600  -0.020600  -0.025600  -0.048000  -0.043600   0.019600  -0.007000   0.069200   0.187800   0.199800   0.274400 
419  -0.005600  -0.002200  -0.008800  -0.020600  -0.025800  -0.048000  -0.043800   0.018800  -0.007400   0.068600   0.187200   0.198600   0.273600 
420  -0.005800  -0.002200  -0.009000  -0.020600  -0.026000  -0.048000  -0.044000   0.018000  -0.007800   0.068000   0.186600   0.197400   0.272800 
421  -0.006000  -0.002200  -0.009200  -0.020600  -0.026200  -0.048000  -0.044200   0.017200  -0.008200   0.067400   0.186000   0.196200   0.272000 
422  -0.006000  -0.002200  -0.009400  -0.020600  -0.026400  -0.048000  -0.044400   0.016400  -0.008600   0.066800   0.185400   0.195000   0.271200 
423  -0.006000  -0.002200  -0.009400  -0.020600  -0.026600  -0.048000  -0.044600   0.015600  -0.009000   0.066200   0.184800   0.193800   0.270400 
424  -0.006000  -0.002200  -0.009400  -0.020600  -0.026800  -0.048000  -0.044800   0.014800  -0.009400   0.065600   0.184200   0.192600   0.269600 
425  -0.005800  -0.002200  -0.009400  -0.020600  -0.027000  -0.047800  -0.045000   0.014000  -0.009800   0.065000   0.183600   0.191400   0.268800 
426  -0.005600  -0.002200  -0.009400  -0.020600  -0.027200  -0.047600  -0.045200   0.013000  -0.010200   0.064400   0.183000   0.190200   0.268000 
427  -0.005400  -0.002200  -0.009400  -0.020600  -0.027400  -0.047400  -0.045400   0.012000  -0.010600   0.063800   0.182400   0.189000   0.267200 
428  -0.005200  -0.002200  -0.009400  -0.020600  -0.027600  -0.047200  -0.045600   0.011000  -0.011000   0.063200   0.181800   0.187800   0.266400 
429  -0.005000  -0.002200  -0.009400  -0.020600  -0.027800  -0.047000  -0.045800   0.010000  -0.011400   0.062600   0.181200   0.186600   0.265600 
430  -0.004800  -0.002000  -0.009400  -0.020600  -0.028000  -0.046800  -0.046000   0.009000  -0.011800   0.062000   0.180600   0.185400   0.264800 
431  -0.004600  -0.001800  -0.009400  -0.020600  -0.028200  -0.046600  -0.046200   0.007800  -0.012200   0.061400   0.180000   0.184400   0.264000 
432  -0.004400  -0.001800  -0.009400  -0.020600  -0.028400  -0.046400  -0.046400   0.006600  -0.012600   0.060800   0.179400   0.183400   0.263200 
433  -0.004200  -0.001800  -0.009600  -0.020600  -0.028600  -0.046200  -0.046800   0.005400  -0.013000   0.060200   0.178800   0.182400   0.262400 
434  -0.004000  -0.001800  -0.009800  -0.020600  -0.028600  -0.046000  -0.047200   0.004200  -0.013400   0.059600   0.178200   0.181400   0.261600 
435  -0.003800  -0.001800  -0.010000  -0.020600  -0.028400  -0.045800  -0.047600   0.003000  -0.013800   0.059000   0.177600   0.180400   0.260800 
436  -0.003600  -0.001800  -0.010200  -0.020600  -0.028200  -0.045600  -0.048000   0.001800  -0.014200   0.058600   0.177000   0.179400   0.260000 
437  -0.003400  -0.001800  -0.010400  -0.020600  -0.028000  -0.045400  -0.048400   0.000600  -0.014600   0.058200   0.176400   0.178400   0.259200 
438  -0.003200  -0.001800  -0.010600  -0.020600  -0.027800  -0.045200  -0.048800  -0.000600  -0.015000   0.057800   0.175800   0.177600   0.258400 
439  -0.003000  -0.001800  -0.010800  -0.020600  -0.027600  -0.045000  -0.049200  -0.001800  -0.015400   0.057400   0.175200   0.176800   0.257600 
440  -0.002800  -0.001800  -0.011000  -0.020600  -0.027400  -0.044800  -0.049600  -0.003000  -0.015800   0.057000   0.174600   0.176000   0.256800 
441  -0.002600  -0.001800  -0.011000  -0.020600  -0.027200  -0.044600  -0.050000  -0.004000  -0.016400   0.056600   0.174000   0.175200   0.256000 
442  -0.002400  -0.001800  -0.011000  -0.020600  -0.027000  -0.044400  -0.050400  -0.005000  -0.017000   0.056200   0.173600   0.174400   0.255200 
443  -0.002200  -0.001800  -0.011000  -0.020600  -0.026800  -0.044400  -0.050600  -0.006000  -0.017600   0.055800   0.173200   0.173600   0.254400 
444  -0.002000  -0.001800  -0.011000  -0.020600  -0.026600  -0.044400  -0.050800  -0.007000  -0.018200   0.055400   0.172800   0.172800   0.253600 
445  -0.002000  -0.001800  -0.011000  -0.020600  -0.026400  -0.044400  -0.051000  -0.008000  -0.018800   0.055000   0.172400   0.172000   0.252800 
446  -0.002000  -0.001800  -0.011000  -0.020600  -0.026200  -0.044400  -0.051200  -0.009000  -0.019400   0.054600   0.172000   0.171200   0.252000 
447  -0.002000  -0.001800  -0.011000  -0.020600  -0.026000  -0.044400  -0.051400  -0.010000  -0.020000   0.054200   0.171600   0.170400   0.251200 
448  -0.002000  -0.001800  -0.011000  -0.020600  -0.025800  -0.044400  -0.051600  -0.011000  -0.020600   0.053800   0.171200   0.169600   0.250400 
449  -0.002000  -0.001800  -0.011000  -0.020600  -0.025600  -0.044200  -0.051800  -0.012000  -0.021200   0.053600   0.170800   0.168800   0.249600 
450  -0.002000  -0.001800  -0.011000  -0.020600  -0.025400  -0.044000  -0.052000  -0.013000  -0.021800   0.053400   0.170400   0.168000   0.248800 
451  -0.002000  -0.001800  -0.011000  -0.020600  -0.025200  -0.043800  -0.052200  -0.014000  -0.022400   0.053200   0.170000   0.167200   0.248000 
452  -0.002000  -0.001800  -0.011000  -0.020600  -0.025200  -0.043600  -0.052400  -0.015000  -0.023000   0.053000   0.169600   0.166400   0.247200 
453  -0.002000  -0.001800  -0.011000  -0.020600  -0.025200  -0.043400  -0.052600  -0.016000  -0.023600   0.053000   0.169200   0.165600   0.246400 
454  -0.002000  -0.001800  -0.011000  -0.020600  -0.025200  -0.043200  -0.052600  -0.017000  -0.024200   0.053000   0.168800   0.164800   0.245600 
455  -0.002000  -0.001800  -0.011000  -0.020800  -0.025200  -0.043000  -0.052600  -0.018000  -0.024800   0.053000   0.168600   0.164000   0.244800 
456  -0.002000  -0.001800  -0.011000  -0.021000  -0.025400  -0.042800  -0.052600  -0.019000  -0.025400   0.053000   0.168400   0.163200   0.244000 
457  -0.002000  -0.001800  -0.011200  -0.021200  -0.025600  -0.042600  -0.052600  -0.020000  -0.026000   0.053000   0.168200   0.162400   0.243200 
458  -0.002000  -0.001800  -0.011400  -0.021400  -0.025800  -0.042400  -0.052600  -0.021000  -0.026600   0.053000   0.168000   0.161600   0.242400 
459  -0.002000  -0.001800  -0.011600  -0.021600  -0.026000  -0.042400  -0.052400  -0.022000  -0.027200   0.053000   0.167800   0.160800   0.241600 
460  -0.002000  -0.001800  -0.011800  -0.021800  -0.026200  -0.042400  -0.052200  -0.023000  -0.027600   0.053000   0.167600   0.160000   0.240800 
461  -0.002000  -0.001800  -0.012000  -0.022000  -0.026400  -0.042400  -0.052000  -0.024000  -0.028000   0.053000   0.167400   0.159200   0.240000 
462  -0.001800  -0.001800  -0.012200  -0.022200  -0.026600  -0.042200  -0.051800  -0.025000  -0.028400   0.053000   0.167200   0.158400   0.239200 
463  -0.001600  -0.001800  -0.012400  -0.022400  -0.026800  -0.042000  -0.051600  -0.026000  -0.028800   0.053000   0.167000   0.157600   0.238400 
464  -0.001400  -0.001800  -0.012600  -0.022600  -0.027000  -0.041800  -0.051400  -0.027000  -0.029200   0.052800   0.166800   0.156800   0.237600 
465  -0.001200  -0.001800  -0.012800  -0.022800  -0.027200  -0.041600  -0.051200  -0.028000  -0.029600   0.052600   0.166600   0.156000   0.237000 
466  -0.001000  -0.001800  -0.013000  -0.023000  -0.027400  -0.041400  -0.051000  -0.029000  -0.030000   0.052400   0.166400   0.155200   0.236400 
467  -0.000800  -0.001800  -0.013200  -0.023200  -0.027600  -0.041200  -0.050800  -0.030000  -0.030400   0.052400   0.166200   0.154400   0.236000 
468  -0.000600  -0.001800  -0.013400  -0.023400  -0.027800  -0.041000  -0.050600  -0.031000  -0.030800   0.052400   0.166000   0.153600   0.235600 
469  -0.000400  -0.001800  -0.013600  -0.023600  -0.028000  -0.040800  -0.050400  -0.032000  -0.031000   0.052400   0.165800   0.152800   0.235200 
470  -0.000200  -0.002000  -0.013800  -0.023800  -0.028200  -0.040600  -0.050200  -0.033000  -0.031200   0.052400   0.165600   0.152000   0.234800 
471   0.000000  -0.002200  -0.014000  -0.024000  -0.028400  -0.040400  -0.050000  -0.034000  -0.031400   0.052400   0.165400   0.151200   0.234400 
472   0.000200  -0.002400  -0.014200  -0.024200  -0.028600  -0.040200  -0.049800  -0.035000  -0.031600   0.052400   0.165200   0.150400   0.234000 
473   0.000400  -0.002400  -0.014200  -0.024400  -0.028800  -0.040000  -0.049600  -0.036000  -0.031800   0.052400   0.165000   0.149600   0.233800 
474   0.000400  -0.002400  -0.014200  -0.024600  -0.029000  -0.039800  -0.049400  -0.037000  -0.032000   0.052400   0.164800   0.148800   0.233600 
475   0.000400  -0.002400  -0.014200  -0.024800  -0.029200  -0.039600  -0.049200  -0.038000  -0.032200   0.052400   0.164600   0.148000   0.233400 
476   0.000400  -0.002400  -0.014200  -0.025000  -0.029400  -0.039400  -0.049000  -0.039000  -0.032400   0.052400   0.164400   0.147200   0.233200 
477   0.000400  -0.002400  -0.014200  -0.025200  -0.029600  -0.039200  -0.048800  -0.040000  -0.032600   0.052400   0.164200   0.146400   0.233000 
478   0.000400  -0.002400  -0.014200  -0.025400  -0.029800  -0.039000  -0.048800  -0.041000  -0.032800   0.052400   0.164000   0.145800   0.232800 
479   0.000400  -0.002400  -0.014200  -0.025600  -0.030000  -0.038800  -0.048800  -0.042000  -0.033000   0.052400   0.163800   0.145200   0.232600 
480   0.000400  -0.002400  -0.014200  -0.025800  -0.030200  -0.038800  -0.048800  -0.043000  -0.033200   0.052400   0.163600   0.144600   0.232400 
481   0.000400  -0.002400  -0.014200  -0.026000  -0.030400  -0.038800  -0.048800  -0.044000  -0.033400   0.052400   0.163400   0.144000   0.232200 
482   0.000400  -0.002400  -0.014200  -0.026200  -0.030600  -0.038800  -0.048800  -0.045000  -0.033600   0.052400   0.163200   0.143400   0.232000 
483   0.000400  -0.002400  -0.014200  -0.026400  -0.030800  -0.038800  -0.048800  -0.045800  -0.033800   0.052400   0.163000   0.142800   0.231800 
484   0.000400  -0.002400  -0.014200  -0.026600  -0.030800  -0.038800  -0.048800  -0.046600  -0.034000   0.052400   0.162800   0.142200   0.231600 
485   0.000400  -0.002400  -0.014200  -0.026600  -0.030800  -0.038800  -0.048800  -0.047400  -0.034200   0.052400   0.162600   0.141600   0.231400 
486   0.000400  -0.002400  -0.014200  -0.026600  -0.030800  -0.038800  -0.048800  -0.048200  -0.034400   0.052400   0.162400   0.141000   0.231200 
487   0.000400  -0.002400  -0.014200  -0.026600  -0.030800  -0.038800  -0.048800  -0.049000  -0.034600   0.052400   0.162200   0.140400   0.231000 
488   0.000400  -0.002400  -0.014200  -0.026600  -0.030800  -0.038800  -0.048800  -0.049800  -0.034800   0.052400   0.162000   0.140000   0.230800 
489   0.000400  -0.002400  -0.014200  -0.026600  -0.030800  -0.038800  -0.048800  -0.050600  -0.035000   0.052400   0.162000   0.139600   0.230600 
490   0.000400  -0.002400  -0.014200  -0.026600  -0.030800  -0.038800  -0.048800  -0.051400  -0.035200   0.052400   0.162000   0.139200   0.230400 
491   0.000400  -0.002400  -0.014200  -0.026600  -0.030800  -0.038800  -0.048800  -0.052200  -0.035400   0.052400   0.162000   0.139000   0.230200 
492   0.000400  -0.002400  -0.014200  -0.026600  -0.030800  -0.038800  -0.048800  -0.052800  -0.035600   0.052400   0.162000   0.138800   0.230000 
493   0.000400  -0.002400  -0.014200  -0.026600  -0.030800  -0.038800  -0.048800  -0.053400  -0.035800   0.052400   0.162000   0.138600   0.229800 
494   0.000400  -0.002400  -0.014200  -0.026600  -0.030800  -0.038800  -0.048800  -0.054000  -0.036000   0.052400   0.162000   0.138400   0.229600 
495   0.000400  -0.002400  -0.014200  -0.026600  -0.030800  -0.038800  -0.048800  -0.054400  -0.036200   0.052400   0.162000   0.138200   0.229400 
496   0.000400  -0.002400  -0.014200  -0.026600  -0.030800  -0.038800  -0.048800  -0.054600  -0.036400   0.052400   0.162000   0.138200   0.229400 
497   0.000400  -0.002400  -0.014200  -0.026600  -0.030800  -0.038800  -0.048800  -0.054800  -0.036600   0.052400   0.162000   0.138200   0.229400 
498   0.000400  -0.002400  -0.014200  -0.026600  -0.030800  -0.038800  -0.048800  -0.055000  -0.036800   0.052400   0.162000   0.138200   0.229400 
499   0.000400  -0.002400  -0.014200  -0.026600  -0.030800  -0.038800  -0.048800  -0.055200  -0.037000   0.052400   0.162000   0.138200   0.229400 
