r MCS_10 MCS_20 MCS_40 MCS_80 MCS_160 MCS_320 MCS_640 MCS_1280 MCS_2560 MCS_5120 MCS_10240 MCS_20480 MCS_40960 
0   1.000000   1.000000   1.000000   1.000000   1.000000   1.000000   1.000000   1.000000   1.000000   1.000000   1.000000   1.000000   1.000000 
1   0.996800   0.996600   0.996400   0.996600   0.996800   0.996800   0.996600   0.996400   0.996600   0.996800   0.997600   0.997800   0.999200 
2   0.993600   0.993400   0.993600   0.993600   0.993600   0.993600   0.993600   0.993600   0.993600   0.994000   0.995200   0.996000   0.998400 
3   0.990400   0.990400   0.990400   0.990400   0.990400   0.990400   0.990400   0.990400   0.990400   0.991000   0.992800   0.994000   0.997600 
4   0.987200   0.987200   0.987200   0.987200   0.987200   0.987200   0.987200   0.987200   0.987200   0.988000   0.990400   0.992000   0.996800 
5   0.984000   0.984000   0.984000   0.984000   0.984000   0.984000   0.984000   0.984000   0.984000   0.985000   0.988000   0.990000   0.996000 
6   0.980800   0.980800   0.980800   0.980800   0.980800   0.980800   0.980800   0.980800   0.980800   0.982000   0.985600   0.988000   0.995200 
7   0.977600   0.977600   0.977600   0.977600   0.977600   0.977600   0.977600   0.977600   0.977600   0.979000   0.983200   0.986000   0.994400 
8   0.974400   0.974400   0.974400   0.974400   0.974400   0.974400   0.974400   0.974400   0.974400   0.976000   0.980800   0.984000   0.993600 
9   0.971200   0.971200   0.971200   0.971200   0.971200   0.971200   0.971200   0.971200   0.971200   0.973000   0.978400   0.982000   0.992800 
10   0.968000   0.968000   0.968000   0.968000   0.968000   0.968000   0.968000   0.968000   0.968000   0.970000   0.976000   0.980000   0.992000 
11   0.964800   0.964800   0.964800   0.964800   0.964800   0.964800   0.964800   0.964800   0.964800   0.967000   0.973600   0.978000   0.991200 
12   0.961600   0.961600   0.961600   0.961600   0.961600   0.961600   0.961600   0.961600   0.961600   0.964000   0.971200   0.976000   0.990400 
13   0.958400   0.958400   0.958400   0.958400   0.958400   0.958400   0.958400   0.958400   0.958400   0.961000   0.968800   0.974000   0.989600 
14   0.955200   0.955200   0.955200   0.955200   0.955200   0.955200   0.955200   0.955200   0.955200   0.958000   0.966400   0.972000   0.988800 
15   0.952000   0.952000   0.952000   0.952000   0.952000   0.952000   0.952000   0.952000   0.952000   0.955000   0.964000   0.970000   0.988000 
16   0.948800   0.948800   0.948800   0.948800   0.948800   0.948800   0.948800   0.948800   0.948800   0.952000   0.961600   0.968000   0.987200 
17   0.945600   0.945600   0.945600   0.945600   0.945600   0.945600   0.945600   0.945600   0.945600   0.949000   0.959200   0.966000   0.986400 
18   0.942400   0.942400   0.942400   0.942400   0.942400   0.942400   0.942400   0.942400   0.942400   0.946000   0.956800   0.964000   0.985600 
19   0.939200   0.939200   0.939200   0.939200   0.939200   0.939200   0.939200   0.939200   0.939200   0.943000   0.954400   0.962000   0.984800 
20   0.936000   0.936000   0.936000   0.936000   0.936000   0.936000   0.936000   0.936000   0.936000   0.940000   0.952000   0.960000   0.984000 
21   0.932800   0.932800   0.932800   0.932800   0.932800   0.932800   0.932800   0.932800   0.932800   0.937000   0.949600   0.958000   0.983200 
22   0.929600   0.929600   0.929600   0.929600   0.929600   0.929600   0.929600   0.929600   0.929600   0.934000   0.947200   0.956000   0.982400 
23   0.926400   0.926400   0.926400   0.926400   0.926400   0.926400   0.926400   0.926400   0.926400   0.931000   0.944800   0.954000   0.981600 
24   0.923200   0.923200   0.923200   0.923200   0.923200   0.923200   0.923200   0.923200   0.923200   0.928000   0.942400   0.952000   0.980800 
25   0.920000   0.920000   0.920000   0.920000   0.920000   0.920000   0.920000   0.920000   0.920000   0.925000   0.940000   0.950000   0.980000 
26   0.916800   0.916800   0.916800   0.916800   0.916800   0.916800   0.916800   0.916800   0.916800   0.922000   0.937600   0.948000   0.979200 
27   0.913600   0.913600   0.913600   0.913600   0.913600   0.913600   0.913600   0.913600   0.913600   0.919000   0.935200   0.946000   0.978400 
28   0.910400   0.910400   0.910400   0.910400   0.910400   0.910400   0.910400   0.910400   0.910400   0.916000   0.932800   0.944000   0.977600 
29   0.907200   0.907200   0.907200   0.907200   0.907200   0.907200   0.907200   0.907200   0.907200   0.913000   0.930400   0.942000   0.976800 
30   0.904000   0.904000   0.904000   0.904000   0.904000   0.904000   0.904000   0.904000   0.904000   0.910000   0.928000   0.940000   0.976000 
31   0.900800   0.900800   0.900800   0.900800   0.900800   0.900800   0.900800   0.900800   0.900800   0.907000   0.925600   0.938000   0.975200 
32   0.897600   0.897600   0.897600   0.897600   0.897600   0.897600   0.897600   0.897600   0.897600   0.904000   0.923200   0.936000   0.974400 
33   0.894400   0.894400   0.894400   0.894400   0.894400   0.894400   0.894400   0.894400   0.894400   0.901000   0.920800   0.934000   0.973600 
34   0.891200   0.891200   0.891200   0.891200   0.891200   0.891200   0.891200   0.891200   0.891200   0.898000   0.918400   0.932000   0.972800 
35   0.888000   0.888000   0.888000   0.888000   0.888000   0.888000   0.888000   0.888000   0.888000   0.895000   0.916000   0.930000   0.972000 
36   0.884800   0.884800   0.884800   0.884800   0.884800   0.884800   0.884800   0.884800   0.884800   0.892000   0.913600   0.928000   0.971200 
37   0.881600   0.881600   0.881600   0.881600   0.881600   0.881600   0.881600   0.881600   0.881600   0.889000   0.911200   0.926000   0.970400 
38   0.878400   0.878400   0.878400   0.878400   0.878400   0.878400   0.878400   0.878400   0.878400   0.886000   0.908800   0.924000   0.969600 
39   0.875200   0.875200   0.875200   0.875200   0.875200   0.875200   0.875200   0.875200   0.875200   0.883000   0.906400   0.922000   0.968800 
40   0.872000   0.872000   0.872000   0.872000   0.872000   0.872000   0.872000   0.872000   0.872000   0.880000   0.904000   0.920000   0.968000 
41   0.868800   0.868800   0.868800   0.868800   0.868800   0.868800   0.868800   0.868800   0.868800   0.877000   0.901600   0.918000   0.967200 
42   0.865600   0.865600   0.865600   0.865600   0.865600   0.865600   0.865600   0.865600   0.865600   0.874000   0.899200   0.916000   0.966400 
43   0.862400   0.862400   0.862400   0.862400   0.862400   0.862400   0.862400   0.862400   0.862400   0.871000   0.896800   0.914000   0.965600 
44   0.859200   0.859200   0.859200   0.859200   0.859200   0.859200   0.859200   0.859200   0.859200   0.868000   0.894400   0.912000   0.964800 
45   0.856000   0.856000   0.856000   0.856000   0.856000   0.856000   0.856000   0.856000   0.856000   0.865000   0.892000   0.910000   0.964000 
46   0.852800   0.852800   0.852800   0.852800   0.852800   0.852800   0.852800   0.852800   0.852800   0.862000   0.889600   0.908000   0.963200 
47   0.849600   0.849600   0.849600   0.849600   0.849600   0.849600   0.849600   0.849600   0.849600   0.859000   0.887200   0.906000   0.962400 
48   0.846400   0.846400   0.846400   0.846400   0.846400   0.846400   0.846400   0.846400   0.846400   0.856000   0.884800   0.904000   0.961600 
49   0.843200   0.843200   0.843200   0.843200   0.843200   0.843200   0.843200   0.843200   0.843200   0.853000   0.882400   0.902000   0.960800 
50   0.840000   0.840000   0.840000   0.840000   0.840000   0.840000   0.840000   0.840000   0.840000   0.850000   0.880000   0.900000   0.960000 
51   0.836800   0.836800   0.836800   0.836800   0.836800   0.836800   0.836800   0.836800   0.836800   0.847000   0.877600   0.898000   0.959200 
52   0.833600   0.833600   0.833600   0.833600   0.833600   0.833600   0.833600   0.833600   0.833600   0.844000   0.875200   0.896000   0.958400 
53   0.830400   0.830400   0.830400   0.830400   0.830400   0.830400   0.830400   0.830400   0.830400   0.841000   0.872800   0.894000   0.957600 
54   0.827200   0.827200   0.827200   0.827200   0.827200   0.827200   0.827200   0.827200   0.827200   0.838000   0.870400   0.892000   0.956800 
55   0.824000   0.824000   0.824000   0.824000   0.824000   0.824000   0.824000   0.824000   0.824000   0.835000   0.868000   0.890000   0.956000 
56   0.820800   0.820800   0.820800   0.820800   0.820800   0.820800   0.820800   0.820800   0.820800   0.832000   0.865600   0.888000   0.955200 
57   0.817600   0.817600   0.817600   0.817600   0.817600   0.817600   0.817600   0.817600   0.817600   0.829000   0.863200   0.886000   0.954400 
58   0.814400   0.814400   0.814400   0.814400   0.814400   0.814400   0.814400   0.814400   0.814400   0.826000   0.860800   0.884000   0.953600 
59   0.811200   0.811200   0.811200   0.811200   0.811200   0.811200   0.811200   0.811200   0.811200   0.823000   0.858400   0.882000   0.952800 
60   0.808000   0.808000   0.808000   0.808000   0.808000   0.808000   0.808000   0.808000   0.808000   0.820000   0.856000   0.880000   0.952000 
61   0.804800   0.804800   0.804800   0.804800   0.804800   0.804800   0.804800   0.804800   0.804800   0.817000   0.853600   0.878000   0.951200 
62   0.801600   0.801600   0.801600   0.801600   0.801600   0.801600   0.801600   0.801600   0.801600   0.814000   0.851200   0.876000   0.950400 
63   0.798400   0.798400   0.798400   0.798400   0.798400   0.798400   0.798400   0.798400   0.798400   0.811000   0.848800   0.874000   0.949600 
64   0.795200   0.795200   0.795200   0.795200   0.795200   0.795200   0.795200   0.795200   0.795200   0.808000   0.846400   0.872000   0.948800 
65   0.792000   0.792000   0.792000   0.792000   0.792000   0.792000   0.792000   0.792000   0.792000   0.805000   0.844000   0.870000   0.948000 
66   0.788800   0.788800   0.788800   0.788800   0.788800   0.788800   0.788800   0.788800   0.788800   0.802000   0.841600   0.868000   0.947200 
67   0.785600   0.785600   0.785600   0.785600   0.785600   0.785600   0.785600   0.785600   0.785600   0.799000   0.839200   0.866000   0.946400 
68   0.782400   0.782400   0.782400   0.782400   0.782400   0.782400   0.782400   0.782400   0.782400   0.796000   0.836800   0.864000   0.945600 
69   0.779200   0.779200   0.779200   0.779200   0.779200   0.779200   0.779200   0.779200   0.779200   0.793000   0.834400   0.862000   0.944800 
70   0.776000   0.776000   0.776000   0.776000   0.776000   0.776000   0.776000   0.776000   0.776000   0.790000   0.832000   0.860000   0.944000 
71   0.772800   0.772800   0.772800   0.772800   0.772800   0.772800   0.772800   0.772800   0.772800   0.787000   0.829600   0.858000   0.943200 
72   0.769600   0.769600   0.769600   0.769600   0.769600   0.769600   0.769600   0.769600   0.769600   0.784000   0.827200   0.856000   0.942400 
73   0.766400   0.766400   0.766400   0.766400   0.766400   0.766400   0.766400   0.766400   0.766400   0.781000   0.824800   0.854000   0.941600 
74   0.763200   0.763200   0.763200   0.763200   0.763200   0.763200   0.763200   0.763200   0.763200   0.778000   0.822400   0.852000   0.940800 
75   0.760000   0.760000   0.760000   0.760000   0.760000   0.760000   0.760000   0.760000   0.760000   0.775000   0.820000   0.850000   0.940000 
76   0.756800   0.756800   0.756800   0.756800   0.756800   0.756800   0.756800   0.756800   0.756800   0.772000   0.817600   0.848000   0.939200 
77   0.753600   0.753600   0.753600   0.753600   0.753600   0.753600   0.753600   0.753600   0.753600   0.769000   0.815200   0.846000   0.938400 
78   0.750400   0.750400   0.750400   0.750400   0.750400   0.750400   0.750400   0.750400   0.750400   0.766000   0.812800   0.844000   0.937600 
79   0.747200   0.747200   0.747200   0.747200   0.747200   0.747200   0.747200   0.747200   0.747200   0.763000   0.810400   0.842000   0.936800 
80   0.744000   0.744000   0.744000   0.744000   0.744000   0.744000   0.744000   0.744000   0.744000   0.760000   0.808000   0.840000   0.936000 
81   0.740800   0.740800   0.740800   0.740800   0.740800   0.740800   0.740800   0.740800   0.740800   0.757000   0.805600   0.838000   0.935200 
82   0.737600   0.737600   0.737600   0.737600   0.737600   0.737600   0.737600   0.737600   0.737600   0.754000   0.803200   0.836000   0.934400 
83   0.734400   0.734400   0.734400   0.734400   0.734400   0.734400   0.734400   0.734400   0.734400   0.751000   0.800800   0.834000   0.933600 
84   0.731200   0.731200   0.731200   0.731200   0.731200   0.731200   0.731200   0.731200   0.731200   0.748000   0.798400   0.832000   0.932800 
85   0.728000   0.728000   0.728000   0.728000   0.728000   0.728000   0.728000   0.728000   0.728000   0.745000   0.796000   0.830000   0.932000 
86   0.724800   0.724800   0.724800   0.724800   0.724800   0.724800   0.724800   0.724800   0.724800   0.742000   0.793600   0.828000   0.931200 
87   0.721600   0.721600   0.721600   0.721600   0.721600   0.721600   0.721600   0.721600   0.721600   0.739000   0.791200   0.826000   0.930400 
88   0.718400   0.718400   0.718400   0.718400   0.718400   0.718400   0.718400   0.718400   0.718400   0.736000   0.788800   0.824000   0.929600 
89   0.715200   0.715200   0.715200   0.715200   0.715200   0.715200   0.715200   0.715200   0.715200   0.733000   0.786400   0.822000   0.928800 
90   0.712000   0.712000   0.712000   0.712000   0.712000   0.712000   0.712000   0.712000   0.712000   0.730000   0.784000   0.820000   0.928000 
91   0.708800   0.708800   0.708800   0.708800   0.708800   0.708800   0.708800   0.708800   0.708800   0.727000   0.781600   0.818000   0.927200 
92   0.705600   0.705600   0.705600   0.705600   0.705600   0.705600   0.705600   0.705600   0.705600   0.724000   0.779200   0.816000   0.926400 
93   0.702400   0.702400   0.702400   0.702400   0.702400   0.702400   0.702400   0.702400   0.702400   0.721000   0.776800   0.814000   0.925600 
94   0.699200   0.699200   0.699200   0.699200   0.699200   0.699200   0.699200   0.699200   0.699200   0.718000   0.774400   0.812000   0.924800 
95   0.696000   0.696000   0.696000   0.696000   0.696000   0.696000   0.696000   0.696000   0.696000   0.715000   0.772000   0.810000   0.924000 
96   0.692800   0.692800   0.692800   0.692800   0.692800   0.692800   0.692800   0.692800   0.692800   0.712000   0.769600   0.808000   0.923200 
97   0.689600   0.689600   0.689600   0.689600   0.689600   0.689600   0.689600   0.689600   0.689600   0.709000   0.767200   0.806000   0.922400 
98   0.686400   0.686400   0.686400   0.686400   0.686400   0.686400   0.686400   0.686400   0.686400   0.706000   0.764800   0.804000   0.921600 
99   0.683200   0.683200   0.683200   0.683200   0.683200   0.683200   0.683200   0.683200   0.683200   0.703000   0.762400   0.802000   0.920800 
100   0.680000   0.680000   0.680000   0.680000   0.680000   0.680000   0.680000   0.680000   0.680000   0.700000   0.760000   0.800000   0.920000 
101   0.676800   0.676800   0.676800   0.676800   0.676800   0.676800   0.676800   0.676800   0.676800   0.697000   0.757600   0.798000   0.919200 
102   0.673600   0.673600   0.673600   0.673600   0.673600   0.673600   0.673600   0.673600   0.673600   0.694000   0.755200   0.796000   0.918400 
103   0.670400   0.670400   0.670400   0.670400   0.670400   0.670400   0.670400   0.670400   0.670400   0.691000   0.752800   0.794000   0.917600 
104   0.667200   0.667200   0.667200   0.667200   0.667200   0.667200   0.667200   0.667200   0.667200   0.688000   0.750400   0.792000   0.916800 
105   0.664000   0.664000   0.664000   0.664000   0.664000   0.664000   0.664000   0.664000   0.664000   0.685000   0.748000   0.790000   0.916000 
106   0.660800   0.660800   0.660800   0.660800   0.660800   0.660800   0.660800   0.660800   0.660800   0.682000   0.745600   0.788000   0.915200 
107   0.657600   0.657600   0.657600   0.657600   0.657600   0.657600   0.657600   0.657600   0.657600   0.679000   0.743200   0.786000   0.914400 
108   0.654400   0.654400   0.654400   0.654400   0.654400   0.654400   0.654400   0.654400   0.654400   0.676000   0.740800   0.784000   0.913600 
109   0.651200   0.651200   0.651200   0.651200   0.651200   0.651200   0.651200   0.651200   0.651200   0.673000   0.738400   0.782000   0.912800 
110   0.648000   0.648000   0.648000   0.648000   0.648000   0.648000   0.648000   0.648000   0.648000   0.670000   0.736000   0.780000   0.912000 
111   0.644800   0.644800   0.644800   0.644800   0.644800   0.644800   0.644800   0.644800   0.644800   0.667000   0.733600   0.778000   0.911200 
112   0.641600   0.641600   0.641600   0.641600   0.641600   0.641600   0.641600   0.641600   0.641600   0.664000   0.731200   0.776000   0.910400 
113   0.638400   0.638400   0.638400   0.638400   0.638400   0.638400   0.638400   0.638400   0.638400   0.661000   0.728800   0.774000   0.909600 
114   0.635200   0.635200   0.635200   0.635200   0.635200   0.635200   0.635200   0.635200   0.635200   0.658000   0.726400   0.772000   0.908800 
115   0.632000   0.632000   0.632000   0.632000   0.632000   0.632000   0.632000   0.632000   0.632000   0.655200   0.724000   0.770000   0.908000 
116   0.628800   0.628800   0.628800   0.628800   0.628800   0.628800   0.628800   0.628800   0.628800   0.652200   0.721600   0.768000   0.907200 
117   0.625600   0.625600   0.625600   0.625600   0.625600   0.625600   0.625600   0.625600   0.625600   0.649400   0.719200   0.766000   0.906400 
118   0.622400   0.622400   0.622400   0.622400   0.622400   0.622400   0.622400   0.622400   0.622400   0.646600   0.716800   0.764000   0.905600 
119   0.619200   0.619200   0.619200   0.619200   0.619200   0.619200   0.619200   0.619200   0.619200   0.643800   0.714400   0.762000   0.904800 
120   0.616000   0.616000   0.616000   0.616000   0.616000   0.616000   0.616000   0.616000   0.616000   0.641000   0.712000   0.760000   0.904000 
121   0.612800   0.612800   0.612800   0.613000   0.612800   0.612800   0.612800   0.612800   0.612800   0.638200   0.709600   0.758000   0.903200 
122   0.609600   0.609600   0.609600   0.610000   0.609600   0.609600   0.609600   0.609600   0.609600   0.635400   0.707200   0.756000   0.902400 
123   0.606400   0.606400   0.606400   0.607000   0.606400   0.606400   0.606400   0.606400   0.606400   0.632600   0.704800   0.754000   0.901600 
124   0.603200   0.603200   0.603200   0.604000   0.603200   0.603200   0.603200   0.603400   0.603200   0.629800   0.702400   0.752000   0.900800 
125   0.600200   0.600000   0.600000   0.601000   0.600000   0.600000   0.600000   0.600400   0.600000   0.627000   0.700000   0.750000   0.900000 
126   0.597200   0.596800   0.597000   0.598000   0.597000   0.596800   0.596800   0.597400   0.597000   0.624200   0.697600   0.748000   0.899200 
127   0.594200   0.593600   0.594000   0.595000   0.594000   0.593600   0.593600   0.594600   0.594000   0.621400   0.695200   0.746000   0.898400 
128   0.591200   0.590400   0.591000   0.592000   0.591000   0.590400   0.590400   0.591800   0.591000   0.618600   0.692800   0.744000   0.897600 
129   0.588200   0.587200   0.588000   0.589000   0.588000   0.587200   0.587200   0.589000   0.588000   0.615800   0.690400   0.742000   0.896800 
130   0.585200   0.584200   0.585000   0.586000   0.585000   0.584000   0.584000   0.586200   0.585000   0.613000   0.688000   0.740000   0.896000 
131   0.582200   0.581400   0.582200   0.583000   0.582000   0.580800   0.581000   0.583400   0.582000   0.610200   0.685600   0.738000   0.895200 
132   0.579200   0.578600   0.579400   0.580000   0.579000   0.577600   0.578000   0.580600   0.579000   0.607400   0.683200   0.736000   0.894400 
133   0.576200   0.575800   0.576600   0.577000   0.576000   0.574400   0.575000   0.577800   0.576000   0.604600   0.680800   0.734000   0.893800 
134   0.573200   0.573000   0.573800   0.574000   0.573000   0.571200   0.572000   0.575000   0.573000   0.602000   0.678400   0.732000   0.893200 
135   0.570200   0.570200   0.571000   0.571000   0.570000   0.568000   0.569000   0.572200   0.570200   0.599400   0.676000   0.730000   0.892600 
136   0.567400   0.567400   0.568200   0.568000   0.567000   0.564800   0.566200   0.569400   0.567400   0.596800   0.673600   0.728000   0.892000 
137   0.564600   0.564600   0.565400   0.565000   0.564000   0.561600   0.563400   0.566600   0.564600   0.594200   0.671200   0.726000   0.891400 
138   0.561800   0.561800   0.562600   0.562000   0.561000   0.558400   0.560600   0.563800   0.561800   0.591600   0.668800   0.724000   0.890800 
139   0.559000   0.559000   0.559800   0.559000   0.558000   0.555200   0.557800   0.561000   0.559000   0.589000   0.666400   0.722000   0.890200 
140   0.556200   0.556200   0.557000   0.556000   0.555000   0.552000   0.555000   0.558200   0.556200   0.586400   0.664000   0.720000   0.889600 
141   0.553400   0.553400   0.554200   0.553000   0.552000   0.548800   0.552200   0.555400   0.553400   0.583800   0.661600   0.718000   0.889000 
142   0.550600   0.550600   0.551400   0.550000   0.549000   0.545600   0.549400   0.552600   0.550600   0.581200   0.659200   0.716000   0.888400 
143   0.547800   0.547800   0.548600   0.547000   0.546000   0.542400   0.546600   0.549800   0.547800   0.578600   0.656800   0.714000   0.887800 
144   0.545000   0.545000   0.545800   0.544000   0.543000   0.539200   0.543800   0.547000   0.545000   0.576000   0.654400   0.712000   0.887200 
145   0.542200   0.542200   0.543000   0.541000   0.540000   0.536000   0.541000   0.544200   0.542400   0.573400   0.652000   0.710000   0.886600 
146   0.539400   0.539400   0.540200   0.538000   0.537000   0.532800   0.538200   0.541400   0.539800   0.570800   0.649600   0.708000   0.886000 
147   0.536600   0.536600   0.537400   0.535000   0.534000   0.529600   0.535400   0.538600   0.537200   0.568200   0.647200   0.706000   0.885400 
148   0.533800   0.533800   0.534600   0.532200   0.531000   0.526400   0.532600   0.535800   0.534600   0.565600   0.644800   0.704000   0.884800 
149   0.531000   0.531000   0.531800   0.529400   0.528000   0.523200   0.529800   0.533000   0.532000   0.563000   0.642400   0.702000   0.884200 
150   0.528200   0.528200   0.529000   0.526600   0.525000   0.520200   0.527000   0.530200   0.529400   0.560400   0.640000   0.700000   0.883600 
151   0.525400   0.525400   0.526200   0.523800   0.522000   0.517200   0.524200   0.527400   0.526800   0.557800   0.637600   0.698000   0.883000 
152   0.522600   0.522600   0.523400   0.521000   0.519000   0.514200   0.521400   0.524600   0.524200   0.555200   0.635200   0.696000   0.882400 
153   0.519800   0.519800   0.520600   0.518200   0.516000   0.511200   0.518600   0.521800   0.521600   0.552600   0.632800   0.694000   0.881800 
154   0.517000   0.517000   0.517800   0.515400   0.513000   0.508200   0.515800   0.519000   0.519000   0.550000   0.630400   0.692000   0.881200 
155   0.514200   0.514200   0.515000   0.512600   0.510000   0.505200   0.513000   0.516200   0.516400   0.547400   0.628000   0.690000   0.880600 
156   0.511400   0.511400   0.512200   0.509800   0.507000   0.502200   0.510200   0.513400   0.513800   0.544800   0.625600   0.688000   0.880000 
157   0.508600   0.508600   0.509400   0.507000   0.504000   0.499200   0.507400   0.510600   0.511200   0.542200   0.623200   0.686000   0.879400 
158   0.505800   0.505800   0.506600   0.504200   0.501000   0.496200   0.504600   0.507800   0.508600   0.539600   0.620800   0.684000   0.878800 
159   0.503000   0.503000   0.503800   0.501400   0.498000   0.493200   0.501800   0.505000   0.506000   0.537000   0.618400   0.682000   0.878200 
160   0.500200   0.500200   0.501000   0.498600   0.495000   0.490200   0.499000   0.502200   0.503400   0.534400   0.616000   0.680000   0.877600 
161   0.497400   0.497400   0.498200   0.495800   0.492000   0.487400   0.496200   0.499400   0.500800   0.531800   0.613600   0.678000   0.877000 
162   0.494600   0.494600   0.495400   0.493000   0.489000   0.484600   0.493400   0.496600   0.498200   0.529200   0.611200   0.676000   0.876400 
163   0.491800   0.491800   0.492600   0.490200   0.486200   0.481800   0.490600   0.493800   0.495600   0.526600   0.608800   0.674000   0.875800 
164   0.489000   0.489000   0.489800   0.487400   0.483400   0.479000   0.487800   0.491000   0.493000   0.524000   0.606400   0.672000   0.875200 
165   0.486200   0.486200   0.487000   0.484600   0.480600   0.476200   0.485000   0.488200   0.490400   0.521400   0.604000   0.670000   0.874600 
166   0.483400   0.483400   0.484200   0.481800   0.477800   0.473400   0.482200   0.485400   0.487800   0.518800   0.601600   0.668000   0.874000 
167   0.480600   0.480600   0.481400   0.479000   0.475000   0.470600   0.479400   0.482600   0.485200   0.516200   0.599200   0.666000   0.873400 
168   0.477800   0.477800   0.478600   0.476200   0.472200   0.467800   0.476600   0.479800   0.482600   0.513600   0.596800   0.664000   0.872800 
169   0.475000   0.475000   0.475800   0.473400   0.469400   0.465000   0.473800   0.477000   0.480000   0.511000   0.594400   0.662000   0.872200 
170   0.472200   0.472200   0.473000   0.470600   0.466600   0.462200   0.471000   0.474200   0.477600   0.508400   0.592000   0.660000   0.871600 
171   0.469400   0.469400   0.470200   0.467800   0.463800   0.459400   0.468200   0.471400   0.475200   0.505800   0.589800   0.658000   0.871000 
172   0.466600   0.466600   0.467400   0.465000   0.461000   0.456600   0.465400   0.468600   0.472800   0.503200   0.587600   0.656000   0.870400 
173   0.463800   0.463800   0.464600   0.462200   0.458200   0.453800   0.462600   0.465800   0.470400   0.500600   0.585400   0.654000   0.869800 
174   0.461000   0.461000   0.461800   0.459400   0.455400   0.451000   0.459800   0.463000   0.468000   0.498000   0.583200   0.652000   0.869200 
175   0.458200   0.458200   0.459000   0.456600   0.452600   0.448200   0.457000   0.460200   0.465600   0.495400   0.581000   0.650000   0.868600 
176   0.455400   0.455400   0.456200   0.453800   0.449800   0.445400   0.454200   0.457400   0.463200   0.492800   0.578800   0.648000   0.868000 
177   0.452600   0.452600   0.453400   0.451000   0.447000   0.442600   0.451400   0.454600   0.460800   0.490200   0.576600   0.646000   0.867400 
178   0.449800   0.449800   0.450600   0.448200   0.444200   0.439800   0.448600   0.451800   0.458400   0.487600   0.574400   0.644000   0.866800 
179   0.447000   0.447000   0.447800   0.445400   0.441400   0.437000   0.445800   0.449000   0.456000   0.485000   0.572200   0.642000   0.866200 
180   0.444200   0.444200   0.445000   0.442600   0.438600   0.434200   0.443000   0.446200   0.453600   0.482400   0.570000   0.640000   0.865600 
181   0.441400   0.441400   0.442200   0.439800   0.435800   0.431400   0.440200   0.443400   0.451200   0.479800   0.567800   0.638000   0.865000 
182   0.438600   0.438600   0.439400   0.437000   0.433000   0.428600   0.437400   0.440600   0.448800   0.477200   0.565600   0.636000   0.864400 
183   0.435800   0.435800   0.436600   0.434200   0.430200   0.425800   0.434600   0.437800   0.446400   0.474600   0.563400   0.634000   0.863800 
184   0.433000   0.433000   0.433800   0.431400   0.427400   0.423000   0.431800   0.435000   0.444000   0.472000   0.561200   0.632000   0.863200 
185   0.430200   0.430200   0.431000   0.428600   0.424600   0.420200   0.429000   0.432200   0.441600   0.469600   0.559000   0.630000   0.862600 
186   0.427400   0.427400   0.428200   0.425800   0.421800   0.417400   0.426200   0.429400   0.439200   0.467200   0.556800   0.628000   0.862000 
187   0.424600   0.424600   0.425400   0.423000   0.419000   0.414600   0.423400   0.426600   0.436800   0.464800   0.554600   0.626000   0.861400 
188   0.421800   0.421800   0.422600   0.420200   0.416200   0.411800   0.420600   0.423800   0.434400   0.462400   0.552400   0.624000   0.860800 
189   0.419000   0.419000   0.419800   0.417400   0.413400   0.409000   0.417800   0.421000   0.432000   0.460000   0.550200   0.622000   0.860200 
190   0.416200   0.416200   0.417000   0.414600   0.410600   0.406200   0.415000   0.418200   0.429600   0.457600   0.548000   0.620000   0.859600 
191   0.413400   0.413400   0.414200   0.411800   0.407800   0.403400   0.412200   0.415400   0.427200   0.455200   0.545800   0.618000   0.859000 
192   0.410600   0.410600   0.411400   0.409000   0.405000   0.400600   0.409400   0.412600   0.424800   0.452800   0.543600   0.616000   0.858400 
193   0.407800   0.407800   0.408600   0.406200   0.402200   0.397800   0.406600   0.409800   0.422400   0.450400   0.541400   0.614000   0.858000 
194   0.405000   0.405000   0.405800   0.403400   0.399400   0.395000   0.403800   0.407000   0.420000   0.448000   0.539200   0.612000   0.857600 
195   0.402200   0.402200   0.403000   0.400600   0.396600   0.392200   0.401000   0.404200   0.417600   0.445600   0.537000   0.610000   0.857200 
196   0.399400   0.399400   0.400200   0.397800   0.393800   0.389400   0.398200   0.401400   0.415200   0.443200   0.534800   0.608000   0.856800 
197   0.396600   0.396600   0.397400   0.395000   0.391000   0.386600   0.395400   0.398600   0.412800   0.440800   0.532600   0.606000   0.856400 
198   0.393800   0.393800   0.394600   0.392200   0.388200   0.383800   0.392600   0.395800   0.410400   0.438400   0.530400   0.604000   0.856000 
199   0.391000   0.391000   0.391800   0.389400   0.385400   0.381000   0.389800   0.393000   0.408200   0.436000   0.528200   0.602000   0.855600 
200   0.388200   0.388200   0.389000   0.386600   0.382600   0.378200   0.387000   0.390200   0.406000   0.433600   0.526000   0.600000   0.855200 
201   0.385400   0.385400   0.386200   0.383800   0.379800   0.375400   0.384200   0.387400   0.403800   0.431200   0.524000   0.598000   0.854800 
202   0.382600   0.382600   0.383400   0.381000   0.377000   0.372600   0.381400   0.384600   0.401600   0.428800   0.522000   0.596000   0.854400 
203   0.379800   0.379800   0.380600   0.378200   0.374200   0.369800   0.378600   0.381800   0.399400   0.426400   0.520000   0.594000   0.854000 
204   0.377000   0.377000   0.377800   0.375400   0.371400   0.367000   0.375800   0.379000   0.397200   0.424000   0.518000   0.592000   0.853600 
205   0.374200   0.374200   0.375000   0.372600   0.368600   0.364200   0.373000   0.376200   0.395000   0.421600   0.516000   0.590000   0.853200 
206   0.371400   0.371400   0.372200   0.369800   0.365800   0.361400   0.370200   0.373400   0.392800   0.419200   0.514000   0.588000   0.852800 
207   0.368600   0.368600   0.369400   0.367000   0.363000   0.358600   0.367400   0.370600   0.390600   0.416800   0.512000   0.586000   0.852400 
208   0.365800   0.365800   0.366600   0.364200   0.360200   0.355800   0.364600   0.367800   0.388400   0.414400   0.510000   0.584000   0.852000 
209   0.363000   0.363000   0.363800   0.361400   0.357400   0.353000   0.361800   0.365000   0.386200   0.412000   0.508000   0.582000   0.851600 
210   0.360200   0.360200   0.361000   0.358600   0.354600   0.350200   0.359000   0.362200   0.384000   0.409600   0.506000   0.580000   0.851200 
211   0.357400   0.357400   0.358200   0.355800   0.351800   0.347400   0.356200   0.359400   0.381800   0.407200   0.504000   0.578000   0.850800 
212   0.354600   0.354600   0.355400   0.353000   0.349000   0.344600   0.353400   0.356600   0.379600   0.404800   0.502000   0.576000   0.850400 
213   0.351800   0.351800   0.352600   0.350200   0.346200   0.341800   0.350600   0.353800   0.377400   0.402400   0.500000   0.574000   0.850000 
214   0.349000   0.349000   0.349800   0.347400   0.343400   0.339000   0.347800   0.351000   0.375200   0.400000   0.498000   0.572000   0.849600 
215   0.346200   0.346200   0.347000   0.344600   0.340600   0.336200   0.345000   0.348200   0.373000   0.397600   0.496000   0.570000   0.849200 
216   0.343400   0.343400   0.344200   0.341800   0.337800   0.333400   0.342200   0.345400   0.370800   0.395200   0.494000   0.568000   0.848800 
217   0.340600   0.340600   0.341400   0.339000   0.335000   0.330600   0.339400   0.342600   0.368600   0.392800   0.492000   0.566000   0.848400 
218   0.337800   0.337800   0.338600   0.336200   0.332200   0.327800   0.336600   0.340000   0.366400   0.390400   0.490000   0.564000   0.848000 
219   0.335000   0.335000   0.335800   0.333400   0.329400   0.325000   0.333800   0.337400   0.364200   0.388000   0.488000   0.562000   0.847600 
220   0.332200   0.332200   0.333000   0.330600   0.326600   0.322200   0.331000   0.334800   0.362000   0.385600   0.486000   0.560000   0.847200 
221   0.329400   0.329400   0.330200   0.327800   0.323800   0.319400   0.328200   0.332200   0.359800   0.383200   0.484000   0.558000   0.846800 
222   0.326600   0.326600   0.327400   0.325000   0.321000   0.316600   0.325400   0.329600   0.357600   0.380800   0.482200   0.556000   0.846400 
223   0.323800   0.323800   0.324600   0.322200   0.318200   0.313800   0.322600   0.327000   0.355400   0.378600   0.480400   0.554000   0.846000 
224   0.321000   0.321000   0.321800   0.319400   0.315400   0.311000   0.319800   0.324400   0.353200   0.376400   0.478600   0.552000   0.845600 
225   0.318200   0.318200   0.319000   0.316600   0.312600   0.308200   0.317000   0.321800   0.351000   0.374200   0.476800   0.550000   0.845200 
226   0.315400   0.315400   0.316200   0.313800   0.309800   0.305400   0.314200   0.319200   0.348800   0.372000   0.475000   0.548000   0.844800 
227   0.312600   0.312600   0.313400   0.311000   0.307000   0.302600   0.311400   0.316600   0.346600   0.369800   0.473200   0.546000   0.844400 
228   0.309800   0.309800   0.310600   0.308200   0.304200   0.299800   0.308600   0.314000   0.344400   0.367600   0.471400   0.544000   0.844000 
229   0.307000   0.307000   0.307800   0.305400   0.301400   0.297000   0.305800   0.311400   0.342200   0.365400   0.469600   0.542000   0.843600 
230   0.304200   0.304200   0.305000   0.302600   0.298600   0.294200   0.303200   0.308800   0.340000   0.363200   0.467800   0.540000   0.843200 
231   0.301400   0.301400   0.302200   0.299800   0.295800   0.291400   0.300600   0.306200   0.337800   0.361000   0.466000   0.538000   0.842800 
232   0.298600   0.298600   0.299400   0.297000   0.293000   0.288600   0.298000   0.303600   0.335600   0.358800   0.464200   0.536000   0.842400 
233   0.295800   0.295800   0.296600   0.294200   0.290200   0.285800   0.295400   0.301000   0.333400   0.356600   0.462400   0.534000   0.842000 
234   0.293000   0.293000   0.293800   0.291400   0.287400   0.283000   0.292800   0.298400   0.331200   0.354400   0.460600   0.532000   0.841600 
235   0.290200   0.290200   0.291000   0.288600   0.284600   0.280200   0.290200   0.295800   0.329000   0.352200   0.458800   0.530000   0.841200 
236   0.287400   0.287400   0.288200   0.285800   0.281800   0.277400   0.287600   0.293200   0.326800   0.350000   0.457000   0.528000   0.840800 
237   0.284800   0.284600   0.285400   0.283000   0.279000   0.274600   0.285000   0.290600   0.324600   0.347800   0.455200   0.526000   0.840400 
238   0.282200   0.281800   0.282600   0.280200   0.276200   0.271800   0.282400   0.288000   0.322600   0.345600   0.453400   0.524000   0.840000 
239   0.279600   0.279000   0.279800   0.277400   0.273400   0.269000   0.279800   0.285400   0.320600   0.343400   0.451600   0.522000   0.839600 
240   0.277000   0.276200   0.277000   0.274600   0.270600   0.266200   0.277200   0.282800   0.318600   0.341200   0.449800   0.520000   0.839200 
241   0.274400   0.273400   0.274200   0.272000   0.267800   0.263400   0.274600   0.280200   0.316600   0.339000   0.448200   0.518000   0.838800 
242   0.271800   0.270600   0.271400   0.269400   0.265000   0.260600   0.272000   0.277600   0.314600   0.336800   0.446600   0.516000   0.838400 
243   0.269200   0.267800   0.268600   0.266800   0.262200   0.257800   0.269400   0.275000   0.312600   0.334600   0.445000   0.514000   0.838000 
244   0.266600   0.265000   0.265800   0.264200   0.259400   0.255000   0.266800   0.272400   0.310600   0.332400   0.443400   0.512000   0.837600 
245   0.264200   0.262200   0.263000   0.261600   0.256600   0.252200   0.264200   0.270000   0.308600   0.330200   0.441800   0.510000   0.837200 
246   0.261800   0.259400   0.260200   0.259000   0.253800   0.249400   0.261600   0.267600   0.306600   0.328000   0.440200   0.508000   0.836800 
247   0.259400   0.256600   0.257400   0.256400   0.251000   0.246600   0.259000   0.265200   0.304600   0.325800   0.438600   0.506000   0.836400 
248   0.257000   0.253800   0.254600   0.253800   0.248200   0.244000   0.256400   0.262800   0.302600   0.323600   0.437000   0.504000   0.836000 
249   0.254600   0.251000   0.251800   0.251200   0.245400   0.241400   0.253800   0.260400   0.300600   0.321400   0.435400   0.502000   0.835600 
250   0.252200   0.248200   0.249200   0.248600   0.242600   0.238800   0.251200   0.258000   0.298600   0.319200   0.433800   0.500000   0.835200 
251   0.250000   0.245600   0.246600   0.246000   0.239800   0.236200   0.248600   0.255600   0.296600   0.317000   0.432200   0.498000   0.834800 
252   0.247800   0.243000   0.244000   0.243400   0.237000   0.233600   0.246000   0.253200   0.294600   0.314800   0.430800   0.496000   0.834400 
253   0.245600   0.240600   0.241400   0.240800   0.234400   0.231000   0.243400   0.250800   0.292600   0.312600   0.429400   0.494000   0.834000 
254   0.243400   0.238200   0.238800   0.238200   0.231800   0.228400   0.240800   0.248400   0.290600   0.310400   0.428000   0.492000   0.833600 
255   0.241200   0.235800   0.236400   0.235600   0.229200   0.225800   0.238200   0.246000   0.288600   0.308200   0.426600   0.490000   0.833200 
256   0.239000   0.233400   0.234000   0.233000   0.226600   0.223200   0.235600   0.243600   0.286600   0.306000   0.425200   0.488000   0.832800 
257   0.236800   0.231000   0.231600   0.230400   0.224000   0.220800   0.233000   0.241200   0.284600   0.303800   0.423800   0.486000   0.832400 
258   0.234600   0.228600   0.229200   0.227800   0.221400   0.218400   0.230400   0.238800   0.282600   0.301600   0.422400   0.484000   0.832000 
259   0.232400   0.226200   0.226800   0.225200   0.219000   0.216000   0.227800   0.236600   0.280600   0.299400   0.421000   0.482000   0.831600 
260   0.230200   0.223800   0.224400   0.222600   0.216600   0.213600   0.225200   0.234400   0.278600   0.297200   0.419600   0.480000   0.831200 
261   0.228200   0.221600   0.222000   0.220000   0.214400   0.211200   0.222600   0.232200   0.276600   0.295000   0.418200   0.478000   0.830800 
262   0.226200   0.219400   0.219800   0.217600   0.212200   0.208800   0.220000   0.230000   0.274600   0.292800   0.416800   0.476000   0.830400 
263   0.224200   0.217200   0.217600   0.215200   0.210000   0.206400   0.217400   0.227800   0.272600   0.290600   0.415400   0.474200   0.830000 
264   0.222200   0.215000   0.215400   0.212800   0.207800   0.204000   0.214800   0.225600   0.270600   0.288400   0.414000   0.472400   0.829600 
265   0.220200   0.212800   0.213400   0.210600   0.205600   0.201800   0.212200   0.223400   0.268600   0.286200   0.412600   0.470600   0.829200 
266   0.218200   0.210800   0.211400   0.208400   0.203400   0.199600   0.209600   0.221400   0.266600   0.284000   0.411200   0.468800   0.828800 
267   0.216200   0.208800   0.209400   0.206400   0.201200   0.197400   0.207000   0.219400   0.264600   0.281800   0.409800   0.467000   0.828400 
268   0.214200   0.206800   0.207400   0.204400   0.199000   0.195200   0.204400   0.217400   0.262600   0.279600   0.408400   0.465200   0.828000 
269   0.212200   0.204800   0.205400   0.202400   0.196800   0.193000   0.201800   0.215400   0.260600   0.277400   0.407000   0.463400   0.827600 
270   0.210200   0.202800   0.203400   0.200400   0.194600   0.190800   0.199200   0.213400   0.258600   0.275200   0.405600   0.461600   0.827200 
271   0.208200   0.200800   0.201400   0.198400   0.192400   0.188600   0.196600   0.211400   0.256600   0.273000   0.404200   0.459800   0.826800 
272   0.206200   0.198800   0.199400   0.196400   0.190200   0.186400   0.194000   0.209400   0.254600   0.271000   0.402800   0.458000   0.826400 
273   0.204200   0.196800   0.197400   0.194400   0.188000   0.184200   0.191400   0.207400   0.252600   0.269000   0.401400   0.456200   0.826000 
274   0.202200   0.194800   0.195400   0.192400   0.185800   0.182000   0.189000   0.205400   0.250600   0.267000   0.400000   0.454400   0.825600 
275   0.200200   0.192800   0.193400   0.190400   0.183600   0.179800   0.186600   0.203400   0.248600   0.265000   0.398600   0.452600   0.825200 
276   0.198200   0.190800   0.191600   0.188400   0.181400   0.177600   0.184200   0.201400   0.246600   0.263000   0.397200   0.450800   0.824800 
277   0.196200   0.188800   0.189800   0.186400   0.179200   0.175400   0.181800   0.199400   0.244600   0.261000   0.395800   0.449000   0.824400 
278   0.194200   0.186800   0.188000   0.184400   0.177000   0.173200   0.179400   0.197400   0.242600   0.259000   0.394400   0.447200   0.824000 
279   0.192400   0.184800   0.186200   0.182400   0.174800   0.171000   0.177000   0.195400   0.240600   0.257000   0.393200   0.445400   0.823600 
280   0.190600   0.182800   0.184400   0.180600   0.172600   0.168800   0.174600   0.193400   0.238600   0.255000   0.392000   0.443600   0.823200 
281   0.188800   0.180800   0.182600   0.178800   0.170400   0.166600   0.172400   0.191400   0.236600   0.253000   0.390800   0.441800   0.822800 
282   0.187000   0.178800   0.180800   0.177000   0.168200   0.164400   0.170200   0.189400   0.234600   0.251000   0.389600   0.440000   0.822400 
283   0.185200   0.177000   0.179000   0.175200   0.166000   0.162200   0.168000   0.187400   0.232600   0.249000   0.388400   0.438400   0.822000 
284   0.183400   0.175200   0.177200   0.173400   0.163800   0.160000   0.165800   0.185400   0.230600   0.247000   0.387200   0.436800   0.821800 
285   0.181600   0.173600   0.175400   0.171600   0.161600   0.157800   0.163600   0.183400   0.228600   0.245000   0.386000   0.435200   0.821600 
286   0.179800   0.172000   0.173600   0.169800   0.159400   0.155600   0.161400   0.181400   0.226600   0.243000   0.385000   0.433600   0.821400 
287   0.178000   0.170400   0.171800   0.168000   0.157200   0.153600   0.159200   0.179600   0.224600   0.241000   0.384000   0.432000   0.821200 
288   0.176200   0.168800   0.170000   0.166200   0.155000   0.151600   0.157000   0.177800   0.222600   0.239000   0.383000   0.430400   0.821000 
289   0.174400   0.167200   0.168200   0.164400   0.152800   0.149600   0.154800   0.176000   0.220600   0.237000   0.382000   0.428800   0.820800 
290   0.172600   0.165600   0.166600   0.162600   0.150600   0.147600   0.152600   0.174200   0.218600   0.235000   0.381000   0.427200   0.820600 
291   0.170800   0.164000   0.165000   0.160800   0.148600   0.145600   0.150400   0.172400   0.216600   0.233000   0.380000   0.425600   0.820400 
292   0.169000   0.162400   0.163400   0.159000   0.146600   0.143600   0.148200   0.170600   0.214600   0.231000   0.379000   0.424000   0.820200 
293   0.167200   0.160800   0.161800   0.157200   0.144600   0.141600   0.146000   0.168800   0.212600   0.229000   0.378000   0.422400   0.820000 
294   0.165400   0.159200   0.160200   0.155400   0.142600   0.139600   0.143800   0.167000   0.210800   0.227000   0.377000   0.420800   0.819800 
295   0.163800   0.157600   0.158600   0.153600   0.140600   0.137600   0.141800   0.165200   0.209000   0.225000   0.376000   0.419200   0.819600 
296   0.162200   0.156000   0.157000   0.152000   0.138600   0.135600   0.139800   0.163400   0.207200   0.223000   0.375000   0.417600   0.819400 
297   0.160600   0.154400   0.155400   0.150400   0.136600   0.133600   0.137800   0.161600   0.205400   0.221000   0.374000   0.416000   0.819200 
298   0.159000   0.152800   0.153800   0.148800   0.134600   0.131600   0.135800   0.159800   0.203600   0.219000   0.373000   0.414600   0.819000 
299   0.157400   0.151200   0.152200   0.147200   0.132600   0.129600   0.133800   0.158000   0.201800   0.217000   0.372000   0.413200   0.818800 
300   0.155800   0.149600   0.150600   0.145600   0.130600   0.127600   0.131800   0.156200   0.200000   0.215000   0.371000   0.411800   0.818600 
301   0.154200   0.148000   0.149000   0.144000   0.128600   0.125600   0.129800   0.154400   0.198200   0.213000   0.370000   0.410400   0.818400 
302   0.152600   0.146400   0.147400   0.142400   0.126600   0.123600   0.127800   0.152600   0.196400   0.211000   0.369000   0.409000   0.818200 
303   0.151000   0.144800   0.145800   0.140800   0.124600   0.121600   0.125800   0.150800   0.194600   0.209000   0.368000   0.407800   0.818000 
304   0.149400   0.143200   0.144200   0.139200   0.122600   0.119600   0.123800   0.149000   0.192800   0.207000   0.367000   0.406600   0.817800 
305   0.147800   0.141600   0.142600   0.137600   0.120600   0.117600   0.121800   0.147200   0.191000   0.205000   0.366000   0.405400   0.817600 
306   0.146200   0.140000   0.141000   0.136000   0.118600   0.115600   0.119800   0.145400   0.189200   0.203000   0.365000   0.404200   0.817400 
307   0.144600   0.138400   0.139400   0.134400   0.116600   0.113600   0.118000   0.143600   0.187400   0.201000   0.364000   0.403000   0.817200 
308   0.143000   0.136800   0.137800   0.132800   0.114600   0.111800   0.116200   0.141800   0.185800   0.199000   0.363000   0.401800   0.817000 
309   0.141400   0.135200   0.136200   0.131200   0.112600   0.110000   0.114600   0.140000   0.184200   0.197000   0.362000   0.400600   0.816800 
310   0.139800   0.133600   0.134600   0.129600   0.110600   0.108200   0.113000   0.138200   0.182600   0.195000   0.361000   0.399400   0.816600 
311   0.138200   0.132000   0.133000   0.128000   0.108600   0.106400   0.111400   0.136400   0.181000   0.193000   0.360000   0.398200   0.816400 
312   0.136600   0.130400   0.131400   0.126400   0.106800   0.104600   0.109800   0.134600   0.179400   0.191000   0.359000   0.397000   0.816200 
313   0.135000   0.128800   0.129800   0.124800   0.105000   0.102800   0.108200   0.132800   0.177800   0.189000   0.358000   0.395800   0.816000 
314   0.133400   0.127200   0.128200   0.123200   0.103200   0.101000   0.106600   0.131000   0.176200   0.187000   0.357000   0.394600   0.815800 
315   0.131800   0.125600   0.126600   0.121600   0.101400   0.099200   0.105000   0.129200   0.174600   0.185000   0.356200   0.393400   0.815600 
316   0.130200   0.124000   0.125000   0.120000   0.099600   0.097400   0.103400   0.127400   0.173000   0.183000   0.355400   0.392200   0.815400 
317   0.128600   0.122400   0.123400   0.118400   0.097800   0.095600   0.101800   0.125600   0.171400   0.181000   0.354600   0.391200   0.815200 
318   0.127000   0.120800   0.121800   0.116800   0.096000   0.093800   0.100400   0.123800   0.169800   0.179000   0.353800   0.390200   0.815000 
319   0.125400   0.119200   0.120200   0.115200   0.094400   0.092000   0.098800   0.122200   0.168200   0.177000   0.353000   0.389200   0.814800 
320   0.123800   0.117600   0.118600   0.113600   0.092800   0.090200   0.097400   0.120600   0.166600   0.175000   0.352200   0.388200   0.814600 
321   0.122200   0.116000   0.117000   0.112000   0.091200   0.088400   0.096000   0.119000   0.165000   0.173000   0.351400   0.387200   0.814400 
322   0.120600   0.114400   0.115400   0.110400   0.089600   0.086800   0.094600   0.117400   0.163400   0.171000   0.350600   0.386200   0.814200 
323   0.119000   0.112800   0.113800   0.108800   0.088000   0.085200   0.093400   0.115800   0.161800   0.169000   0.349800   0.385200   0.814000 
324   0.117400   0.111200   0.112200   0.107200   0.086400   0.083600   0.092200   0.114400   0.160200   0.167000   0.349000   0.384200   0.813800 
325   0.115800   0.109600   0.110800   0.105600   0.084800   0.082200   0.091000   0.113000   0.158600   0.165000   0.348200   0.383200   0.813600 
326   0.114200   0.108000   0.109400   0.104000   0.083400   0.080800   0.089800   0.111600   0.157000   0.163000   0.347400   0.382200   0.813400 
327   0.112600   0.106400   0.108000   0.102400   0.082000   0.079400   0.088600   0.110200   0.155400   0.161000   0.346600   0.381200   0.813200 
328   0.111000   0.104800   0.106600   0.100800   0.080600   0.078200   0.087400   0.108800   0.153800   0.159200   0.345800   0.380200   0.813000 
329   0.109400   0.103200   0.105200   0.099200   0.079200   0.077000   0.086200   0.107400   0.152200   0.157400   0.345000   0.379200   0.812800 
330   0.107800   0.101600   0.103800   0.097600   0.078000   0.075800   0.085000   0.106000   0.150600   0.155600   0.344200   0.378200   0.812600 
331   0.106200   0.100000   0.102400   0.096000   0.076800   0.074600   0.083800   0.104600   0.149000   0.153800   0.343400   0.377200   0.812400 
332   0.104600   0.098400   0.101000   0.094400   0.075600   0.073400   0.082600   0.103200   0.147400   0.152000   0.342600   0.376200   0.812200 
333   0.103000   0.096800   0.099600   0.092800   0.074400   0.072200   0.081400   0.101800   0.145800   0.150200   0.341800   0.375200   0.812000 
334   0.101400   0.095200   0.098200   0.091200   0.073200   0.071000   0.080200   0.100400   0.144200   0.148400   0.341000   0.374400   0.811800 
335   0.100000   0.093600   0.096800   0.089600   0.072000   0.069800   0.079000   0.099000   0.142600   0.146600   0.340200   0.373800   0.811600 
336   0.098600   0.092000   0.095400   0.088200   0.070800   0.068600   0.077800   0.097600   0.141000   0.144800   0.339400   0.373200   0.811400 
337   0.097200   0.090400   0.094000   0.086600   0.069600   0.067400   0.076600   0.096200   0.139400   0.143000   0.338600   0.372600   0.811200 
338   0.095800   0.089000   0.092600   0.085200   0.068400   0.066200   0.075400   0.094800   0.137800   0.141400   0.337800   0.372000   0.811000 
339   0.094400   0.087600   0.091200   0.083800   0.067200   0.065000   0.074200   0.093400   0.136200   0.139800   0.337000   0.371400   0.810800 
340   0.093000   0.086200   0.089800   0.082400   0.066000   0.063800   0.073000   0.092000   0.134600   0.138200   0.336200   0.370800   0.810600 
341   0.091600   0.084800   0.088400   0.081000   0.064800   0.062600   0.071800   0.090600   0.133000   0.136600   0.335400   0.370200   0.810400 
342   0.090200   0.083400   0.087000   0.079800   0.063600   0.061400   0.070600   0.089200   0.131400   0.135000   0.334600   0.369600   0.810200 
343   0.088800   0.082000   0.085600   0.078600   0.062400   0.060200   0.069400   0.087800   0.129800   0.133400   0.333800   0.369000   0.810000 
344   0.087400   0.080600   0.084200   0.077400   0.061200   0.059000   0.068200   0.086400   0.128200   0.131800   0.333000   0.368400   0.809800 
345   0.086000   0.079200   0.082800   0.076200   0.060000   0.057800   0.067000   0.085000   0.126600   0.130200   0.332200   0.367800   0.809600 
346   0.084600   0.077800   0.081400   0.075000   0.058800   0.056600   0.065800   0.083600   0.125000   0.128600   0.331400   0.367200   0.809400 
347   0.083400   0.076600   0.080000   0.073800   0.057600   0.055400   0.064600   0.082200   0.123400   0.127000   0.330600   0.366600   0.809200 
348   0.082200   0.075400   0.078600   0.072600   0.056400   0.054200   0.063400   0.080800   0.121800   0.125400   0.329800   0.366000   0.809000 
349   0.081000   0.074200   0.077200   0.071400   0.055200   0.053000   0.062200   0.079400   0.120200   0.123800   0.329000   0.365400   0.808800 
350   0.079800   0.073000   0.075800   0.070200   0.054000   0.051800   0.061000   0.078000   0.118600   0.122200   0.328200   0.364800   0.808600 
351   0.078600   0.071800   0.074400   0.069000   0.052800   0.050600   0.059800   0.076600   0.117000   0.120600   0.327400   0.364200   0.808400 
352   0.077400   0.070600   0.073000   0.067800   0.051600   0.049400   0.058600   0.075200   0.115400   0.119000   0.326600   0.363600   0.808200 
353   0.076200   0.069400   0.071600   0.066600   0.050400   0.048200   0.057400   0.073800   0.113800   0.117400   0.325800   0.363000   0.808000 
354   0.075000   0.068200   0.070400   0.065400   0.049200   0.047000   0.056200   0.072400   0.112200   0.115800   0.325000   0.362400   0.807800 
355   0.073800   0.067000   0.069200   0.064200   0.048000   0.045800   0.055000   0.071000   0.110600   0.114200   0.324200   0.361800   0.807600 
356   0.072600   0.065800   0.068000   0.063000   0.046800   0.044600   0.053800   0.069600   0.109000   0.112600   0.323400   0.361200   0.807400 
357   0.071400   0.064600   0.066800   0.061800   0.045600   0.043400   0.052600   0.068200   0.107400   0.111000   0.322600   0.360600   0.807200 
358   0.070200   0.063400   0.065600   0.060600   0.044400   0.042200   0.051400   0.066800   0.105800   0.109400   0.321800   0.360000   0.807000 
359   0.069000   0.062200   0.064400   0.059400   0.043200   0.041000   0.050200   0.065400   0.104200   0.107800   0.321000   0.359400   0.806800 
360   0.067800   0.061000   0.063200   0.058200   0.042000   0.039800   0.049000   0.064000   0.102600   0.106200   0.320200   0.358800   0.806600 
361   0.066600   0.059800   0.062000   0.057000   0.040800   0.038600   0.047800   0.062600   0.101000   0.104600   0.319400   0.358200   0.806400 
362   0.065400   0.058600   0.060800   0.055800   0.039600   0.037400   0.046600   0.061200   0.099400   0.103000   0.318600   0.357600   0.806200 
363   0.064200   0.057400   0.059600   0.054600   0.038400   0.036200   0.045400   0.059800   0.097800   0.101400   0.317800   0.357000   0.806000 
364   0.063000   0.056200   0.058400   0.053400   0.037200   0.035000   0.044200   0.058400   0.096200   0.099800   0.317000   0.356400   0.805800 
365   0.061800   0.055000   0.057200   0.052200   0.036000   0.033800   0.043000   0.057000   0.094600   0.098200   0.316200   0.355800   0.805600 
366   0.060600   0.053800   0.056000   0.051000   0.034800   0.032600   0.041800   0.055600   0.093000   0.096600   0.315400   0.355200   0.805400 
367   0.059400   0.052600   0.054800   0.049800   0.033600   0.031400   0.040600   0.054200   0.091400   0.095000   0.314600   0.354600   0.805200 
368   0.058200   0.051400   0.053600   0.048600   0.032400   0.030200   0.039400   0.052800   0.089800   0.093400   0.313800   0.354000   0.805200 
369   0.057000   0.050200   0.052400   0.047400   0.031200   0.029000   0.038200   0.051400   0.088200   0.091800   0.313000   0.353400   0.805200 
370   0.055800   0.049000   0.051200   0.046200   0.030000   0.027800   0.037000   0.050000   0.086600   0.090200   0.312200   0.352800   0.805200 
371   0.054600   0.047800   0.050000   0.045000   0.028800   0.026600   0.035800   0.048800   0.085000   0.088600   0.311400   0.352200   0.805200 
372   0.053400   0.046600   0.048800   0.043800   0.027600   0.025400   0.034600   0.047600   0.083400   0.087000   0.310600   0.351600   0.805200 
373   0.052200   0.045400   0.047600   0.042600   0.026400   0.024200   0.033400   0.046400   0.081800   0.085400   0.309800   0.351000   0.805200 
374   0.051000   0.044200   0.046400   0.041400   0.025200   0.023000   0.032200   0.045200   0.080200   0.083800   0.309000   0.350400   0.805200 
375   0.049800   0.043000   0.045200   0.040200   0.024000   0.021800   0.031000   0.044000   0.078600   0.082200   0.308200   0.349800   0.805200 
376   0.048600   0.041800   0.044000   0.039000   0.022800   0.020600   0.029800   0.042800   0.077000   0.080600   0.307400   0.349200   0.805200 
377   0.047400   0.040600   0.042800   0.037800   0.021600   0.019400   0.028600   0.041600   0.075400   0.079000   0.306600   0.348600   0.805200 
378   0.046200   0.039400   0.041600   0.036600   0.020400   0.018200   0.027400   0.040400   0.073800   0.077400   0.305800   0.348000   0.805200 
379   0.045000   0.038200   0.040400   0.035400   0.019200   0.017000   0.026200   0.039200   0.072200   0.075800   0.305000   0.347400   0.805200 
380   0.043800   0.037000   0.039200   0.034200   0.018000   0.015800   0.025000   0.038000   0.070600   0.074200   0.304200   0.346800   0.805200 
381   0.042600   0.035800   0.038000   0.033000   0.016800   0.014600   0.023800   0.036800   0.069000   0.072600   0.303400   0.346200   0.805200 
382   0.041400   0.034600   0.036800   0.031800   0.015600   0.013400   0.022600   0.035600   0.067400   0.071000   0.302600   0.345600   0.805200 
383   0.040200   0.033400   0.035600   0.030600   0.014400   0.012200   0.021400   0.034400   0.065800   0.069400   0.301800   0.345000   0.805200 
384   0.039000   0.032200   0.034400   0.029400   0.013200   0.011000   0.020200   0.033200   0.064200   0.067800   0.301000   0.344400   0.805200 
385   0.038000   0.031000   0.033200   0.028200   0.012000   0.009800   0.019000   0.032000   0.062600   0.066200   0.300200   0.343800   0.805200 
386   0.037000   0.029800   0.032000   0.027000   0.010800   0.008600   0.017800   0.030800   0.061000   0.064600   0.299400   0.343200   0.805200 
387   0.036000   0.028600   0.031000   0.025800   0.009600   0.007400   0.016600   0.029600   0.059400   0.063000   0.298600   0.342600   0.805200 
388   0.035000   0.027400   0.030000   0.024600   0.008400   0.006200   0.015400   0.028400   0.057800   0.061400   0.297800   0.342000   0.805200 
389   0.034000   0.026200   0.029000   0.023400   0.007200   0.005000   0.014200   0.027200   0.056200   0.059800   0.297000   0.341400   0.805200 
390   0.033000   0.025000   0.028000   0.022200   0.006000   0.003800   0.013000   0.026000   0.054600   0.058200   0.296200   0.340800   0.805200 
391   0.032000   0.023800   0.027000   0.021000   0.004800   0.002600   0.011800   0.024800   0.053000   0.056600   0.295400   0.340200   0.805200 
392   0.031000   0.022600   0.026200   0.019800   0.003600   0.001400   0.010600   0.023600   0.051400   0.055000   0.294600   0.339600   0.805200 
393   0.030000   0.021400   0.025200   0.018600   0.002400   0.000200   0.009400   0.022400   0.049800   0.053400   0.293800   0.339000   0.805200 
394   0.029000   0.020200   0.024400   0.017400   0.001400  -0.001000   0.008200   0.021200   0.048200   0.051800   0.293000   0.338400   0.805200 
395   0.028000   0.019200   0.023600   0.016200   0.000400  -0.002200   0.007000   0.020000   0.046600   0.050200   0.292200   0.337800   0.805200 
396   0.027000   0.018200   0.022800   0.015000  -0.000400  -0.003400   0.006000   0.018800   0.045000   0.048600   0.291400   0.337200   0.805200 
397   0.026000   0.017200   0.022000   0.013800  -0.001200  -0.004600   0.005000   0.017800   0.043400   0.047000   0.290600   0.336600   0.805200 
398   0.025000   0.016200   0.021200   0.012600  -0.002000  -0.005800   0.004000   0.016600   0.041800   0.045400   0.289800   0.336000   0.805200 
399   0.024000   0.015200   0.020400   0.011400  -0.002800  -0.007000   0.003000   0.015600   0.040200   0.043800   0.289000   0.335400   0.805200 
400   0.023000   0.014200   0.019600   0.010200  -0.003600  -0.008200   0.002000   0.014800   0.038600   0.042200   0.288200   0.334800   0.805200 
401   0.022000   0.013400   0.018800   0.009000  -0.004400  -0.009400   0.001000   0.014000   0.037000   0.040600   0.287400   0.334200   0.805200 
402   0.021000   0.012600   0.018000   0.007800  -0.005200  -0.010600   0.000000   0.013200   0.035400   0.039000   0.286800   0.333600   0.805200 
403   0.020000   0.011800   0.017200   0.006600  -0.006000  -0.011800  -0.001000   0.012400   0.033800   0.037400   0.286200   0.333000   0.805200 
404   0.019000   0.011000   0.016400   0.005600  -0.006800  -0.013000  -0.002000   0.011600   0.032200   0.035800   0.285800   0.332400   0.805200 
405   0.018200   0.010200   0.015600   0.004600  -0.007600  -0.014200  -0.003000   0.010800   0.030600   0.034200   0.285400   0.331800   0.805200 
406   0.017400   0.009400   0.014800   0.003600  -0.008400  -0.015400  -0.004000   0.010000   0.029000   0.032600   0.285000   0.331200   0.805200 
407   0.016600   0.008600   0.014000   0.002600  -0.009200  -0.016600  -0.005000   0.009200   0.027400   0.031000   0.284600   0.330600   0.805200 
408   0.015800   0.007800   0.013200   0.001600  -0.010000  -0.017800  -0.006000   0.008400   0.025800   0.029400   0.284200   0.330000   0.805200 
409   0.015000   0.007000   0.012400   0.000600  -0.010800  -0.019000  -0.007000   0.007600   0.024200   0.027800   0.283800   0.329400   0.805200 
410   0.014200   0.006200   0.011600  -0.000400  -0.011600  -0.020200  -0.008000   0.006800   0.022600   0.026200   0.283400   0.328800   0.805200 
411   0.013400   0.005400   0.010800  -0.001400  -0.012400  -0.021400  -0.009000   0.006000   0.021000   0.024800   0.283000   0.328200   0.805200 
412   0.012600   0.004600   0.010000  -0.002400  -0.013200  -0.022600  -0.010000   0.005200   0.019400   0.023400   0.282600   0.327600   0.805200 
413   0.011800   0.003800   0.009200  -0.003400  -0.014000  -0.023800  -0.011000   0.004400   0.017800   0.022000   0.282200   0.327200   0.805200 
414   0.011000   0.003000   0.008400  -0.004400  -0.014800  -0.025000  -0.012000   0.003600   0.016200   0.020600   0.281800   0.326600   0.805200 
415   0.010200   0.002200   0.007600  -0.005400  -0.015600  -0.026200  -0.013000   0.002800   0.014600   0.019200   0.281400   0.326200   0.805200 
416   0.009400   0.001400   0.006800  -0.006400  -0.016400  -0.027400  -0.014000   0.002000   0.013000   0.017800   0.281000   0.325800   0.805200 
417   0.008600   0.000600   0.006000  -0.007400  -0.017200  -0.028400  -0.015000   0.001200   0.011400   0.016400   0.280600   0.325400   0.805200 
418   0.007800  -0.000200   0.005200  -0.008400  -0.018000  -0.029400  -0.016000   0.000400   0.009800   0.015000   0.280200   0.325000   0.805200 
419   0.007000  -0.001000   0.004400  -0.009200  -0.018800  -0.030400  -0.017000  -0.000400   0.008200   0.013600   0.279800   0.324600   0.805200 
420   0.006200  -0.001800   0.003600  -0.010000  -0.019600  -0.031400  -0.018000  -0.001000   0.006600   0.012200   0.279400   0.324200   0.805200 
421   0.005400  -0.002600   0.002800  -0.010800  -0.020400  -0.032400  -0.019000  -0.001600   0.005000   0.010800   0.279000   0.323800   0.805200 
422   0.004600  -0.003400   0.002000  -0.011600  -0.021200  -0.033400  -0.020000  -0.002200   0.003400   0.009400   0.278600   0.323400   0.805200 
423   0.003800  -0.004200   0.001200  -0.012400  -0.022000  -0.034400  -0.021000  -0.002800   0.001800   0.008000   0.278400   0.323000   0.805200 
424   0.003000  -0.005000   0.000400  -0.013200  -0.022800  -0.035400  -0.022000  -0.003400   0.000200   0.006600   0.278200   0.322600   0.805200 
425   0.002200  -0.005800  -0.000400  -0.014000  -0.023600  -0.036400  -0.023000  -0.004000  -0.001400   0.005200   0.278000   0.322200   0.805200 
426   0.001400  -0.006600  -0.001200  -0.014800  -0.024400  -0.037200  -0.024000  -0.004600  -0.003000   0.003800   0.277800   0.321800   0.805200 
427   0.000600  -0.007400  -0.002000  -0.015600  -0.025200  -0.038000  -0.025000  -0.005200  -0.004600   0.002400   0.277600   0.321400   0.805200 
428  -0.000200  -0.008200  -0.002800  -0.016400  -0.026000  -0.038800  -0.026000  -0.005800  -0.006200   0.001000   0.277400   0.321000   0.805200 
429  -0.001000  -0.009000  -0.003600  -0.017200  -0.026800  -0.039600  -0.027000  -0.006400  -0.007800  -0.000400   0.277200   0.320600   0.805200 
430  -0.001800  -0.009800  -0.004400  -0.018000  -0.027600  -0.040400  -0.028000  -0.007000  -0.009400  -0.001600   0.277000   0.320200   0.805200 
431  -0.002600  -0.010600  -0.005200  -0.018800  -0.028400  -0.041200  -0.029000  -0.007600  -0.011000  -0.002800   0.276800   0.319800   0.805200 
432  -0.003400  -0.011400  -0.006000  -0.019600  -0.029200  -0.042000  -0.030000  -0.008200  -0.012600  -0.004000   0.276600   0.319400   0.805200 
433  -0.004200  -0.012200  -0.006800  -0.020400  -0.030000  -0.042800  -0.031000  -0.008800  -0.014200  -0.005200   0.276400   0.319000   0.805200 
434  -0.005000  -0.013000  -0.007600  -0.021000  -0.030800  -0.043600  -0.032000  -0.009400  -0.015800  -0.006400   0.276200   0.318600   0.805200 
435  -0.005800  -0.013800  -0.008400  -0.021600  -0.031600  -0.044400  -0.033000  -0.010000  -0.017400  -0.007600   0.276000   0.318200   0.805200 
436  -0.006600  -0.014600  -0.009200  -0.022200  -0.032400  -0.045200  -0.034000  -0.010600  -0.019000  -0.008800   0.275800   0.317800   0.805200 
437  -0.007400  -0.015400  -0.010000  -0.022800  -0.033200  -0.046000  -0.035000  -0.011200  -0.020600  -0.010000   0.275600   0.317400   0.805200 
438  -0.008200  -0.016200  -0.010800  -0.023400  -0.034000  -0.046800  -0.036000  -0.011800  -0.022200  -0.011200   0.275400   0.317000   0.805200 
439  -0.009000  -0.017000  -0.011600  -0.024000  -0.034800  -0.047600  -0.037000  -0.012400  -0.023800  -0.012400   0.275200   0.316600   0.805200 
440  -0.009800  -0.017800  -0.012200  -0.024600  -0.035600  -0.048400  -0.038000  -0.013000  -0.025400  -0.013600   0.275000   0.316200   0.805200 
441  -0.010600  -0.018600  -0.012800  -0.025200  -0.036400  -0.049200  -0.039000  -0.013600  -0.026800  -0.014800   0.274800   0.315800   0.805200 
442  -0.011400  -0.019400  -0.013400  -0.025800  -0.037200  -0.050000  -0.040000  -0.014200  -0.028200  -0.016000   0.274600   0.315400   0.805200 
443  -0.012200  -0.020200  -0.014000  -0.026400  -0.037800  -0.050800  -0.041000  -0.014800  -0.029600  -0.017200   0.274400   0.315000   0.805200 
444  -0.013000  -0.021000  -0.014600  -0.027000  -0.038400  -0.051600  -0.042000  -0.015400  -0.031000  -0.018400   0.274200   0.314600   0.805200 
445  -0.013800  -0.021800  -0.015200  -0.027600  -0.039000  -0.052400  -0.043000  -0.016000  -0.032400  -0.019600   0.274000   0.314200   0.805200 
446  -0.014600  -0.022600  -0.015800  -0.028200  -0.039600  -0.053000  -0.044000  -0.016600  -0.033800  -0.020800   0.273800   0.313800   0.805200 
447  -0.015400  -0.023400  -0.016400  -0.028800  -0.040200  -0.053600  -0.045000  -0.017200  -0.035200  -0.022000   0.273600   0.313400   0.805200 
448  -0.016200  -0.024200  -0.017000  -0.029400  -0.040800  -0.054200  -0.046000  -0.017800  -0.036600  -0.023200   0.273400   0.313000   0.805200 
449  -0.017000  -0.025000  -0.017600  -0.030000  -0.041400  -0.054800  -0.046800  -0.018400  -0.037800  -0.024400   0.273200   0.312600   0.805200 
450  -0.017800  -0.025600  -0.018200  -0.030600  -0.042000  -0.055400  -0.047600  -0.019000  -0.039000  -0.025400   0.273000   0.312200   0.805200 
451  -0.018600  -0.026200  -0.018800  -0.031200  -0.042600  -0.056000  -0.048400  -0.019600  -0.040200  -0.026400   0.272800   0.311800   0.805200 
452  -0.019400  -0.026800  -0.019400  -0.031800  -0.043200  -0.056600  -0.049200  -0.020200  -0.041200  -0.027400   0.272600   0.311400   0.805200 
453  -0.020200  -0.027400  -0.020000  -0.032400  -0.043800  -0.057200  -0.050000  -0.020800  -0.042200  -0.028200   0.272400   0.311000   0.805200 
454  -0.021000  -0.028000  -0.020600  -0.033000  -0.044400  -0.057800  -0.050800  -0.021400  -0.043200  -0.029000   0.272200   0.310800   0.805200 
455  -0.021600  -0.028600  -0.021200  -0.033600  -0.045000  -0.058400  -0.051600  -0.022000  -0.044200  -0.029800   0.272000   0.310600   0.805200 
456  -0.022200  -0.029200  -0.021800  -0.034200  -0.045600  -0.059000  -0.052400  -0.022600  -0.045200  -0.030600   0.271800   0.310400   0.805200 
457  -0.022800  -0.029800  -0.022400  -0.034800  -0.046200  -0.059600  -0.053200  -0.023200  -0.046200  -0.031200   0.271600   0.310200   0.805200 
458  -0.023400  -0.030400  -0.023000  -0.035400  -0.046800  -0.060200  -0.054000  -0.023800  -0.047200  -0.031800   0.271400   0.310000   0.805200 
459  -0.024000  -0.031000  -0.023600  -0.036000  -0.047400  -0.060800  -0.054800  -0.024400  -0.048200  -0.032400   0.271200   0.309800   0.805200 
460  -0.024600  -0.031600  -0.024200  -0.036600  -0.048000  -0.061400  -0.055600  -0.025000  -0.049200  -0.032800   0.271000   0.309600   0.805200 
461  -0.025200  -0.032200  -0.024800  -0.037200  -0.048600  -0.062000  -0.056400  -0.025600  -0.050200  -0.033200   0.270800   0.309400   0.805200 
462  -0.025800  -0.032800  -0.025400  -0.037800  -0.049200  -0.062600  -0.057200  -0.026200  -0.051200  -0.033400   0.270600   0.309200   0.805200 
463  -0.026400  -0.033400  -0.026000  -0.038400  -0.049800  -0.063200  -0.057800  -0.026800  -0.052200  -0.033600   0.270400   0.309000   0.805200 
464  -0.027000  -0.034000  -0.026600  -0.039000  -0.050400  -0.063600  -0.058400  -0.027400  -0.053200  -0.033800   0.270200   0.308800   0.805200 
465  -0.027600  -0.034600  -0.027200  -0.039600  -0.051000  -0.064000  -0.059000  -0.028000  -0.054200  -0.034000   0.270000   0.308600   0.805200 
466  -0.028200  -0.035200  -0.027800  -0.040200  -0.051600  -0.064400  -0.059600  -0.028600  -0.055200  -0.034200   0.269800   0.308400   0.805200 
467  -0.028800  -0.035800  -0.028400  -0.040800  -0.052200  -0.064800  -0.060200  -0.029200  -0.056000  -0.034400   0.269600   0.308200   0.805200 
468  -0.029400  -0.036400  -0.029000  -0.041400  -0.052800  -0.065200  -0.060800  -0.029600  -0.056800  -0.034600   0.269400   0.308000   0.805200 
469  -0.030000  -0.037000  -0.029600  -0.042000  -0.053400  -0.065600  -0.061400  -0.030000  -0.057600  -0.034800   0.269200   0.307800   0.805200 
470  -0.030600  -0.037600  -0.030200  -0.042600  -0.054000  -0.066000  -0.062000  -0.030400  -0.058400  -0.035000   0.269000   0.307600   0.805200 
471  -0.031200  -0.038200  -0.030800  -0.043200  -0.054600  -0.066400  -0.062600  -0.030800  -0.058800  -0.035200   0.268800   0.307400   0.805200 
472  -0.031800  -0.038800  -0.031400  -0.043800  -0.055200  -0.066800  -0.063200  -0.031200  -0.059200  -0.035400   0.268600   0.307200   0.805200 
473  -0.032400  -0.039400  -0.032000  -0.044400  -0.055800  -0.067200  -0.063800  -0.031400  -0.059600  -0.035600   0.268400   0.307000   0.805200 
474  -0.033000  -0.040000  -0.032600  -0.045000  -0.056400  -0.067600  -0.064400  -0.031800  -0.060000  -0.035800   0.268200   0.306800   0.805200 
475  -0.033600  -0.040600  -0.033200  -0.045600  -0.057000  -0.068000  -0.065000  -0.032000  -0.060400  -0.036000   0.268000   0.306600   0.805200 
476  -0.034200  -0.041200  -0.033800  -0.046200  -0.057600  -0.068200  -0.065600  -0.032200  -0.060800  -0.036200   0.267800   0.306400   0.805200 
477  -0.034800  -0.041800  -0.034400  -0.046800  -0.058200  -0.068400  -0.066200  -0.032400  -0.061200  -0.036400   0.267600   0.306200   0.805200 
478  -0.035400  -0.042400  -0.035000  -0.047400  -0.058400  -0.068600  -0.066800  -0.032400  -0.061600  -0.036600   0.267400   0.306000   0.805200 
479  -0.036000  -0.043000  -0.035600  -0.048000  -0.058600  -0.068800  -0.067400  -0.032400  -0.062000  -0.036600   0.267200   0.305800   0.805200 
480  -0.036600  -0.043600  -0.036200  -0.048600  -0.058800  -0.069000  -0.068000  -0.032400  -0.062200  -0.036600   0.267000   0.305800   0.805200 
481  -0.037200  -0.044200  -0.036800  -0.049000  -0.059000  -0.069200  -0.068600  -0.032400  -0.062400  -0.036600   0.266800   0.305800   0.805200 
482  -0.037800  -0.044800  -0.037400  -0.049400  -0.059200  -0.069400  -0.069200  -0.032400  -0.062600  -0.036600   0.266600   0.305800   0.805200 
483  -0.038400  -0.045400  -0.038000  -0.049800  -0.059400  -0.069600  -0.069800  -0.032400  -0.062800  -0.036600   0.266400   0.305800   0.805200 
484  -0.039000  -0.046000  -0.038600  -0.050200  -0.059600  -0.069800  -0.070400  -0.032400  -0.063000  -0.036600   0.266200   0.305800   0.805200 
485  -0.039600  -0.046600  -0.039200  -0.050600  -0.059600  -0.070000  -0.071000  -0.032400  -0.063200  -0.036600   0.266000   0.305800   0.805200 
486  -0.040200  -0.047200  -0.039800  -0.051000  -0.059600  -0.070200  -0.071600  -0.032400  -0.063400  -0.036600   0.266000   0.305800   0.805200 
487  -0.040800  -0.047800  -0.040400  -0.051400  -0.059600  -0.070400  -0.072200  -0.032400  -0.063600  -0.036600   0.266000   0.305800   0.805200 
488  -0.041400  -0.048400  -0.041000  -0.051800  -0.059600  -0.070600  -0.072800  -0.032400  -0.063800  -0.036600   0.266000   0.305800   0.805200 
489  -0.042000  -0.049000  -0.041400  -0.052200  -0.059600  -0.070800  -0.073400  -0.032400  -0.064000  -0.036600   0.266000   0.305800   0.805200 
490  -0.042600  -0.049400  -0.041800  -0.052600  -0.059600  -0.071000  -0.073800  -0.032400  -0.064200  -0.036600   0.266000   0.305800   0.805200 
491  -0.043200  -0.049800  -0.042000  -0.053000  -0.059600  -0.071000  -0.074200  -0.032400  -0.064400  -0.036600   0.266000   0.305800   0.805200 
492  -0.043800  -0.050400  -0.042400  -0.053200  -0.059600  -0.071000  -0.074600  -0.032400  -0.064600  -0.036600   0.266000   0.305800   0.805200 
493  -0.044400  -0.050600  -0.042600  -0.053400  -0.059600  -0.071000  -0.075000  -0.032400  -0.064800  -0.036600   0.266000   0.305800   0.805200 
494  -0.044800  -0.050800  -0.042800  -0.053600  -0.059600  -0.071000  -0.075400  -0.032400  -0.065000  -0.036600   0.266000   0.305800   0.805200 
495  -0.045000  -0.050800  -0.043000  -0.053800  -0.059600  -0.071000  -0.075800  -0.032400  -0.065200  -0.036600   0.266000   0.305800   0.805200 
496  -0.045200  -0.050800  -0.043000  -0.054000  -0.059600  -0.071000  -0.076000  -0.032400  -0.065400  -0.036600   0.266000   0.305800   0.805200 
497  -0.045400  -0.050800  -0.043000  -0.054200  -0.059600  -0.071000  -0.076200  -0.032400  -0.065600  -0.036600   0.266000   0.305800   0.805200 
498  -0.045600  -0.050800  -0.043000  -0.054400  -0.059600  -0.071000  -0.076400  -0.032400  -0.065600  -0.036600   0.266000   0.305800   0.805200 
499  -0.045600  -0.050800  -0.043000  -0.054400  -0.059600  -0.071000  -0.076400  -0.032400  -0.065800  -0.036600   0.266000   0.305800   0.805200 
