0   0.071074
1   0.070350
2   0.069518
3   0.068864
4   0.068090
5   0.067086
6   0.066162
7   0.065216
8   0.064154
9   0.063182
10   0.062334
11   0.061472
12   0.060634
13   0.059786
14   0.059060
15   0.058112
16   0.057254
17   0.056426
18   0.055498
19   0.054522
20   0.053568
21   0.052676
22   0.051800
23   0.050940
24   0.050356
25   0.049632
26   0.048866
27   0.048116
28   0.047544
29   0.046766
30   0.046082
31   0.045542
32   0.044952
33   0.044352
34   0.043814
35   0.043326
36   0.042666
37   0.041956
38   0.041146
39   0.040196
40   0.039350
41   0.038440
42   0.037444
43   0.036578
44   0.035680
45   0.034964
46   0.034066
47   0.033260
48   0.032434
49   0.031644
50   0.030580
51   0.029416
52   0.028240
53   0.026978
54   0.025718
55   0.024462
56   0.022902
57   0.021462
58   0.020012
59   0.018646
60   0.017064
61   0.015528
62   0.014032
63   0.012738
64   0.011286
65   0.009814
66   0.008372
67   0.006860
68   0.005474
69   0.003946
70   0.002310
71   0.000718
72  -0.000954
73  -0.002416
74  -0.003886
75  -0.005232
76  -0.006546
77  -0.007850
78  -0.009050
79  -0.010554
80  -0.011870
81  -0.013194
82  -0.014522
83  -0.015946
84  -0.017522
85  -0.018972
86  -0.020026
87  -0.021262
88  -0.022320
89  -0.023370
90  -0.024624
91  -0.025992
92  -0.027430
93  -0.029066
94  -0.030614
95  -0.032044
96  -0.033422
97  -0.034744
98  -0.036200
99  -0.037484
100  -0.038612
101  -0.039882
102  -0.041006
103  -0.042398
104  -0.043840
105  -0.045298
106  -0.046800
107  -0.048206
108  -0.049452
109  -0.050582
110  -0.051690
111  -0.052782
112  -0.053720
113  -0.054676
114  -0.055604
115  -0.056414
116  -0.057330
117  -0.058224
118  -0.059240
119  -0.060022
120  -0.061020
121  -0.061934
122  -0.063022
123  -0.064250
124  -0.065402
125  -0.066594
126  -0.067564
127  -0.068616
128  -0.069660
129  -0.070822
130  -0.071852
131  -0.072854
132  -0.073732
133  -0.074738
134  -0.075738
135  -0.076850
136  -0.077884
137  -0.079004
138  -0.080114
139  -0.081264
140  -0.082546
141  -0.083788
142  -0.084990
143  -0.086292
144  -0.087754
145  -0.089226
146  -0.090674
147  -0.092372
148  -0.094132
149  -0.095608
150  -0.097114
151  -0.098534
152  -0.099816
153  -0.100978
154  -0.102130
155  -0.103206
156  -0.104324
157  -0.105684
158  -0.107148
159  -0.108730
160  -0.110482
161  -0.112204
162  -0.114086
163  -0.115908
164  -0.117746
165  -0.119558
166  -0.121442
167  -0.123244
168  -0.124968
169  -0.126658
170  -0.128402
171  -0.129838
172  -0.131694
173  -0.133536
174  -0.135588
175  -0.137346
176  -0.139186
177  -0.140996
178  -0.142794
179  -0.144488
180  -0.146452
181  -0.148428
182  -0.150324
183  -0.152114
184  -0.153634
185  -0.155282
186  -0.156770
187  -0.158198
188  -0.159734
189  -0.161222
190  -0.162610
191  -0.163896
192  -0.165128
193  -0.166218
194  -0.167306
195  -0.168402
196  -0.169608
197  -0.171010
198  -0.172376
199  -0.173734
200  -0.175178
201  -0.176712
202  -0.178158
203  -0.179490
204  -0.180942
205  -0.182452
206  -0.183738
207  -0.185008
208  -0.186214
209  -0.187740
210  -0.189222
211  -0.190962
212  -0.192600
213  -0.194090
214  -0.195562
215  -0.196910
216  -0.198462
217  -0.199854
218  -0.201260
219  -0.202668
220  -0.203876
221  -0.205084
222  -0.206266
223  -0.207524
224  -0.208960
225  -0.210272
226  -0.211562
227  -0.213026
228  -0.214620
229  -0.215932
230  -0.217266
231  -0.218784
232  -0.220332
233  -0.221686
234  -0.223292
235  -0.224762
236  -0.226074
237  -0.227242
238  -0.228446
239  -0.229594
240  -0.230708
241  -0.232054
242  -0.233112
243  -0.234084
244  -0.234692
245  -0.235242
246  -0.235784
247  -0.236466
248  -0.236916
249  -0.237254
250  -0.237768
251  -0.238512
252  -0.239512
253  -0.240646
254  -0.241792
255  -0.243150
256  -0.244378
257  -0.245470
258  -0.246682
259  -0.247948
260  -0.249072
261  -0.250356
262  -0.251642
263  -0.252784
264  -0.253922
265  -0.254984
266  -0.255978
267  -0.256858
268  -0.257714
269  -0.258454
270  -0.259098
271  -0.259754
272  -0.260272
273  -0.260776
274  -0.261160
275  -0.261574
276  -0.262094
277  -0.262642
278  -0.263056
279  -0.263324
280  -0.263590
281  -0.263910
282  -0.264230
283  -0.264574
284  -0.264872
285  -0.264938
286  -0.265138
287  -0.265342
288  -0.265716
289  -0.265806
290  -0.265968
291  -0.266224
292  -0.266270
293  -0.266116
294  -0.265956
295  -0.265860
296  -0.265856
297  -0.265924
298  -0.266054
299  -0.266104
300  -0.266276
301  -0.266374
302  -0.266696
303  -0.267120
304  -0.267480
305  -0.267916
306  -0.268334
307  -0.268478
308  -0.268666
309  -0.268764
310  -0.268994
311  -0.269344
312  -0.269672
313  -0.270128
314  -0.270698
315  -0.271346
316  -0.272036
317  -0.272788
318  -0.273670
319  -0.274706
320  -0.275470
321  -0.276354
322  -0.277078
323  -0.277796
324  -0.278446
325  -0.278898
326  -0.279446
327  -0.279844
328  -0.280102
329  -0.280422
330  -0.280594
331  -0.280696
332  -0.280900
333  -0.281010
334  -0.281214
335  -0.281428
336  -0.281702
337  -0.281930
338  -0.282020
339  -0.282012
340  -0.282132
341  -0.282286
342  -0.282412
343  -0.282580
344  -0.282640
345  -0.282658
346  -0.282710
347  -0.282578
348  -0.282626
349  -0.282598
350  -0.282596
351  -0.282602
352  -0.282584
353  -0.282542
354  -0.282506
355  -0.282352
356  -0.282384
357  -0.282224
358  -0.282232
359  -0.282168
360  -0.282148
361  -0.282052
362  -0.282026
363  -0.282154
364  -0.282138
365  -0.281998
366  -0.282002
367  -0.281880
368  -0.281822
369  -0.281806
370  -0.281794
371  -0.281900
372  -0.281908
373  -0.281878
374  -0.281948
375  -0.282084
376  -0.282262
377  -0.282454
378  -0.282542
379  -0.282778
380  -0.282946
381  -0.283024
382  -0.283072
383  -0.283132
384  -0.283258
385  -0.283298
386  -0.283422
387  -0.283610
388  -0.283840
389  -0.284158
390  -0.284328
391  -0.284612
392  -0.284770
393  -0.284890
394  -0.285090
395  -0.285098
396  -0.285072
397  -0.285090
398  -0.285004
399  -0.284984
400  -0.284916
401  -0.284758
402  -0.284636
403  -0.284348
404  -0.284028
405  -0.283852
406  -0.283762
407  -0.283418
408  -0.282976
409  -0.282628
410  -0.282336
411  -0.282020
412  -0.281582
413  -0.281006
414  -0.280400
415  -0.279836
416  -0.279264
417  -0.278688
418  -0.278192
419  -0.277692
420  -0.277256
421  -0.276618
422  -0.275936
423  -0.275322
424  -0.274726
425  -0.274132
426  -0.273626
427  -0.272994
428  -0.272360
429  -0.271696
430  -0.270946
431  -0.270188
432  -0.269552
433  -0.268762
434  -0.268094
435  -0.267534
436  -0.267084
437  -0.266532
438  -0.265924
439  -0.265198
440  -0.264596
441  -0.263978
442  -0.263192
443  -0.262496
444  -0.261774
445  -0.260966
446  -0.259992
447  -0.259078
448  -0.257962
449  -0.256948
450  -0.255830
451  -0.254674
452  -0.253680
453  -0.252546
454  -0.251436
455  -0.250444
456  -0.249234
457  -0.247968
458  -0.246756
459  -0.245522
460  -0.244318
461  -0.243042
462  -0.241826
463  -0.240410
464  -0.239014
465  -0.237546
466  -0.236112
467  -0.234732
468  -0.233326
469  -0.232020
470  -0.230820
471  -0.229778
472  -0.228478
473  -0.227352
474  -0.226238
475  -0.225076
476  -0.223942
477  -0.222840
478  -0.221736
479  -0.220744
480  -0.219734
481  -0.218708
482  -0.217582
483  -0.216386
484  -0.215184
485  -0.213976
486  -0.212770
487  -0.211524
488  -0.210404
489  -0.209124
490  -0.207668
491  -0.206094
492  -0.204468
493  -0.202826
494  -0.201378
495  -0.199848
496  -0.198416
497  -0.196956
498  -0.195460
499  -0.193926
500  -0.192264
-499  -0.190558
-498  -0.188938
-497  -0.187302
-496  -0.185572
-495  -0.184034
-494  -0.182414
-493  -0.180846
-492  -0.179430
-491  -0.177972
-490  -0.176680
-489  -0.175434
-488  -0.174188
-487  -0.172914
-486  -0.171776
-485  -0.170910
-484  -0.170186
-483  -0.169398
-482  -0.168686
-481  -0.167818
-480  -0.166974
-479  -0.166142
-478  -0.165260
-477  -0.164206
-476  -0.163348
-475  -0.162402
-474  -0.161386
-473  -0.160356
-472  -0.159228
-471  -0.158200
-470  -0.157128
-469  -0.156030
-468  -0.155048
-467  -0.153958
-466  -0.153068
-465  -0.152078
-464  -0.151024
-463  -0.149948
-462  -0.149264
-461  -0.148498
-460  -0.147722
-459  -0.147024
-458  -0.146484
-457  -0.145766
-456  -0.145042
-455  -0.144394
-454  -0.143562
-453  -0.142656
-452  -0.141530
-451  -0.140456
-450  -0.139326
-449  -0.138108
-448  -0.137032
-447  -0.136082
-446  -0.135110
-445  -0.133968
-444  -0.133000
-443  -0.132172
-442  -0.131228
-441  -0.130208
-440  -0.129248
-439  -0.128136
-438  -0.126986
-437  -0.125846
-436  -0.124756
-435  -0.123614
-434  -0.122582
-433  -0.121492
-432  -0.120368
-431  -0.119124
-430  -0.118054
-429  -0.116828
-428  -0.115582
-427  -0.114452
-426  -0.113266
-425  -0.112004
-424  -0.110754
-423  -0.109534
-422  -0.108254
-421  -0.107104
-420  -0.106154
-419  -0.105030
-418  -0.103972
-417  -0.102854
-416  -0.101850
-415  -0.100954
-414  -0.100052
-413  -0.099106
-412  -0.098024
-411  -0.097022
-410  -0.096046
-409  -0.094958
-408  -0.093850
-407  -0.092804
-406  -0.091746
-405  -0.090796
-404  -0.089810
-403  -0.088840
-402  -0.087830
-401  -0.086838
-400  -0.085728
-399  -0.084444
-398  -0.083102
-397  -0.081730
-396  -0.080360
-395  -0.078990
-394  -0.077658
-393  -0.076312
-392  -0.074882
-391  -0.073396
-390  -0.071940
-389  -0.070588
-388  -0.069304
-387  -0.067806
-386  -0.066426
-385  -0.065032
-384  -0.063544
-383  -0.062276
-382  -0.061020
-381  -0.059774
-380  -0.058376
-379  -0.056972
-378  -0.055500
-377  -0.054266
-376  -0.052880
-375  -0.051714
-374  -0.050512
-373  -0.049246
-372  -0.047992
-371  -0.046866
-370  -0.045736
-369  -0.044610
-368  -0.043318
-367  -0.042096
-366  -0.040986
-365  -0.039936
-364  -0.038888
-363  -0.037928
-362  -0.036930
-361  -0.036106
-360  -0.035070
-359  -0.034116
-358  -0.033312
-357  -0.032472
-356  -0.031616
-355  -0.030852
-354  -0.030120
-353  -0.029328
-352  -0.028530
-351  -0.027916
-350  -0.027354
-349  -0.026828
-348  -0.026416
-347  -0.025904
-346  -0.025400
-345  -0.024872
-344  -0.024358
-343  -0.023772
-342  -0.023234
-341  -0.022740
-340  -0.022146
-339  -0.021494
-338  -0.020828
-337  -0.020124
-336  -0.019436
-335  -0.018884
-334  -0.018396
-333  -0.017762
-332  -0.017218
-331  -0.016618
-330  -0.015890
-329  -0.015184
-328  -0.014394
-327  -0.013524
-326  -0.012678
-325  -0.011846
-324  -0.011074
-323  -0.010288
-322  -0.009492
-321  -0.008722
-320  -0.007814
-319  -0.006884
-318  -0.005882
-317  -0.004778
-316  -0.003916
-315  -0.002966
-314  -0.002144
-313  -0.001234
-312  -0.000388
-311   0.000610
-310   0.001464
-309   0.002394
-308   0.003288
-307   0.004070
-306   0.004912
-305   0.005718
-304   0.006566
-303   0.007498
-302   0.008346
-301   0.009400
-300   0.010208
-299   0.010906
-298   0.011618
-297   0.012314
-296   0.013162
-295   0.013996
-294   0.014840
-293   0.015818
-292   0.016546
-291   0.017260
-290   0.018042
-289   0.018834
-288   0.019632
-287   0.020628
-286   0.021666
-285   0.022746
-284   0.023830
-283   0.024942
-282   0.026118
-281   0.027408
-280   0.028552
-279   0.029736
-278   0.031036
-277   0.032448
-276   0.033888
-275   0.035144
-274   0.036444
-273   0.037826
-272   0.039174
-271   0.040492
-270   0.041880
-269   0.043138
-268   0.044546
-267   0.045898
-266   0.047108
-265   0.048286
-264   0.049164
-263   0.049858
-262   0.050676
-261   0.051462
-260   0.052010
-259   0.052638
-258   0.053404
-257   0.054138
-256   0.054738
-255   0.055406
-254   0.056066
-253   0.056844
-252   0.057630
-251   0.058402
-250   0.059214
-249   0.060242
-248   0.061378
-247   0.062438
-246   0.063528
-245   0.064672
-244   0.066002
-243   0.067162
-242   0.068408
-241   0.069600
-240   0.070966
-239   0.071974
-238   0.072920
-237   0.073714
-236   0.074236
-235   0.074720
-234   0.075256
-233   0.075840
-232   0.076362
-231   0.076936
-230   0.077726
-229   0.078428
-228   0.079224
-227   0.079916
-226   0.080774
-225   0.081684
-224   0.082786
-223   0.083814
-222   0.084742
-221   0.085414
-220   0.086232
-219   0.086850
-218   0.087310
-217   0.087880
-216   0.088318
-215   0.088624
-214   0.088864
-213   0.089128
-212   0.089328
-211   0.089540
-210   0.089656
-209   0.089744
-208   0.089760
-207   0.090044
-206   0.090196
-205   0.090462
-204   0.090566
-203   0.090776
-202   0.091098
-201   0.091358
-200   0.091598
-199   0.091628
-198   0.091786
-197   0.091916
-196   0.091986
-195   0.092008
-194   0.092078
-193   0.092326
-192   0.092538
-191   0.092762
-190   0.093180
-189   0.093508
-188   0.093890
-187   0.094166
-186   0.094466
-185   0.094744
-184   0.095028
-183   0.095314
-182   0.095318
-181   0.095504
-180   0.095576
-179   0.095810
-178   0.095940
-177   0.096288
-176   0.096436
-175   0.096660
-174   0.096684
-173   0.096846
-172   0.097044
-171   0.097174
-170   0.097156
-169   0.096990
-168   0.096876
-167   0.096854
-166   0.096676
-165   0.096494
-164   0.096124
-163   0.095850
-162   0.095668
-161   0.095608
-160   0.095712
-159   0.095730
-158   0.095898
-157   0.096070
-156   0.096304
-155   0.096590
-154   0.096908
-153   0.097256
-152   0.097652
-151   0.097908
-150   0.098004
-149   0.098012
-148   0.098120
-147   0.098172
-146   0.098340
-145   0.098458
-144   0.098720
-143   0.099050
-142   0.099224
-141   0.099434
-140   0.099518
-139   0.099704
-138   0.099974
-137   0.100412
-136   0.100678
-135   0.100782
-134   0.100900
-133   0.101102
-132   0.101152
-131   0.101234
-130   0.101384
-129   0.101460
-128   0.101644
-127   0.101756
-126   0.101824
-125   0.101850
-124   0.101740
-123   0.101836
-122   0.101836
-121   0.101860
-120   0.101942
-119   0.102092
-118   0.102236
-117   0.102392
-116   0.102418
-115   0.102382
-114   0.102288
-113   0.102052
-112   0.101678
-111   0.101196
-110   0.100840
-109   0.100332
-108   0.099818
-107   0.099426
-106   0.099252
-105   0.099176
-104   0.098944
-103   0.098958
-102   0.098952
-101   0.098984
-100   0.098870
-99   0.098618
-98   0.098614
-97   0.098520
-96   0.098568
-95   0.098574
-94   0.098606
-93   0.098504
-92   0.098508
-91   0.098526
-90   0.098510
-89   0.098328
-88   0.098268
-87   0.098312
-86   0.098152
-85   0.098204
-84   0.098094
-83   0.097906
-82   0.097854
-81   0.097934
-80   0.098004
-79   0.098102
-78   0.098186
-77   0.098344
-76   0.098564
-75   0.098814
-74   0.099118
-73   0.099326
-72   0.099484
-71   0.099822
-70   0.099950
-69   0.100024
-68   0.100094
-67   0.100100
-66   0.099966
-65   0.099752
-64   0.099492
-63   0.099164
-62   0.098838
-61   0.098690
-60   0.098322
-59   0.097836
-58   0.097346
-57   0.096946
-56   0.096554
-55   0.096262
-54   0.095798
-53   0.095336
-52   0.094906
-51   0.094464
-50   0.094038
-49   0.093636
-48   0.093130
-47   0.092674
-46   0.092520
-45   0.092310
-44   0.092058
-43   0.091804
-42   0.091604
-41   0.091242
-40   0.090846
-39   0.090574
-38   0.090244
-37   0.089980
-36   0.089678
-35   0.089380
-34   0.088892
-33   0.088274
-32   0.087718
-31   0.087352
-30   0.086956
-29   0.086732
-28   0.086248
-27   0.085782
-26   0.085250
-25   0.084598
-24   0.083986
-23   0.083472
-22   0.082916
-21   0.082490
-20   0.082044
-19   0.081512
-18   0.081134
-17   0.080562
-16   0.079968
-15   0.079340
-14   0.078718
-13   0.078164
-12   0.077496
-11   0.076936
-10   0.076578
-9   0.076270
-8   0.075768
-7   0.075144
-6   0.074560
-5   0.074030
-4   0.073512
-3   0.072910
-2   0.072246
-1   0.071684
