0   0.243374
1   0.113968
2   0.095572
3   0.081712
4   0.067460
5   0.058484
6   0.048872
7   0.043214
8   0.035484
9   0.030672
10   0.025962
11   0.021524
12   0.016470
13   0.015214
14   0.009392
15   0.008960
16   0.005868
17   0.005106
18   0.005334
19   0.003902
20   0.003160
21   0.003274
22   0.003356
23   0.002904
24   0.002620
25   0.001002
26   0.000060
27   0.001448
28   0.002328
29   0.002504
30   0.003560
31   0.000458
32  -0.001710
33  -0.001386
34  -0.001482
35  -0.001452
36   0.000020
37   0.000508
38  -0.000588
39   0.001454
40   0.001644
41   0.000832
42   0.001996
43   0.001492
44   0.002900
45   0.002544
46   0.003612
47   0.003282
48   0.002480
49   0.003052
50   0.001602
51   0.002684
52   0.002968
53   0.001882
54   0.003136
55   0.001126
56   0.000210
57   0.000532
58  -0.000244
59  -0.000868
60  -0.001866
61   0.000054
62  -0.001376
63  -0.002380
64  -0.003662
65  -0.003020
66  -0.002150
67  -0.000786
68  -0.001030
69  -0.003290
70  -0.002048
71  -0.000752
72   0.000148
73   0.000956
74   0.003626
75   0.001568
76   0.000762
77   0.002558
78   0.003036
79   0.004044
80   0.005248
81   0.005610
82   0.005768
83   0.007032
84   0.007048
85   0.007118
86   0.005736
87   0.006356
88   0.005268
89   0.002610
90   0.003948
91   0.003344
92   0.005612
93   0.001400
94   0.001342
95   0.003596
96   0.003914
97   0.001930
98  -0.000194
99   0.001454
100   0.000974
101  -0.000246
102   0.001472
103   0.000018
104   0.002124
105   0.000122
106  -0.000476
107   0.000178
108   0.000390
109  -0.000138
110  -0.000778
111   0.000950
112   0.001436
113  -0.001220
114   0.000334
115  -0.000024
116  -0.000148
117  -0.000446
118   0.001050
119   0.000942
120   0.001254
121   0.000496
122  -0.000762
123  -0.001740
124  -0.002200
125  -0.000482
126  -0.000808
127  -0.001430
128  -0.001942
129   0.001394
130  -0.000436
131   0.001004
132   0.000606
133   0.001710
134   0.000724
135  -0.001306
136  -0.000668
137   0.000968
138   0.000770
139   0.002470
140   0.003340
141   0.000670
142   0.000674
143   0.003354
144   0.001970
145   0.000938
146   0.002170
147   0.000182
148  -0.000004
149  -0.001012
150  -0.000570
151  -0.000380
152  -0.000020
153  -0.001664
154  -0.002406
155  -0.001448
156   0.000278
157   0.000472
158   0.000288
159  -0.002092
160  -0.002192
161   0.000236
162   0.000578
163  -0.001278
164  -0.000026
165   0.000662
166  -0.000526
167   0.000450
168   0.002518
169   0.002376
170   0.003306
171   0.005596
172   0.004574
173   0.005276
174   0.006270
175   0.005654
176   0.006120
177   0.004278
178   0.005506
179   0.004472
180   0.004346
181   0.004890
182   0.004648
183   0.003362
184   0.003650
185   0.003402
186   0.003810
187   0.003308
188   0.001644
189   0.002304
190   0.002782
191   0.001796
192   0.001960
193   0.002082
194   0.002424
195  -0.000332
196  -0.000996
197   0.001676
198   0.001820
199   0.000808
200   0.000260
201  -0.002540
202  -0.001702
203  -0.001628
204  -0.001770
205  -0.000084
206  -0.002756
207  -0.000462
208  -0.000292
209  -0.000892
210  -0.000508
211  -0.000560
212   0.000994
213  -0.000046
214   0.001304
215   0.001610
216   0.000042
217  -0.000548
218  -0.000420
219   0.000476
220  -0.000318
221  -0.001014
222  -0.001568
223   0.001088
224  -0.000652
225  -0.000570
226  -0.000842
227  -0.001192
228  -0.000816
229  -0.001880
230   0.000720
231   0.001010
232   0.001022
233   0.001350
234   0.000934
235   0.000164
236  -0.000488
237   0.002632
238   0.002564
239   0.002632
240   0.003188
241   0.001524
242   0.003614
243   0.004626
244   0.004198
245   0.004946
246   0.003738
247   0.004892
248   0.003722
249   0.004368
250   0.004648
251   0.004348
252   0.002242
253   0.003066
254   0.002124
255   0.002016
256   0.003160
257   0.000630
258   0.002950
259   0.000544
260   0.002490
261   0.001476
262   0.001700
263   0.001822
264   0.001296
265   0.000102
266   0.001622
267   0.000958
268   0.001006
269   0.001200
270   0.001952
271   0.001946
272   0.001894
273   0.001724
274   0.002242
275  -0.000746
276   0.001270
277   0.001678
278   0.000376
279   0.001046
280   0.002398
281   0.002692
282   0.003094
283   0.003238
284   0.003358
285   0.001568
286   0.000478
287   0.000390
288  -0.002254
289  -0.001470
290  -0.001546
291  -0.001810
292  -0.002242
293  -0.002118
294  -0.001916
295  -0.003074
296  -0.003826
297  -0.004992
298  -0.003630
299  -0.004052
300  -0.003066
301  -0.000822
302   0.000366
303  -0.002728
304  -0.000960
305   0.000802
306  -0.000050
307   0.000502
308   0.000002
309  -0.001296
310  -0.000606
311  -0.000500
312  -0.001650
313   0.000840
314   0.000268
315   0.000198
316   0.002118
317   0.001846
318   0.001622
319   0.000936
320   0.001914
321   0.001476
322   0.002202
323   0.000136
324  -0.000446
325  -0.000754
326  -0.000464
327  -0.002386
328  -0.000264
329   0.001442
330   0.000656
331   0.000890
332   0.002234
333   0.001774
334   0.001230
335   0.002916
336   0.001226
337   0.000288
338   0.000444
339  -0.000684
340  -0.001544
341  -0.002076
342   0.000244
343   0.000374
344   0.001880
345   0.002352
346  -0.000030
347   0.002226
348   0.002348
349   0.001114
350   0.001832
351   0.003598
352   0.002832
353   0.002712
354   0.002702
355   0.004744
356   0.004814
357   0.005496
358   0.006494
359   0.005526
360   0.006024
361   0.007600
362   0.007016
363   0.009794
364   0.006968
365   0.005762
366   0.004708
367   0.006510
368   0.004918
369   0.005110
370   0.004190
371   0.004096
372   0.004106
373   0.004520
374   0.002720
375   0.002718
376   0.003730
377   0.004772
378   0.004790
379   0.004268
380   0.004852
381   0.003910
382   0.005872
383   0.006432
384   0.005724
385   0.006634
386   0.006854
387   0.007578
388   0.006454
389   0.006100
390   0.005704
391   0.006002
392   0.006048
393   0.006958
394   0.007508
395   0.006422
396   0.005850
397   0.006144
398   0.006260
399   0.004844
400   0.002406
401   0.003772
402   0.003414
403   0.003640
404   0.005464
405   0.004498
406   0.004420
407   0.002410
408   0.007920
409   0.007708
410   0.006296
411   0.006026
412   0.004244
413   0.004110
414   0.003428
415   0.003336
416   0.001568
417   0.000504
418  -0.000994
419  -0.001808
420  -0.000464
421  -0.001902
422  -0.001246
423  -0.000070
424  -0.001554
425  -0.000768
426  -0.000712
427  -0.000318
428   0.001122
429   0.001220
430   0.000512
431   0.002342
432   0.002324
433   0.003646
434   0.003056
435   0.003958
436   0.002810
437   0.003774
438   0.001246
439  -0.000188
440   0.000452
441   0.000506
442  -0.001482
443   0.000462
444   0.000416
445   0.000284
446   0.000270
447   0.000584
448  -0.000540
449   0.000180
450   0.000122
451   0.000322
452   0.001678
453   0.001874
454   0.001274
455   0.000308
456  -0.000516
457   0.000208
458   0.001088
459  -0.000732
460   0.001664
461  -0.000652
462  -0.001598
463  -0.000606
464  -0.000942
465   0.000336
466   0.000030
467   0.000620
468   0.002926
469   0.001962
470   0.000074
471   0.000752
472  -0.000608
473  -0.000708
474   0.001054
475   0.001084
476   0.000204
477   0.003528
478   0.003496
479   0.005580
480   0.004552
481   0.003560
482   0.004458
483   0.004298
484   0.004520
485   0.003912
486   0.003650
487   0.002754
488   0.004466
489   0.002274
490   0.005020
491   0.001126
492   0.002384
493   0.001654
494   0.001194
495   0.001382
496   0.001732
497   0.001278
498  -0.000866
499   0.001674
500   0.001488
-499   0.000852
-498   0.000272
-497  -0.001090
-496   0.000712
-495  -0.000960
-494  -0.002508
-493  -0.003618
-492  -0.001666
-491  -0.002018
-490  -0.003438
-489  -0.001526
-488  -0.001734
-487   0.000310
-486  -0.002470
-485  -0.001058
-484  -0.000034
-483   0.000514
-482  -0.000108
-481  -0.000868
-480   0.000020
-479   0.001400
-478  -0.000004
-477  -0.001512
-476  -0.001074
-475  -0.001372
-474  -0.002344
-473  -0.001108
-472   0.000598
-471  -0.001544
-470  -0.001980
-469  -0.001958
-468  -0.002654
-467   0.000680
-466  -0.000914
-465   0.000726
-464   0.000588
-463  -0.000564
-462   0.000136
-461   0.000910
-460   0.000466
-459   0.002056
-458   0.001938
-457  -0.000206
-456  -0.000864
-455   0.001412
-454   0.001426
-453   0.000200
-452  -0.001310
-451  -0.002440
-450  -0.000888
-449  -0.003750
-448  -0.003766
-447  -0.003638
-446  -0.003102
-445  -0.003410
-444  -0.003818
-443  -0.002556
-442  -0.003500
-441  -0.001802
-440  -0.003586
-439  -0.004162
-438  -0.003028
-437  -0.003234
-436  -0.004564
-435  -0.001978
-434  -0.004258
-433  -0.001802
-432  -0.001236
-431  -0.001920
-430  -0.001172
-429  -0.002210
-428  -0.000416
-427   0.000110
-426   0.000050
-425   0.001120
-424  -0.000368
-423   0.001014
-422  -0.000332
-421  -0.000450
-420  -0.001288
-419  -0.001634
-418  -0.000096
-417  -0.000986
-416   0.000988
-415   0.002018
-414   0.001384
-413   0.001866
-412  -0.000068
-411  -0.000082
-410   0.000794
-409  -0.000266
-408   0.000120
-407   0.002162
-406   0.002498
-405   0.001928
-404   0.002594
-403   0.003444
-402   0.004640
-401   0.003364
-400   0.004276
-399   0.003212
-398   0.003664
-397   0.003670
-396   0.005320
-395   0.006148
-394   0.003800
-393   0.004002
-392   0.004502
-391   0.004610
-390   0.004068
-389   0.003704
-388   0.003774
-387   0.003370
-386   0.003738
-385   0.001930
-384   0.002032
-383   0.000624
-382   0.001752
-381   0.002298
-380   0.000730
-379  -0.001360
-378   0.001730
-377   0.001728
-376   0.001854
-375   0.002168
-374   0.001498
-373  -0.000016
-372   0.000980
-371  -0.000420
-370   0.000506
-369  -0.001608
-368   0.000274
-367   0.001436
-366   0.002986
-365   0.001970
-364   0.001982
-363   0.000492
-362   0.001166
-361  -0.000488
-360   0.001560
-359   0.001184
-358   0.000376
-357   0.000166
-356  -0.000556
-355  -0.000244
-354  -0.000764
-353   0.000744
-352  -0.001136
-351  -0.001078
-350  -0.002048
-349  -0.004186
-348  -0.003128
-347  -0.003708
-346  -0.005036
-345  -0.003366
-344  -0.003790
-343  -0.002758
-342  -0.001886
-341  -0.002530
-340  -0.003804
-339  -0.002294
-338  -0.002140
-337  -0.000424
-336  -0.001200
-335  -0.003038
-334  -0.002754
-333  -0.000996
-332  -0.001080
-331  -0.002074
-330  -0.001850
-329  -0.002938
-328  -0.001144
-327  -0.004570
-326  -0.000642
-325  -0.002738
-324  -0.000314
-323  -0.000748
-322   0.001182
-321   0.000932
-320  -0.000462
-319  -0.001140
-318  -0.000040
-317  -0.000126
-316   0.002714
-315   0.000672
-314  -0.000280
-313  -0.001116
-312  -0.000584
-311  -0.001612
-310  -0.001712
-309  -0.000522
-308  -0.002086
-307  -0.001378
-306  -0.002122
-305  -0.004506
-304  -0.006068
-303  -0.005060
-302  -0.002948
-301  -0.002892
-300  -0.004650
-299  -0.004852
-298  -0.004346
-297  -0.004998
-296  -0.005238
-295  -0.003788
-294  -0.004464
-293  -0.002964
-292  -0.003698
-291  -0.003330
-290  -0.002404
-289  -0.000110
-288   0.000236
-287  -0.001766
-286  -0.001756
-285  -0.001298
-284  -0.002368
-283  -0.001262
-282  -0.001626
-281   0.000040
-280   0.001112
-279  -0.000262
-278  -0.000484
-277  -0.001840
-276  -0.004904
-275  -0.002696
-274  -0.002488
-273  -0.001238
-272  -0.001412
-271  -0.001850
-270  -0.001510
-269  -0.000612
-268  -0.000304
-267  -0.000722
-266  -0.000168
-265  -0.001780
-264  -0.001592
-263  -0.001090
-262   0.000888
-261   0.000138
-260  -0.000908
-259   0.000234
-258   0.001908
-257   0.001196
-256   0.000908
-255  -0.000928
-254  -0.000542
-253  -0.000142
-252  -0.001864
-251  -0.002718
-250  -0.002458
-249  -0.004682
-248  -0.004898
-247  -0.005206
-246  -0.004598
-245  -0.004874
-244  -0.005406
-243  -0.003706
-242  -0.003842
-241  -0.004808
-240  -0.003224
-239  -0.003058
-238  -0.002404
-237  -0.002720
-236  -0.002150
-235  -0.002844
-234  -0.000078
-233  -0.001218
-232  -0.001948
-231   0.000422
-230   0.000896
-229   0.000794
-228   0.003022
-227   0.003536
-226   0.003498
-225   0.002546
-224   0.003002
-223   0.003590
-222   0.004112
-221   0.002890
-220   0.004328
-219   0.003790
-218   0.005654
-217   0.004942
-216   0.004238
-215   0.004260
-214   0.004640
-213   0.004734
-212   0.004236
-211   0.005390
-210   0.002822
-209   0.002014
-208   0.003088
-207   0.001320
-206   0.001092
-205   0.000352
-204   0.000316
-203  -0.001044
-202  -0.003396
-201  -0.002286
-200  -0.003680
-199  -0.004492
-198  -0.003162
-197  -0.004846
-196  -0.005656
-195  -0.004968
-194  -0.004926
-193  -0.005952
-192  -0.005970
-191  -0.006100
-190  -0.004918
-189  -0.005302
-188  -0.005334
-187  -0.006094
-186  -0.005614
-185  -0.004840
-184  -0.006192
-183  -0.005896
-182  -0.005880
-181  -0.006624
-180  -0.006018
-179  -0.003560
-178  -0.003178
-177  -0.001656
-176  -0.002596
-175  -0.001142
-174  -0.000442
-173  -0.000648
-172   0.000222
-171   0.002676
-170   0.002918
-169   0.004352
-168   0.003230
-167   0.001726
-166   0.004038
-165   0.002714
-164   0.002670
-163   0.002544
-162   0.002232
-161  -0.000180
-160   0.000252
-159   0.001366
-158  -0.000856
-157  -0.000476
-156   0.001452
-155   0.000264
-154  -0.000674
-153  -0.001084
-152  -0.000506
-151  -0.000162
-150  -0.002160
-149  -0.001746
-148  -0.001290
-147  -0.003120
-146  -0.003150
-145  -0.004744
-144  -0.005192
-143  -0.004462
-142  -0.003606
-141  -0.003754
-140   0.000614
-139   0.000152
-138  -0.001136
-137  -0.000736
-136  -0.000438
-135   0.000614
-134   0.000502
-133   0.000902
-132   0.001082
-131   0.002490
-130   0.000750
-129   0.000628
-128   0.002264
-127   0.005042
-126   0.003532
-125   0.003922
-124   0.004518
-123   0.004460
-122   0.002538
-121   0.001640
-120   0.001976
-119   0.002276
-118   0.000754
-117  -0.000212
-116  -0.000140
-115  -0.000362
-114  -0.000362
-113  -0.000236
-112  -0.002614
-111  -0.001360
-110  -0.002368
-109  -0.002950
-108   0.000384
-107  -0.000600
-106   0.002474
-105   0.002430
-104   0.002222
-103  -0.000108
-102   0.001238
-101   0.001206
-100   0.000830
-99   0.000248
-98  -0.000246
-97   0.000144
-96   0.001486
-95   0.000504
-94   0.000008
-93   0.000866
-92   0.001120
-91   0.002248
-90   0.001480
-89   0.001936
-88   0.003888
-87   0.003858
-86   0.002976
-85   0.004166
-84   0.004040
-83   0.002470
-82   0.003300
-81   0.004382
-80   0.002768
-79   0.005082
-78   0.004280
-77   0.004014
-76   0.002672
-75   0.003852
-74   0.000426
-73   0.002122
-72   0.001092
-71   0.002870
-70   0.003298
-69   0.003574
-68   0.002734
-67   0.003120
-66   0.001424
-65  -0.000598
-64   0.000956
-63   0.001112
-62   0.000158
-61  -0.001212
-60  -0.001164
-59   0.000044
-58  -0.000588
-57   0.000886
-56  -0.000386
-55  -0.000690
-54  -0.000950
-53  -0.000288
-52  -0.000408
-51  -0.000448
-50  -0.002874
-49  -0.001296
-48  -0.002874
-47  -0.001186
-46  -0.001132
-45  -0.001146
-44  -0.000320
-43  -0.000086
-42  -0.000388
-41  -0.001372
-40  -0.003476
-39  -0.001658
-38  -0.001794
-37  -0.002150
-36  -0.002684
-35  -0.002724
-34  -0.001688
-33  -0.002614
-32  -0.001794
-31  -0.002252
-30  -0.004100
-29  -0.000678
-28   0.000910
-27   0.000252
-26   0.002110
-25   0.000880
-24   0.000350
-23   0.001152
-22   0.003116
-21   0.004892
-20   0.003196
-19   0.002822
-18   0.007076
-17   0.005826
-16   0.007468
-15   0.010706
-14   0.010364
-13   0.013252
-12   0.017308
-11   0.020178
-10   0.024122
-9   0.029708
-8   0.036366
-7   0.043488
-6   0.049762
-5   0.058682
-4   0.068354
-3   0.082360
-2   0.097596
-1   0.113460
