0   0.814982
1   0.732554
2   0.730032
3   0.730042
4   0.726546
5   0.725576
6   0.722488
7   0.720552
8   0.718244
9   0.715982
10   0.715160
11   0.711954
12   0.710686
13   0.708278
14   0.706234
15   0.704018
16   0.702640
17   0.700246
18   0.698712
19   0.697804
20   0.694994
21   0.693386
22   0.690042
23   0.688630
24   0.687234
25   0.686190
26   0.683294
27   0.682374
28   0.678838
29   0.677936
30   0.674972
31   0.673396
32   0.671212
33   0.669674
34   0.667532
35   0.666084
36   0.664090
37   0.661550
38   0.660052
39   0.656798
40   0.655410
41   0.654356
42   0.651894
43   0.649046
44   0.647364
45   0.645644
46   0.642208
47   0.640940
48   0.639704
49   0.637440
50   0.635834
51   0.633216
52   0.631116
53   0.628614
54   0.626658
55   0.626154
56   0.624296
57   0.621670
58   0.619696
59   0.618758
60   0.616324
61   0.615732
62   0.613678
63   0.612362
64   0.610742
65   0.608450
66   0.606556
67   0.604142
68   0.602344
69   0.601626
70   0.598786
71   0.596720
72   0.596190
73   0.593618
74   0.591342
75   0.591150
76   0.587970
77   0.586460
78   0.584914
79   0.582734
80   0.580162
81   0.578350
82   0.577600
83   0.575980
84   0.573630
85   0.572150
86   0.570652
87   0.569322
88   0.567282
89   0.564378
90   0.563916
91   0.561790
92   0.560516
93   0.559198
94   0.557848
95   0.556514
96   0.555102
97   0.553852
98   0.552088
99   0.549794
100   0.548710
101   0.548388
102   0.546628
103   0.545180
104   0.543554
105   0.541930
106   0.540732
107   0.538952
108   0.538236
109   0.536822
110   0.534794
111   0.534704
112   0.532850
113   0.531120
114   0.530044
115   0.528340
116   0.527314
117   0.525498
118   0.523926
119   0.521964
120   0.522144
121   0.520376
122   0.519220
123   0.517518
124   0.516472
125   0.514984
126   0.514324
127   0.512088
128   0.512362
129   0.510178
130   0.508362
131   0.507868
132   0.505930
133   0.504762
134   0.504096
135   0.502508
136   0.501516
137   0.499356
138   0.497936
139   0.496972
140   0.495734
141   0.495274
142   0.493420
143   0.491274
144   0.490504
145   0.487620
146   0.487954
147   0.485998
148   0.484744
149   0.483248
150   0.482262
151   0.479782
152   0.478594
153   0.477276
154   0.475162
155   0.474494
156   0.473170
157   0.472110
158   0.470900
159   0.468380
160   0.468046
161   0.467352
162   0.465622
163   0.464026
164   0.463010
165   0.460862
166   0.460574
167   0.456888
168   0.457128
169   0.454094
170   0.453608
171   0.451928
172   0.450662
173   0.448790
174   0.447724
175   0.445360
176   0.444128
177   0.442708
178   0.441816
179   0.440724
180   0.438292
181   0.437974
182   0.436088
183   0.435498
184   0.433630
185   0.432856
186   0.430864
187   0.429724
188   0.429094
189   0.426748
190   0.425784
191   0.423196
192   0.422718
193   0.421454
194   0.419568
195   0.417914
196   0.416352
197   0.413786
198   0.412558
199   0.411984
200   0.409160
201   0.408528
202   0.406758
203   0.404254
204   0.403562
205   0.401182
206   0.400146
207   0.398356
208   0.397516
209   0.395272
210   0.395296
211   0.393804
212   0.392062
213   0.390246
214   0.387820
215   0.386698
216   0.385602
217   0.384228
218   0.382958
219   0.381774
220   0.380726
221   0.378880
222   0.376742
223   0.375328
224   0.373562
225   0.371574
226   0.370978
227   0.368840
228   0.368048
229   0.366004
230   0.363780
231   0.362014
232   0.361124
233   0.359706
234   0.357980
235   0.356320
236   0.355020
237   0.352412
238   0.350922
239   0.349614
240   0.348024
241   0.346938
242   0.344942
243   0.343640
244   0.343500
245   0.340306
246   0.339044
247   0.337306
248   0.336186
249   0.334506
250   0.332102
251   0.331030
252   0.330094
253   0.328310
254   0.326114
255   0.324668
256   0.322300
257   0.321580
258   0.319764
259   0.317970
260   0.315838
261   0.315040
262   0.312982
263   0.311512
264   0.309456
265   0.308414
266   0.306166
267   0.305438
268   0.303776
269   0.302048
270   0.301110
271   0.299326
272   0.298914
273   0.296962
274   0.295738
275   0.294882
276   0.293212
277   0.291686
278   0.291508
279   0.289432
280   0.289172
281   0.286964
282   0.284934
283   0.284052
284   0.283344
285   0.282594
286   0.281416
287   0.280648
288   0.280006
289   0.278040
290   0.277264
291   0.276264
292   0.274564
293   0.274130
294   0.272824
295   0.271712
296   0.269506
297   0.269010
298   0.268126
299   0.268770
300   0.267462
301   0.266706
302   0.265766
303   0.264754
304   0.263680
305   0.262934
306   0.261402
307   0.260006
308   0.259874
309   0.258962
310   0.258332
311   0.257520
312   0.256208
313   0.255982
314   0.254858
315   0.254482
316   0.252446
317   0.251326
318   0.250254
319   0.250470
320   0.248566
321   0.247320
322   0.247564
323   0.246620
324   0.246324
325   0.245148
326   0.245234
327   0.243330
328   0.242780
329   0.242522
330   0.241376
331   0.239588
332   0.239224
333   0.237150
334   0.237220
335   0.235774
336   0.235486
337   0.234252
338   0.234244
339   0.233616
340   0.233486
341   0.232242
342   0.230780
343   0.230328
344   0.229206
345   0.228700
346   0.228298
347   0.226602
348   0.226338
349   0.224608
350   0.224652
351   0.223734
352   0.222256
353   0.220900
354   0.220502
355   0.220154
356   0.219080
357   0.217730
358   0.216808
359   0.215988
360   0.215048
361   0.213790
362   0.213726
363   0.213820
364   0.212868
365   0.211464
366   0.210064
367   0.210410
368   0.208520
369   0.207892
370   0.207750
371   0.206022
372   0.204378
373   0.204242
374   0.203942
375   0.203204
376   0.202960
377   0.201440
378   0.201058
379   0.199074
380   0.200186
381   0.198820
382   0.197820
383   0.196990
384   0.195728
385   0.194746
386   0.195172
387   0.193356
388   0.192730
389   0.193212
390   0.192588
391   0.192656
392   0.192838
393   0.191508
394   0.190638
395   0.190494
396   0.190562
397   0.189818
398   0.190532
399   0.189482
400   0.188074
401   0.188458
402   0.188422
403   0.188082
404   0.188220
405   0.187040
406   0.187030
407   0.186904
408   0.186336
409   0.185626
410   0.185196
411   0.184708
412   0.184628
413   0.183762
414   0.183336
415   0.181650
416   0.182616
417   0.182276
418   0.181748
419   0.181760
420   0.180646
421   0.181220
422   0.179664
423   0.178446
424   0.178838
425   0.177894
426   0.178510
427   0.178498
428   0.177810
429   0.176760
430   0.177208
431   0.176848
432   0.176446
433   0.176634
434   0.175650
435   0.175708
436   0.174908
437   0.175692
438   0.174610
439   0.175508
440   0.173288
441   0.174382
442   0.172862
443   0.173028
444   0.172338
445   0.171186
446   0.171564
447   0.170764
448   0.170276
449   0.170898
450   0.170360
451   0.169834
452   0.168622
453   0.168382
454   0.168580
455   0.167398
456   0.167394
457   0.167714
458   0.167002
459   0.166738
460   0.166332
461   0.166594
462   0.165666
463   0.166354
464   0.166070
465   0.165226
466   0.164528
467   0.164514
468   0.164014
469   0.163752
470   0.164506
471   0.162550
472   0.163010
473   0.162228
474   0.162480
475   0.161292
476   0.161108
477   0.160068
478   0.161234
479   0.159196
480   0.158912
481   0.158018
482   0.157156
483   0.157144
484   0.156276
485   0.156470
486   0.156180
487   0.155244
488   0.154844
489   0.153646
490   0.153262
491   0.153642
492   0.152248
493   0.152750
494   0.152234
495   0.150892
496   0.150482
497   0.149650
498   0.149686
499   0.149234
500   0.147286
-499   0.147624
-498   0.147650
-497   0.146606
-496   0.146244
-495   0.144558
-494   0.144534
-493   0.143926
-492   0.143188
-491   0.143238
-490   0.142774
-489   0.141712
-488   0.141180
-487   0.140226
-486   0.139958
-485   0.139884
-484   0.138750
-483   0.137776
-482   0.137404
-481   0.136960
-480   0.136136
-479   0.135114
-478   0.135108
-477   0.135118
-476   0.133834
-475   0.133502
-474   0.133102
-473   0.133316
-472   0.132566
-471   0.131456
-470   0.131886
-469   0.130672
-468   0.130268
-467   0.130084
-466   0.129580
-465   0.128640
-464   0.129368
-463   0.129396
-462   0.128798
-461   0.128504
-460   0.129522
-459   0.128296
-458   0.128090
-457   0.127322
-456   0.127156
-455   0.126598
-454   0.126508
-453   0.126322
-452   0.126658
-451   0.126112
-450   0.125690
-449   0.125800
-448   0.126160
-447   0.126668
-446   0.125618
-445   0.124662
-444   0.125814
-443   0.126286
-442   0.126624
-441   0.126470
-440   0.127430
-439   0.128032
-438   0.126372
-437   0.126804
-436   0.127838
-435   0.129036
-434   0.127910
-433   0.128120
-432   0.129326
-431   0.128672
-430   0.129114
-429   0.127998
-428   0.128462
-427   0.128178
-426   0.129172
-425   0.128856
-424   0.128834
-423   0.129508
-422   0.128536
-421   0.127920
-420   0.129826
-419   0.129136
-418   0.129822
-417   0.129772
-416   0.129254
-415   0.129034
-414   0.128690
-413   0.129382
-412   0.129060
-411   0.128946
-410   0.128922
-409   0.129898
-408   0.128262
-407   0.129844
-406   0.130192
-405   0.129206
-404   0.129936
-403   0.130454
-402   0.130480
-401   0.131450
-400   0.130616
-399   0.129936
-398   0.130604
-397   0.131258
-396   0.130634
-395   0.130362
-394   0.130362
-393   0.132098
-392   0.130670
-391   0.131826
-390   0.131194
-389   0.131228
-388   0.131308
-387   0.132210
-386   0.132300
-385   0.132514
-384   0.133510
-383   0.132330
-382   0.133780
-381   0.135644
-380   0.134104
-379   0.134680
-378   0.135544
-377   0.136010
-376   0.135126
-375   0.136560
-374   0.136532
-373   0.137560
-372   0.138050
-371   0.138106
-370   0.139048
-369   0.139068
-368   0.139756
-367   0.140128
-366   0.140750
-365   0.141290
-364   0.141112
-363   0.141840
-362   0.142812
-361   0.143384
-360   0.144236
-359   0.143920
-358   0.143896
-357   0.145430
-356   0.145818
-355   0.145288
-354   0.145552
-353   0.146600
-352   0.147524
-351   0.147752
-350   0.148676
-349   0.148352
-348   0.148992
-347   0.149066
-346   0.149262
-345   0.149220
-344   0.149826
-343   0.151730
-342   0.151394
-341   0.153646
-340   0.153506
-339   0.153960
-338   0.154200
-337   0.154312
-336   0.154750
-335   0.155182
-334   0.155582
-333   0.156110
-332   0.156876
-331   0.157230
-330   0.157926
-329   0.157350
-328   0.157946
-327   0.158512
-326   0.158436
-325   0.158574
-324   0.158840
-323   0.159918
-322   0.160194
-321   0.160132
-320   0.159778
-319   0.159508
-318   0.160794
-317   0.161182
-316   0.160870
-315   0.160878
-314   0.161752
-313   0.162394
-312   0.161492
-311   0.162580
-310   0.163138
-309   0.163584
-308   0.164310
-307   0.163138
-306   0.164070
-305   0.164668
-304   0.165174
-303   0.165664
-302   0.165934
-301   0.165902
-300   0.167438
-299   0.167384
-298   0.167964
-297   0.168906
-296   0.169682
-295   0.169926
-294   0.170010
-293   0.171138
-292   0.171308
-291   0.172710
-290   0.173872
-289   0.173984
-288   0.174688
-287   0.175388
-286   0.175816
-285   0.176582
-284   0.178328
-283   0.178336
-282   0.179552
-281   0.180250
-280   0.180512
-279   0.181356
-278   0.182968
-277   0.183264
-276   0.183988
-275   0.184534
-274   0.186142
-273   0.186336
-272   0.187112
-271   0.188786
-270   0.189240
-269   0.189630
-268   0.190734
-267   0.191170
-266   0.192550
-265   0.193424
-264   0.194662
-263   0.195748
-262   0.195052
-261   0.196730
-260   0.197864
-259   0.199202
-258   0.200058
-257   0.200296
-256   0.200900
-255   0.203542
-254   0.204148
-253   0.205152
-252   0.205828
-251   0.207140
-250   0.208122
-249   0.208314
-248   0.209816
-247   0.210930
-246   0.211212
-245   0.213082
-244   0.214928
-243   0.215520
-242   0.216258
-241   0.217208
-240   0.217658
-239   0.219228
-238   0.219170
-237   0.220328
-236   0.223158
-235   0.222062
-234   0.224488
-233   0.225332
-232   0.225270
-231   0.227276
-230   0.228078
-229   0.229318
-228   0.228734
-227   0.229966
-226   0.232080
-225   0.231652
-224   0.232970
-223   0.234812
-222   0.235552
-221   0.235788
-220   0.237532
-219   0.237860
-218   0.239496
-217   0.240112
-216   0.241606
-215   0.242080
-214   0.244828
-213   0.246024
-212   0.246802
-211   0.247488
-210   0.248188
-209   0.249074
-208   0.250616
-207   0.252618
-206   0.253726
-205   0.255182
-204   0.256024
-203   0.258142
-202   0.257976
-201   0.260564
-200   0.260740
-199   0.262638
-198   0.263760
-197   0.264524
-196   0.265378
-195   0.268392
-194   0.269178
-193   0.269400
-192   0.270588
-191   0.273288
-190   0.274838
-189   0.275622
-188   0.277370
-187   0.278626
-186   0.279086
-185   0.281254
-184   0.282906
-183   0.284536
-182   0.286122
-181   0.288034
-180   0.288540
-179   0.291204
-178   0.292714
-177   0.293994
-176   0.295330
-175   0.297714
-174   0.298760
-173   0.301062
-172   0.302846
-171   0.304364
-170   0.307254
-169   0.308992
-168   0.309644
-167   0.312450
-166   0.313396
-165   0.316786
-164   0.317604
-163   0.319798
-162   0.320564
-161   0.323404
-160   0.324912
-159   0.326706
-158   0.327966
-157   0.330394
-156   0.332432
-155   0.334264
-154   0.336262
-153   0.338622
-152   0.340668
-151   0.342494
-150   0.345056
-149   0.347042
-148   0.349574
-147   0.351052
-146   0.353448
-145   0.355114
-144   0.358826
-143   0.360500
-142   0.362096
-141   0.364698
-140   0.367228
-139   0.368526
-138   0.370812
-137   0.372476
-136   0.374868
-135   0.377468
-134   0.379340
-133   0.381638
-132   0.383356
-131   0.387268
-130   0.387842
-129   0.390820
-128   0.392666
-127   0.394560
-126   0.397792
-125   0.399884
-124   0.402332
-123   0.404348
-122   0.406894
-121   0.410114
-120   0.412116
-119   0.414850
-118   0.416078
-117   0.418926
-116   0.421804
-115   0.424224
-114   0.425202
-113   0.428614
-112   0.432438
-111   0.434646
-110   0.436346
-109   0.440234
-108   0.442148
-107   0.443948
-106   0.445794
-105   0.447118
-104   0.450198
-103   0.452386
-102   0.454704
-101   0.458026
-100   0.460176
-99   0.462118
-98   0.465294
-97   0.467080
-96   0.468588
-95   0.471114
-94   0.474416
-93   0.476884
-92   0.478364
-91   0.481214
-90   0.484036
-89   0.486412
-88   0.488468
-87   0.490536
-86   0.493238
-85   0.494408
-84   0.498294
-83   0.499140
-82   0.501616
-81   0.505204
-80   0.507134
-79   0.510030
-78   0.511864
-77   0.514464
-76   0.516796
-75   0.519614
-74   0.521460
-73   0.523754
-72   0.526668
-71   0.529328
-70   0.531432
-69   0.534432
-68   0.536956
-67   0.539382
-66   0.542278
-65   0.545360
-64   0.548114
-63   0.551204
-62   0.553664
-61   0.556670
-60   0.559750
-59   0.562566
-58   0.564920
-57   0.567748
-56   0.571064
-55   0.574300
-54   0.576476
-53   0.578754
-52   0.581934
-51   0.583868
-50   0.586418
-49   0.589428
-48   0.591232
-47   0.595134
-46   0.597984
-45   0.599968
-44   0.602000
-43   0.605736
-42   0.607950
-41   0.611262
-40   0.614594
-39   0.617126
-38   0.620750
-37   0.621672
-36   0.625860
-35   0.629548
-34   0.632102
-33   0.633792
-32   0.637788
-31   0.641368
-30   0.644166
-29   0.647256
-28   0.650138
-27   0.652896
-26   0.655106
-25   0.659476
-24   0.662424
-23   0.665758
-22   0.668508
-21   0.671962
-20   0.673452
-19   0.676482
-18   0.680052
-17   0.683080
-16   0.686514
-15   0.688934
-14   0.692092
-13   0.695554
-12   0.698764
-11   0.701140
-10   0.704076
-9   0.707234
-8   0.710494
-7   0.713770
-6   0.716368
-5   0.719724
-4   0.722180
-3   0.725522
-2   0.728144
-1   0.731564
