r MCS_10 MCS_20 MCS_40 MCS_80 MCS_160 MCS_320 MCS_640 MCS_1280 MCS_2560 MCS_5120 MCS_10240 MCS_20480 MCS_40960 
0   1.000000   1.000000   1.000000   1.000000   1.000000   1.000000   1.000000   1.000000   1.000000   1.000000   1.000000   1.000000   1.000000 
1   0.467200   0.480600   0.465400   0.473200   0.464000   0.478800   0.476600   0.458400   0.478200   0.469200   0.455200   0.461200   0.462200 
2   0.407600   0.417200   0.416600   0.419400   0.401000   0.411000   0.414000   0.405400   0.424600   0.419000   0.411400   0.410800   0.410600 
3   0.367000   0.368800   0.372200   0.364800   0.349400   0.377000   0.367800   0.368400   0.377800   0.370000   0.364800   0.353200   0.355600 
4   0.319200   0.318400   0.323200   0.322800   0.314400   0.323800   0.323400   0.327400   0.336800   0.328600   0.335400   0.313600   0.311000 
5   0.279200   0.281000   0.290800   0.286800   0.281000   0.288200   0.294800   0.293400   0.301200   0.291200   0.291200   0.277400   0.279000 
6   0.251400   0.240200   0.257600   0.254200   0.250000   0.250800   0.254000   0.256600   0.258400   0.260600   0.265800   0.234000   0.245200 
7   0.219000   0.221000   0.224200   0.222400   0.221000   0.210600   0.218200   0.236000   0.230600   0.230000   0.239000   0.206800   0.221000 
8   0.195400   0.186400   0.207000   0.197000   0.199200   0.193800   0.194800   0.215000   0.195200   0.202600   0.208400   0.178800   0.192400 
9   0.174400   0.166600   0.178400   0.180000   0.172400   0.167200   0.176400   0.189600   0.179000   0.177800   0.178400   0.159400   0.176000 
10   0.157400   0.145200   0.162000   0.163600   0.148400   0.147400   0.153800   0.172800   0.164800   0.154000   0.165000   0.130600   0.152600 
11   0.134200   0.120600   0.141000   0.152200   0.130200   0.128000   0.141800   0.147800   0.137600   0.141400   0.153600   0.119200   0.134600 
12   0.120600   0.096600   0.130600   0.128400   0.110200   0.114400   0.124800   0.137400   0.127000   0.132600   0.134200   0.106800   0.119600 
13   0.107400   0.082800   0.126000   0.114200   0.100800   0.101200   0.112400   0.118400   0.108600   0.120000   0.119600   0.089800   0.107600 
14   0.095400   0.072200   0.116400   0.100000   0.075000   0.090400   0.103400   0.101200   0.093000   0.106000   0.107000   0.087600   0.090400 
15   0.088000   0.060600   0.102600   0.093600   0.076400   0.068800   0.086800   0.100600   0.085000   0.106200   0.095200   0.078000   0.080600 
16   0.082000   0.063800   0.086600   0.085800   0.063000   0.059600   0.076600   0.088000   0.067800   0.099600   0.081200   0.065200   0.076600 
17   0.074200   0.052600   0.078600   0.075000   0.054400   0.048400   0.071800   0.078800   0.062400   0.089600   0.075200   0.055600   0.056000 
18   0.057800   0.042600   0.075200   0.064200   0.042800   0.046200   0.061800   0.076400   0.054000   0.080200   0.057600   0.054800   0.050800 
19   0.052200   0.034600   0.067000   0.065000   0.037800   0.036600   0.058000   0.064400   0.041000   0.054000   0.046600   0.050200   0.047800 
20   0.046200   0.030400   0.058800   0.054400   0.032800   0.040000   0.068600   0.058400   0.040400   0.052800   0.043800   0.045400   0.048200 
21   0.037400   0.028800   0.056600   0.048600   0.024600   0.036000   0.058400   0.050200   0.032200   0.049200   0.045000   0.037600   0.045600 
22   0.034800   0.023400   0.052800   0.046000   0.022200   0.030800   0.053600   0.047000   0.031400   0.047000   0.035400   0.041400   0.036000 
23   0.028200   0.028600   0.051000   0.040600   0.010400   0.022200   0.045600   0.045000   0.024200   0.048000   0.032800   0.028800   0.030600 
24   0.027800   0.018400   0.050800   0.039800   0.003200   0.025200   0.049000   0.031000   0.024000   0.044000   0.026600   0.024200   0.019600 
25   0.021200   0.021800   0.044000   0.036600   0.002200   0.018000   0.041000   0.020200   0.023200   0.039400   0.018800   0.028000   0.022600 
26   0.017800   0.012600   0.039600   0.039000  -0.001400   0.018800   0.035800   0.016600   0.017000   0.034400   0.015000   0.024400   0.019400 
27   0.022000   0.018200   0.036800   0.033400  -0.007800   0.020800   0.033800   0.018000   0.009600   0.034000   0.006000   0.030000   0.018200 
28   0.028000   0.008800   0.029600   0.022200  -0.008800   0.022600   0.036000   0.007000   0.009200   0.046600   0.009000   0.018200   0.016400 
29   0.016600   0.013200   0.027000   0.024000  -0.017200   0.013600   0.023000   0.013200   0.004400   0.045600   0.004600   0.018400   0.012600 
30   0.028200   0.004600   0.026600   0.030200  -0.012600   0.014600   0.019600   0.012000   0.005200   0.043600   0.004400   0.016400   0.009800 
31   0.021000   0.009000   0.027800   0.014000  -0.015600   0.016600   0.020000   0.006800   0.014800   0.033400   0.007600   0.007600   0.009400 
32   0.015800   0.004600   0.014600   0.023400  -0.009800   0.018000   0.017600   0.003000   0.010800   0.033200  -0.004200   0.020200   0.017200 
33   0.022600   0.009000   0.003800   0.022200  -0.011600   0.023800   0.021400   0.001000   0.012000   0.032000  -0.002600   0.004000   0.006000 
34   0.020800   0.002200   0.010800   0.021600  -0.012800   0.015800   0.015400   0.002000   0.009800   0.024000  -0.005600   0.013800   0.009800 
35   0.021400  -0.010400   0.004200   0.018400  -0.010800   0.014600   0.021800  -0.000200   0.005600   0.021800  -0.000600   0.002800   0.000400 
36   0.032200  -0.004800   0.001600   0.013600  -0.007800   0.008600   0.014000  -0.004000   0.005000   0.021200   0.001200   0.008000   0.009200 
37   0.022000  -0.014000  -0.001000   0.005600  -0.006000   0.001400   0.018600  -0.001600   0.005200   0.014600   0.007200   0.009000   0.008600 
38   0.018400  -0.011200  -0.008800   0.016200  -0.004800  -0.005600   0.020400  -0.008800   0.007400   0.008000   0.000600   0.005600   0.007400 
39   0.018600  -0.017600  -0.003400   0.017400  -0.000000   0.002000   0.015200  -0.002600   0.010600   0.008600  -0.014800   0.004200   0.015600 
40   0.013600  -0.013800  -0.007400   0.019400  -0.002800  -0.005600   0.016200  -0.003600   0.005800   0.005200  -0.013800   0.001600   0.003400 
41   0.014800  -0.010800  -0.006000   0.020200  -0.001000  -0.002000   0.017400  -0.015000   0.013000   0.002200  -0.006800   0.003000   0.008200 
42   0.019800  -0.017200  -0.011600   0.028400  -0.001000  -0.007200   0.023000  -0.002200   0.009400   0.006800  -0.008000  -0.004200   0.010800 
43   0.018400  -0.002600  -0.002600   0.023000   0.010400  -0.010600   0.027600  -0.015000   0.013000  -0.003200  -0.006200  -0.004600   0.002000 
44   0.018400  -0.002800  -0.005800   0.016200   0.008600  -0.009000   0.027200  -0.022800   0.019600   0.000000  -0.010000   0.006000   0.016200 
45   0.027200  -0.001400  -0.010200   0.016800   0.012600  -0.007800   0.029600  -0.014600   0.019000  -0.002800  -0.004600  -0.004800   0.010000 
46   0.024200   0.003800  -0.022200   0.013200   0.023800  -0.005400   0.035600  -0.018400   0.016000  -0.001600  -0.006200  -0.002800   0.011000 
47   0.022400   0.004800  -0.016000   0.010600   0.023600   0.002800   0.044200  -0.018200   0.024000   0.002600  -0.002400  -0.005400  -0.000200 
48   0.018200   0.002800  -0.009800   0.008800   0.023000  -0.007800   0.037600  -0.003600   0.018200  -0.001000   0.002000   0.000800   0.004400 
49   0.012400   0.007400  -0.018200   0.013800   0.029400   0.001000   0.037800  -0.002400   0.022000   0.001000  -0.000400  -0.003600   0.003200 
50   0.015400   0.011000  -0.003200   0.021000   0.023400   0.005400   0.036200  -0.008200   0.013600   0.002800   0.000600  -0.006200   0.003000 
51   0.013400   0.008200  -0.000600   0.015200   0.022600  -0.000600   0.030400   0.005400   0.024400   0.003600  -0.000800  -0.006800   0.011800 
52   0.020600   0.008200   0.007600   0.009000   0.020200   0.005400   0.018200  -0.001600   0.026000  -0.006600   0.007400  -0.005800   0.011000 
53   0.016600   0.003000   0.007000   0.018200   0.006200   0.006400   0.014200  -0.004800   0.027600  -0.005200   0.004600  -0.014000   0.002800 
54   0.006600   0.014200   0.020200   0.012400   0.011000   0.010400   0.011600   0.008200   0.028000  -0.007800   0.001600  -0.015800   0.004200 
55   0.008000   0.010600   0.011800   0.009000   0.004200   0.011000   0.017800  -0.000000   0.018800  -0.004000   0.008600  -0.010600  -0.003400 
56   0.004600   0.007600   0.013600   0.016400  -0.000200   0.007200   0.003400   0.005200   0.028600  -0.002800   0.000200  -0.018000   0.002200 
57   0.006400   0.014000   0.015200   0.019400   0.006000   0.006800   0.004400   0.004200   0.023600  -0.010000   0.003400  -0.018800   0.000800 
58   0.006800   0.008400   0.014400   0.012800  -0.009400   0.008600   0.003800   0.005000   0.022600  -0.008400  -0.004800  -0.015400  -0.008000 
59   0.008200   0.014800   0.009200   0.013000   0.006400   0.008600   0.007800   0.006400   0.026800  -0.009000  -0.000400  -0.015600  -0.003400 
60   0.003600   0.006800   0.017800   0.008000  -0.004200   0.002200   0.004800   0.003000   0.021200  -0.007400   0.006000  -0.013400   0.001200 
61   0.008600   0.005200   0.012200   0.012200   0.004400   0.007400   0.015000  -0.001200   0.027800  -0.009000   0.002000  -0.005000  -0.005600 
62  -0.001400   0.001200   0.012200   0.006400   0.004200   0.004200   0.003000   0.008400   0.028200   0.000400   0.003200  -0.012200  -0.008600 
63   0.006000   0.003400   0.014400   0.005800  -0.005000   0.003600   0.012000   0.003200   0.024200   0.003200   0.008200  -0.012000  -0.010000 
64  -0.001800  -0.003400   0.012400   0.011800   0.000400   0.002400   0.020800   0.004200   0.021800  -0.005800  -0.002200  -0.008400  -0.007600 
65  -0.002600  -0.003400   0.011200   0.015200   0.008200   0.005600   0.015000   0.000600   0.022400  -0.001000  -0.000800  -0.006600  -0.014800 
66  -0.003600  -0.002600   0.005800   0.000800   0.011400   0.001800   0.016600   0.006200   0.028200   0.002000   0.004000  -0.001600  -0.008600 
67   0.000400  -0.005000   0.011400   0.008600   0.007200   0.002800   0.015200   0.007800   0.027200  -0.000400   0.001000  -0.011200  -0.016800 
68  -0.001000  -0.007000   0.016800   0.009800   0.015800   0.004800   0.014400  -0.006200   0.025800  -0.008800   0.006600  -0.000400  -0.011800 
69  -0.000400  -0.005400   0.013000   0.015800   0.014400   0.009000   0.012400  -0.005400   0.033200  -0.006200   0.008600  -0.002200  -0.016800 
70  -0.007800  -0.003000   0.003600   0.004200   0.014200   0.010000   0.005800   0.003400   0.027600  -0.013600   0.004800  -0.004000  -0.014000 
71  -0.009800  -0.007200   0.018600  -0.000400   0.021800   0.015600   0.001000  -0.003000   0.033000  -0.009600  -0.003000  -0.005400  -0.012800 
72  -0.016400  -0.017400   0.009000  -0.004800   0.021400   0.013800   0.004600  -0.000400   0.024200  -0.006800   0.006400  -0.009800  -0.012800 
73  -0.012200  -0.018400   0.010600  -0.008600   0.014800   0.009000   0.001200  -0.003800   0.030400  -0.013600   0.010600  -0.005200  -0.016200 
74  -0.014400  -0.027200   0.009400  -0.000200   0.017200   0.015000  -0.003600  -0.001800   0.023200  -0.006400   0.015400  -0.008200  -0.017600 
75  -0.010000  -0.022200   0.007600   0.001600   0.022200   0.011200   0.001000   0.001000   0.013400  -0.010000   0.023400  -0.005800  -0.019200 
76  -0.015200  -0.017800   0.001000  -0.002200   0.016600   0.014600   0.000200   0.002000   0.019800  -0.011000   0.026200  -0.004000  -0.016200 
77  -0.008600  -0.008800   0.010800  -0.004400   0.007200   0.009800  -0.003200  -0.006600   0.024400  -0.008000   0.012400  -0.002200  -0.023200 
78  -0.002800  -0.011800   0.012400   0.001800   0.003400   0.010800  -0.001000  -0.009800   0.011800  -0.012400   0.006200  -0.009000  -0.019400 
79  -0.000200  -0.014000   0.003000  -0.000200  -0.001800   0.013800   0.002000  -0.013200   0.018600  -0.017800   0.008400  -0.011200  -0.021200 
80  -0.006600  -0.018400   0.009600   0.005600  -0.005000   0.013000   0.001000  -0.001000   0.008000  -0.012000   0.005200  -0.016000  -0.027200 
81  -0.006000  -0.015800   0.014400   0.002400  -0.003600   0.022800  -0.007200  -0.006200   0.008600  -0.014800   0.003000  -0.021000  -0.027800 
82  -0.002000  -0.017400   0.018000   0.005400  -0.000600   0.016800  -0.009800  -0.009000   0.004200  -0.008200   0.001000  -0.013400  -0.019600 
83   0.002000  -0.016400   0.011400   0.002200   0.002200   0.016200  -0.007200  -0.003400   0.006400  -0.006800   0.005400  -0.013200  -0.016600 
84   0.004600  -0.016000   0.014800   0.008800   0.005200   0.020000  -0.002000   0.001000   0.001600  -0.002800   0.004800  -0.007000  -0.023000 
85   0.008400  -0.012200   0.011200   0.009200   0.002000   0.018800   0.000000   0.001800   0.013000  -0.011000  -0.005000  -0.002200  -0.025400 
86   0.003800  -0.019400   0.019400   0.006600   0.006200   0.014000  -0.001800   0.000800   0.008800  -0.004400  -0.003000  -0.008600  -0.021800 
87   0.007800  -0.019200   0.009800   0.005200   0.010600   0.012800  -0.002600   0.004000   0.003800  -0.012600  -0.014800  -0.013400  -0.020800 
88   0.017400  -0.024200   0.012800   0.004600   0.013600   0.017000  -0.000400  -0.000800  -0.003600  -0.003800  -0.009000  -0.012000  -0.013600 
89   0.019000  -0.016400   0.012800   0.006200   0.012800   0.011400   0.009600   0.008000   0.001600  -0.005200  -0.008400  -0.013600  -0.020200 
90   0.025600  -0.019800   0.014000   0.010600   0.014600   0.020800   0.004800   0.000600  -0.000400  -0.011000  -0.005600  -0.016000  -0.020200 
91   0.017000  -0.019200   0.015200   0.006800   0.014400   0.021800   0.007400  -0.001600  -0.002000  -0.011200  -0.007800  -0.017000  -0.019600 
92   0.022200  -0.009400   0.015000   0.008000   0.024400   0.015600   0.009800  -0.000200  -0.004400  -0.005400  -0.007600  -0.013200  -0.018400 
93   0.018200  -0.012000   0.014400   0.002000   0.020200   0.017800   0.003400  -0.007000  -0.004000  -0.009400  -0.005600  -0.015800  -0.011600 
94   0.019200  -0.014000   0.012200  -0.000600   0.008000   0.022200   0.000200  -0.002200  -0.002600  -0.011600   0.000400  -0.016000  -0.009400 
95   0.027800  -0.011600   0.012200   0.004000   0.010400   0.017200   0.001600  -0.017400  -0.004200  -0.001200  -0.002600  -0.012000  -0.003600 
96   0.020800  -0.005200   0.009200   0.001600   0.009200   0.015000   0.002200  -0.008000  -0.005200  -0.015000   0.001200  -0.016600  -0.010600 
97   0.020800  -0.011400   0.012600   0.001000   0.008600   0.011200  -0.001000  -0.014800  -0.006600  -0.001600   0.002000  -0.003400  -0.010800 
98   0.019600  -0.006200   0.010000   0.004200   0.004200   0.005200   0.006600  -0.013800  -0.020000  -0.003000  -0.003600  -0.005600  -0.006600 
99   0.012200  -0.006400   0.007400   0.002000   0.001600   0.005000   0.008800  -0.011000  -0.012000  -0.002200  -0.000600  -0.006000  -0.005200 
100   0.010000  -0.010800   0.008400  -0.000800   0.007000   0.010000   0.007200  -0.012200  -0.018400   0.004800   0.002600  -0.009200  -0.012000 
101   0.003600  -0.016400   0.003400   0.002600   0.019000   0.008400   0.009400  -0.018000  -0.015800   0.004600   0.002400  -0.007400  -0.007800 
102   0.003600  -0.013000  -0.005000   0.001600   0.009200   0.018200   0.015000  -0.019400  -0.011200   0.001800  -0.003600  -0.002400  -0.006000 
103   0.006400  -0.013000  -0.000200  -0.011000   0.014400   0.007200   0.014600  -0.011400  -0.002200   0.004600   0.005400   0.002000  -0.004400 
104  -0.002000  -0.015800  -0.004800  -0.001200   0.011800   0.010600   0.008800  -0.009000   0.002200   0.004200   0.006200   0.000000  -0.006800 
105  -0.002200  -0.015400   0.001800  -0.011400   0.014800   0.006800   0.014600  -0.017600   0.001000  -0.005200   0.009000   0.004400   0.000000 
106  -0.004800  -0.007800  -0.000000  -0.007200   0.011000   0.002800   0.013800  -0.019200   0.004400   0.002400   0.003200   0.005000  -0.002200 
107  -0.004400  -0.013200  -0.001000  -0.004400   0.011600   0.003200   0.014600  -0.022600  -0.000200  -0.004600   0.007200   0.007600   0.002600 
108  -0.006600  -0.010600  -0.003400  -0.005800   0.007400  -0.009400   0.014800  -0.017600  -0.008400  -0.003200   0.000400   0.005200  -0.000400 
109  -0.009000  -0.017200  -0.005400  -0.009600   0.013000  -0.007800   0.016400  -0.018400  -0.006600  -0.003400   0.000200  -0.000200   0.005600 
110  -0.007000  -0.018000  -0.005000  -0.003800   0.009200  -0.006800   0.017000  -0.028800  -0.001800  -0.006400  -0.005000   0.005400   0.007600 
111  -0.009800  -0.017600  -0.004600  -0.013600   0.014600  -0.006800   0.012400  -0.033200   0.001400  -0.015000  -0.004000   0.005000   0.014000 
112  -0.003800  -0.017600  -0.003800  -0.017000   0.011800  -0.007200   0.024200  -0.020800   0.001200  -0.012200  -0.000400   0.003200   0.017400 
113  -0.006600  -0.006800  -0.003200  -0.014600   0.018000  -0.004200   0.017000  -0.015200  -0.000600  -0.013200  -0.005800   0.010200   0.010600 
114  -0.012000  -0.008600  -0.001800  -0.012600   0.007800  -0.006400   0.012800  -0.025600  -0.002000  -0.015400  -0.002600   0.000800   0.018000 
115  -0.004400  -0.009400  -0.011400  -0.015600   0.014400   0.008000   0.011000  -0.025000  -0.000600  -0.004800   0.002400   0.010400   0.013800 
116  -0.001800  -0.011200  -0.020200  -0.009600   0.007000  -0.004800   0.016000  -0.024200  -0.008800  -0.007800  -0.009800   0.008400   0.012000 
117  -0.004400  -0.002600  -0.015000  -0.007400   0.008800  -0.006600   0.012200  -0.028600  -0.013200  -0.009600  -0.005600   0.010000   0.012800 
118  -0.003600  -0.009800  -0.008400  -0.007800   0.016000   0.001600   0.008000  -0.024400  -0.002600  -0.009400  -0.002200   0.002200   0.015600 
119  -0.003400  -0.006200  -0.003000  -0.009600   0.015400   0.006200   0.004000  -0.022000   0.001400  -0.005800  -0.004000   0.006800   0.011600 
120  -0.003800   0.001800  -0.012000  -0.001600   0.010800   0.015400  -0.000000  -0.021000   0.003600  -0.003400  -0.003400   0.002200   0.014800 
121  -0.000600   0.000400  -0.004800  -0.004800   0.006800   0.004400  -0.007200  -0.023200   0.002800  -0.012600  -0.006600   0.003600   0.008000 
122  -0.009400   0.006200  -0.005200  -0.005400  -0.002600   0.010400  -0.008200  -0.016800  -0.005000  -0.013000  -0.001200   0.003200   0.003400 
123  -0.012200  -0.002200   0.002400  -0.007000   0.006400   0.006600  -0.005400  -0.011600   0.000800  -0.010800  -0.003600   0.004200  -0.010200 
124  -0.016400  -0.003400  -0.009400  -0.003400   0.003400   0.006000   0.005600  -0.012600   0.001400  -0.004400  -0.008800  -0.001000  -0.004200 
125  -0.012600  -0.001400  -0.008600  -0.007800   0.011200   0.002400   0.002800  -0.012800  -0.003600  -0.000400   0.000400  -0.007400  -0.005400 
126  -0.010400  -0.008600  -0.003200  -0.010200   0.009000   0.004000   0.002400  -0.001600   0.002200  -0.001200  -0.007000  -0.003800  -0.002000 
127  -0.008800   0.003200   0.003800  -0.008200   0.003400  -0.002000  -0.003600  -0.002000   0.003600  -0.000600  -0.004800  -0.002000  -0.000800 
128  -0.019000  -0.000800  -0.008200  -0.006400   0.008000   0.004600  -0.003200   0.001600  -0.007800  -0.000600  -0.013000   0.003200  -0.009800 
129  -0.017200  -0.007200  -0.007400  -0.000200   0.005200   0.007200  -0.005600  -0.000000  -0.005200  -0.002800  -0.014800  -0.004800  -0.008200 
130  -0.007600  -0.006800  -0.011800  -0.005000   0.003200   0.002400  -0.002200   0.006200  -0.006600  -0.002600  -0.022400  -0.004000  -0.004400 
131  -0.016000  -0.010600  -0.014600  -0.001800   0.011200   0.000000   0.007800   0.005200  -0.010400  -0.008200  -0.013800  -0.004200  -0.013800 
132  -0.012000  -0.014600  -0.009400   0.009800   0.019800   0.005600   0.001000   0.015400  -0.008800  -0.009000  -0.018200  -0.008000  -0.008600 
133  -0.006800  -0.010000  -0.015400  -0.002400   0.025000   0.000200  -0.001000   0.015000  -0.000600   0.003400  -0.008600  -0.001800  -0.002000 
134  -0.007400  -0.012200  -0.018800   0.001400   0.023600   0.000600  -0.001000   0.019400  -0.002800   0.003400  -0.010400   0.001000  -0.002400 
135  -0.000600  -0.015200  -0.006800  -0.002600   0.028400  -0.002800   0.002600   0.024000  -0.000600   0.006800  -0.012200   0.017200   0.000800 
136  -0.004400  -0.012400  -0.003200   0.001800   0.025600  -0.002600  -0.001800   0.025400  -0.003800   0.010000  -0.010200   0.006800   0.003800 
137  -0.005400  -0.023200  -0.004400   0.007600   0.024000  -0.008600  -0.005200   0.017000  -0.006000   0.010800  -0.011800   0.015600   0.000800 
138  -0.003200  -0.006200   0.000400   0.005800   0.029000  -0.000800  -0.002800   0.006200  -0.002800   0.002400  -0.010800   0.010400  -0.010800 
139  -0.000000  -0.008400   0.002000   0.010400   0.021600  -0.007400   0.001400   0.012000  -0.005400  -0.005200  -0.011400   0.007600  -0.000000 
140  -0.004400  -0.007600   0.006000   0.015000   0.019600  -0.001400   0.002000   0.014000  -0.008200   0.006200  -0.014000   0.007000  -0.005200 
141  -0.007800  -0.014600   0.005400   0.009000   0.020000  -0.003000   0.003200   0.014800   0.002000   0.005800  -0.013600   0.005000  -0.014400 
142  -0.011600  -0.010200   0.001600   0.017000   0.019200  -0.005600   0.000400   0.011000  -0.001200   0.007600  -0.010200   0.007000  -0.006800 
143  -0.004400  -0.003600  -0.003200   0.012000   0.018000  -0.009200  -0.000800   0.010200  -0.004200   0.004600  -0.007200   0.000800  -0.017200 
144  -0.012000  -0.003200  -0.002200   0.021000   0.017200  -0.004400   0.001000   0.014200  -0.001000   0.021600  -0.004000   0.002600  -0.015800 
145  -0.012400  -0.004400   0.001000   0.018600   0.005400  -0.003800   0.001600   0.012200   0.002200   0.014800  -0.012400  -0.000200  -0.021400 
146  -0.014600   0.003800  -0.007200   0.017200   0.003200  -0.004400   0.000400   0.017600  -0.002200   0.017400  -0.014000  -0.007600  -0.012200 
147  -0.015200   0.002000  -0.006400   0.018800   0.009000  -0.009000   0.006000   0.011200   0.002400   0.020200  -0.009400  -0.016400  -0.019600 
148  -0.018400   0.002400  -0.009800   0.013400   0.000400  -0.002600   0.008600   0.019400   0.001400   0.020000  -0.004000  -0.013000  -0.024800 
149  -0.013200   0.001600  -0.008800   0.016200  -0.004800  -0.002000   0.007400   0.017600   0.000200   0.020000  -0.005400  -0.009600  -0.018800 
150  -0.016600   0.000000  -0.010800   0.011600  -0.005200  -0.004600   0.006400   0.017600   0.000000   0.019000  -0.005200  -0.013200  -0.020600 
151  -0.017800   0.003400  -0.002400   0.003800  -0.009200  -0.001600   0.005200   0.013000  -0.003600   0.019600  -0.008800  -0.002000  -0.013200 
152  -0.021000   0.004400  -0.011200  -0.004400   0.002800   0.006600   0.007400   0.009200  -0.001800   0.029200  -0.013400  -0.005200  -0.016800 
153  -0.019800   0.007600  -0.009200  -0.008000  -0.009000  -0.006000   0.006200   0.008800   0.003600   0.022000  -0.001000   0.006600  -0.007400 
154  -0.013800   0.010600  -0.002000  -0.006200  -0.003800  -0.003400   0.009200   0.017200   0.000800   0.016800  -0.015200  -0.004200  -0.001000 
155  -0.013800   0.008200   0.001000  -0.007400  -0.001200  -0.002600   0.018800   0.015800   0.002600   0.018800  -0.006800   0.002800   0.005400 
156  -0.013000   0.014000  -0.000200  -0.014800  -0.004400  -0.001200   0.009600   0.009400   0.002000   0.019400  -0.014800  -0.002400   0.007200 
157  -0.015400   0.004600  -0.004200  -0.013200  -0.005200   0.001400   0.014800   0.004800  -0.006800   0.017600  -0.001000   0.006000   0.008000 
158  -0.012000   0.003200  -0.005800  -0.005600  -0.006400  -0.003600   0.012400   0.014800  -0.006600   0.015800  -0.003800   0.013800   0.005800 
159  -0.006800   0.005200  -0.011800  -0.011800  -0.010600  -0.006800   0.007400   0.010200   0.002200   0.025600   0.003000   0.009200   0.007000 
160  -0.012200   0.007400  -0.006800  -0.013400  -0.008200   0.001400   0.003800   0.004400  -0.006000   0.031000  -0.006800   0.011400   0.004400 
161  -0.010000  -0.000400  -0.004600  -0.017800  -0.011200  -0.002200   0.000800   0.013400  -0.002200   0.027200  -0.001800   0.017200   0.007800 
162  -0.006000   0.003000  -0.004400  -0.017000  -0.004600  -0.009200   0.013200   0.010600   0.000600   0.026200   0.001600   0.009000   0.009600 
163  -0.005400   0.001600  -0.000600  -0.023800  -0.001000  -0.009000   0.006200   0.004400  -0.003000   0.022000  -0.006200   0.021600   0.014400 
164  -0.003400  -0.002200   0.007000  -0.019000  -0.003800  -0.005000   0.004800   0.005800   0.005000   0.025600   0.005200   0.005400   0.008000 
165   0.000800   0.006200   0.012000  -0.021000  -0.004000  -0.007800   0.008400   0.007800  -0.005000   0.022600   0.002400   0.008600   0.009200 
166   0.007200  -0.000000   0.000000  -0.015200  -0.005200  -0.008200   0.011800   0.003000   0.002000   0.023400  -0.001000   0.011400   0.003200 
167   0.005000   0.004000   0.003200  -0.019600  -0.004400  -0.013200   0.001800   0.006000  -0.004000   0.015400  -0.000600   0.013000  -0.000400 
168   0.009200   0.001400   0.003600  -0.017800  -0.003800  -0.016400   0.003000   0.002000  -0.004400   0.017400   0.010200   0.006400  -0.000600 
169   0.001000   0.003600   0.008800  -0.016400  -0.008000  -0.010000   0.002800   0.009400  -0.002200   0.026600   0.003600   0.008800  -0.001200 
170  -0.005600  -0.004800   0.004200  -0.014800  -0.002000  -0.004400   0.005400   0.005800  -0.002200   0.023000  -0.001000   0.012000   0.002600 
171   0.004200  -0.006400  -0.000600  -0.010200  -0.002400  -0.008600   0.004400   0.003800  -0.001600   0.018600   0.012200   0.007200  -0.000600 
172  -0.000000  -0.005600  -0.002000  -0.008800   0.002400  -0.008200  -0.003000  -0.002600  -0.000600   0.021800   0.006400   0.011200   0.000800 
173   0.002800  -0.009200  -0.009800  -0.008400  -0.004800  -0.001200  -0.001000  -0.001000  -0.008200   0.010600   0.009000   0.011200  -0.002800 
174   0.003600  -0.007400  -0.011600  -0.002800   0.001000   0.003400   0.002400  -0.000000  -0.003400  -0.000200   0.005000   0.006800  -0.002600 
175   0.005800  -0.011000  -0.003200   0.001400   0.008200   0.002600   0.004400   0.001800  -0.007600   0.005200   0.011600   0.010000  -0.016600 
176   0.007800   0.002400  -0.014600  -0.010000   0.003800   0.004000  -0.001600  -0.005400  -0.004800   0.007200  -0.001000   0.012000  -0.010400 
177   0.002400   0.002600  -0.011600  -0.006400   0.003200   0.011000  -0.003600  -0.004800  -0.012400   0.000400   0.000600   0.006200  -0.020400 
178   0.008200   0.004400  -0.011800  -0.007000  -0.000600  -0.000800  -0.000400  -0.003200  -0.013400  -0.008200  -0.003800   0.004800  -0.020600 
179   0.013000   0.006200  -0.009800   0.007000  -0.003000  -0.001000   0.000400  -0.003800  -0.011000  -0.005200  -0.005000   0.009400  -0.030000 
180   0.012800   0.002800  -0.016600  -0.002400  -0.003200  -0.003600  -0.004400  -0.000200  -0.015800  -0.013800  -0.005800   0.011200  -0.025200 
181   0.010200   0.002400  -0.022800   0.000200  -0.003600  -0.007400  -0.003200  -0.003800  -0.008600  -0.013000  -0.004600   0.009800  -0.018600 
182   0.008400   0.001600  -0.018200  -0.004200   0.003000  -0.009800  -0.006000  -0.003400  -0.004600  -0.018400  -0.004000   0.012400  -0.027200 
183   0.008200   0.012600  -0.012400  -0.003400   0.000400  -0.003000  -0.003600   0.001600  -0.017600  -0.023200  -0.003800   0.007000  -0.025200 
184   0.012400   0.014200  -0.023000  -0.005800   0.000400  -0.001600  -0.009400   0.001800  -0.019800  -0.028600  -0.005600   0.005800  -0.023600 
185   0.019200   0.018200  -0.024600   0.009800  -0.001600   0.006000  -0.006800   0.004400  -0.026600  -0.029200  -0.012000   0.003600  -0.031200 
186   0.018400   0.015400  -0.021800   0.000400  -0.001000  -0.002000  -0.006200  -0.001200  -0.032200  -0.032000  -0.010200   0.006200  -0.028400 
187   0.015400   0.014400  -0.028800   0.006400  -0.000000  -0.002200  -0.000400   0.000600  -0.033800  -0.036200  -0.010400   0.008000  -0.028600 
188   0.013200   0.016800  -0.015600   0.014000   0.001800  -0.005200  -0.006800  -0.006000  -0.027800  -0.037400   0.000200   0.010200  -0.022400 
189   0.009800   0.015200  -0.018400   0.019600  -0.001600  -0.004800  -0.002600  -0.002200  -0.027000  -0.030400  -0.010400  -0.002400  -0.025800 
190  -0.000000   0.016000  -0.011600   0.017400  -0.006000  -0.001600  -0.008400   0.002600  -0.020400  -0.037000  -0.012000  -0.001600  -0.023600 
191   0.003400   0.010200  -0.007400   0.014000  -0.006600  -0.001800  -0.010800   0.000600  -0.016400  -0.038400  -0.009200   0.000600  -0.026000 
192  -0.008200   0.003000  -0.012800   0.022400  -0.003400  -0.009400  -0.014600  -0.004200  -0.015800  -0.035600  -0.002400  -0.003000  -0.029000 
193  -0.014200   0.009200  -0.004400   0.018200  -0.008600   0.003000  -0.022800   0.005400  -0.014200  -0.028800   0.001200  -0.011800  -0.017600 
194  -0.015000   0.003800  -0.003800   0.010400  -0.011400  -0.000800  -0.016200  -0.000800  -0.006200  -0.030000   0.003400  -0.008800  -0.013000 
195  -0.019400   0.004800  -0.008400   0.012200  -0.015200  -0.001800  -0.025000  -0.006000  -0.010000  -0.029800   0.006000  -0.011400  -0.014800 
196  -0.017400  -0.007200  -0.001600   0.020200  -0.001400   0.000400  -0.018600   0.006200  -0.017200  -0.027400   0.005200  -0.011600  -0.019800 
197  -0.017600  -0.009000  -0.004600   0.013200  -0.007000  -0.001200  -0.030600  -0.000400  -0.017400  -0.038000  -0.001400  -0.015800  -0.017200 
198  -0.009800  -0.013600  -0.006000   0.023800  -0.015200  -0.005400  -0.027400   0.011000  -0.009200  -0.033400   0.006800  -0.026400  -0.018200 
199  -0.016000  -0.009000   0.001400   0.020400  -0.015000  -0.003800  -0.028600   0.000400  -0.005000  -0.029800   0.012200  -0.021800  -0.006400 
200  -0.017000  -0.000600   0.002000   0.026600  -0.014600   0.003000  -0.020800   0.005600  -0.006600  -0.031800   0.010000  -0.019400  -0.008600 
201  -0.011800   0.000800  -0.005800   0.031000  -0.013600   0.001400  -0.019200   0.003600  -0.007400  -0.036800   0.007000  -0.023400  -0.002400 
202  -0.010600   0.001800  -0.007200   0.019400  -0.016200   0.001800  -0.019600   0.009400   0.001200  -0.030200   0.001600  -0.026200  -0.001600 
203  -0.008200   0.002000  -0.003800   0.027400  -0.016400  -0.007600  -0.017000   0.013600   0.007600  -0.021000  -0.000800  -0.028200  -0.003600 
204  -0.004600   0.007400  -0.006000   0.024400  -0.009800   0.000600  -0.011000   0.006600   0.005800  -0.029200   0.002600  -0.036000   0.004600 
205  -0.004400  -0.000600  -0.011200   0.023800  -0.006600   0.000800  -0.005200   0.017000   0.003000  -0.022200   0.005400  -0.032200   0.000800 
206  -0.006000  -0.004800  -0.012400   0.024400   0.001200   0.009400  -0.008200   0.000200   0.001200  -0.027800   0.006400  -0.032200  -0.009200 
207  -0.010600  -0.006200  -0.006200   0.015000   0.002000   0.002600  -0.013000   0.004200   0.001200  -0.022000   0.001800  -0.028200   0.006400 
208  -0.008400  -0.003400   0.002200   0.020000   0.007000   0.009000  -0.015400   0.002400  -0.001200  -0.023800   0.009200  -0.034200  -0.000800 
209  -0.007200  -0.005600  -0.000600   0.018000   0.014800   0.007200  -0.019400   0.003400   0.006400  -0.027800   0.009600  -0.017800   0.008800 
210  -0.012600  -0.006200  -0.005000   0.025400   0.008600   0.002000  -0.011200   0.009600   0.007400  -0.018400   0.005800  -0.025800   0.009400 
211  -0.018200   0.005800  -0.005200   0.022400   0.018600   0.002000  -0.013200  -0.001600  -0.002800  -0.018000   0.000400  -0.014200   0.008000 
212  -0.015800   0.002000  -0.010200   0.020200   0.018200  -0.002000  -0.008800   0.010800   0.013000  -0.019800   0.000800  -0.014600   0.009000 
213  -0.018000   0.000600   0.000000   0.021000   0.015000  -0.007400  -0.005200   0.000600   0.006200  -0.015800  -0.002000  -0.019400   0.018800 
214  -0.007400   0.009600   0.001000   0.022200   0.022600  -0.002600  -0.005000   0.003600   0.008600  -0.019400  -0.001600  -0.017600   0.005800 
215  -0.012200   0.006800   0.014600   0.029200   0.022000   0.003600   0.006800   0.006600   0.005400  -0.017000   0.001400  -0.024400   0.015400 
216  -0.010800   0.015200   0.006600   0.019800   0.020600  -0.004400   0.009800   0.015800   0.007400  -0.018000   0.000200  -0.013600   0.011800 
217  -0.008200   0.014600   0.011000   0.014000   0.020400  -0.002400   0.001800   0.016800   0.002800  -0.014800   0.001000  -0.020800   0.007200 
218  -0.003200   0.005000   0.010800   0.008400   0.016000  -0.002200   0.009600   0.018400   0.000400  -0.008400  -0.007800  -0.015200   0.011800 
219  -0.008600   0.005400   0.012400   0.003000   0.015800  -0.004600   0.006000   0.013400   0.008000  -0.006000  -0.013000  -0.018000   0.006000 
220  -0.007200   0.006200   0.016600   0.008800   0.003600  -0.003800   0.001600   0.018200   0.011400  -0.007200  -0.011000  -0.013400   0.008400 
221  -0.006800   0.002200   0.018800   0.009000   0.004000  -0.002400   0.006800   0.021800   0.007800  -0.010200  -0.002800  -0.001600  -0.001000 
222  -0.002400  -0.003200   0.024200   0.002200   0.004000  -0.006600   0.003200   0.023600   0.008000  -0.016600  -0.008000  -0.003600   0.008000 
223  -0.007000  -0.000200   0.021600   0.008200   0.006800  -0.007600   0.005000   0.017200   0.011200  -0.015600  -0.009400   0.000600   0.006000 
224  -0.010000  -0.001600   0.020000   0.008600   0.008200  -0.005000   0.009600   0.019200   0.007800  -0.010000  -0.003400   0.000200   0.005600 
225  -0.008000  -0.005400   0.019600   0.008200   0.003000   0.002200   0.012200   0.015600   0.011000  -0.014200   0.004200   0.002400   0.007200 
226  -0.004800  -0.002400   0.027800   0.011800   0.007800   0.004800   0.006200   0.018600   0.007200  -0.013800  -0.007400  -0.001400  -0.005600 
227  -0.003600  -0.014000   0.023000   0.014000   0.011400  -0.001800  -0.001600   0.017000   0.003200  -0.013800   0.000800   0.005200   0.001800 
228   0.002600  -0.013000   0.022000   0.019800   0.012600  -0.004000   0.000200   0.016000   0.008800  -0.017800  -0.001000   0.012200   0.005000 
229   0.006200  -0.011400   0.019600   0.018200   0.013200  -0.009200  -0.007200   0.021600   0.002000  -0.015200  -0.008800   0.012200   0.002600 
230   0.007200  -0.015600   0.013200   0.025200   0.015800  -0.000000  -0.009000   0.024200   0.005400  -0.016200  -0.011800   0.008000  -0.001600 
231   0.010200  -0.015000   0.014800   0.013000   0.016800   0.002600  -0.007800   0.022000  -0.001400  -0.017600  -0.017200   0.011600   0.000600 
232   0.011600  -0.025800   0.016400   0.013600   0.004600   0.004800  -0.009200   0.023400   0.001000  -0.012600  -0.015400   0.018000   0.005400 
233   0.007800  -0.020800   0.008600   0.009000   0.003600  -0.003000  -0.012400   0.031600   0.007000  -0.021200  -0.008600   0.016800  -0.004200 
234   0.001400  -0.024200   0.002400   0.011000   0.004400  -0.000200  -0.005600   0.016600   0.002400  -0.020200  -0.009000   0.013600  -0.000600 
235   0.006400  -0.015600   0.003200   0.018600   0.012600  -0.000600  -0.009400   0.023000   0.004600  -0.011600  -0.014400   0.008400  -0.000800 
236  -0.003200  -0.013000   0.001200   0.018800   0.000800   0.007800  -0.013400   0.023000   0.007000  -0.021600  -0.015800   0.013000   0.005000 
237   0.000600  -0.016000   0.009000   0.011400   0.011800   0.018600  -0.013200   0.027200   0.010800  -0.024800  -0.011600   0.005400   0.004800 
238  -0.010600  -0.014200   0.005800   0.009600   0.010600   0.007800  -0.013800   0.024800   0.016400  -0.031000  -0.016000   0.001000   0.001800 
239  -0.012200  -0.016800   0.003600   0.011000   0.005000   0.008600  -0.011800   0.027400   0.010000  -0.031800  -0.018600   0.001200   0.004200 
240  -0.010800  -0.021000   0.003800   0.011200  -0.001000   0.010200  -0.012600   0.021200   0.015600  -0.036200  -0.011800   0.003000   0.001600 
241  -0.017000  -0.011000   0.006000   0.002200   0.000200   0.019800  -0.018200   0.025000   0.011200  -0.032400  -0.010800   0.006600   0.000600 
242  -0.005400  -0.016400  -0.006400   0.008600  -0.000200   0.018800  -0.015400   0.021800   0.009600  -0.021400  -0.011200   0.008400  -0.002000 
243  -0.006800  -0.012600  -0.002400   0.008600   0.006000   0.014400  -0.013600   0.017800   0.005000  -0.029600  -0.014200   0.005800  -0.000800 
244   0.000400  -0.010000   0.003000   0.006400   0.002800   0.022200  -0.017200   0.010000   0.007600  -0.022000  -0.019000   0.004800   0.002200 
245  -0.000200  -0.007400  -0.008000   0.002800   0.003200   0.009400  -0.020600   0.011000   0.009600  -0.026400  -0.015800   0.008000  -0.003000 
246  -0.001600  -0.009000  -0.003600   0.009200   0.001000   0.008000  -0.021600   0.007000   0.008000  -0.026600  -0.014800   0.007600  -0.006200 
247  -0.001800  -0.004000  -0.016000   0.006600   0.008800   0.016400  -0.019200   0.008800   0.010400  -0.014000  -0.016200   0.009400  -0.004600 
248  -0.006200  -0.010400  -0.009400   0.000000   0.009800   0.014400  -0.018400   0.008000   0.016800  -0.018600  -0.015400  -0.001600  -0.014200 
249   0.005200  -0.000200  -0.013400  -0.009600   0.004400   0.014400  -0.019600   0.001800   0.014000  -0.022600  -0.020600  -0.000800  -0.011000 
250   0.006000  -0.006000  -0.010600  -0.004400  -0.002600   0.019000  -0.015200   0.006000   0.018800  -0.025200  -0.017000   0.005400  -0.013200 
251   0.006400   0.005800  -0.007800  -0.011800  -0.006000   0.016400  -0.013000   0.004200   0.016200  -0.020600  -0.006600   0.004600  -0.016200 
252   0.012800   0.002800  -0.016800  -0.009000  -0.006000   0.015800  -0.018200   0.007800   0.021600  -0.012400  -0.008200   0.000800  -0.009000 
253   0.015800   0.003800  -0.017200  -0.004400  -0.001800   0.008800  -0.014400   0.008800   0.030800  -0.023200  -0.010600  -0.008400  -0.018800 
254   0.014000  -0.000000  -0.008200  -0.008600  -0.002600   0.026000  -0.011600   0.008400   0.020400  -0.024800  -0.010800  -0.007600  -0.026000 
255   0.014400   0.009800  -0.010200  -0.005800  -0.003000   0.013200  -0.006400   0.005400   0.029000  -0.029800  -0.018400   0.001800  -0.013600 
256   0.007400   0.002200  -0.006600  -0.013800   0.000200   0.009800  -0.013000   0.009600   0.019800  -0.027400  -0.018000  -0.008200  -0.008400 
257   0.005000   0.007200  -0.005000  -0.006200   0.009600   0.014600  -0.011600   0.007600   0.020400  -0.027800  -0.026400  -0.002200  -0.008600 
258   0.005000   0.007400  -0.008000  -0.008600   0.007600   0.022000  -0.014800   0.012000   0.022200  -0.029800  -0.013400  -0.006400  -0.007600 
259   0.006000   0.011200  -0.001200  -0.011400   0.010800   0.008400  -0.009200   0.006200   0.015600  -0.034200  -0.006400  -0.001200  -0.004600 
260   0.017800   0.011600  -0.006600  -0.002800   0.011400   0.001600  -0.006200   0.008800   0.017000  -0.033800  -0.011200   0.000200  -0.002200 
261   0.000000   0.019200  -0.001200  -0.007000   0.007200   0.012800  -0.006600   0.005200   0.015200  -0.032000  -0.005600   0.004200  -0.009000 
262   0.010200   0.012400  -0.003200  -0.000600   0.004200   0.003000   0.011400   0.011800   0.010200  -0.023400  -0.008400   0.001200  -0.008800 
263  -0.008400   0.018600  -0.001000   0.009600   0.005200  -0.006600   0.006200   0.002800   0.018600  -0.017600  -0.004800   0.000800  -0.006600 
264  -0.003800   0.017800   0.002800   0.000400  -0.001000   0.006000   0.004400  -0.002200   0.017600  -0.021800  -0.014000   0.004200  -0.007400 
265  -0.006800   0.011000  -0.009200  -0.003400  -0.001400   0.001000  -0.004800   0.007600   0.019600  -0.021800  -0.013800   0.009000  -0.012800 
266  -0.007200   0.017200  -0.008800   0.001400   0.002200   0.010600  -0.000600  -0.001600   0.011800  -0.019000  -0.017800   0.004400  -0.006400 
267   0.005600   0.012600  -0.005400   0.001200   0.006400   0.008200   0.003000   0.003400   0.011400  -0.016600  -0.017400   0.006400  -0.020200 
268  -0.001800   0.008600  -0.009800  -0.001200   0.007200   0.002200  -0.000600   0.007600   0.020200  -0.017600  -0.024000   0.007000  -0.014400 
269  -0.003800   0.009200  -0.012800   0.001600   0.003200   0.006400  -0.010200   0.004200   0.020800  -0.014200  -0.022400   0.001600  -0.010400 
270  -0.008600   0.006200  -0.008200   0.001600   0.005800   0.000400  -0.005600   0.001200   0.024400  -0.013800  -0.020200   0.000200  -0.016000 
271  -0.004200   0.007000  -0.013000   0.003000   0.015600   0.001400  -0.005800   0.005400   0.023800  -0.007000  -0.014600   0.000600  -0.018000 
272  -0.006400   0.002600  -0.006800   0.001600   0.016200  -0.000000  -0.007800   0.006800   0.028000  -0.011600  -0.015600   0.008200  -0.021400 
273   0.003000  -0.009600  -0.010800  -0.000200   0.020400   0.004400  -0.008000   0.010000   0.025000  -0.021400  -0.028400   0.013400  -0.016600 
274   0.002000  -0.014200  -0.006800  -0.000200   0.016600   0.013600  -0.017800   0.010800   0.024800  -0.011200  -0.015400  -0.001200  -0.023800 
275   0.005200  -0.006800  -0.012800   0.000000   0.019400   0.006000  -0.010600   0.002800   0.031400  -0.012800  -0.014600   0.007000  -0.012600 
276   0.012200  -0.015600  -0.009600   0.000600   0.019200   0.006000  -0.018800   0.011600   0.019400   0.001800  -0.010600   0.006200  -0.017400 
277   0.019600  -0.024600  -0.013200  -0.005400   0.018200   0.009000  -0.010800   0.002000   0.028000   0.014400  -0.009600   0.004600  -0.012200 
278   0.014800  -0.022200  -0.019600   0.004400   0.017000   0.003600  -0.008800   0.011000   0.022400   0.005800  -0.008600   0.009800  -0.003800 
279   0.008600  -0.020400  -0.015000   0.005000   0.022200   0.010000  -0.011200   0.004200   0.026800   0.010600  -0.005600   0.004200  -0.009200 
280   0.015600  -0.024800  -0.008400   0.003800   0.012600   0.011200  -0.009600   0.006800   0.024600   0.007000  -0.011400   0.013200  -0.005200 
281   0.019000  -0.011800  -0.013600   0.000400   0.002000   0.000400  -0.012400   0.004200   0.019000   0.018400  -0.000200   0.009600  -0.002800 
282   0.016800  -0.015000  -0.006800   0.000800   0.008200   0.007200  -0.009000  -0.001200   0.019600   0.006400  -0.001000   0.009400  -0.000400 
283   0.014600  -0.015400  -0.003200   0.001600   0.003400   0.012400  -0.012000   0.001200   0.012600   0.010600  -0.006400   0.007800  -0.000000 
284   0.014200  -0.019200  -0.010800  -0.002800  -0.003200   0.007800  -0.015000  -0.002200   0.018200   0.012000  -0.002800   0.011400  -0.000200 
285   0.011800  -0.016400  -0.000200  -0.000200  -0.000600   0.006000  -0.018200  -0.004400   0.016600   0.009200   0.011000   0.007800  -0.002200 
286   0.012600  -0.017400  -0.004200   0.006600  -0.008400   0.005600  -0.016000  -0.000000   0.017800   0.011000   0.004000   0.011200   0.002400 
287   0.016400  -0.020200  -0.005200   0.003600  -0.010000   0.003800  -0.015200  -0.003200   0.022400   0.008800   0.005000   0.008600  -0.004200 
288   0.009400  -0.019200   0.005800   0.001200  -0.011000  -0.008600  -0.014400   0.002400   0.019200   0.010800  -0.004600   0.003600   0.011000 
289   0.011400  -0.023000   0.000600   0.006800  -0.009800  -0.003200  -0.007600   0.010600   0.019400   0.012000   0.002400   0.006000   0.014200 
290   0.018800  -0.028800   0.008600   0.005400  -0.014600  -0.007800  -0.008000   0.013400   0.013400   0.006400  -0.000800   0.010200   0.012800 
291   0.016800  -0.032400   0.006000   0.004600  -0.015400  -0.010800  -0.009200   0.007400   0.010800   0.012200   0.001000   0.001400   0.013800 
292   0.017800  -0.025400   0.004800   0.011600  -0.007800  -0.012000  -0.020600   0.008200   0.011000   0.011400   0.009000   0.003000   0.016000 
293   0.020000  -0.023800   0.002400   0.006000  -0.006800   0.000000  -0.015200   0.001800   0.003400   0.006800   0.009200   0.005400   0.017600 
294   0.016000  -0.022200  -0.003400   0.003800  -0.006000  -0.009000  -0.012400   0.003800   0.009200   0.008000   0.009400  -0.006000   0.013200 
295   0.015600  -0.018400   0.002400   0.006200  -0.004800  -0.012000  -0.013600   0.001400   0.005200   0.004000  -0.003400  -0.005400   0.006400 
296   0.019400  -0.011800   0.001000   0.005200  -0.011000  -0.013200  -0.013200   0.007800   0.008400   0.004000   0.001200  -0.004000   0.010800 
297   0.017400  -0.015800   0.003600  -0.001600  -0.011800  -0.011400  -0.007000   0.014200   0.003600  -0.002000   0.005000  -0.002600   0.012800 
298   0.012400  -0.014000  -0.003000   0.003200  -0.002200  -0.011600  -0.011400   0.007800   0.001800  -0.007800   0.005600   0.006000   0.006200 
299   0.022600  -0.006200   0.001600   0.011800  -0.009200  -0.005400  -0.012600  -0.001400  -0.003600  -0.007200   0.001400   0.005400   0.003000 
300   0.023800  -0.013600  -0.005200   0.002200  -0.014000  -0.011400  -0.016800   0.005000  -0.003000  -0.007200   0.004400   0.009600   0.001400 
301   0.031200  -0.016400  -0.001400   0.008000  -0.016200  -0.019200  -0.021400   0.007600   0.000600  -0.002600  -0.000600   0.004800   0.004400 
302   0.025800  -0.010000   0.005200   0.003000  -0.010200  -0.023800  -0.023200   0.010800  -0.003800  -0.001600   0.000200   0.014600  -0.001400 
303   0.020200   0.001200   0.009000  -0.003400  -0.010800  -0.014800  -0.023400   0.000600  -0.006200  -0.004400  -0.004800   0.008000  -0.003600 
304   0.024400  -0.000000   0.007600   0.002800  -0.018000  -0.022600  -0.021400  -0.000800  -0.006000   0.000000  -0.000400   0.015800  -0.014200 
305   0.016400   0.002800   0.003000  -0.005200  -0.014800  -0.025000  -0.022000   0.005600  -0.012000   0.002000  -0.017000   0.009000  -0.019600 
306   0.025000   0.006000   0.009400  -0.001200  -0.008000  -0.025200  -0.011800  -0.004600  -0.009600   0.005600  -0.007600   0.011200  -0.019200 
307   0.020600   0.010000   0.006400  -0.018000  -0.007400  -0.020800  -0.018600   0.007800  -0.013600   0.010400  -0.010000   0.010200  -0.018800 
308   0.015200   0.007200   0.011000  -0.016800  -0.016600  -0.025000  -0.016200   0.003600  -0.011400   0.014000  -0.000400   0.009000  -0.016200 
309   0.011800   0.013000   0.005400  -0.027800  -0.010000  -0.028000  -0.018800   0.004400  -0.008800   0.011200  -0.008600   0.009400  -0.023000 
310   0.010200   0.005400  -0.001600  -0.018800  -0.013200  -0.026000  -0.009400   0.005000  -0.014000   0.013600  -0.007000   0.004600  -0.020600 
311   0.013000   0.013200  -0.003000  -0.017800  -0.021200  -0.028800  -0.016800   0.005000  -0.020200   0.008800  -0.009200   0.011200  -0.025200 
312   0.014800   0.021800   0.005400  -0.017800  -0.017000  -0.028000  -0.013800   0.003600  -0.018200   0.006200  -0.012800   0.003200  -0.017800 
313   0.015200   0.020200   0.004800  -0.016800  -0.016800  -0.029800  -0.018200  -0.003000  -0.019200   0.014000  -0.010400   0.010800  -0.020200 
314   0.010600   0.007600   0.002600  -0.016000  -0.019800  -0.021200  -0.012800  -0.001000  -0.017600   0.011400  -0.018000   0.002400  -0.023000 
315   0.010000   0.010600   0.011400  -0.019600  -0.007200  -0.017000  -0.009800  -0.003400  -0.019200   0.010600  -0.006600   0.012600  -0.019000 
316   0.003000   0.011200   0.001200  -0.024000  -0.006000  -0.015400  -0.011200   0.004400  -0.024000   0.013800  -0.008000  -0.005000  -0.015000 
317   0.010800  -0.004400   0.003800  -0.012800  -0.002600  -0.005400  -0.007200   0.006600  -0.014200   0.013400  -0.013600  -0.004200  -0.017000 
318   0.009600   0.006600  -0.008200  -0.019600   0.001800  -0.011200  -0.005000   0.008000  -0.017400   0.005400  -0.011400   0.005200  -0.014200 
319   0.012000   0.006200  -0.005400  -0.011000  -0.004000  -0.011800  -0.008000   0.007800  -0.012400   0.008400  -0.004400   0.007600  -0.016600 
320   0.011400   0.005400  -0.005200  -0.007000  -0.005200  -0.012200  -0.003600  -0.003600  -0.013000   0.004200  -0.007800   0.009000  -0.005000 
321   0.019200   0.006200  -0.001800  -0.004800  -0.010400  -0.008200  -0.002400   0.003000  -0.008000   0.005200  -0.007800   0.006400  -0.003200 
322   0.015000   0.005800  -0.002400  -0.001000  -0.005000  -0.005600  -0.008600   0.008800  -0.008600  -0.003600  -0.014200   0.007800   0.002600 
323   0.021400   0.008000   0.004800   0.001200  -0.006400  -0.010600  -0.009400   0.008800  -0.000800  -0.000800  -0.002000   0.008200  -0.004800 
324   0.024600   0.008400   0.000200   0.004600  -0.011400   0.001000  -0.012000  -0.002400   0.002800   0.003400  -0.004800   0.009800   0.011200 
325   0.019600   0.011400   0.003200  -0.001600  -0.008000  -0.011600  -0.015000   0.004200  -0.002400   0.001600  -0.011200   0.001000   0.000800 
326   0.014200   0.007800   0.003000   0.007200  -0.004600  -0.000000  -0.009800   0.004000  -0.004800   0.000200  -0.013200   0.015600   0.004400 
327   0.020600  -0.000200   0.006200   0.011000  -0.008400  -0.000400  -0.012400   0.001800  -0.002600   0.000400  -0.015600   0.020600   0.006800 
328   0.022600   0.007200   0.007600   0.011000  -0.002600   0.002200  -0.015400   0.003400  -0.012600  -0.012400  -0.014200   0.024400   0.007400 
329   0.016200   0.012200   0.011400   0.010200  -0.007600  -0.001200  -0.020600   0.008400  -0.012600  -0.000200  -0.014200   0.020200   0.013200 
330   0.020400   0.010400   0.006400  -0.001600   0.000800   0.001800  -0.013600   0.004400  -0.019400  -0.001600  -0.010200   0.017400   0.009800 
331   0.017800   0.010600   0.016200   0.002200   0.001600  -0.001800  -0.008000   0.000400  -0.011600   0.005400  -0.018000   0.009600   0.013200 
332   0.014800   0.018200   0.009400   0.000200  -0.000600   0.007800  -0.008400   0.005200  -0.018000   0.007800  -0.020400   0.003600   0.022000 
333   0.015600   0.014600   0.010000   0.006000  -0.000800   0.008200  -0.017800   0.005400  -0.014800   0.004400  -0.020400   0.008600   0.013800 
334   0.012000   0.008200   0.011800  -0.001200   0.012400   0.006600  -0.012200   0.001600  -0.009000  -0.004200  -0.015600   0.013800   0.024800 
335   0.011600   0.006800   0.008200  -0.011600   0.007200   0.001400  -0.019000   0.008800  -0.011400   0.000800  -0.024000   0.002000   0.016800 
336   0.014200   0.014800   0.005400  -0.012000   0.014400   0.008800  -0.017400   0.009800  -0.010800  -0.000800  -0.017400   0.009800   0.023600 
337   0.017000   0.010400   0.005400  -0.002200   0.003800   0.010200  -0.018400   0.000600  -0.013000  -0.000600  -0.019000   0.000400   0.021800 
338   0.011600   0.007800  -0.000200  -0.010000   0.009000   0.017600  -0.020600   0.004200  -0.014800   0.000600  -0.024000  -0.002800   0.013600 
339   0.009200   0.014000   0.002000  -0.004800   0.008800   0.006000  -0.019600   0.004200  -0.015600   0.006200  -0.020600  -0.006800   0.009800 
340   0.008200   0.012600   0.010800  -0.006600   0.007600   0.012000  -0.019200  -0.005400  -0.009800   0.006400  -0.024200  -0.007600   0.008600 
341   0.014200   0.023400   0.000000  -0.008200   0.008600   0.011000  -0.021000  -0.007400  -0.006800   0.006400  -0.029000  -0.004800   0.006400 
342   0.009000   0.022000  -0.006200  -0.017600   0.011200   0.012000  -0.027200  -0.005200   0.000400  -0.001000  -0.025000   0.004600   0.004800 
343   0.012400   0.023000  -0.010800  -0.008000   0.015400   0.007000  -0.018600  -0.004000  -0.011200   0.002200  -0.020200   0.003400   0.001000 
344   0.016200   0.025200  -0.007800  -0.009800   0.016600   0.011000  -0.014800  -0.004800  -0.011200   0.000000  -0.021800  -0.007000   0.007600 
345   0.020800   0.016600  -0.007600  -0.010000   0.007800   0.012200  -0.020400  -0.004400  -0.005600  -0.005000  -0.012400  -0.001600   0.005400 
346   0.017800   0.012200  -0.001000  -0.004600   0.008600   0.004800  -0.021200  -0.002200  -0.005200  -0.006600  -0.015600  -0.005600   0.006800 
347   0.018400   0.013600   0.001600   0.006200   0.006400   0.006000  -0.018200  -0.008800  -0.015800  -0.007200  -0.026000  -0.001800   0.004600 
348   0.021800   0.016200  -0.002000   0.007800   0.014600   0.011800  -0.019200   0.001200  -0.007000  -0.005400  -0.023600  -0.000600   0.001800 
349   0.019800   0.006000  -0.001800   0.005000   0.015200   0.002200  -0.024000   0.003400  -0.010600  -0.013800  -0.020600  -0.000400  -0.001800 
350   0.024600   0.007200  -0.004600   0.001600   0.017800  -0.003000  -0.023800  -0.005800  -0.003400  -0.013800  -0.033400  -0.001200  -0.005600 
351   0.026200   0.009400  -0.012600   0.003600   0.012000  -0.013000  -0.015400  -0.010600  -0.010000  -0.016400  -0.028200   0.003600  -0.012800 
352   0.025000   0.014000  -0.005000   0.007000   0.011200  -0.006000  -0.013600  -0.012600  -0.005000  -0.014800  -0.036800   0.000200  -0.010000 
353   0.016200   0.011200  -0.006400   0.007400   0.011600  -0.016200  -0.021400  -0.010200   0.004600  -0.009200  -0.019200   0.005600  -0.005800 
354   0.022200   0.014400   0.004600   0.008200   0.017000  -0.018200  -0.017800  -0.010600   0.002200  -0.003400  -0.023600  -0.005200  -0.007400 
355   0.024400   0.004600  -0.000600   0.005000   0.012000  -0.017600  -0.019000  -0.015200   0.004200  -0.007400  -0.017400  -0.000400  -0.003000 
356   0.018400  -0.000200   0.000200   0.006800   0.013200  -0.021800  -0.011800  -0.018800   0.000200  -0.012400  -0.015600  -0.002600  -0.004000 
357   0.028000   0.008200  -0.007000  -0.006000   0.008200  -0.011800  -0.016600  -0.016200  -0.007000  -0.011000  -0.004800   0.002800  -0.009800 
358   0.021200   0.008800   0.005600  -0.000800   0.003800  -0.017800  -0.016400  -0.023600  -0.002600  -0.009400  -0.010600  -0.000200  -0.014800 
359   0.010200   0.005200   0.003200  -0.000600   0.012400  -0.021400  -0.015000  -0.013400  -0.010400  -0.005400   0.001000  -0.002400  -0.011000 
360   0.019600   0.003200   0.005800  -0.007400   0.005800  -0.017800  -0.008200  -0.015400  -0.005400  -0.012800   0.001800  -0.012200  -0.016000 
361   0.014000   0.006200  -0.000800  -0.002800   0.004800  -0.016400  -0.013000  -0.005200  -0.010000  -0.020400  -0.004600  -0.005000  -0.011200 
362   0.009400   0.007800   0.001000  -0.009400   0.002800  -0.027200  -0.005000  -0.015600  -0.005800  -0.016800  -0.005800  -0.005200  -0.006000 
363   0.017400   0.004000   0.004200  -0.005600   0.005400  -0.017000  -0.008600  -0.014800  -0.002800  -0.018400  -0.006000  -0.001400  -0.008600 
364   0.013600   0.001600   0.001200  -0.011200   0.003400  -0.010000  -0.012200  -0.020800   0.001800  -0.020200  -0.000600  -0.012000  -0.004400 
365   0.017400  -0.011800   0.000200  -0.015200   0.008000  -0.018600  -0.001200  -0.014800   0.000000  -0.019800   0.002400  -0.016600  -0.003600 
366   0.015200  -0.011200  -0.001200  -0.013200   0.013200  -0.011200  -0.003400  -0.015400  -0.001200  -0.022200   0.007200  -0.007800  -0.011000 
367   0.017400  -0.005200   0.001800  -0.006600   0.017800  -0.004800   0.005800  -0.022800  -0.008600  -0.015600   0.006800   0.003000  -0.011400 
368   0.007200  -0.012800  -0.001400  -0.013800   0.019200  -0.006800   0.002200  -0.021800   0.000800  -0.013600   0.010200  -0.007400  -0.010000 
369   0.010600  -0.016600   0.002200  -0.015200   0.012200  -0.001200   0.009600  -0.017200  -0.001200  -0.007000   0.006200  -0.005600  -0.010200 
370   0.009200  -0.004800   0.005000  -0.018600   0.014400  -0.003600   0.008200  -0.016400   0.006800  -0.010400   0.002200   0.003000  -0.007200 
371   0.012800  -0.004400  -0.000600  -0.011400   0.016200  -0.001800   0.010600  -0.022600  -0.006000   0.006600  -0.000200  -0.009400  -0.003000 
372   0.008400  -0.009600  -0.002200  -0.015000   0.014800  -0.004000   0.007800  -0.017000   0.000000   0.004000   0.004800   0.005600   0.004400 
373   0.000400  -0.005800  -0.002400  -0.010200   0.010400  -0.009400   0.011000  -0.011200  -0.001800  -0.002400   0.008200   0.001400   0.000400 
374   0.005200  -0.011400  -0.003800  -0.005200   0.005800  -0.008200   0.018200  -0.018600  -0.002200  -0.011200   0.007400   0.011200   0.006400 
375  -0.000800  -0.010800  -0.001000  -0.009600   0.008600  -0.009000   0.017600  -0.016800  -0.006600  -0.005400   0.001400   0.000400   0.013600 
376  -0.001000  -0.007200  -0.001400  -0.009600   0.015000  -0.014600   0.015600  -0.005800  -0.006400  -0.000800   0.003800   0.002800   0.013200 
377  -0.002600  -0.000400  -0.011400  -0.000600   0.008600  -0.007200   0.014000  -0.011800  -0.010400   0.000000  -0.002800  -0.002000   0.007600 
378   0.001200  -0.002800  -0.006400  -0.002000   0.014200  -0.010600   0.008800  -0.012400  -0.010800  -0.008800   0.006800  -0.004200   0.002400 
379  -0.012200  -0.004800  -0.001200  -0.002000   0.010800  -0.016600   0.011800  -0.013400  -0.004200  -0.008600   0.006200   0.001200   0.001000 
380  -0.004200  -0.000200  -0.005000  -0.000800   0.009200  -0.011000   0.003600  -0.004000  -0.006400  -0.018800   0.004200  -0.004600   0.004600 
381  -0.005800  -0.002000  -0.004000   0.006200   0.009200  -0.009400   0.006600  -0.007400  -0.009000  -0.013600   0.001400  -0.000400  -0.001600 
382  -0.003200  -0.004800  -0.008800   0.002600   0.011400  -0.009200   0.003800  -0.007200  -0.010200  -0.009200   0.005200  -0.004400   0.006400 
383  -0.009800  -0.004400  -0.002200   0.012600   0.003200  -0.014800  -0.004400  -0.005800  -0.015400  -0.009800  -0.001000  -0.001000   0.013000 
384   0.005000  -0.008800  -0.006200   0.010400  -0.001000  -0.022000  -0.000200  -0.006400  -0.008800  -0.011600  -0.004200   0.004400   0.003400 
385   0.006000  -0.004600   0.000200   0.009600   0.000400  -0.018000  -0.003000  -0.006400  -0.012600  -0.009000   0.003800   0.008000   0.012600 
386   0.003800  -0.003200  -0.006600   0.010200  -0.001200  -0.017000   0.004600  -0.012800  -0.012600  -0.016600  -0.004400   0.015200   0.008200 
387   0.005000  -0.003600   0.002400   0.012600  -0.001200  -0.011400  -0.006400  -0.001600  -0.021400  -0.005800  -0.005000   0.017600   0.002200 
388   0.012600   0.003000   0.001200   0.015800  -0.008800  -0.010200   0.003800   0.000800  -0.011800  -0.005600   0.005800   0.025000   0.006600 
389   0.017000   0.002400  -0.002800   0.015800  -0.004600  -0.011400  -0.012400  -0.007400  -0.009200  -0.008000   0.007800   0.021200   0.003000 
390   0.022400  -0.002400   0.003800   0.014000  -0.005800  -0.009200  -0.006200  -0.006200  -0.008600  -0.002000   0.005600   0.017800  -0.001000 
391   0.010800  -0.008000   0.004000   0.009800  -0.011600  -0.000800  -0.005800  -0.002200  -0.008200  -0.007400   0.003600   0.018800  -0.006400 
392   0.011600  -0.009600   0.004600   0.013200  -0.013400  -0.002400  -0.007600  -0.011000  -0.008000  -0.007200   0.003600   0.014600  -0.004600 
393   0.023000  -0.011600   0.004800   0.007000  -0.004800  -0.007000  -0.006600  -0.006400  -0.003200  -0.002800   0.002600   0.021000  -0.006800 
394   0.022800  -0.012200   0.009200   0.008400  -0.006800   0.000400  -0.009400  -0.010400  -0.005000  -0.002800   0.003200   0.020200  -0.004000 
395   0.024000  -0.011600   0.013400  -0.000200  -0.007800  -0.000400  -0.013000  -0.010200   0.004400  -0.003000   0.010400   0.013800  -0.007200 
396   0.012600  -0.015200   0.013600  -0.003000  -0.006600  -0.004800  -0.009600  -0.007800  -0.008200  -0.000800   0.008800   0.023800  -0.008800 
397   0.018400  -0.007400   0.016800   0.001800  -0.009600  -0.006400  -0.019000  -0.005000  -0.014800   0.002400   0.010800   0.022600  -0.015600 
398   0.020200  -0.007400   0.027800   0.004000  -0.007200  -0.001200  -0.011200   0.005800  -0.004600   0.006400   0.007000   0.018600  -0.016800 
399   0.013600  -0.009800   0.024000   0.005000  -0.003800  -0.004000  -0.018200   0.007600  -0.005000   0.006200   0.014600   0.018000  -0.014200 
400   0.014200  -0.001800   0.022200   0.008000  -0.005000  -0.010800  -0.013400   0.001800  -0.006200   0.006600   0.007200   0.018800  -0.014400 
401   0.011800  -0.006400   0.024800  -0.006600   0.008800  -0.011000  -0.012000   0.006200  -0.006400   0.014800   0.001400   0.013400  -0.009200 
402   0.011000  -0.003000   0.019400   0.008600   0.015800  -0.012800  -0.018800   0.000800  -0.007800   0.014400   0.004200   0.007400  -0.015600 
403   0.014000   0.000400   0.020800   0.007000   0.019600  -0.019600  -0.013600   0.004600  -0.009000   0.013200   0.000600   0.006600  -0.010400 
404   0.007400  -0.000200   0.017200   0.006000   0.016600  -0.021800  -0.011800   0.002400  -0.011400   0.023000  -0.004600   0.000400  -0.004800 
405   0.011000   0.005000   0.016600   0.008200   0.019400  -0.025000  -0.006600   0.000400  -0.014800   0.024000  -0.000600   0.004000  -0.006400 
406   0.007000   0.000200   0.023800   0.008800   0.002200  -0.019200  -0.004800   0.002200  -0.005000   0.022200  -0.004400   0.003400  -0.006000 
407   0.014800  -0.001600   0.024800   0.004200   0.005800  -0.028600   0.002800  -0.007400  -0.010200   0.018200  -0.002400   0.003000  -0.002600 
408   0.009400  -0.001600   0.020200   0.004600   0.009800  -0.019000  -0.002800   0.000600  -0.011200   0.020000  -0.002200   0.004000   0.007200 
409   0.010000  -0.001600   0.029200   0.002200   0.003400  -0.018400  -0.000600  -0.005200   0.000800   0.023000  -0.001200   0.002600   0.000000 
410   0.008200   0.000600   0.035400   0.000800   0.002000  -0.016600   0.003200  -0.008000   0.007400   0.019400   0.005000   0.005000   0.002000 
411   0.005400   0.003400   0.034400  -0.002600   0.010000  -0.013600  -0.000400  -0.003800   0.010400   0.028400   0.003200  -0.000800   0.003000 
412   0.006800   0.001600   0.046200  -0.006600   0.004000  -0.006400   0.001400  -0.011000   0.013600   0.023800   0.005600   0.004000  -0.008600 
413   0.004800   0.008200   0.041800  -0.007200   0.013400  -0.003400   0.005200   0.001400   0.010600   0.029600   0.003000   0.008800   0.002000 
414   0.002600   0.009600   0.044800  -0.010000  -0.005400  -0.004200   0.001000  -0.005000   0.017800   0.026600  -0.005400   0.007800  -0.006400 
415   0.003800   0.008600   0.040000  -0.001200  -0.001200  -0.006200  -0.000400  -0.009200   0.017000   0.027000   0.003800   0.014400   0.002400 
416   0.001400   0.016000   0.042000  -0.000400  -0.006800   0.002200  -0.001800  -0.012200   0.029000   0.027200   0.005200   0.012800  -0.005400 
417   0.008000   0.018800   0.035400  -0.003800  -0.006200  -0.000800   0.003400  -0.006200   0.038000   0.025400   0.008200   0.016200  -0.004600 
418   0.007200   0.015800   0.034200   0.001200  -0.001200   0.004600   0.004800  -0.007400   0.025400   0.030400   0.011000   0.024800   0.001000 
419   0.011200   0.015200   0.038000  -0.005200   0.001600   0.003800  -0.003000  -0.005400   0.032400   0.025800   0.009800   0.020200   0.008800 
420   0.007200   0.013600   0.031400  -0.015000   0.001600   0.004600   0.009200  -0.002800   0.023600   0.027200   0.011400   0.022200   0.006600 
421   0.003800   0.011000   0.037200  -0.009800  -0.008400   0.011200   0.007400   0.005200   0.022600   0.026600   0.006600   0.029800   0.011000 
422   0.008800   0.008800   0.024000  -0.012800  -0.007600   0.012800   0.008000  -0.005200   0.018000   0.029200   0.006600   0.033200   0.011800 
423   0.008000   0.004800   0.030400  -0.014600  -0.011400   0.010800  -0.001800  -0.004000   0.028600   0.030000   0.005200   0.028600   0.015600 
424   0.002600   0.003200   0.033600  -0.017800  -0.009000  -0.000400  -0.004600  -0.006000   0.024200   0.033600   0.000800   0.029800   0.013600 
425  -0.002400  -0.001000   0.027000  -0.023000  -0.002400   0.009600  -0.009800  -0.002800   0.014600   0.026600   0.004200   0.038000   0.008800 
426   0.007600  -0.002200   0.027400  -0.027800  -0.008600   0.010800  -0.007000   0.001200   0.014000   0.025000   0.004200   0.044200   0.008000 
427   0.004200   0.006400   0.028200  -0.011800  -0.012000   0.005800  -0.013400  -0.005800   0.011800   0.027000   0.012600   0.044000   0.008400 
428   0.006000  -0.004400   0.027800  -0.023600  -0.018400   0.007600  -0.007000  -0.008600   0.012600   0.026600   0.010200   0.036400   0.009600 
429   0.002200  -0.003600   0.018800  -0.017600  -0.022200   0.002800  -0.008000   0.005000   0.004800   0.023600   0.012200   0.029600   0.004400 
430   0.004200  -0.007400   0.014000  -0.020800  -0.013400   0.006400  -0.007800  -0.003800   0.001200   0.018800   0.013200   0.034400   0.002600 
431  -0.001000  -0.010400   0.017600  -0.017600  -0.020400   0.005600  -0.009200  -0.001800  -0.000800   0.014000  -0.001000   0.024600   0.000800 
432   0.001600  -0.007800   0.017600  -0.010000  -0.029400   0.002200  -0.013200  -0.004200  -0.005000   0.021200   0.007600   0.022800  -0.008400 
433   0.001400  -0.000400   0.014400  -0.012800  -0.017400   0.001200  -0.009800   0.000600  -0.004200   0.009600   0.013800   0.018800  -0.003800 
434   0.004000   0.004200   0.019400  -0.009600  -0.021000   0.004000  -0.013600  -0.002400  -0.014400   0.008000   0.010600   0.027400   0.004800 
435   0.015600   0.006000   0.013800  -0.004200  -0.015800   0.005200  -0.014400  -0.002400  -0.014800   0.009800   0.002400   0.031600   0.003600 
436   0.002600   0.005000   0.006800  -0.015000  -0.031800   0.007200  -0.009000  -0.000800  -0.016000   0.006600   0.012000   0.019200   0.011600 
437   0.017200   0.002600   0.016800  -0.021200  -0.022800   0.013000  -0.011000  -0.003600  -0.015000   0.005200   0.001400   0.026000   0.012200 
438   0.010200   0.002200   0.015200  -0.015600  -0.026800   0.012400  -0.012200  -0.002200  -0.019400   0.014800   0.014600   0.024400   0.007400 
439   0.013400  -0.001600   0.010000  -0.018600  -0.018600   0.021400  -0.013400  -0.002800  -0.023400   0.009000   0.008400   0.014000   0.015600 
440   0.006600  -0.003000   0.011600  -0.024600  -0.020400   0.014600  -0.010800  -0.002400  -0.015400   0.007400   0.007800   0.015800   0.015800 
441   0.007400  -0.005800   0.008600  -0.008400  -0.015000   0.013800  -0.022200   0.006000  -0.018800   0.005400   0.008000   0.003600   0.001600 
442   0.003200  -0.009000   0.003000  -0.014000  -0.014000   0.010400  -0.017000   0.000200  -0.014400   0.005400   0.018600   0.009200   0.010000 
443   0.013000  -0.006000   0.001800  -0.002200  -0.007800   0.015000  -0.018800   0.002000  -0.015800   0.001000   0.002600   0.004600   0.010800 
444   0.005600  -0.007800   0.010800  -0.007800  -0.010400   0.008000  -0.016800  -0.002400  -0.014000   0.005600   0.002600   0.003200   0.008400 
445   0.008000  -0.012400   0.015600   0.002000  -0.015400   0.006000  -0.017800  -0.001200  -0.013200   0.004600  -0.003600   0.010400   0.008000 
446   0.009200  -0.006800  -0.000600  -0.001200  -0.008400   0.007000  -0.016600   0.006200  -0.006400  -0.001000   0.008600   0.002000   0.023000 
447   0.008600  -0.017400   0.006800  -0.006600  -0.014000   0.002200  -0.015000   0.002200  -0.001600   0.005400   0.007000   0.002600   0.014000 
448   0.002600  -0.017400   0.001800   0.005000  -0.013800   0.000400  -0.020000   0.001200  -0.000200  -0.000600  -0.001200   0.003400   0.011000 
449   0.008200  -0.014800   0.005800   0.001800  -0.008600   0.004600  -0.018200   0.004600   0.001600   0.004200   0.007800  -0.006000   0.010000 
450   0.005200  -0.013800  -0.006800   0.004000  -0.012800  -0.001000  -0.013400   0.000600   0.009600  -0.005800   0.001400   0.001000   0.012600 
451   0.003800  -0.008200  -0.004200   0.005600  -0.012000  -0.000400  -0.019200   0.009000   0.003800   0.004600  -0.004800  -0.003600   0.012600 
452   0.006200  -0.016800  -0.007600  -0.001200   0.003400   0.001800  -0.010400   0.008600   0.004200   0.009000  -0.006000   0.004800   0.006200 
453   0.010400  -0.005200  -0.004200  -0.002400  -0.003600   0.006600  -0.010600   0.003800   0.018000   0.003600  -0.003200  -0.003400   0.003600 
454   0.014400  -0.010600  -0.007400   0.000400   0.001200   0.008800  -0.011600   0.009600   0.016800   0.003400  -0.008400  -0.007600   0.001400 
455   0.006800  -0.004800  -0.009400   0.007200   0.003800   0.006800  -0.006800  -0.002200   0.010800   0.000000  -0.004200  -0.007400  -0.000400 
456   0.011600   0.001400  -0.011000  -0.006000   0.005600   0.004400  -0.001800   0.002200   0.008200   0.002600  -0.008000  -0.014400   0.001200 
457   0.019400   0.003800  -0.011800  -0.001800   0.002200   0.000600  -0.004200  -0.002000   0.019400  -0.000600  -0.006600  -0.009400   0.003600 
458   0.016000   0.012400  -0.013600   0.011600  -0.002800   0.000400   0.001400  -0.004000   0.009600  -0.003800  -0.001200  -0.003800  -0.002800 
459   0.017000   0.009800  -0.003800   0.002400  -0.005200   0.003000   0.010200   0.004200   0.017000  -0.005400   0.003800  -0.003200   0.009600 
460   0.015600   0.015400  -0.011400   0.011400   0.004000   0.010000   0.004800   0.001800   0.016000  -0.001400   0.006000   0.000400   0.004400 
461   0.018200   0.015000  -0.010000   0.006600  -0.003800   0.007600   0.013600  -0.000800   0.013400  -0.004400   0.004800  -0.000400   0.004200 
462   0.019800   0.009000  -0.013600  -0.002400  -0.000000   0.012200   0.013000   0.003400   0.012800  -0.005000   0.003800   0.008800  -0.000200 
463   0.021000   0.013400  -0.015000   0.003000  -0.001800   0.015200   0.012200   0.011000   0.019800  -0.008800   0.013200   0.008000  -0.008200 
464   0.018400   0.010200  -0.014400   0.004400  -0.000400   0.012200   0.023400   0.006200   0.013000  -0.007200   0.011400   0.003400  -0.012800 
465   0.018000   0.013200  -0.006000   0.011200  -0.001000   0.012400   0.025000   0.013200   0.021800  -0.006400   0.017800   0.009800  -0.009200 
466   0.019200   0.010800  -0.013400   0.018000   0.003400   0.017200   0.027000   0.009200   0.014800  -0.011000   0.011200   0.007000  -0.009000 
467   0.005400   0.017000  -0.009000   0.013400   0.001000   0.014800   0.022800   0.006800   0.006400  -0.008600   0.008200   0.002600  -0.011200 
468   0.005000   0.008800  -0.003400   0.013600  -0.005000   0.016400   0.017200   0.002600   0.005200  -0.018400   0.017400   0.000200  -0.009400 
469   0.002600   0.016000   0.002000   0.013000   0.006000   0.016600   0.012600   0.002400   0.011600  -0.015200   0.019200   0.003200  -0.011200 
470   0.001000   0.007000   0.001000   0.005000  -0.001200   0.023000   0.015200   0.003400   0.007200  -0.010400   0.014400  -0.000600  -0.009200 
471  -0.001400   0.004600  -0.001600   0.009200  -0.005800   0.013400   0.010200   0.006600   0.006600  -0.007200   0.009400   0.000400  -0.006200 
472  -0.008000   0.009800   0.004400  -0.001400   0.000400   0.009200   0.009800   0.008800   0.012600  -0.016200   0.011000  -0.001000  -0.012800 
473  -0.004600   0.005400   0.006800   0.003200  -0.004600   0.019600   0.009200  -0.005600   0.016000  -0.022200   0.017800  -0.000600  -0.009400 
474  -0.000400   0.008800  -0.001800  -0.008200   0.001800   0.016200   0.009200   0.002200   0.018800  -0.021200   0.025800  -0.003800  -0.014400 
475   0.004200   0.007800  -0.002800  -0.010600  -0.006400   0.017800   0.007800   0.002400   0.012800  -0.026000   0.025200  -0.006600  -0.014800 
476  -0.005200   0.006200  -0.010400  -0.008600  -0.005400   0.020200   0.008000   0.001800   0.011000  -0.019200   0.023600  -0.007600  -0.021200 
477   0.003400   0.007600  -0.003400  -0.012400  -0.003200   0.009000   0.005400   0.001200   0.012400  -0.024400   0.017000  -0.012600  -0.018600 
478   0.001200   0.009400  -0.007800  -0.016600  -0.011400   0.010600   0.007400  -0.002400   0.011400  -0.035400   0.030000  -0.010200  -0.015200 
479  -0.003000   0.010200  -0.016400  -0.016400  -0.006000   0.010000   0.008000  -0.010200   0.007600  -0.023400   0.023400  -0.013200  -0.015800 
480   0.008200   0.003200  -0.017600  -0.011200  -0.010600   0.004000   0.003400  -0.018000   0.007200  -0.019000   0.028600  -0.012000  -0.027600 
481   0.003400  -0.001600  -0.024400  -0.010000  -0.013400   0.004200   0.013400  -0.016600   0.015400  -0.016000   0.025600  -0.016600  -0.019800 
482   0.001200   0.006800  -0.024400  -0.015200  -0.007600  -0.003600   0.007000  -0.021400   0.005800  -0.018200   0.027600  -0.014200  -0.028000 
483   0.004600   0.007200  -0.014800  -0.015800  -0.003000  -0.001400   0.014000  -0.014200   0.007000  -0.018600   0.021200  -0.018000  -0.021000 
484   0.008800   0.009200  -0.022400  -0.006000  -0.004800   0.000200   0.019000  -0.019800   0.013000  -0.007000   0.021800  -0.008200  -0.027600 
485   0.007000   0.003200  -0.021800  -0.005400  -0.005800   0.009200   0.018600  -0.023400   0.017000  -0.011800   0.016600  -0.007600  -0.025800 
486   0.008600  -0.003400  -0.022200  -0.002400   0.007400   0.003200   0.023400  -0.017400   0.018200  -0.009200   0.020400  -0.004400  -0.022000 
487   0.012800  -0.002600  -0.022800  -0.002600   0.004000   0.007800   0.036000  -0.022000   0.016800  -0.000400   0.020800  -0.010400  -0.023000 
488   0.004200  -0.008800  -0.023400  -0.004600   0.002000   0.004600   0.028200  -0.022000   0.012600   0.001200   0.019200  -0.004800  -0.017200 
489   0.012400  -0.010200  -0.024800   0.000800   0.002400   0.013400   0.034000  -0.027200   0.015000  -0.001000   0.020600  -0.004800  -0.018000 
490   0.013200  -0.010200  -0.020000  -0.001400   0.000400   0.006600   0.030800  -0.030000   0.033000  -0.001400   0.016800  -0.010400  -0.023200 
491   0.009000  -0.016000  -0.017200   0.000200   0.001400   0.020400   0.033400  -0.028800   0.035400   0.001200   0.010200  -0.004400  -0.032800 
492   0.001200  -0.018400  -0.020000   0.002600   0.002200   0.015400   0.019800  -0.032400   0.032800  -0.003200   0.006400   0.000200  -0.033800 
493   0.002400  -0.014800  -0.014200  -0.004600   0.001600   0.014400   0.037000  -0.025000   0.035800  -0.000600   0.004600  -0.002200  -0.030400 
494  -0.001600  -0.017400  -0.015200  -0.003000   0.011000   0.014000   0.036000  -0.032800   0.032000  -0.004400   0.001400   0.008000  -0.027600 
495   0.006800  -0.017200  -0.007200   0.001200   0.004000   0.014000   0.029400  -0.025200   0.035000  -0.005200   0.011400   0.015200  -0.022600 
496   0.006600  -0.010800  -0.012000  -0.002200  -0.000200   0.012400   0.021800  -0.042400   0.037000  -0.008800   0.011800   0.014400  -0.030200 
497   0.002600  -0.012600  -0.011000  -0.004800  -0.007800   0.011600   0.026600  -0.034000   0.037800  -0.013000   0.009400   0.011800  -0.030600 
498  -0.003200  -0.010200  -0.011200   0.000600   0.001400   0.015400   0.026800  -0.029600   0.034000  -0.015600   0.008000  -0.000600  -0.022400 
499  -0.003800  -0.006000  -0.007200   0.001400   0.008200   0.019000   0.027200  -0.030600   0.041200  -0.016000  -0.001000  -0.000000  -0.029400 
