0  -0.010156
1  -0.009782
2  -0.009410
3  -0.008988
4  -0.008452
5  -0.007980
6  -0.007392
7  -0.006788
8  -0.006186
9  -0.005486
10  -0.004666
11  -0.003756
12  -0.003002
13  -0.002192
14  -0.001408
15  -0.000666
16  -0.000008
17   0.000774
18   0.001546
19   0.002274
20   0.003010
21   0.003790
22   0.004584
23   0.005264
24   0.005918
25   0.006598
26   0.007134
27   0.007654
28   0.008074
29   0.008606
30   0.009060
31   0.009536
32   0.009944
33   0.010394
34   0.010970
35   0.011484
36   0.012000
37   0.012530
38   0.013028
39   0.013478
40   0.014008
41   0.014632
42   0.015176
43   0.015852
44   0.016582
45   0.017218
46   0.017940
47   0.018730
48   0.019478
49   0.020266
50   0.021052
51   0.022018
52   0.022840
53   0.023732
54   0.024634
55   0.025630
56   0.026478
57   0.027556
58   0.028442
59   0.029274
60   0.030084
61   0.030748
62   0.031488
63   0.032144
64   0.032964
65   0.033688
66   0.034410
67   0.035094
68   0.035804
69   0.036628
70   0.037244
71   0.038002
72   0.038792
73   0.039574
74   0.040356
75   0.041220
76   0.041824
77   0.042562
78   0.043182
79   0.043856
80   0.044642
81   0.045320
82   0.046184
83   0.047026
84   0.047608
85   0.048350
86   0.049072
87   0.049834
88   0.050476
89   0.051180
90   0.051668
91   0.052418
92   0.053244
93   0.053838
94   0.054566
95   0.055278
96   0.055958
97   0.056486
98   0.057336
99   0.058008
100   0.058686
101   0.059524
102   0.060490
103   0.061486
104   0.062576
105   0.063478
106   0.064614
107   0.065642
108   0.066526
109   0.067378
110   0.068074
111   0.068572
112   0.069052
113   0.069652
114   0.070144
115   0.070576
116   0.071108
117   0.071592
118   0.072110
119   0.072482
120   0.072762
121   0.072948
122   0.073170
123   0.073384
124   0.073620
125   0.073844
126   0.074118
127   0.074474
128   0.074666
129   0.075002
130   0.075328
131   0.075352
132   0.075382
133   0.075564
134   0.075758
135   0.075918
136   0.076172
137   0.076290
138   0.076284
139   0.076324
140   0.076268
141   0.076152
142   0.076058
143   0.075764
144   0.075530
145   0.075288
146   0.075184
147   0.074966
148   0.074652
149   0.073968
150   0.073426
151   0.072848
152   0.072346
153   0.071868
154   0.071212
155   0.070630
156   0.070134
157   0.069516
158   0.069038
159   0.068568
160   0.067998
161   0.067538
162   0.067082
163   0.066862
164   0.066606
165   0.066116
166   0.065694
167   0.065302
168   0.064858
169   0.064446
170   0.063978
171   0.063764
172   0.063576
173   0.063444
174   0.063340
175   0.063244
176   0.063032
177   0.063020
178   0.062870
179   0.062716
180   0.062574
181   0.062292
182   0.062234
183   0.062048
184   0.061902
185   0.061736
186   0.061664
187   0.061460
188   0.061186
189   0.060842
190   0.060560
191   0.060380
192   0.060040
193   0.059782
194   0.059550
195   0.059312
196   0.059228
197   0.059232
198   0.059142
199   0.059038
200   0.059040
201   0.059026
202   0.058936
203   0.058956
204   0.058938
205   0.058648
206   0.058372
207   0.058014
208   0.057584
209   0.057154
210   0.056924
211   0.056360
212   0.055796
213   0.055446
214   0.054996
215   0.054716
216   0.054338
217   0.054002
218   0.053496
219   0.053168
220   0.052774
221   0.052310
222   0.051876
223   0.051554
224   0.051304
225   0.051078
226   0.050860
227   0.050638
228   0.050456
229   0.050240
230   0.050048
231   0.049758
232   0.049716
233   0.049620
234   0.049336
235   0.048974
236   0.048480
237   0.048112
238   0.047602
239   0.047186
240   0.046568
241   0.045838
242   0.045274
243   0.044672
244   0.043960
245   0.043274
246   0.042646
247   0.041916
248   0.041494
249   0.041032
250   0.040660
251   0.040224
252   0.039582
253   0.038954
254   0.038238
255   0.037518
256   0.036786
257   0.036328
258   0.035660
259   0.034884
260   0.034270
261   0.033548
262   0.032784
263   0.031934
264   0.031296
265   0.030656
266   0.030036
267   0.029276
268   0.028578
269   0.027860
270   0.027266
271   0.026870
272   0.026428
273   0.026008
274   0.025768
275   0.025616
276   0.025412
277   0.025240
278   0.024918
279   0.024660
280   0.024476
281   0.024230
282   0.023934
283   0.023570
284   0.023432
285   0.023198
286   0.022938
287   0.022636
288   0.022222
289   0.021830
290   0.021334
291   0.020834
292   0.020254
293   0.019792
294   0.019338
295   0.018804
296   0.018306
297   0.017770
298   0.017282
299   0.016704
300   0.016264
301   0.015566
302   0.015148
303   0.014716
304   0.014278
305   0.013834
306   0.013172
307   0.012790
308   0.012408
309   0.012000
310   0.011620
311   0.011398
312   0.011122
313   0.010992
314   0.010808
315   0.010732
316   0.010822
317   0.010788
318   0.010806
319   0.010774
320   0.010720
321   0.010688
322   0.010708
323   0.010748
324   0.010772
325   0.010720
326   0.010904
327   0.010988
328   0.011094
329   0.011212
330   0.011406
331   0.011594
332   0.011968
333   0.012222
334   0.012566
335   0.012820
336   0.013090
337   0.013150
338   0.013186
339   0.013234
340   0.013198
341   0.013196
342   0.013168
343   0.013016
344   0.012914
345   0.012892
346   0.012834
347   0.012830
348   0.012720
349   0.012628
350   0.012460
351   0.012178
352   0.011804
353   0.011492
354   0.011120
355   0.010762
356   0.010268
357   0.009610
358   0.008894
359   0.008190
360   0.007492
361   0.006736
362   0.006132
363   0.005434
364   0.004880
365   0.004322
366   0.003606
367   0.003040
368   0.002430
369   0.001812
370   0.001236
371   0.000586
372  -0.000012
373  -0.000778
374  -0.001576
375  -0.002388
376  -0.003210
377  -0.004056
378  -0.004820
379  -0.005628
380  -0.006356
381  -0.007096
382  -0.007920
383  -0.008870
384  -0.009696
385  -0.010466
386  -0.011286
387  -0.012048
388  -0.012816
389  -0.013674
390  -0.014516
391  -0.015200
392  -0.015838
393  -0.016468
394  -0.017138
395  -0.017840
396  -0.018536
397  -0.019208
398  -0.019710
399  -0.020204
400  -0.020876
401  -0.021250
402  -0.021740
403  -0.022306
404  -0.022938
405  -0.023388
406  -0.023820
407  -0.024304
408  -0.024868
409  -0.025454
410  -0.026134
411  -0.026752
412  -0.027420
413  -0.028114
414  -0.028804
415  -0.029584
416  -0.030374
417  -0.030862
418  -0.031586
419  -0.032236
420  -0.032980
421  -0.033704
422  -0.034436
423  -0.035114
424  -0.035738
425  -0.036418
426  -0.036980
427  -0.037456
428  -0.037834
429  -0.038182
430  -0.038492
431  -0.038730
432  -0.038836
433  -0.039112
434  -0.039232
435  -0.039288
436  -0.039524
437  -0.039630
438  -0.039916
439  -0.040126
440  -0.040242
441  -0.040490
442  -0.040896
443  -0.041256
444  -0.041714
445  -0.042200
446  -0.042850
447  -0.043468
448  -0.044040
449  -0.044398
450  -0.044750
451  -0.045006
452  -0.045168
453  -0.045422
454  -0.045534
455  -0.045634
456  -0.045836
457  -0.046058
458  -0.046278
459  -0.046644
460  -0.046972
461  -0.047356
462  -0.047690
463  -0.047848
464  -0.048030
465  -0.048166
466  -0.048134
467  -0.048132
468  -0.047910
469  -0.047776
470  -0.047440
471  -0.047178
472  -0.046756
473  -0.046360
474  -0.045990
475  -0.045660
476  -0.045460
477  -0.045022
478  -0.044712
479  -0.044454
480  -0.044094
481  -0.043670
482  -0.043302
483  -0.042910
484  -0.042476
485  -0.042034
486  -0.041748
487  -0.041408
488  -0.041036
489  -0.040708
490  -0.040296
491  -0.039856
492  -0.039528
493  -0.039428
494  -0.039370
495  -0.039384
496  -0.039330
497  -0.039350
498  -0.039338
499  -0.039404
500  -0.039342
-499  -0.039376
-498  -0.039422
-497  -0.039522
-496  -0.039478
-495  -0.039562
-494  -0.039784
-493  -0.039874
-492  -0.040014
-491  -0.040108
-490  -0.040018
-489  -0.040030
-488  -0.040036
-487  -0.039898
-486  -0.039694
-485  -0.039450
-484  -0.039334
-483  -0.039100
-482  -0.038906
-481  -0.038806
-480  -0.038664
-479  -0.038624
-478  -0.038468
-477  -0.038232
-476  -0.038128
-475  -0.038044
-474  -0.037890
-473  -0.037780
-472  -0.037672
-471  -0.037694
-470  -0.037678
-469  -0.037630
-468  -0.037572
-467  -0.037480
-466  -0.037514
-465  -0.037530
-464  -0.037582
-463  -0.037710
-462  -0.037710
-461  -0.037766
-460  -0.037836
-459  -0.037902
-458  -0.037960
-457  -0.038060
-456  -0.038144
-455  -0.038200
-454  -0.038286
-453  -0.038356
-452  -0.038504
-451  -0.038658
-450  -0.038742
-449  -0.038864
-448  -0.038986
-447  -0.039140
-446  -0.039326
-445  -0.039476
-444  -0.039476
-443  -0.039570
-442  -0.039634
-441  -0.039608
-440  -0.039524
-439  -0.039442
-438  -0.039236
-437  -0.039162
-436  -0.039044
-435  -0.038912
-434  -0.038832
-433  -0.038932
-432  -0.038976
-431  -0.039036
-430  -0.039088
-429  -0.039034
-428  -0.039106
-427  -0.039128
-426  -0.039244
-425  -0.039284
-424  -0.039240
-423  -0.039282
-422  -0.039348
-421  -0.039394
-420  -0.039626
-419  -0.039786
-418  -0.040018
-417  -0.040224
-416  -0.040476
-415  -0.040636
-414  -0.040726
-413  -0.040928
-412  -0.041112
-411  -0.041308
-410  -0.041468
-409  -0.041560
-408  -0.041662
-407  -0.041832
-406  -0.041912
-405  -0.041950
-404  -0.042050
-403  -0.042108
-402  -0.042072
-401  -0.042084
-400  -0.042226
-399  -0.042204
-398  -0.042322
-397  -0.042408
-396  -0.042478
-395  -0.042504
-394  -0.042490
-393  -0.042530
-392  -0.042572
-391  -0.042580
-390  -0.042658
-389  -0.042664
-388  -0.042804
-387  -0.042852
-386  -0.043052
-385  -0.043098
-384  -0.043064
-383  -0.043186
-382  -0.043244
-381  -0.043312
-380  -0.043412
-379  -0.043522
-378  -0.043596
-377  -0.043648
-376  -0.043706
-375  -0.043628
-374  -0.043638
-373  -0.043426
-372  -0.043262
-371  -0.043052
-370  -0.042794
-369  -0.042472
-368  -0.042202
-367  -0.041786
-366  -0.041654
-365  -0.041352
-364  -0.040986
-363  -0.040654
-362  -0.040284
-361  -0.040038
-360  -0.039636
-359  -0.039462
-358  -0.039100
-357  -0.038918
-356  -0.038672
-355  -0.038472
-354  -0.038366
-353  -0.038184
-352  -0.038194
-351  -0.038158
-350  -0.038226
-349  -0.038410
-348  -0.038596
-347  -0.038772
-346  -0.039034
-345  -0.039136
-344  -0.039254
-343  -0.039456
-342  -0.039510
-341  -0.039714
-340  -0.039764
-339  -0.039852
-338  -0.039872
-337  -0.039954
-336  -0.040128
-335  -0.040074
-334  -0.039946
-333  -0.039892
-332  -0.039982
-331  -0.039992
-330  -0.040080
-329  -0.040134
-328  -0.040216
-327  -0.040340
-326  -0.040388
-325  -0.040610
-324  -0.040856
-323  -0.041262
-322  -0.041638
-321  -0.041934
-320  -0.042220
-319  -0.042548
-318  -0.042694
-317  -0.042984
-316  -0.043364
-315  -0.043700
-314  -0.043896
-313  -0.044112
-312  -0.044384
-311  -0.044568
-310  -0.044812
-309  -0.044992
-308  -0.045124
-307  -0.045356
-306  -0.045452
-305  -0.045716
-304  -0.045964
-303  -0.046190
-302  -0.046414
-301  -0.046832
-300  -0.047232
-299  -0.047600
-298  -0.048112
-297  -0.048528
-296  -0.048920
-295  -0.049266
-294  -0.049624
-293  -0.050084
-292  -0.050404
-291  -0.050828
-290  -0.051036
-289  -0.051446
-288  -0.051812
-287  -0.052198
-286  -0.052602
-285  -0.053110
-284  -0.053592
-283  -0.053878
-282  -0.054256
-281  -0.054750
-280  -0.055244
-279  -0.055676
-278  -0.056162
-277  -0.056678
-276  -0.057232
-275  -0.057728
-274  -0.058342
-273  -0.058884
-272  -0.059306
-271  -0.059768
-270  -0.060228
-269  -0.060642
-268  -0.060978
-267  -0.061154
-266  -0.061328
-265  -0.061488
-264  -0.061730
-263  -0.061920
-262  -0.062116
-261  -0.062318
-260  -0.062624
-259  -0.062794
-258  -0.063156
-257  -0.063454
-256  -0.063720
-255  -0.064024
-254  -0.064340
-253  -0.064534
-252  -0.064830
-251  -0.065034
-250  -0.065126
-249  -0.065104
-248  -0.065232
-247  -0.065296
-246  -0.065386
-245  -0.065446
-244  -0.065698
-243  -0.065854
-242  -0.066140
-241  -0.066398
-240  -0.066746
-239  -0.067086
-238  -0.067416
-237  -0.067900
-236  -0.068360
-235  -0.068878
-234  -0.069422
-233  -0.069978
-232  -0.070670
-231  -0.071414
-230  -0.072286
-229  -0.072944
-228  -0.073812
-227  -0.074448
-226  -0.075040
-225  -0.075778
-224  -0.076486
-223  -0.076986
-222  -0.077496
-221  -0.078174
-220  -0.078822
-219  -0.079458
-218  -0.079956
-217  -0.080524
-216  -0.080876
-215  -0.081108
-214  -0.081446
-213  -0.081644
-212  -0.082058
-211  -0.082328
-210  -0.082724
-209  -0.083290
-208  -0.083810
-207  -0.084320
-206  -0.084822
-205  -0.085386
-204  -0.085908
-203  -0.086554
-202  -0.087154
-201  -0.087852
-200  -0.088398
-199  -0.089004
-198  -0.089592
-197  -0.089972
-196  -0.090536
-195  -0.091080
-194  -0.091766
-193  -0.092312
-192  -0.092832
-191  -0.093376
-190  -0.093848
-189  -0.094276
-188  -0.094726
-187  -0.095340
-186  -0.095794
-185  -0.096174
-184  -0.096574
-183  -0.096962
-182  -0.097284
-181  -0.097636
-180  -0.097890
-179  -0.098014
-178  -0.098164
-177  -0.098538
-176  -0.098852
-175  -0.099364
-174  -0.099986
-173  -0.100614
-172  -0.101084
-171  -0.101612
-170  -0.101924
-169  -0.102566
-168  -0.103086
-167  -0.103616
-166  -0.103984
-165  -0.104352
-164  -0.104776
-163  -0.105142
-162  -0.105496
-161  -0.105718
-160  -0.105948
-159  -0.106268
-158  -0.106656
-157  -0.106888
-156  -0.107226
-155  -0.107676
-154  -0.108008
-153  -0.108120
-152  -0.108096
-151  -0.107986
-150  -0.107948
-149  -0.107888
-148  -0.108046
-147  -0.107894
-146  -0.107576
-145  -0.107252
-144  -0.107032
-143  -0.106784
-142  -0.106498
-141  -0.106342
-140  -0.106188
-139  -0.106070
-138  -0.105964
-137  -0.105610
-136  -0.105294
-135  -0.104954
-134  -0.104314
-133  -0.103844
-132  -0.103328
-131  -0.102852
-130  -0.102502
-129  -0.102070
-128  -0.101690
-127  -0.101182
-126  -0.100606
-125  -0.100012
-124  -0.099536
-123  -0.098826
-122  -0.098338
-121  -0.097574
-120  -0.096844
-119  -0.096048
-118  -0.095254
-117  -0.094288
-116  -0.093442
-115  -0.092244
-114  -0.091004
-113  -0.089820
-112  -0.088776
-111  -0.087752
-110  -0.086762
-109  -0.085700
-108  -0.084676
-107  -0.083712
-106  -0.082784
-105  -0.081838
-104  -0.080738
-103  -0.079914
-102  -0.079004
-101  -0.078318
-100  -0.077602
-99  -0.076878
-98  -0.076252
-97  -0.075490
-96  -0.074604
-95  -0.073908
-94  -0.073196
-93  -0.072522
-92  -0.071970
-91  -0.071202
-90  -0.070586
-89  -0.069852
-88  -0.069254
-87  -0.068522
-86  -0.067814
-85  -0.066930
-84  -0.066360
-83  -0.065546
-82  -0.064804
-81  -0.064156
-80  -0.063338
-79  -0.062594
-78  -0.061814
-77  -0.061138
-76  -0.060462
-75  -0.059706
-74  -0.058862
-73  -0.057998
-72  -0.057016
-71  -0.056336
-70  -0.055496
-69  -0.054768
-68  -0.054164
-67  -0.053648
-66  -0.053012
-65  -0.052550
-64  -0.052072
-63  -0.051556
-62  -0.050966
-61  -0.050370
-60  -0.049778
-59  -0.049174
-58  -0.048464
-57  -0.047800
-56  -0.047098
-55  -0.046230
-54  -0.045574
-53  -0.044884
-52  -0.044284
-51  -0.043632
-50  -0.042848
-49  -0.042166
-48  -0.041494
-47  -0.040710
-46  -0.040002
-45  -0.039152
-44  -0.038308
-43  -0.037422
-42  -0.036646
-41  -0.035742
-40  -0.034904
-39  -0.034006
-38  -0.033172
-37  -0.032280
-36  -0.031516
-35  -0.030734
-34  -0.029892
-33  -0.029044
-32  -0.028242
-31  -0.027512
-30  -0.026742
-29  -0.026026
-28  -0.025332
-27  -0.024606
-26  -0.023906
-25  -0.023160
-24  -0.022500
-23  -0.021752
-22  -0.020970
-21  -0.020376
-20  -0.019714
-19  -0.019090
-18  -0.018596
-17  -0.017990
-16  -0.017460
-15  -0.016890
-14  -0.016344
-13  -0.015748
-12  -0.015156
-11  -0.014534
-10  -0.014038
-9  -0.013512
-8  -0.013122
-7  -0.012768
-6  -0.012406
-5  -0.012026
-4  -0.011740
-3  -0.011330
-2  -0.010958
-1  -0.010562
