0   0.526208
1   0.524000
2   0.521904
3   0.519748
4   0.517578
5   0.515230
6   0.512952
7   0.510604
8   0.508368
9   0.505994
10   0.503676
11   0.501468
12   0.499144
13   0.496886
14   0.494566
15   0.492494
16   0.490316
17   0.488206
18   0.486170
19   0.484012
20   0.481892
21   0.479708
22   0.477602
23   0.475552
24   0.473434
25   0.471212
26   0.469080
27   0.466912
28   0.464752
29   0.462316
30   0.460000
31   0.457728
32   0.455454
33   0.453242
34   0.451020
35   0.448660
36   0.446288
37   0.443828
38   0.441514
39   0.439140
40   0.436764
41   0.434194
42   0.431544
43   0.428848
44   0.426030
45   0.423416
46   0.420764
47   0.418092
48   0.415516
49   0.413124
50   0.410520
51   0.408070
52   0.405526
53   0.403198
54   0.400780
55   0.398430
56   0.396004
57   0.393462
58   0.390894
59   0.388192
60   0.385672
61   0.383214
62   0.380786
63   0.378508
64   0.376270
65   0.374064
66   0.371922
67   0.370062
68   0.368228
69   0.366260
70   0.364246
71   0.362180
72   0.360070
73   0.357932
74   0.355892
75   0.353600
76   0.351458
77   0.349446
78   0.347548
79   0.345726
80   0.343900
81   0.342158
82   0.340378
83   0.338634
84   0.336862
85   0.335160
86   0.333368
87   0.331522
88   0.329628
89   0.327630
90   0.325750
91   0.324036
92   0.322350
93   0.320630
94   0.318922
95   0.317098
96   0.315346
97   0.313688
98   0.312026
99   0.310314
100   0.308660
101   0.306956
102   0.305254
103   0.303520
104   0.301774
105   0.300038
106   0.298150
107   0.296324
108   0.294388
109   0.292426
110   0.290454
111   0.288404
112   0.286262
113   0.284172
114   0.282194
115   0.280224
116   0.278410
117   0.276634
118   0.274874
119   0.273174
120   0.271558
121   0.270132
122   0.268742
123   0.267154
124   0.265546
125   0.264122
126   0.262624
127   0.261180
128   0.259808
129   0.258432
130   0.257176
131   0.255922
132   0.254726
133   0.253432
134   0.252254
135   0.251002
136   0.249772
137   0.248552
138   0.247234
139   0.245988
140   0.244726
141   0.243326
142   0.242122
143   0.240900
144   0.239668
145   0.238506
146   0.237482
147   0.236404
148   0.235230
149   0.234084
150   0.232992
151   0.232030
152   0.231086
153   0.230234
154   0.229496
155   0.228810
156   0.228110
157   0.227406
158   0.226668
159   0.225954
160   0.225226
161   0.224410
162   0.223664
163   0.222906
164   0.222114
165   0.221440
166   0.220648
167   0.219780
168   0.219020
169   0.218244
170   0.217290
171   0.216362
172   0.215288
173   0.214228
174   0.213168
175   0.211948
176   0.210758
177   0.209500
178   0.208192
179   0.206848
180   0.205606
181   0.204370
182   0.203018
183   0.201654
184   0.200402
185   0.199012
186   0.197796
187   0.196544
188   0.195382
189   0.194192
190   0.192996
191   0.191736
192   0.190490
193   0.189262
194   0.188012
195   0.186800
196   0.185620
197   0.184450
198   0.183100
199   0.181856
200   0.180784
201   0.179568
202   0.178520
203   0.177642
204   0.176588
205   0.175418
206   0.174192
207   0.173072
208   0.171932
209   0.170814
210   0.169828
211   0.168766
212   0.167976
213   0.167234
214   0.166536
215   0.165732
216   0.164884
217   0.163966
218   0.163052
219   0.162260
220   0.161510
221   0.160782
222   0.159972
223   0.159024
224   0.158022
225   0.157140
226   0.156226
227   0.155420
228   0.154674
229   0.153798
230   0.152798
231   0.151792
232   0.150764
233   0.149652
234   0.148752
235   0.147690
236   0.146598
237   0.145384
238   0.144076
239   0.142752
240   0.141498
241   0.140214
242   0.138918
243   0.137454
244   0.136058
245   0.134566
246   0.133096
247   0.131588
248   0.130260
249   0.128812
250   0.127340
251   0.125996
252   0.124558
253   0.123248
254   0.121930
255   0.120784
256   0.119592
257   0.118466
258   0.117294
259   0.116180
260   0.115022
261   0.113928
262   0.112688
263   0.111488
264   0.110406
265   0.109190
266   0.107998
267   0.106962
268   0.105910
269   0.104908
270   0.103910
271   0.102854
272   0.101746
273   0.100446
274   0.099246
275   0.098140
276   0.097016
277   0.095906
278   0.094754
279   0.093554
280   0.092460
281   0.091268
282   0.090124
283   0.088876
284   0.087670
285   0.086562
286   0.085516
287   0.084554
288   0.083436
289   0.082280
290   0.080880
291   0.079424
292   0.078036
293   0.076652
294   0.075182
295   0.073562
296   0.072016
297   0.070304
298   0.068536
299   0.066738
300   0.064848
301   0.062944
302   0.061214
303   0.059320
304   0.057606
305   0.055958
306   0.054274
307   0.052570
308   0.050900
309   0.049312
310   0.047496
311   0.045672
312   0.043984
313   0.042226
314   0.040358
315   0.038588
316   0.036874
317   0.035080
318   0.033060
319   0.031238
320   0.029304
321   0.027290
322   0.025482
323   0.023654
324   0.021836
325   0.020144
326   0.018516
327   0.016944
328   0.015458
329   0.013816
330   0.012216
331   0.010628
332   0.008958
333   0.007480
334   0.006174
335   0.005020
336   0.003894
337   0.002988
338   0.002116
339   0.001384
340   0.000752
341   0.000182
342  -0.000390
343  -0.001026
344  -0.001840
345  -0.002710
346  -0.003634
347  -0.004440
348  -0.005298
349  -0.006382
350  -0.007440
351  -0.008630
352  -0.009714
353  -0.010888
354  -0.012046
355  -0.013200
356  -0.014208
357  -0.015186
358  -0.016394
359  -0.017804
360  -0.019218
361  -0.020678
362  -0.022222
363  -0.023538
364  -0.024786
365  -0.025988
366  -0.027486
367  -0.028798
368  -0.030172
369  -0.031594
370  -0.033102
371  -0.034416
372  -0.035756
373  -0.037254
374  -0.038664
375  -0.040062
376  -0.041380
377  -0.042678
378  -0.043894
379  -0.045274
380  -0.046706
381  -0.048418
382  -0.049824
383  -0.051298
384  -0.052674
385  -0.053806
386  -0.054972
387  -0.055900
388  -0.056822
389  -0.057732
390  -0.058640
391  -0.059582
392  -0.060520
393  -0.061404
394  -0.062340
395  -0.063142
396  -0.063920
397  -0.064780
398  -0.065558
399  -0.066460
400  -0.067378
401  -0.068076
402  -0.068798
403  -0.069632
404  -0.070304
405  -0.070988
406  -0.071700
407  -0.072510
408  -0.073396
409  -0.073968
410  -0.074632
411  -0.075370
412  -0.076174
413  -0.076844
414  -0.077822
415  -0.079024
416  -0.080116
417  -0.081240
418  -0.082630
419  -0.083780
420  -0.085098
421  -0.086448
422  -0.087812
423  -0.089138
424  -0.090516
425  -0.091676
426  -0.092912
427  -0.094236
428  -0.095586
429  -0.096664
430  -0.097818
431  -0.098756
432  -0.099980
433  -0.101312
434  -0.102540
435  -0.103824
436  -0.105116
437  -0.106392
438  -0.107612
439  -0.109020
440  -0.110182
441  -0.111738
442  -0.113290
443  -0.114724
444  -0.116086
445  -0.117236
446  -0.118270
447  -0.119426
448  -0.120486
449  -0.121354
450  -0.122216
451  -0.122842
452  -0.123450
453  -0.124102
454  -0.124406
455  -0.124748
456  -0.124840
457  -0.124966
458  -0.124956
459  -0.125030
460  -0.124854
461  -0.124568
462  -0.124156
463  -0.123648
464  -0.123024
465  -0.122342
466  -0.121698
467  -0.121288
468  -0.121054
469  -0.120794
470  -0.120668
471  -0.120384
472  -0.120162
473  -0.119932
474  -0.119700
475  -0.119540
476  -0.119366
477  -0.118950
478  -0.118500
479  -0.117930
480  -0.117294
481  -0.116660
482  -0.115766
483  -0.115026
484  -0.114248
485  -0.113654
486  -0.113042
487  -0.112464
488  -0.111800
489  -0.110928
490  -0.110062
491  -0.109154
492  -0.108136
493  -0.107148
494  -0.106076
495  -0.104992
496  -0.103814
497  -0.102684
498  -0.101414
499  -0.100294
500  -0.099264
-499  -0.098242
-498  -0.097244
-497  -0.096222
-496  -0.095146
-495  -0.094056
-494  -0.092954
-493  -0.092000
-492  -0.090874
-491  -0.089670
-490  -0.088602
-489  -0.087558
-488  -0.086652
-487  -0.085862
-486  -0.085166
-485  -0.084594
-484  -0.083964
-483  -0.083228
-482  -0.082578
-481  -0.081890
-480  -0.081206
-479  -0.080484
-478  -0.079710
-477  -0.078962
-476  -0.078170
-475  -0.077330
-474  -0.076610
-473  -0.075810
-472  -0.075130
-471  -0.074560
-470  -0.074228
-469  -0.073962
-468  -0.073590
-467  -0.073076
-466  -0.072648
-465  -0.072212
-464  -0.071644
-463  -0.071226
-462  -0.070842
-461  -0.070384
-460  -0.069874
-459  -0.069532
-458  -0.069086
-457  -0.068498
-456  -0.067964
-455  -0.067308
-454  -0.066678
-453  -0.065944
-452  -0.065312
-451  -0.064762
-450  -0.064172
-449  -0.063742
-448  -0.063066
-447  -0.062368
-446  -0.061680
-445  -0.061086
-444  -0.060678
-443  -0.060200
-442  -0.059898
-441  -0.059486
-440  -0.059018
-439  -0.058426
-438  -0.057848
-437  -0.057312
-436  -0.056686
-435  -0.056104
-434  -0.055478
-433  -0.054796
-432  -0.054072
-431  -0.053518
-430  -0.052772
-429  -0.051916
-428  -0.050864
-427  -0.050012
-426  -0.049140
-425  -0.048318
-424  -0.047450
-423  -0.046608
-422  -0.045776
-421  -0.044972
-420  -0.044270
-419  -0.043456
-418  -0.042612
-417  -0.041884
-416  -0.041192
-415  -0.040544
-414  -0.039770
-413  -0.038760
-412  -0.037934
-411  -0.037120
-410  -0.036066
-409  -0.035016
-408  -0.033784
-407  -0.032644
-406  -0.031386
-405  -0.030226
-404  -0.028910
-403  -0.027798
-402  -0.026596
-401  -0.025410
-400  -0.024338
-399  -0.023312
-398  -0.022198
-397  -0.020940
-396  -0.019876
-395  -0.018840
-394  -0.017934
-393  -0.016952
-392  -0.015988
-391  -0.015002
-390  -0.013938
-389  -0.012820
-388  -0.011732
-387  -0.010544
-386  -0.009396
-385  -0.008284
-384  -0.007174
-383  -0.006018
-382  -0.004924
-381  -0.003776
-380  -0.002648
-379  -0.001662
-378  -0.000712
-377   0.000158
-376   0.001188
-375   0.002160
-374   0.003018
-373   0.003806
-372   0.004616
-371   0.005436
-370   0.006194
-369   0.006958
-368   0.007802
-367   0.008658
-366   0.009448
-365   0.010304
-364   0.011094
-363   0.011768
-362   0.012458
-361   0.012986
-360   0.013584
-359   0.014102
-358   0.014778
-357   0.015308
-356   0.015890
-355   0.016418
-354   0.016998
-353   0.017520
-352   0.018142
-351   0.018760
-350   0.019500
-349   0.020208
-348   0.021010
-347   0.021638
-346   0.022252
-345   0.022682
-344   0.023126
-343   0.023554
-342   0.024032
-341   0.024446
-340   0.024812
-339   0.025348
-338   0.025854
-337   0.026598
-336   0.027382
-335   0.028108
-334   0.028776
-333   0.029412
-332   0.030076
-331   0.030682
-330   0.031332
-329   0.031896
-328   0.032626
-327   0.033288
-326   0.034074
-325   0.034692
-324   0.035126
-323   0.035806
-322   0.036576
-321   0.037260
-320   0.037958
-319   0.038446
-318   0.039086
-317   0.039826
-316   0.040708
-315   0.041570
-314   0.042274
-313   0.043084
-312   0.043942
-311   0.044738
-310   0.045678
-309   0.046646
-308   0.047492
-307   0.048492
-306   0.049596
-305   0.050744
-304   0.051830
-303   0.053034
-302   0.054110
-301   0.055284
-300   0.056208
-299   0.057172
-298   0.058036
-297   0.058842
-296   0.059738
-295   0.060556
-294   0.061476
-293   0.062396
-292   0.063396
-291   0.064538
-290   0.065536
-289   0.066678
-288   0.067792
-287   0.068632
-286   0.069650
-285   0.070834
-284   0.072040
-283   0.073502
-282   0.074984
-281   0.076422
-280   0.078100
-279   0.079784
-278   0.081230
-277   0.082864
-276   0.084494
-275   0.086036
-274   0.087518
-273   0.089034
-272   0.090644
-271   0.092224
-270   0.093882
-269   0.095350
-268   0.096866
-267   0.098560
-266   0.100190
-265   0.101946
-264   0.103720
-263   0.105256
-262   0.106776
-261   0.108194
-260   0.109586
-259   0.110818
-258   0.112262
-257   0.113610
-256   0.115004
-255   0.116402
-254   0.117922
-253   0.119664
-252   0.121378
-251   0.123184
-250   0.125130
-249   0.127068
-248   0.128808
-247   0.130566
-246   0.132374
-245   0.134392
-244   0.136392
-243   0.138380
-242   0.140576
-241   0.142596
-240   0.144624
-239   0.146624
-238   0.148676
-237   0.150714
-236   0.152700
-235   0.154592
-234   0.156662
-233   0.158724
-232   0.160734
-231   0.162670
-230   0.164626
-229   0.166422
-228   0.168296
-227   0.170118
-226   0.171890
-225   0.173614
-224   0.175220
-223   0.176814
-222   0.178404
-221   0.179924
-220   0.181454
-219   0.182994
-218   0.184486
-217   0.185908
-216   0.187442
-215   0.188952
-214   0.190630
-213   0.192336
-212   0.194024
-211   0.195660
-210   0.197240
-209   0.198880
-208   0.200594
-207   0.202134
-206   0.203674
-205   0.205198
-204   0.206748
-203   0.208370
-202   0.210166
-201   0.212136
-200   0.213982
-199   0.215914
-198   0.217974
-197   0.220080
-196   0.222286
-195   0.224628
-194   0.226914
-193   0.229420
-192   0.231730
-191   0.234152
-190   0.236620
-189   0.239074
-188   0.241486
-187   0.243916
-186   0.246160
-185   0.248502
-184   0.250982
-183   0.253394
-182   0.255826
-181   0.258142
-180   0.260438
-179   0.262654
-178   0.264812
-177   0.266752
-176   0.268728
-175   0.270634
-174   0.272534
-173   0.274430
-172   0.276322
-171   0.277990
-170   0.279664
-169   0.281304
-168   0.283048
-167   0.284724
-166   0.286264
-165   0.287794
-164   0.289434
-163   0.290914
-162   0.292458
-161   0.294176
-160   0.295874
-159   0.297474
-158   0.299084
-157   0.300810
-156   0.302632
-155   0.304406
-154   0.306402
-153   0.308270
-152   0.310216
-151   0.312038
-150   0.313920
-149   0.315664
-148   0.317296
-147   0.318920
-146   0.320640
-145   0.322390
-144   0.324018
-143   0.325608
-142   0.327210
-141   0.328770
-140   0.330288
-139   0.331880
-138   0.333458
-137   0.334850
-136   0.336212
-135   0.337622
-134   0.339028
-133   0.340222
-132   0.341394
-131   0.342560
-130   0.343610
-129   0.344676
-128   0.345804
-127   0.347006
-126   0.348090
-125   0.349390
-124   0.350668
-123   0.351986
-122   0.353426
-121   0.354734
-120   0.356262
-119   0.357626
-118   0.358980
-117   0.360392
-116   0.361820
-115   0.363074
-114   0.364438
-113   0.365680
-112   0.366940
-111   0.368284
-110   0.369642
-109   0.371022
-108   0.372366
-107   0.373926
-106   0.375530
-105   0.377260
-104   0.378980
-103   0.380616
-102   0.382160
-101   0.383640
-100   0.385080
-99   0.386504
-98   0.387784
-97   0.389110
-96   0.390552
-95   0.391944
-94   0.393438
-93   0.394798
-92   0.396178
-91   0.397582
-90   0.399054
-89   0.400344
-88   0.401620
-87   0.402912
-86   0.404304
-85   0.405600
-84   0.406892
-83   0.408192
-82   0.409554
-81   0.410852
-80   0.412072
-79   0.413324
-78   0.414500
-77   0.415592
-76   0.416614
-75   0.417736
-74   0.418976
-73   0.420090
-72   0.421268
-71   0.422448
-70   0.423606
-69   0.424800
-68   0.425970
-67   0.427078
-66   0.428164
-65   0.429326
-64   0.430462
-63   0.431644
-62   0.432794
-61   0.433872
-60   0.434916
-59   0.435984
-58   0.437248
-57   0.438616
-56   0.439910
-55   0.441228
-54   0.442532
-53   0.443830
-52   0.445126
-51   0.446370
-50   0.447708
-49   0.449018
-48   0.450402
-47   0.451674
-46   0.453034
-45   0.454320
-44   0.455570
-43   0.456904
-42   0.458198
-41   0.459656
-40   0.461072
-39   0.462604
-38   0.464026
-37   0.465412
-36   0.466786
-35   0.468168
-34   0.469522
-33   0.471014
-32   0.472466
-31   0.473990
-30   0.475482
-29   0.476920
-28   0.478368
-27   0.479754
-26   0.481168
-25   0.482694
-24   0.484170
-23   0.485470
-22   0.487128
-21   0.488624
-20   0.490266
-19   0.491950
-18   0.493612
-17   0.495364
-16   0.497116
-15   0.498986
-14   0.500812
-13   0.502582
-12   0.504288
-11   0.506166
-10   0.507988
-9   0.509858
-8   0.511758
-7   0.513654
-6   0.515596
-5   0.517404
-4   0.519334
-3   0.521182
-2   0.522950
-1   0.524570
