0   0.001336
1   0.003016
2   0.002700
3   0.000818
4  -0.000596
5   0.000728
6   0.001492
7   0.000096
8   0.001078
9   0.000018
10   0.001984
11   0.003250
12   0.002326
13   0.002300
14   0.001832
15   0.002388
16   0.001418
17   0.002306
18   0.000380
19   0.000100
20   0.000578
21  -0.001736
22   0.000374
23   0.000942
24   0.000558
25  -0.001624
26  -0.000222
27  -0.000914
28  -0.000602
29   0.000990
30   0.000476
31   0.000676
32   0.001528
33   0.001734
34   0.001230
35   0.000906
36  -0.000074
37   0.000820
38  -0.000520
39  -0.000820
40  -0.000214
41   0.000298
42  -0.001470
43   0.000344
44   0.001240
45  -0.001412
46  -0.000072
47  -0.000034
48  -0.000138
49   0.000532
50  -0.000540
51  -0.000430
52  -0.000814
53  -0.002784
54  -0.000418
55  -0.000728
56  -0.000860
57   0.001406
58  -0.000862
59  -0.000132
60   0.001364
61  -0.000514
62   0.001958
63   0.001600
64   0.001984
65   0.001442
66   0.000942
67   0.001766
68   0.001764
69   0.001724
70   0.000914
71   0.002916
72   0.001992
73   0.001066
74  -0.000022
75   0.002680
76   0.000860
77   0.001956
78   0.001944
79  -0.000508
80  -0.000178
81  -0.000154
82   0.000982
83  -0.000102
84   0.000744
85  -0.000496
86   0.001222
87   0.001230
88   0.000672
89  -0.000182
90  -0.002414
91   0.000190
92  -0.001770
93  -0.002148
94  -0.002396
95  -0.000786
96  -0.000342
97  -0.000098
98   0.000854
99   0.000498
100  -0.001152
101  -0.000232
102   0.000378
103  -0.001776
104  -0.000530
105   0.001576
106  -0.001076
107   0.001898
108  -0.000190
109   0.001104
110   0.002410
111   0.000352
112   0.001234
113  -0.000334
114   0.002440
115   0.000044
116  -0.000376
117  -0.001040
118  -0.000850
119  -0.002650
120  -0.001002
121   0.000098
122  -0.001146
123   0.001432
124  -0.001624
125  -0.000604
126  -0.000694
127  -0.000368
128  -0.000566
129  -0.000588
130   0.000450
131   0.002822
132   0.001102
133   0.002574
134   0.002444
135   0.000512
136   0.002724
137   0.002576
138  -0.000274
139   0.000432
140  -0.000222
141  -0.000634
142  -0.000056
143  -0.000176
144   0.000282
145   0.000180
146  -0.001566
147  -0.001228
148  -0.000372
149  -0.000654
150  -0.000658
151  -0.001926
152  -0.000872
153  -0.001732
154  -0.001252
155  -0.001768
156  -0.001362
157  -0.000356
158  -0.002540
159  -0.001132
160   0.000048
161  -0.001426
162  -0.002008
163  -0.001806
164  -0.001520
165  -0.002150
166   0.000732
167  -0.000364
168  -0.001766
169  -0.003140
170  -0.001410
171  -0.001770
172  -0.000716
173  -0.003202
174  -0.001852
175  -0.001426
176  -0.002384
177  -0.002530
178  -0.002934
179  -0.004152
180  -0.006042
181  -0.004048
182  -0.000688
183  -0.000028
184  -0.000822
185  -0.001714
186   0.001070
187  -0.001118
188   0.000208
189   0.000904
190  -0.000074
191   0.001724
192   0.001880
193   0.003118
194   0.002484
195   0.001846
196  -0.001462
197   0.002170
198   0.000984
199   0.000856
200   0.000230
201   0.002440
202   0.001988
203   0.002276
204   0.000866
205  -0.000820
206   0.000390
207   0.000226
208  -0.001556
209   0.000766
210   0.001944
211   0.001398
212   0.000048
213   0.000132
214   0.001618
215   0.003738
216   0.002666
217   0.001202
218   0.002246
219   0.003864
220   0.001420
221   0.001370
222  -0.001758
223  -0.000820
224  -0.001242
225   0.000406
226   0.001434
227  -0.000072
228  -0.004902
229  -0.001944
230  -0.001288
231  -0.001294
232  -0.004262
233  -0.001060
234  -0.000012
235  -0.000196
236  -0.001960
237  -0.001220
238  -0.000302
239   0.000834
240  -0.000864
241  -0.000448
242   0.000954
243  -0.000194
244  -0.001318
245  -0.001172
246  -0.001046
247  -0.001986
248  -0.000102
249   0.000478
250   0.002332
251   0.000854
252   0.001470
253   0.000760
254   0.000896
255  -0.000360
256   0.001036
257  -0.001280
258  -0.000142
259   0.000662
260  -0.000536
261  -0.000804
262  -0.000462
263  -0.000928
264  -0.001698
265  -0.001906
266  -0.001122
267   0.000780
268   0.000426
269   0.000370
270   0.000322
271  -0.000832
272  -0.001886
273  -0.000176
274   0.000234
275   0.001872
276  -0.001076
277  -0.001524
278  -0.000384
279  -0.001576
280  -0.001296
281  -0.001832
282  -0.000504
283  -0.000416
284  -0.001444
285  -0.000416
286  -0.001028
287   0.000110
288  -0.001456
289  -0.000156
290  -0.000412
291  -0.001682
292  -0.000696
293   0.000120
294   0.001250
295   0.000142
296  -0.000176
297   0.001268
298   0.000878
299   0.001256
300   0.002440
301   0.000530
302   0.000858
303  -0.000282
304  -0.001096
305   0.001724
306   0.001216
307  -0.000346
308   0.000030
309  -0.000940
310   0.000198
311  -0.003168
312  -0.000552
313  -0.000154
314  -0.002598
315  -0.000146
316   0.001302
317   0.000266
318   0.001880
319   0.000322
320  -0.000278
321   0.000602
322   0.001438
323  -0.000098
324  -0.000060
325   0.001032
326  -0.000734
327  -0.001932
328  -0.001342
329  -0.001388
330  -0.000898
331  -0.000216
332   0.000438
333  -0.000126
334  -0.000306
335  -0.001124
336   0.001216
337  -0.000150
338   0.000322
339   0.000008
340  -0.000198
341  -0.000264
342  -0.002476
343   0.000382
344   0.000600
345   0.001436
346   0.001064
347   0.000856
348  -0.000384
349   0.000110
350  -0.001170
351  -0.000172
352   0.000740
353  -0.001380
354  -0.002326
355  -0.002006
356  -0.002528
357  -0.003908
358  -0.003306
359  -0.000558
360  -0.001238
361  -0.001816
362  -0.000762
363   0.000280
364  -0.000150
365  -0.000706
366  -0.000314
367  -0.000930
368  -0.001544
369  -0.003322
370  -0.000024
371  -0.001624
372   0.000404
373  -0.001112
374  -0.000060
375   0.000028
376   0.000116
377  -0.002492
378  -0.002652
379  -0.003756
380  -0.004144
381  -0.004262
382  -0.001930
383  -0.001842
384  -0.003308
385  -0.001590
386  -0.002112
387  -0.000584
388  -0.001918
389  -0.001278
390  -0.002820
391  -0.002466
392  -0.000758
393  -0.001844
394  -0.001604
395  -0.000982
396  -0.002168
397  -0.001204
398   0.002008
399   0.001334
400   0.002748
401   0.003376
402   0.003008
403   0.001814
404  -0.000584
405  -0.000866
406   0.000602
407   0.001086
408  -0.000430
409   0.001016
410  -0.002278
411   0.001406
412  -0.002180
413  -0.000214
414   0.000950
415   0.001728
416   0.000828
417   0.000030
418  -0.001210
419   0.000608
420   0.000924
421   0.001438
422  -0.001450
423  -0.000324
424  -0.000870
425  -0.001250
426  -0.000304
427  -0.000058
428  -0.002448
429  -0.001400
430  -0.000160
431  -0.000406
432  -0.002392
433  -0.001496
434  -0.000676
435  -0.000094
436  -0.000326
437  -0.001254
438  -0.000738
439   0.000396
440   0.001308
441   0.000712
442   0.001212
443   0.000288
444   0.001386
445   0.001004
446   0.001890
447   0.002162
448   0.001198
449   0.002252
450   0.000968
451   0.000988
452  -0.000564
453   0.002472
454   0.002776
455   0.001412
456   0.000818
457  -0.002344
458  -0.000466
459   0.000150
460  -0.000074
461  -0.000730
462   0.001818
463   0.001340
464   0.000690
465   0.002482
466   0.001660
467   0.002838
468   0.001422
469   0.000660
470   0.000948
471   0.001588
472   0.001124
473   0.003178
474  -0.000388
475   0.002290
476   0.001292
477   0.002592
478   0.003072
479   0.002082
480   0.005270
481   0.003568
482   0.002638
483   0.001932
484   0.003198
485   0.002450
486  -0.001712
487  -0.000076
488   0.000868
489   0.000276
490  -0.001516
491   0.001798
492  -0.000722
493   0.000168
494   0.001906
495  -0.000080
496   0.001702
497   0.001438
498  -0.000536
499  -0.002988
500  -0.003004
-499  -0.000174
-498   0.000448
-497  -0.000530
-496  -0.001514
-495   0.000818
-494  -0.002356
-493  -0.001078
-492  -0.001642
-491   0.001332
-490  -0.000600
-489   0.000652
-488   0.001498
-487  -0.000956
-486  -0.000066
-485   0.001996
-484  -0.000396
-483   0.000660
-482  -0.000234
-481  -0.001398
-480  -0.001352
-479  -0.000194
-478  -0.000590
-477  -0.001706
-476  -0.001838
-475  -0.000516
-474  -0.002494
-473  -0.001944
-472   0.000878
-471  -0.002274
-470  -0.001004
-469  -0.002682
-468  -0.002470
-467  -0.001798
-466  -0.002238
-465  -0.001658
-464  -0.002526
-463  -0.000948
-462  -0.001558
-461  -0.003306
-460  -0.003202
-459  -0.002724
-458  -0.000594
-457  -0.000254
-456   0.000402
-455   0.002392
-454   0.001334
-453   0.001456
-452   0.000480
-451   0.001550
-450   0.002812
-449   0.002782
-448   0.000426
-447   0.001118
-446   0.000530
-445   0.000870
-444   0.002528
-443   0.000008
-442  -0.000006
-441  -0.000616
-440   0.000170
-439   0.001564
-438   0.001758
-437   0.002826
-436   0.002008
-435  -0.000434
-434   0.001542
-433   0.000894
-432   0.000848
-431   0.001554
-430   0.002384
-429   0.000496
-428   0.001906
-427   0.000532
-426  -0.000254
-425  -0.000986
-424  -0.000654
-423  -0.000424
-422   0.001654
-421   0.001500
-420   0.000278
-419   0.002650
-418   0.002856
-417   0.000634
-416   0.000518
-415   0.000398
-414   0.000238
-413  -0.000052
-412  -0.000608
-411   0.000926
-410   0.001074
-409   0.001498
-408   0.001604
-407   0.000958
-406   0.001756
-405  -0.000512
-404   0.001026
-403  -0.000416
-402   0.000204
-401  -0.001074
-400   0.001302
-399   0.001850
-398   0.001162
-397   0.001426
-396  -0.000198
-395   0.000622
-394   0.000622
-393   0.000432
-392   0.001122
-391   0.000100
-390   0.000638
-389  -0.000336
-388  -0.002716
-387  -0.001570
-386  -0.002880
-385  -0.002920
-384  -0.000914
-383  -0.002044
-382  -0.003198
-381  -0.001730
-380  -0.001060
-379  -0.001830
-378   0.000796
-377   0.000492
-376  -0.000936
-375   0.001696
-374  -0.001090
-373   0.000940
-372   0.000334
-371   0.000880
-370   0.002522
-369   0.002304
-368   0.001104
-367   0.000652
-366  -0.000376
-365   0.001402
-364   0.001410
-363   0.002420
-362   0.001844
-361   0.002468
-360   0.001360
-359   0.001622
-358   0.002280
-357   0.000722
-356   0.000044
-355   0.000746
-354  -0.000526
-353  -0.002088
-352  -0.002512
-351  -0.002842
-350  -0.002288
-349  -0.002502
-348  -0.002620
-347  -0.000432
-346  -0.001090
-345  -0.000132
-344   0.000582
-343   0.000090
-342  -0.001492
-341   0.000480
-340   0.001724
-339   0.000260
-338   0.000430
-337   0.000062
-336  -0.000896
-335  -0.000420
-334   0.001312
-333   0.001182
-332   0.001384
-331   0.002316
-330   0.002146
-329   0.001910
-328  -0.000432
-327   0.001148
-326   0.000846
-325   0.000566
-324   0.001292
-323   0.000130
-322  -0.001468
-321  -0.000748
-320   0.001992
-319   0.000092
-318   0.002040
-317   0.000422
-316   0.001612
-315   0.002474
-314  -0.000176
-313   0.001858
-312   0.000928
-311   0.000376
-310   0.000920
-309   0.002082
-308   0.001804
-307   0.003508
-306   0.003482
-305   0.003138
-304   0.000254
-303  -0.001284
-302  -0.000536
-301   0.000646
-300   0.002972
-299   0.001396
-298   0.000814
-297  -0.001890
-296   0.000830
-295  -0.001162
-294   0.000516
-293   0.000052
-292   0.002080
-291   0.001296
-290   0.001064
-289   0.000988
-288   0.000876
-287   0.000244
-286   0.000060
-285   0.000786
-284   0.001226
-283   0.002874
-282   0.001196
-281   0.000800
-280  -0.001046
-279  -0.000362
-278  -0.002178
-277  -0.001848
-276  -0.002610
-275  -0.001812
-274  -0.000312
-273  -0.000686
-272  -0.000862
-271  -0.002672
-270   0.001882
-269   0.001184
-268   0.003330
-267   0.002860
-266   0.000698
-265   0.000560
-264  -0.000094
-263  -0.001120
-262  -0.002084
-261  -0.000596
-260   0.002112
-259   0.002350
-258   0.001508
-257   0.001918
-256   0.001010
-255   0.000940
-254  -0.001388
-253   0.000216
-252  -0.000058
-251  -0.002836
-250  -0.000894
-249  -0.002012
-248  -0.000380
-247   0.001222
-246   0.002540
-245   0.002812
-244   0.001130
-243   0.000836
-242   0.002564
-241   0.000186
-240   0.001396
-239  -0.000246
-238   0.000458
-237  -0.000880
-236   0.000032
-235  -0.002234
-234  -0.002238
-233  -0.003868
-232  -0.003678
-231  -0.003166
-230   0.000224
-229  -0.001654
-228   0.000438
-227   0.000624
-226  -0.001514
-225   0.000048
-224   0.000710
-223  -0.000090
-222   0.000424
-221  -0.001662
-220   0.000070
-219   0.000258
-218   0.002040
-217  -0.000284
-216   0.000728
-215   0.002000
-214   0.001264
-213   0.000400
-212  -0.001458
-211  -0.001684
-210  -0.001624
-209   0.000472
-208   0.000484
-207   0.000296
-206   0.000038
-205  -0.003256
-204  -0.000916
-203  -0.001404
-202  -0.001610
-201  -0.001326
-200  -0.001672
-199   0.000404
-198  -0.000172
-197  -0.001894
-196  -0.000012
-195  -0.000036
-194  -0.000578
-193  -0.002104
-192  -0.002488
-191  -0.001236
-190   0.000402
-189   0.000278
-188  -0.000110
-187   0.000532
-186  -0.000122
-185   0.001112
-184  -0.000016
-183  -0.000330
-182   0.002236
-181   0.000280
-180   0.000188
-179  -0.000544
-178   0.000628
-177   0.001210
-176   0.000438
-175   0.001462
-174   0.001350
-173   0.001070
-172   0.002516
-171   0.000506
-170   0.000358
-169   0.000160
-168  -0.001182
-167  -0.001090
-166  -0.000160
-165  -0.000682
-164  -0.000718
-163  -0.003274
-162  -0.002242
-161  -0.001502
-160  -0.001364
-159  -0.000170
-158  -0.002542
-157   0.000252
-156  -0.000760
-155  -0.000562
-154  -0.001874
-153  -0.001256
-152  -0.001232
-151  -0.000830
-150  -0.000286
-149   0.001548
-148  -0.000656
-147   0.001394
-146   0.002084
-145   0.001560
-144   0.001628
-143   0.001590
-142   0.001472
-141   0.001074
-140   0.000608
-139   0.001324
-138   0.000682
-137   0.002028
-136  -0.000274
-135   0.000646
-134   0.001552
-133   0.002852
-132   0.001078
-131   0.001234
-130   0.001050
-129   0.002456
-128  -0.000834
-127   0.000044
-126   0.000460
-125  -0.000308
-124   0.000246
-123   0.001002
-122   0.000248
-121   0.001018
-120   0.002100
-119  -0.001160
-118   0.000294
-117   0.000162
-116   0.001032
-115   0.000404
-114   0.003026
-113   0.000712
-112   0.001778
-111   0.003554
-110   0.003246
-109   0.002400
-108   0.000522
-107   0.000888
-106  -0.000942
-105  -0.002614
-104  -0.000890
-103   0.000776
-102   0.000170
-101  -0.000236
-100   0.000976
-99   0.000188
-98  -0.000950
-97  -0.002188
-96  -0.000930
-95   0.000924
-94   0.000926
-93   0.000568
-92  -0.000920
-91  -0.000858
-90  -0.002096
-89   0.002326
-88  -0.000356
-87  -0.001994
-86  -0.002572
-85   0.001608
-84  -0.000466
-83   0.002150
-82  -0.001194
-81  -0.002072
-80  -0.000544
-79  -0.000360
-78   0.001598
-77   0.000424
-76   0.000914
-75   0.000552
-74   0.001766
-73  -0.000930
-72  -0.000294
-71  -0.001404
-70  -0.000810
-69   0.000542
-68   0.002912
-67  -0.000644
-66   0.001384
-65   0.001022
-64   0.000478
-63   0.001840
-62  -0.000150
-61  -0.000480
-60   0.000992
-59   0.001790
-58   0.000862
-57   0.001856
-56   0.001892
-55  -0.000172
-54  -0.000118
-53   0.000944
-52   0.001458
-51   0.002224
-50   0.000872
-49  -0.000600
-48   0.000018
-47   0.000802
-46   0.000650
-45  -0.000152
-44   0.002722
-43   0.002372
-42   0.000436
-41  -0.002416
-40  -0.001528
-39  -0.001064
-38   0.000134
-37   0.000200
-36   0.000486
-35   0.000602
-34   0.000106
-33   0.000850
-32   0.001950
-31   0.003794
-30   0.000814
-29   0.002040
-28   0.000040
-27  -0.001080
-26  -0.000734
-25  -0.000212
-24   0.000196
-23  -0.000086
-22   0.000578
-21  -0.001198
-20   0.001240
-19   0.001484
-18  -0.000032
-17   0.000738
-16  -0.001418
-15  -0.001394
-14   0.001686
-13  -0.001372
-12  -0.001194
-11  -0.001256
-10   0.000520
-9   0.000482
-8  -0.000204
-7   0.002744
-6   0.000486
-5   0.000712
-4  -0.000184
-3   0.001996
-2   0.002654
-1   0.001086
