0  -0.052298
1  -0.052912
2  -0.053610
3  -0.054142
4  -0.054718
5  -0.055332
6  -0.055866
7  -0.056342
8  -0.056976
9  -0.057350
10  -0.057770
11  -0.058242
12  -0.058640
13  -0.058884
14  -0.058946
15  -0.059210
16  -0.059264
17  -0.059384
18  -0.059604
19  -0.059766
20  -0.059818
21  -0.059872
22  -0.059800
23  -0.059740
24  -0.059872
25  -0.060002
26  -0.060056
27  -0.060062
28  -0.060206
29  -0.060382
30  -0.060584
31  -0.060948
32  -0.061254
33  -0.061640
34  -0.062302
35  -0.062924
36  -0.063418
37  -0.063774
38  -0.064220
39  -0.064630
40  -0.064968
41  -0.065334
42  -0.065590
43  -0.066006
44  -0.066462
45  -0.067050
46  -0.067586
47  -0.068198
48  -0.068748
49  -0.069186
50  -0.069570
51  -0.069992
52  -0.070286
53  -0.070362
54  -0.070478
55  -0.070778
56  -0.071020
57  -0.071072
58  -0.071266
59  -0.071304
60  -0.071568
61  -0.071892
62  -0.072042
63  -0.072294
64  -0.072482
65  -0.072778
66  -0.073004
67  -0.073250
68  -0.073498
69  -0.073814
70  -0.074084
71  -0.074404
72  -0.074840
73  -0.075320
74  -0.075716
75  -0.076134
76  -0.076376
77  -0.076562
78  -0.076636
79  -0.076852
80  -0.077074
81  -0.077256
82  -0.077286
83  -0.077512
84  -0.077530
85  -0.077708
86  -0.077768
87  -0.077998
88  -0.078210
89  -0.078280
90  -0.078362
91  -0.078468
92  -0.078472
93  -0.078560
94  -0.078680
95  -0.078886
96  -0.079176
97  -0.079448
98  -0.079598
99  -0.079718
100  -0.079966
101  -0.080106
102  -0.080254
103  -0.080400
104  -0.080484
105  -0.080380
106  -0.080086
107  -0.079866
108  -0.079756
109  -0.079384
110  -0.078844
111  -0.078406
112  -0.077918
113  -0.077468
114  -0.076962
115  -0.076530
116  -0.075984
117  -0.075576
118  -0.075220
119  -0.074694
120  -0.074020
121  -0.073450
122  -0.072780
123  -0.072090
124  -0.071254
125  -0.070550
126  -0.069578
127  -0.068948
128  -0.068206
129  -0.067472
130  -0.066750
131  -0.065974
132  -0.065238
133  -0.064504
134  -0.063730
135  -0.062884
136  -0.062192
137  -0.061638
138  -0.061044
139  -0.060482
140  -0.059954
141  -0.059496
142  -0.058936
143  -0.058206
144  -0.057320
145  -0.056670
146  -0.056004
147  -0.054990
148  -0.053890
149  -0.052850
150  -0.051802
151  -0.050826
152  -0.049944
153  -0.049112
154  -0.048222
155  -0.047580
156  -0.046592
157  -0.045624
158  -0.044626
159  -0.043796
160  -0.043088
161  -0.042572
162  -0.041842
163  -0.041140
164  -0.040316
165  -0.039300
166  -0.038482
167  -0.037510
168  -0.036738
169  -0.035724
170  -0.034906
171  -0.034148
172  -0.033150
173  -0.032156
174  -0.031178
175  -0.030272
176  -0.029318
177  -0.028288
178  -0.027244
179  -0.026234
180  -0.025254
181  -0.024310
182  -0.023352
183  -0.022342
184  -0.021284
185  -0.020152
186  -0.019152
187  -0.018342
188  -0.017486
189  -0.016646
190  -0.015860
191  -0.015028
192  -0.014222
193  -0.013434
194  -0.012696
195  -0.011722
196  -0.010658
197  -0.009540
198  -0.008620
199  -0.007600
200  -0.006676
201  -0.005820
202  -0.004674
203  -0.003552
204  -0.002518
205  -0.001344
206  -0.000330
207   0.000778
208   0.001976
209   0.003086
210   0.004252
211   0.005288
212   0.006546
213   0.007564
214   0.008558
215   0.009712
216   0.010964
217   0.012318
218   0.013714
219   0.014958
220   0.016062
221   0.017238
222   0.018480
223   0.019802
224   0.021186
225   0.022722
226   0.024346
227   0.026082
228   0.027784
229   0.029584
230   0.031312
231   0.032994
232   0.034504
233   0.036040
234   0.037514
235   0.039200
236   0.040680
237   0.042392
238   0.043918
239   0.045598
240   0.047188
241   0.048910
242   0.050472
243   0.052144
244   0.053734
245   0.055280
246   0.056810
247   0.058260
248   0.059860
249   0.061584
250   0.063284
251   0.064786
252   0.066054
253   0.067548
254   0.069222
255   0.070838
256   0.072608
257   0.074280
258   0.076052
259   0.077714
260   0.079130
261   0.080666
262   0.082240
263   0.083740
264   0.085176
265   0.086556
266   0.087968
267   0.089402
268   0.090898
269   0.092548
270   0.094156
271   0.095920
272   0.097714
273   0.099536
274   0.101258
275   0.103046
276   0.104756
277   0.106348
278   0.107916
279   0.109386
280   0.110828
281   0.111960
282   0.113066
283   0.114406
284   0.115542
285   0.116954
286   0.118402
287   0.119770
288   0.121348
289   0.123008
290   0.124556
291   0.125970
292   0.127384
293   0.128732
294   0.130178
295   0.131484
296   0.132706
297   0.134196
298   0.135634
299   0.136948
300   0.138268
301   0.139296
302   0.140342
303   0.141628
304   0.142706
305   0.143682
306   0.144622
307   0.145572
308   0.146482
309   0.147322
310   0.148200
311   0.148906
312   0.149754
313   0.150468
314   0.151020
315   0.151362
316   0.151670
317   0.152042
318   0.152494
319   0.153138
320   0.153896
321   0.154692
322   0.155564
323   0.156332
324   0.156922
325   0.157622
326   0.158156
327   0.158748
328   0.159322
329   0.159844
330   0.160526
331   0.161164
332   0.161772
333   0.162360
334   0.162894
335   0.163270
336   0.163448
337   0.163630
338   0.163920
339   0.164364
340   0.164888
341   0.165468
342   0.166122
343   0.166668
344   0.167418
345   0.168126
346   0.168844
347   0.169450
348   0.169988
349   0.170750
350   0.171398
351   0.171810
352   0.172186
353   0.172618
354   0.173068
355   0.173536
356   0.174146
357   0.174552
358   0.175128
359   0.175688
360   0.176362
361   0.177104
362   0.177840
363   0.178624
364   0.179512
365   0.180232
366   0.181032
367   0.181750
368   0.182482
369   0.183216
370   0.183986
371   0.184882
372   0.185696
373   0.186720
374   0.187532
375   0.188510
376   0.189200
377   0.189980
378   0.190728
379   0.191334
380   0.191716
381   0.192034
382   0.192272
383   0.192194
384   0.192064
385   0.191818
386   0.191564
387   0.191370
388   0.191214
389   0.190948
390   0.190548
391   0.190508
392   0.190284
393   0.190012
394   0.189628
395   0.189160
396   0.188730
397   0.188418
398   0.188222
399   0.187870
400   0.187618
401   0.187320
402   0.187006
403   0.186792
404   0.186446
405   0.186314
406   0.186066
407   0.185772
408   0.185372
409   0.185082
410   0.184884
411   0.184578
412   0.184270
413   0.183938
414   0.183524
415   0.183292
416   0.183076
417   0.182936
418   0.182720
419   0.182562
420   0.182516
421   0.182438
422   0.182330
423   0.182322
424   0.182228
425   0.182160
426   0.182174
427   0.182036
428   0.182084
429   0.181948
430   0.181878
431   0.181704
432   0.181544
433   0.181308
434   0.181200
435   0.181062
436   0.180776
437   0.180552
438   0.180218
439   0.179900
440   0.179620
441   0.179304
442   0.179112
443   0.178904
444   0.178640
445   0.178394
446   0.178090
447   0.177812
448   0.177442
449   0.177280
450   0.177106
451   0.176728
452   0.176334
453   0.176000
454   0.175804
455   0.175406
456   0.175074
457   0.174728
458   0.174282
459   0.173728
460   0.173358
461   0.172956
462   0.172614
463   0.172182
464   0.171782
465   0.171506
466   0.171398
467   0.171390
468   0.171312
469   0.171260
470   0.171314
471   0.171440
472   0.171536
473   0.171794
474   0.172080
475   0.172340
476   0.172506
477   0.172716
478   0.172980
479   0.173124
480   0.173310
481   0.173444
482   0.173580
483   0.173728
484   0.173968
485   0.174084
486   0.174148
487   0.174204
488   0.174282
489   0.174372
490   0.174518
491   0.174748
492   0.174928
493   0.174906
494   0.174878
495   0.174970
496   0.174942
497   0.174940
498   0.175162
499   0.175498
500   0.175540
-499   0.175474
-498   0.175548
-497   0.175510
-496   0.175496
-495   0.175646
-494   0.175772
-493   0.175870
-492   0.176068
-491   0.176226
-490   0.176486
-489   0.176570
-488   0.176690
-487   0.176868
-486   0.177046
-485   0.177312
-484   0.177586
-483   0.177746
-482   0.178008
-481   0.178456
-480   0.178966
-479   0.179436
-478   0.179912
-477   0.180434
-476   0.180812
-475   0.181296
-474   0.181852
-473   0.182468
-472   0.182876
-471   0.183442
-470   0.184038
-469   0.184524
-468   0.184934
-467   0.185326
-466   0.185772
-465   0.186020
-464   0.186082
-463   0.185988
-462   0.185882
-461   0.185770
-460   0.185614
-459   0.185488
-458   0.185322
-457   0.185150
-456   0.184918
-455   0.184552
-454   0.184204
-453   0.183882
-452   0.183400
-451   0.182754
-450   0.182222
-449   0.181730
-448   0.181244
-447   0.180844
-446   0.180440
-445   0.180066
-444   0.179782
-443   0.179374
-442   0.178854
-441   0.178470
-440   0.178094
-439   0.177764
-438   0.177376
-437   0.176874
-436   0.176344
-435   0.175938
-434   0.175594
-433   0.175194
-432   0.174884
-431   0.174548
-430   0.174222
-429   0.173898
-428   0.173744
-427   0.173674
-426   0.173560
-425   0.173400
-424   0.173194
-423   0.172944
-422   0.172512
-421   0.172022
-420   0.171674
-419   0.171342
-418   0.170926
-417   0.170554
-416   0.170146
-415   0.169688
-414   0.169168
-413   0.168592
-412   0.167988
-411   0.167324
-410   0.166636
-409   0.166020
-408   0.165524
-407   0.164964
-406   0.164382
-405   0.163866
-404   0.163258
-403   0.162662
-402   0.162260
-401   0.161648
-400   0.161026
-399   0.160360
-398   0.159668
-397   0.159236
-396   0.158870
-395   0.158346
-394   0.158014
-393   0.157578
-392   0.157214
-391   0.156952
-390   0.156628
-389   0.156170
-388   0.155890
-387   0.155596
-386   0.155262
-385   0.154990
-384   0.154758
-383   0.154482
-382   0.154238
-381   0.154108
-380   0.153934
-379   0.153588
-378   0.153222
-377   0.152856
-376   0.152296
-375   0.151722
-374   0.151082
-373   0.150410
-372   0.149732
-371   0.149070
-370   0.148200
-369   0.147342
-368   0.146522
-367   0.145844
-366   0.145240
-365   0.144756
-364   0.144242
-363   0.143734
-362   0.143190
-361   0.142796
-360   0.142434
-359   0.142106
-358   0.141786
-357   0.141496
-356   0.141146
-355   0.140930
-354   0.140702
-353   0.140568
-352   0.140550
-351   0.140436
-350   0.140196
-349   0.139896
-348   0.139478
-347   0.139158
-346   0.138848
-345   0.138632
-344   0.138292
-343   0.137984
-342   0.137646
-341   0.137284
-340   0.136810
-339   0.136368
-338   0.136028
-337   0.135676
-336   0.135258
-335   0.134858
-334   0.134362
-333   0.133894
-332   0.133494
-331   0.133122
-330   0.132844
-329   0.132538
-328   0.132330
-327   0.132116
-326   0.131880
-325   0.131508
-324   0.131214
-323   0.130910
-322   0.130506
-321   0.130106
-320   0.129736
-319   0.129320
-318   0.129002
-317   0.128580
-316   0.128162
-315   0.127740
-314   0.127326
-313   0.127038
-312   0.126848
-311   0.126636
-310   0.126406
-309   0.126112
-308   0.125686
-307   0.125292
-306   0.124956
-305   0.124634
-304   0.124422
-303   0.124168
-302   0.123906
-301   0.123610
-300   0.123154
-299   0.122736
-298   0.122360
-297   0.122038
-296   0.121688
-295   0.121344
-294   0.120932
-293   0.120524
-292   0.120056
-291   0.119640
-290   0.119104
-289   0.118568
-288   0.117976
-287   0.117422
-286   0.116902
-285   0.116202
-284   0.115598
-283   0.114870
-282   0.114328
-281   0.113996
-280   0.113526
-279   0.113002
-278   0.112628
-277   0.112232
-276   0.111990
-275   0.111710
-274   0.111442
-273   0.111270
-272   0.110884
-271   0.110576
-270   0.110280
-269   0.109742
-268   0.109288
-267   0.108760
-266   0.108224
-265   0.107500
-264   0.106774
-263   0.106004
-262   0.105288
-261   0.104504
-260   0.103796
-259   0.103238
-258   0.102544
-257   0.101734
-256   0.101080
-255   0.100450
-254   0.099764
-253   0.098884
-252   0.097942
-251   0.096986
-250   0.096070
-249   0.094888
-248   0.093838
-247   0.092782
-246   0.091752
-245   0.090666
-244   0.089784
-243   0.089102
-242   0.088428
-241   0.087650
-240   0.087012
-239   0.086250
-238   0.085406
-237   0.084570
-236   0.083746
-235   0.083008
-234   0.082256
-233   0.081412
-232   0.080640
-231   0.079852
-230   0.079242
-229   0.078724
-228   0.078224
-227   0.077740
-226   0.077330
-225   0.076910
-224   0.076550
-223   0.076084
-222   0.075490
-221   0.074968
-220   0.074302
-219   0.073660
-218   0.073090
-217   0.072692
-216   0.072362
-215   0.072036
-214   0.071682
-213   0.071496
-212   0.071318
-211   0.071200
-210   0.071074
-209   0.070960
-208   0.070980
-207   0.070840
-206   0.070924
-205   0.070852
-204   0.070870
-203   0.070944
-202   0.071052
-201   0.071140
-200   0.071280
-199   0.071444
-198   0.071784
-197   0.072166
-196   0.072612
-195   0.073158
-194   0.073648
-193   0.074082
-192   0.074486
-191   0.074742
-190   0.074976
-189   0.075274
-188   0.075586
-187   0.075934
-186   0.076358
-185   0.076654
-184   0.076842
-183   0.077098
-182   0.077280
-181   0.077678
-180   0.077996
-179   0.078300
-178   0.078600
-177   0.078974
-176   0.079450
-175   0.079758
-174   0.080054
-173   0.080338
-172   0.080670
-171   0.080856
-170   0.080980
-169   0.081048
-168   0.081042
-167   0.080956
-166   0.080960
-165   0.080906
-164   0.080732
-163   0.080626
-162   0.080400
-161   0.080184
-160   0.079980
-159   0.079842
-158   0.079664
-157   0.079258
-156   0.078578
-155   0.077970
-154   0.077364
-153   0.076688
-152   0.076136
-151   0.075518
-150   0.074810
-149   0.074196
-148   0.073306
-147   0.072662
-146   0.071998
-145   0.071364
-144   0.070456
-143   0.069584
-142   0.068748
-141   0.068058
-140   0.067360
-139   0.066702
-138   0.066090
-137   0.065428
-136   0.064686
-135   0.063842
-134   0.063034
-133   0.062268
-132   0.061528
-131   0.060728
-130   0.059806
-129   0.058990
-128   0.058104
-127   0.057362
-126   0.056612
-125   0.055902
-124   0.055170
-123   0.054554
-122   0.053796
-121   0.053246
-120   0.052876
-119   0.052290
-118   0.051694
-117   0.051204
-116   0.050718
-115   0.050024
-114   0.049266
-113   0.048534
-112   0.047688
-111   0.047116
-110   0.046574
-109   0.046060
-108   0.045456
-107   0.045064
-106   0.044396
-105   0.043670
-104   0.042942
-103   0.042080
-102   0.041080
-101   0.040002
-100   0.038984
-99   0.037742
-98   0.036528
-97   0.035258
-96   0.033992
-95   0.032774
-94   0.031444
-93   0.030172
-92   0.028812
-91   0.027510
-90   0.026092
-89   0.024618
-88   0.023102
-87   0.021606
-86   0.020246
-85   0.018914
-84   0.017664
-83   0.016334
-82   0.014852
-81   0.013394
-80   0.012004
-79   0.010512
-78   0.008948
-77   0.007548
-76   0.006184
-75   0.004740
-74   0.003374
-73   0.002080
-72   0.000888
-71  -0.000406
-70  -0.001506
-69  -0.002378
-68  -0.003302
-67  -0.004142
-66  -0.004868
-65  -0.005698
-64  -0.006550
-63  -0.007328
-62  -0.008092
-61  -0.008964
-60  -0.009854
-59  -0.010912
-58  -0.012024
-57  -0.013138
-56  -0.013968
-55  -0.014838
-54  -0.015696
-53  -0.016492
-52  -0.017380
-51  -0.018222
-50  -0.018904
-49  -0.019654
-48  -0.020332
-47  -0.020922
-46  -0.021454
-45  -0.021892
-44  -0.022474
-43  -0.022928
-42  -0.023440
-41  -0.023960
-40  -0.024556
-39  -0.025214
-38  -0.025916
-37  -0.026508
-36  -0.027066
-35  -0.027674
-34  -0.028270
-33  -0.028928
-32  -0.029676
-31  -0.030260
-30  -0.030960
-29  -0.031718
-28  -0.032378
-27  -0.033050
-26  -0.033844
-25  -0.034582
-24  -0.035484
-23  -0.036332
-22  -0.037148
-21  -0.038062
-20  -0.038924
-19  -0.039730
-18  -0.040574
-17  -0.041458
-16  -0.042262
-15  -0.043222
-14  -0.043970
-13  -0.044742
-12  -0.045326
-11  -0.045760
-10  -0.046258
-9  -0.046814
-8  -0.047452
-7  -0.048016
-6  -0.048730
-5  -0.049166
-4  -0.049878
-3  -0.050526
-2  -0.051182
-1  -0.051740
