r MCS_10 MCS_20 MCS_40 MCS_80 MCS_160 MCS_320 MCS_640 MCS_1280 MCS_2560 MCS_5120 MCS_10240 MCS_20480 MCS_40960 
0   1.000000   1.000000   1.000000   1.000000   1.000000   1.000000   1.000000   1.000000   1.000000   1.000000   1.000000   1.000000   1.000000 
1   0.988000   0.984200   0.987400   0.988000   0.987600   0.988800   0.988800   0.986200   0.988200   0.985400   0.988600   0.985800   0.985200 
2   0.982400   0.979000   0.981800   0.982400   0.982400   0.982800   0.983400   0.980400   0.982800   0.978800   0.983600   0.979400   0.977400 
3   0.976600   0.973600   0.975800   0.976800   0.977600   0.976800   0.977800   0.974400   0.977000   0.971400   0.978400   0.973000   0.969600 
4   0.970800   0.968000   0.970200   0.971200   0.972800   0.970600   0.972000   0.968600   0.972000   0.964000   0.973400   0.967000   0.962400 
5   0.965400   0.962400   0.964800   0.965600   0.968000   0.965000   0.966400   0.963000   0.966400   0.956800   0.968600   0.961200   0.955000 
6   0.959800   0.956800   0.959400   0.960200   0.963200   0.959400   0.960800   0.957200   0.961200   0.950000   0.964000   0.955200   0.947400 
7   0.954200   0.951200   0.953600   0.954800   0.958200   0.953800   0.955400   0.951400   0.956000   0.943200   0.959400   0.949400   0.939800 
8   0.948600   0.945600   0.948000   0.949400   0.953200   0.948400   0.950000   0.946000   0.951000   0.936600   0.955000   0.943400   0.932200 
9   0.943000   0.940200   0.942800   0.944200   0.948200   0.943400   0.944600   0.940400   0.946000   0.930000   0.950400   0.937400   0.924600 
10   0.937600   0.935000   0.937400   0.939000   0.943200   0.938200   0.939200   0.934800   0.940800   0.923600   0.945800   0.931400   0.917600 
11   0.932000   0.929800   0.932000   0.934000   0.938200   0.933000   0.933800   0.929400   0.935600   0.917000   0.941600   0.925600   0.910400 
12   0.926400   0.924000   0.926800   0.928600   0.933200   0.927800   0.928800   0.924000   0.930400   0.910600   0.937200   0.919600   0.903000 
13   0.921000   0.918800   0.921400   0.923800   0.928400   0.922600   0.924200   0.918600   0.925200   0.904200   0.933000   0.913600   0.895600 
14   0.915800   0.913400   0.916000   0.919200   0.923600   0.917000   0.919400   0.913000   0.920000   0.897800   0.928600   0.907800   0.888400 
15   0.910600   0.908200   0.910600   0.914200   0.918600   0.911800   0.915000   0.907400   0.914800   0.891600   0.924000   0.902200   0.881400 
16   0.905400   0.902600   0.905400   0.909200   0.913600   0.906600   0.910400   0.902000   0.909800   0.885400   0.919600   0.896400   0.874400 
17   0.900200   0.897400   0.900000   0.904200   0.908600   0.901600   0.905800   0.896400   0.904800   0.879200   0.915200   0.891000   0.867400 
18   0.895000   0.892000   0.894600   0.899200   0.903600   0.897000   0.901400   0.890800   0.900000   0.873000   0.910800   0.885400   0.860200 
19   0.889800   0.886800   0.889200   0.894200   0.898600   0.892200   0.896800   0.885200   0.895400   0.867000   0.906400   0.880200   0.853000 
20   0.884800   0.881800   0.884000   0.889200   0.893800   0.887400   0.892200   0.879600   0.891000   0.861200   0.902000   0.874800   0.845800 
21   0.879800   0.876800   0.878800   0.884400   0.889000   0.882600   0.887600   0.874000   0.886600   0.855000   0.897600   0.869600   0.838800 
22   0.874800   0.871400   0.873800   0.879400   0.884000   0.878000   0.883000   0.868400   0.882200   0.849200   0.893200   0.864200   0.832200 
23   0.870200   0.866200   0.868600   0.874400   0.879200   0.873400   0.878400   0.862800   0.877800   0.843400   0.888800   0.858800   0.825800 
24   0.865200   0.861000   0.863600   0.869400   0.874200   0.868800   0.873800   0.857200   0.873600   0.837600   0.884400   0.853400   0.819400 
25   0.860400   0.856000   0.858800   0.864400   0.869200   0.864200   0.869400   0.851600   0.869400   0.832000   0.880000   0.848000   0.812800 
26   0.855600   0.850800   0.854000   0.859400   0.864200   0.859600   0.864800   0.846000   0.865200   0.826400   0.875600   0.842800   0.806600 
27   0.850800   0.845800   0.849200   0.854400   0.859200   0.855200   0.860200   0.840400   0.861200   0.820800   0.871200   0.837400   0.800200 
28   0.846000   0.840600   0.844400   0.849400   0.854400   0.850800   0.855600   0.834800   0.856800   0.815200   0.867000   0.832200   0.793800 
29   0.841200   0.835600   0.839600   0.844400   0.849600   0.846400   0.851000   0.829200   0.852600   0.809200   0.862600   0.827000   0.787600 
30   0.836600   0.830800   0.834800   0.839400   0.844800   0.842000   0.846400   0.823600   0.848400   0.803400   0.858200   0.821800   0.781400 
31   0.831800   0.825800   0.830000   0.834400   0.840400   0.837600   0.841800   0.818000   0.844200   0.797600   0.853800   0.816600   0.775400 
32   0.826800   0.820800   0.825600   0.829400   0.835800   0.833200   0.837400   0.812400   0.840000   0.791800   0.849400   0.811200   0.769400 
33   0.822200   0.816200   0.821000   0.824400   0.831200   0.828800   0.832800   0.807000   0.836000   0.786000   0.845000   0.805800   0.763400 
34   0.817600   0.811600   0.816400   0.819400   0.826600   0.824200   0.828200   0.801600   0.832000   0.780200   0.840600   0.800400   0.757600 
35   0.813000   0.807000   0.811600   0.814400   0.822000   0.820200   0.823600   0.796200   0.827800   0.774400   0.836200   0.795200   0.751600 
36   0.808400   0.802400   0.807000   0.809400   0.817400   0.815600   0.819000   0.791200   0.823600   0.768600   0.832000   0.790200   0.745400 
37   0.803800   0.798000   0.802800   0.804400   0.813000   0.811200   0.814600   0.786000   0.819400   0.763200   0.827800   0.785200   0.739400 
38   0.799200   0.793400   0.798400   0.799600   0.808400   0.806800   0.809600   0.780800   0.815200   0.757400   0.823800   0.779800   0.733400 
39   0.794600   0.788600   0.793600   0.794600   0.803800   0.802200   0.805200   0.775600   0.811200   0.752000   0.819800   0.774600   0.727600 
40   0.790000   0.784400   0.789000   0.789800   0.799200   0.797600   0.800800   0.770400   0.807200   0.746600   0.815800   0.769600   0.721800 
41   0.785400   0.780000   0.784400   0.785000   0.794600   0.793000   0.796200   0.765200   0.803000   0.741000   0.811800   0.764600   0.716000 
42   0.780800   0.775600   0.779800   0.780200   0.790000   0.788600   0.791800   0.760000   0.798600   0.735400   0.807800   0.759600   0.710200 
43   0.776200   0.771200   0.775400   0.775400   0.785600   0.784200   0.787600   0.754800   0.794200   0.730000   0.803800   0.754600   0.704400 
44   0.771800   0.766800   0.770800   0.770600   0.781000   0.779600   0.783400   0.749800   0.789800   0.724600   0.800000   0.749800   0.698600 
45   0.767600   0.762400   0.766400   0.765800   0.776400   0.775000   0.779000   0.744800   0.785400   0.719400   0.796200   0.745200   0.692800 
46   0.763200   0.758200   0.762000   0.761200   0.771800   0.770600   0.774600   0.740000   0.781000   0.714000   0.792000   0.740600   0.687400 
47   0.758800   0.753600   0.757600   0.756400   0.767400   0.766000   0.770200   0.734800   0.776600   0.708600   0.788200   0.736000   0.681800 
48   0.754400   0.749400   0.753000   0.751600   0.762800   0.761400   0.765800   0.730200   0.772200   0.703200   0.784400   0.731200   0.676200 
49   0.750000   0.744600   0.748600   0.747000   0.758200   0.756800   0.761400   0.725200   0.767800   0.697800   0.780600   0.726600   0.670800 
50   0.745600   0.740400   0.744200   0.742400   0.753600   0.752200   0.757000   0.720200   0.763400   0.692400   0.777000   0.722000   0.665800 
51   0.741200   0.736000   0.739800   0.738000   0.749000   0.747600   0.752400   0.715200   0.759000   0.687200   0.773400   0.717200   0.660200 
52   0.736800   0.731600   0.735400   0.733600   0.744400   0.743000   0.748200   0.710200   0.754600   0.682000   0.769400   0.712400   0.655000 
53   0.732400   0.727200   0.731000   0.729200   0.739800   0.738400   0.743400   0.705200   0.750200   0.676800   0.765800   0.707600   0.649600 
54   0.728000   0.723000   0.726600   0.724600   0.735200   0.734000   0.738800   0.700200   0.745800   0.671600   0.762400   0.703000   0.644400 
55   0.723600   0.718800   0.722200   0.720200   0.730600   0.729600   0.734400   0.695200   0.741400   0.666400   0.759000   0.697800   0.639200 
56   0.719200   0.714600   0.717800   0.715800   0.726000   0.725200   0.730000   0.690200   0.737200   0.661400   0.755800   0.693200   0.634200 
57   0.714800   0.710200   0.713600   0.711600   0.721400   0.720800   0.725400   0.685600   0.732800   0.656400   0.752800   0.688200   0.629200 
58   0.710400   0.706000   0.709400   0.707200   0.716800   0.716600   0.720800   0.681200   0.728400   0.651600   0.749600   0.683400   0.624400 
59   0.706000   0.701600   0.705000   0.703000   0.712400   0.712400   0.716400   0.676400   0.724000   0.646400   0.746400   0.678600   0.619400 
60   0.701600   0.697000   0.700600   0.699000   0.708000   0.708200   0.711800   0.671800   0.719600   0.641400   0.743000   0.673800   0.614600 
61   0.697200   0.693000   0.696200   0.695000   0.703400   0.704200   0.707200   0.667200   0.715200   0.636400   0.739600   0.669000   0.609600 
62   0.693000   0.688200   0.692000   0.691000   0.698800   0.700000   0.702600   0.663000   0.710800   0.631200   0.736200   0.664400   0.604800 
63   0.688600   0.684000   0.687800   0.687000   0.694400   0.695800   0.698000   0.658200   0.706400   0.626600   0.732800   0.659600   0.600000 
64   0.684400   0.679800   0.683800   0.683000   0.689600   0.691800   0.693400   0.653600   0.702000   0.621400   0.729400   0.654800   0.595200 
65   0.680400   0.675600   0.679600   0.678800   0.685200   0.687600   0.689000   0.649200   0.697800   0.616600   0.725800   0.650200   0.590400 
66   0.676400   0.671600   0.675400   0.674800   0.681000   0.683600   0.684600   0.645200   0.693400   0.611600   0.722000   0.645400   0.585600 
67   0.672000   0.667800   0.671400   0.670600   0.676600   0.679400   0.680200   0.641200   0.689000   0.606800   0.718400   0.640600   0.581000 
68   0.667800   0.663600   0.667200   0.666400   0.672400   0.675200   0.676000   0.637000   0.684600   0.602000   0.715200   0.636000   0.576600 
69   0.663600   0.659400   0.663000   0.662200   0.668200   0.671000   0.671600   0.632800   0.680200   0.597000   0.711800   0.631400   0.571800 
70   0.659400   0.655400   0.658800   0.658200   0.664000   0.666800   0.667200   0.628800   0.676000   0.592000   0.708400   0.626600   0.566800 
71   0.655200   0.651200   0.654600   0.654000   0.660000   0.662600   0.662600   0.624400   0.671600   0.587000   0.705000   0.621800   0.561800 
72   0.651000   0.647000   0.650400   0.649800   0.656000   0.658600   0.658200   0.620200   0.667200   0.582000   0.701600   0.617200   0.556800 
73   0.647200   0.642800   0.646200   0.645600   0.652000   0.654200   0.653800   0.616000   0.662800   0.577000   0.698200   0.612800   0.551800 
74   0.643000   0.638800   0.642000   0.641600   0.648200   0.650000   0.649400   0.612000   0.658400   0.571800   0.694800   0.607800   0.546800 
75   0.639000   0.634600   0.638000   0.637400   0.644000   0.646000   0.645000   0.608200   0.654000   0.567000   0.691400   0.602800   0.541800 
76   0.634800   0.630800   0.634000   0.633400   0.640000   0.642000   0.640800   0.603600   0.649600   0.562200   0.688000   0.598000   0.536800 
77   0.630800   0.626600   0.630000   0.629200   0.636000   0.638000   0.636600   0.599400   0.645200   0.557600   0.684600   0.593200   0.531600 
78   0.626600   0.622600   0.626000   0.625000   0.632000   0.634200   0.632400   0.595200   0.641000   0.553000   0.681200   0.588400   0.526800 
79   0.622400   0.618600   0.622000   0.621000   0.628200   0.630200   0.628000   0.591200   0.636600   0.548200   0.677800   0.583600   0.521800 
80   0.618200   0.614600   0.618000   0.616800   0.624000   0.626200   0.623600   0.587200   0.632200   0.543400   0.674400   0.578800   0.516600 
81   0.614200   0.610400   0.614200   0.612600   0.620200   0.622400   0.619400   0.583200   0.628000   0.538600   0.671000   0.574000   0.511600 
82   0.610000   0.606600   0.610200   0.608400   0.616400   0.618400   0.615200   0.579200   0.623600   0.534000   0.667600   0.569200   0.506600 
83   0.606000   0.602800   0.606200   0.604200   0.612600   0.614400   0.611000   0.575400   0.619200   0.529200   0.664400   0.564400   0.501600 
84   0.602000   0.598800   0.602200   0.600000   0.608600   0.610600   0.606800   0.571400   0.614800   0.524400   0.661200   0.559600   0.496600 
85   0.598200   0.594800   0.598400   0.595800   0.604400   0.606600   0.602800   0.567400   0.610400   0.519600   0.658000   0.555000   0.491600 
86   0.594000   0.590800   0.594400   0.591600   0.600400   0.602600   0.599000   0.563400   0.606000   0.515000   0.655000   0.550200   0.486600 
87   0.590400   0.586800   0.590400   0.587400   0.596400   0.598600   0.595200   0.559600   0.601600   0.510600   0.652000   0.545800   0.482000 
88   0.586400   0.582800   0.586200   0.583200   0.592400   0.594600   0.591400   0.555600   0.597200   0.505800   0.648600   0.541200   0.477200 
89   0.582400   0.578800   0.582200   0.579200   0.588400   0.590600   0.587600   0.551600   0.592800   0.501400   0.645400   0.537000   0.472800 
90   0.578400   0.574800   0.578200   0.575200   0.584200   0.586800   0.583800   0.547600   0.588400   0.496800   0.642200   0.532600   0.468400 
91   0.574400   0.570800   0.574400   0.571000   0.580200   0.582800   0.580000   0.543600   0.584000   0.492400   0.639000   0.528200   0.463800 
92   0.570200   0.567000   0.570400   0.566800   0.576200   0.579000   0.576400   0.539600   0.579600   0.488000   0.636000   0.523800   0.459400 
93   0.566200   0.563000   0.566400   0.562600   0.572200   0.575000   0.572600   0.535600   0.575200   0.483800   0.632800   0.519800   0.455000 
94   0.562200   0.559200   0.562400   0.558400   0.568200   0.571000   0.568800   0.532000   0.570800   0.479400   0.629800   0.515600   0.450600 
95   0.558400   0.555200   0.558600   0.554200   0.564200   0.567000   0.565000   0.528000   0.566400   0.475200   0.626800   0.511800   0.446400 
96   0.554400   0.551400   0.554800   0.550200   0.560400   0.563000   0.561200   0.524000   0.562400   0.470800   0.623600   0.508200   0.442000 
97   0.550400   0.547400   0.550800   0.546400   0.556200   0.559000   0.557200   0.520000   0.558200   0.466600   0.620600   0.504600   0.438000 
98   0.546200   0.543400   0.547000   0.542400   0.552200   0.555000   0.553200   0.516000   0.554000   0.462600   0.617400   0.501000   0.434000 
99   0.542200   0.539400   0.543200   0.538400   0.548200   0.551000   0.549200   0.512200   0.549600   0.458600   0.614200   0.497400   0.429800 
100   0.538200   0.535400   0.539400   0.534400   0.544200   0.547000   0.545200   0.508200   0.545600   0.454600   0.611000   0.494000   0.425800 
101   0.534200   0.531400   0.535400   0.530400   0.540200   0.543000   0.541200   0.504200   0.541400   0.451000   0.607800   0.490400   0.421400 
102   0.530000   0.527400   0.531400   0.526400   0.536400   0.539000   0.537200   0.500200   0.537400   0.447200   0.604600   0.486800   0.417200 
103   0.525800   0.523400   0.527400   0.522400   0.532800   0.535000   0.533200   0.496200   0.533000   0.443400   0.601400   0.483200   0.413200 
104   0.521600   0.519400   0.523400   0.518400   0.529200   0.531200   0.529200   0.492200   0.529200   0.439600   0.598200   0.479600   0.409000 
105   0.517600   0.515200   0.519400   0.514200   0.525600   0.527000   0.525200   0.488200   0.525000   0.436200   0.594800   0.476200   0.404800 
106   0.513200   0.511000   0.515400   0.510400   0.522000   0.523000   0.521200   0.484200   0.521200   0.432800   0.591600   0.472600   0.400600 
107   0.509200   0.506800   0.511400   0.506400   0.518400   0.519000   0.517200   0.480200   0.517000   0.429200   0.588400   0.469000   0.396400 
108   0.505200   0.502600   0.507600   0.502400   0.514800   0.515000   0.513200   0.476200   0.512800   0.425600   0.585200   0.465400   0.392400 
109   0.501000   0.498400   0.504000   0.498400   0.511200   0.511000   0.509200   0.472200   0.508400   0.422200   0.582000   0.461800   0.388200 
110   0.496800   0.494400   0.500600   0.494600   0.507600   0.507200   0.505200   0.468200   0.504600   0.418800   0.578800   0.458200   0.384000 
111   0.493000   0.490000   0.497400   0.490600   0.503800   0.503400   0.501200   0.464400   0.500800   0.415400   0.575600   0.454600   0.379800 
112   0.489400   0.485800   0.493800   0.486600   0.500400   0.499600   0.497400   0.460200   0.497000   0.412000   0.572600   0.451200   0.375800 
113   0.485800   0.482000   0.490200   0.483000   0.496800   0.495800   0.494000   0.456200   0.493400   0.408600   0.569800   0.448000   0.371600 
114   0.482200   0.478200   0.486600   0.479400   0.493200   0.492000   0.490200   0.452200   0.489600   0.405400   0.567000   0.444800   0.367400 
115   0.478600   0.475000   0.483200   0.475800   0.489600   0.488200   0.486600   0.448000   0.485800   0.402600   0.564200   0.441600   0.363200 
116   0.475000   0.471400   0.479800   0.472400   0.486000   0.484400   0.482800   0.443800   0.482200   0.399400   0.561200   0.438000   0.359200 
117   0.471400   0.467800   0.476400   0.469200   0.482400   0.480400   0.479000   0.439800   0.478600   0.396400   0.558400   0.434400   0.355200 
118   0.468000   0.464400   0.473000   0.466000   0.478800   0.476600   0.475200   0.435800   0.475000   0.393600   0.555600   0.430800   0.352000 
119   0.464400   0.461000   0.469600   0.462800   0.475400   0.473200   0.471600   0.432200   0.471400   0.390400   0.553000   0.427200   0.348200 
120   0.460800   0.457600   0.466400   0.459600   0.472000   0.469600   0.468000   0.428200   0.467800   0.387400   0.550600   0.423800   0.344800 
121   0.457000   0.454200   0.463200   0.456600   0.468600   0.466000   0.464200   0.424400   0.464400   0.384600   0.548200   0.420600   0.341200 
122   0.453600   0.450800   0.460200   0.453800   0.465200   0.462400   0.460800   0.420600   0.461000   0.382200   0.545800   0.417200   0.337600 
123   0.450200   0.447600   0.457000   0.450800   0.461800   0.458800   0.457200   0.416800   0.457600   0.379200   0.543400   0.414000   0.334000 
124   0.446800   0.444200   0.454000   0.447800   0.458400   0.455400   0.453400   0.413200   0.454200   0.376200   0.541000   0.410800   0.330400 
125   0.443400   0.440800   0.450800   0.444800   0.455000   0.451800   0.449800   0.409600   0.450800   0.373200   0.538600   0.407600   0.326600 
126   0.440000   0.437600   0.447800   0.441800   0.451600   0.448200   0.446200   0.406000   0.447400   0.370400   0.536400   0.404400   0.323000 
127   0.436600   0.434400   0.444800   0.438800   0.448200   0.444400   0.442600   0.402400   0.444200   0.367600   0.534000   0.400800   0.319400 
128   0.433200   0.431200   0.441800   0.435800   0.444800   0.440800   0.439000   0.398800   0.441000   0.364600   0.531600   0.397400   0.316200 
129   0.430000   0.428200   0.438800   0.432800   0.441400   0.437400   0.435600   0.395200   0.437800   0.361600   0.529400   0.394800   0.312800 
130   0.426800   0.424800   0.436000   0.429800   0.438000   0.434200   0.431800   0.391600   0.434600   0.358800   0.527200   0.391600   0.309400 
131   0.423800   0.421600   0.432800   0.426800   0.434600   0.431000   0.428000   0.388000   0.431200   0.356200   0.525000   0.388400   0.306400 
132   0.420600   0.418400   0.430000   0.423800   0.431400   0.427800   0.424600   0.384400   0.427800   0.353800   0.522800   0.385200   0.303200 
133   0.417400   0.415200   0.427200   0.421000   0.427800   0.424800   0.421000   0.380800   0.424400   0.351800   0.520600   0.382000   0.300200 
134   0.414400   0.412400   0.424200   0.418000   0.424600   0.421600   0.417600   0.377200   0.421000   0.349800   0.518400   0.378800   0.297200 
135   0.411400   0.409400   0.421200   0.415400   0.421400   0.418600   0.414400   0.373800   0.417600   0.348000   0.516200   0.375600   0.294200 
136   0.408400   0.406400   0.418400   0.412400   0.418200   0.415600   0.411200   0.370000   0.414200   0.346400   0.514000   0.372800   0.291400 
137   0.405600   0.403400   0.415200   0.409600   0.415000   0.412600   0.407800   0.366400   0.410800   0.344800   0.511800   0.369600   0.288800 
138   0.402400   0.400400   0.412200   0.406800   0.411800   0.409600   0.404400   0.362800   0.407600   0.342800   0.509600   0.366400   0.286200 
139   0.399400   0.397400   0.409200   0.404000   0.408600   0.406800   0.400800   0.359200   0.404000   0.341000   0.507400   0.363200   0.283400 
140   0.396400   0.394400   0.406400   0.401400   0.405200   0.404000   0.397200   0.355600   0.400800   0.339200   0.505400   0.360200   0.280600 
141   0.393400   0.391600   0.403600   0.398600   0.402000   0.401200   0.393600   0.352000   0.397800   0.337400   0.503000   0.357200   0.278000 
142   0.390600   0.389200   0.400600   0.395800   0.398800   0.398400   0.390000   0.348400   0.394800   0.335600   0.500800   0.354600   0.275200 
143   0.387800   0.386200   0.397800   0.393000   0.395600   0.395600   0.386400   0.344800   0.391800   0.334000   0.498600   0.351600   0.272400 
144   0.385000   0.383400   0.395200   0.390200   0.393000   0.392800   0.383000   0.341400   0.388800   0.332200   0.496400   0.348600   0.269600 
145   0.382200   0.380200   0.392600   0.387400   0.389800   0.390000   0.379600   0.337800   0.386000   0.330200   0.494200   0.345800   0.266800 
146   0.379400   0.377200   0.389800   0.384800   0.386800   0.387200   0.376200   0.334000   0.383200   0.328800   0.492000   0.342800   0.264000 
147   0.376600   0.374200   0.387000   0.382000   0.383600   0.384600   0.372800   0.330400   0.380400   0.327200   0.489600   0.339800   0.261400 
148   0.373800   0.371200   0.384000   0.379000   0.380200   0.382000   0.369400   0.326800   0.377600   0.325600   0.487200   0.336800   0.259200 
149   0.371000   0.368400   0.381400   0.376000   0.377000   0.379200   0.366200   0.323200   0.374800   0.324000   0.484800   0.333800   0.256800 
150   0.368200   0.365600   0.378800   0.373400   0.374200   0.376200   0.363000   0.319600   0.372000   0.322600   0.482400   0.330800   0.254600 
151   0.365400   0.362800   0.376000   0.370600   0.371400   0.373400   0.359800   0.316000   0.369600   0.321000   0.480000   0.327600   0.252200 
152   0.362600   0.360000   0.372800   0.367800   0.368600   0.370400   0.356600   0.312400   0.367000   0.319400   0.477600   0.324400   0.249800 
153   0.359800   0.357400   0.369800   0.365200   0.365600   0.367200   0.353400   0.309000   0.364400   0.317800   0.475200   0.321200   0.247200 
154   0.356600   0.354400   0.366800   0.362800   0.362600   0.364200   0.350200   0.305400   0.361800   0.316200   0.472800   0.318200   0.245000 
155   0.353600   0.351400   0.363600   0.360200   0.359600   0.361000   0.347000   0.302000   0.359200   0.314800   0.470400   0.314800   0.242600 
156   0.351000   0.348400   0.360600   0.357400   0.356800   0.357800   0.343800   0.298600   0.356600   0.313000   0.468000   0.311600   0.240200 
157   0.348000   0.345400   0.357600   0.354400   0.353800   0.354800   0.340600   0.295200   0.354000   0.311600   0.465600   0.308400   0.237800 
158   0.345000   0.342400   0.354600   0.351200   0.351000   0.351800   0.337400   0.292000   0.351400   0.310000   0.463200   0.305200   0.235200 
159   0.342200   0.339400   0.351600   0.348200   0.348200   0.348800   0.334200   0.289000   0.348800   0.309000   0.461000   0.302000   0.232400 
160   0.339200   0.336400   0.348600   0.345200   0.345400   0.345800   0.331200   0.285600   0.346200   0.307800   0.458600   0.299000   0.229400 
161   0.336200   0.333400   0.345600   0.342200   0.342600   0.343000   0.328200   0.282400   0.343800   0.306600   0.456200   0.296000   0.226600 
162   0.333200   0.330400   0.342600   0.339200   0.339800   0.339800   0.325200   0.279200   0.341400   0.305600   0.453800   0.293000   0.223800 
163   0.330200   0.327600   0.339800   0.336400   0.337000   0.337200   0.322200   0.276000   0.339000   0.304800   0.451400   0.290200   0.221000 
164   0.327200   0.324600   0.336600   0.333200   0.334200   0.334200   0.319200   0.272800   0.336600   0.303800   0.449000   0.287200   0.218000 
165   0.324200   0.321600   0.333600   0.330200   0.331400   0.330800   0.316200   0.269800   0.334200   0.302800   0.446800   0.284400   0.215400 
166   0.321200   0.318600   0.330600   0.327000   0.328800   0.327800   0.313200   0.266800   0.331800   0.302000   0.444600   0.281600   0.213000 
167   0.318200   0.315600   0.327600   0.323800   0.326000   0.324800   0.310200   0.264000   0.329400   0.301000   0.442400   0.278600   0.210600 
168   0.315200   0.312600   0.324800   0.320400   0.323200   0.321800   0.307400   0.260800   0.327000   0.300200   0.440200   0.275600   0.208600 
169   0.312200   0.309600   0.322000   0.317200   0.320400   0.318800   0.304400   0.257800   0.324600   0.299400   0.438000   0.272600   0.206000 
170   0.309200   0.306600   0.319200   0.314000   0.317600   0.315800   0.301800   0.255000   0.322200   0.298600   0.436000   0.269800   0.203400 
171   0.306000   0.303600   0.316000   0.310800   0.314800   0.312800   0.298600   0.252200   0.320000   0.298000   0.433800   0.267200   0.201200 
172   0.303000   0.300600   0.313200   0.307600   0.311800   0.310000   0.296200   0.249200   0.317800   0.297200   0.431600   0.264600   0.199200 
173   0.300000   0.297600   0.310200   0.304600   0.308800   0.307000   0.293000   0.246200   0.315600   0.296400   0.429200   0.262000   0.197000 
174   0.297000   0.294600   0.307200   0.301200   0.305600   0.304200   0.290200   0.243200   0.313400   0.296000   0.426800   0.259400   0.195400 
175   0.294200   0.291600   0.304400   0.297800   0.302600   0.301600   0.287400   0.240400   0.311200   0.295400   0.424400   0.257000   0.193400 
176   0.291200   0.288600   0.301400   0.294800   0.299600   0.298800   0.284800   0.237600   0.309000   0.295000   0.422200   0.254400   0.191400 
177   0.288200   0.285600   0.298400   0.291600   0.297000   0.295800   0.282200   0.234800   0.306800   0.294200   0.420000   0.252200   0.189600 
178   0.285400   0.282600   0.295400   0.288400   0.294400   0.293000   0.279600   0.232000   0.304600   0.294000   0.418000   0.249600   0.187200 
179   0.282400   0.279800   0.292600   0.285200   0.291600   0.290200   0.277000   0.229400   0.302400   0.293200   0.416000   0.247600   0.185200 
180   0.279400   0.276800   0.289400   0.282000   0.288800   0.287400   0.274400   0.226600   0.300200   0.292400   0.414000   0.245400   0.183000 
181   0.276600   0.273600   0.286600   0.278800   0.286000   0.284400   0.272000   0.223800   0.298200   0.290800   0.412000   0.242800   0.181000 
182   0.273600   0.270400   0.283600   0.275600   0.283400   0.281400   0.269200   0.221000   0.296200   0.289800   0.410000   0.240600   0.178600 
183   0.270600   0.267400   0.280600   0.272400   0.280800   0.278400   0.266600   0.218200   0.294200   0.288400   0.408000   0.238000   0.176400 
184   0.267600   0.264400   0.277600   0.269200   0.278200   0.275400   0.264000   0.215400   0.292200   0.287200   0.406200   0.235400   0.174200 
185   0.264600   0.261600   0.274200   0.266200   0.275600   0.272400   0.261400   0.212800   0.290200   0.285800   0.404400   0.232800   0.172200 
186   0.261800   0.258400   0.271200   0.263200   0.272800   0.269400   0.259000   0.210200   0.288400   0.284600   0.402600   0.230400   0.170200 
187   0.259000   0.255200   0.268000   0.260200   0.270200   0.266400   0.256400   0.207800   0.286400   0.283200   0.400800   0.228000   0.168400 
188   0.256400   0.252000   0.265000   0.257200   0.267400   0.263600   0.253600   0.205200   0.284200   0.281800   0.399000   0.225600   0.166400 
189   0.253600   0.248800   0.261800   0.254200   0.264600   0.260800   0.250800   0.202400   0.281800   0.280400   0.397200   0.223400   0.164400 
190   0.250600   0.245600   0.258600   0.251200   0.261800   0.257800   0.248200   0.199800   0.279400   0.279000   0.395600   0.221000   0.162400 
191   0.247600   0.242600   0.255600   0.248200   0.259000   0.254800   0.245400   0.197200   0.277200   0.277600   0.394000   0.218600   0.160400 
192   0.244600   0.239400   0.252600   0.245000   0.256200   0.252000   0.242600   0.194600   0.275000   0.276200   0.392000   0.216200   0.158400 
193   0.241600   0.236000   0.249600   0.242200   0.253200   0.249200   0.239800   0.192000   0.272800   0.275200   0.390200   0.213800   0.156400 
194   0.238600   0.232800   0.246600   0.239200   0.250400   0.246000   0.237000   0.189200   0.270800   0.274400   0.388400   0.212000   0.154400 
195   0.235600   0.229800   0.243600   0.236200   0.247600   0.243400   0.234200   0.186600   0.268600   0.273200   0.386600   0.210000   0.152200 
196   0.232600   0.226800   0.240600   0.233200   0.244800   0.240800   0.231600   0.184200   0.266600   0.272400   0.384600   0.207800   0.150000 
197   0.229600   0.223800   0.237800   0.230600   0.242000   0.238200   0.228800   0.181600   0.264600   0.271600   0.382800   0.205800   0.147800 
198   0.226600   0.220800   0.234600   0.227800   0.239600   0.235600   0.226000   0.179200   0.262600   0.270600   0.380800   0.203600   0.145600 
199   0.223800   0.217800   0.231200   0.225200   0.236600   0.232800   0.223200   0.177000   0.260600   0.269800   0.379000   0.201800   0.143400 
200   0.220800   0.214600   0.228000   0.222400   0.234200   0.230200   0.220400   0.174600   0.258600   0.268800   0.377200   0.199600   0.141200 
201   0.218200   0.211400   0.224800   0.219400   0.231600   0.227600   0.217600   0.172600   0.256800   0.267600   0.375200   0.197600   0.139000 
202   0.215400   0.208400   0.221800   0.216400   0.228800   0.225000   0.214800   0.170600   0.255000   0.266400   0.373600   0.196200   0.137200 
203   0.212600   0.205400   0.219000   0.213800   0.226000   0.222200   0.212000   0.168600   0.253200   0.265400   0.371600   0.195200   0.135200 
204   0.209800   0.202400   0.216000   0.211200   0.223200   0.219400   0.209200   0.166800   0.251200   0.264600   0.369800   0.194000   0.133000 
205   0.207200   0.199400   0.213000   0.208600   0.220400   0.216600   0.206600   0.164800   0.249000   0.263600   0.367800   0.193000   0.130800 
206   0.204600   0.196400   0.210000   0.205800   0.217600   0.214000   0.203800   0.162800   0.247000   0.262400   0.365600   0.192400   0.128600 
207   0.202000   0.193400   0.207400   0.203400   0.215000   0.211400   0.201200   0.160800   0.245000   0.261000   0.363600   0.191600   0.126800 
208   0.199400   0.190400   0.204400   0.200800   0.212200   0.208800   0.198800   0.158800   0.243200   0.259800   0.361600   0.191000   0.125000 
209   0.196800   0.187400   0.201800   0.198200   0.209600   0.206200   0.196200   0.157000   0.241200   0.258600   0.359600   0.190400   0.123000 
210   0.194200   0.184400   0.199000   0.195800   0.207000   0.203600   0.193800   0.154800   0.239200   0.257400   0.357800   0.189800   0.121000 
211   0.191400   0.181600   0.196400   0.193400   0.204600   0.201000   0.191400   0.152600   0.237200   0.256000   0.356000   0.189600   0.119000 
212   0.188600   0.178800   0.193600   0.191000   0.202400   0.198400   0.189000   0.150600   0.235200   0.254600   0.354200   0.189200   0.117000 
213   0.185800   0.176000   0.191000   0.188600   0.200000   0.196200   0.186600   0.148600   0.233400   0.253000   0.352400   0.189200   0.115000 
214   0.182800   0.173200   0.188800   0.186200   0.197800   0.194200   0.184400   0.146600   0.231400   0.251400   0.350600   0.189000   0.113000 
215   0.180200   0.170400   0.186200   0.183800   0.195400   0.192400   0.182200   0.144600   0.229400   0.249800   0.349000   0.188400   0.111000 
216   0.177800   0.167600   0.183800   0.181600   0.193200   0.190400   0.180200   0.142800   0.227400   0.248000   0.347400   0.188400   0.109200 
217   0.175600   0.164800   0.181200   0.179000   0.190800   0.188000   0.177800   0.141000   0.225400   0.246400   0.345800   0.188000   0.107000 
218   0.173200   0.162000   0.178600   0.176600   0.188400   0.186000   0.175600   0.139000   0.223400   0.244800   0.344200   0.187600   0.104800 
219   0.170800   0.159400   0.176000   0.174200   0.186000   0.183800   0.173400   0.137200   0.221400   0.243200   0.342800   0.187000   0.102400 
220   0.168400   0.156600   0.173600   0.171800   0.183600   0.181600   0.171000   0.135400   0.219400   0.241800   0.341000   0.186200   0.100200 
221   0.166000   0.153800   0.171200   0.169200   0.181200   0.179200   0.168600   0.134000   0.217600   0.240000   0.339400   0.185600   0.098000 
222   0.163800   0.151400   0.168800   0.166800   0.178800   0.177200   0.166400   0.131600   0.215600   0.238400   0.337800   0.185200   0.096000 
223   0.161400   0.149000   0.166400   0.164400   0.176600   0.175000   0.164200   0.129600   0.213800   0.236800   0.336000   0.184800   0.093800 
224   0.159200   0.146800   0.164000   0.162000   0.174000   0.172800   0.162200   0.127600   0.212400   0.235200   0.334400   0.184400   0.091600 
225   0.157000   0.144600   0.161600   0.159800   0.171800   0.170600   0.160000   0.125600   0.210600   0.234000   0.332600   0.184000   0.089400 
226   0.154800   0.142400   0.159200   0.157400   0.169400   0.168400   0.157800   0.123800   0.209000   0.232400   0.330800   0.183600   0.087800 
227   0.152600   0.140400   0.156800   0.154800   0.167000   0.166200   0.155600   0.121800   0.207400   0.231200   0.329000   0.183000   0.086000 
228   0.150400   0.138400   0.154400   0.152400   0.164600   0.164000   0.153200   0.120000   0.205800   0.229800   0.327200   0.182600   0.083600 
229   0.148200   0.136400   0.152000   0.150000   0.162200   0.161800   0.150800   0.117800   0.204200   0.228600   0.325600   0.182200   0.081800 
230   0.146200   0.134600   0.149600   0.147600   0.160200   0.159600   0.148600   0.115600   0.202600   0.227400   0.323800   0.181800   0.079800 
231   0.144400   0.132600   0.147400   0.145600   0.158000   0.157400   0.146600   0.113600   0.201000   0.226000   0.321800   0.181400   0.078200 
232   0.142800   0.130600   0.145400   0.143400   0.155600   0.155200   0.144200   0.111400   0.199200   0.224600   0.319600   0.181200   0.076400 
233   0.141000   0.128600   0.143400   0.141200   0.153400   0.153400   0.142000   0.109400   0.197400   0.223200   0.317600   0.180600   0.074800 
234   0.139000   0.126800   0.141600   0.139400   0.151600   0.151000   0.139800   0.107400   0.195600   0.221800   0.316000   0.180400   0.073200 
235   0.136800   0.125000   0.139800   0.137200   0.149600   0.149000   0.137600   0.105600   0.193800   0.220400   0.314000   0.180200   0.071600 
236   0.134400   0.123200   0.137800   0.135000   0.147800   0.146800   0.135400   0.103800   0.192000   0.219000   0.312000   0.179600   0.070200 
237   0.132000   0.122000   0.136200   0.133000   0.146000   0.144400   0.133200   0.102200   0.190200   0.217400   0.310000   0.179000   0.068800 
238   0.129600   0.120000   0.134400   0.131000   0.144400   0.142400   0.131000   0.100200   0.188400   0.215800   0.308000   0.178400   0.067400 
239   0.127200   0.118200   0.132200   0.129000   0.143000   0.140200   0.129000   0.098400   0.186600   0.214600   0.306000   0.177800   0.066000 
240   0.124800   0.116400   0.130400   0.127000   0.141400   0.138000   0.127000   0.096600   0.184800   0.213200   0.304000   0.177200   0.064600 
241   0.122600   0.114600   0.128600   0.125000   0.140000   0.135600   0.125000   0.094800   0.183200   0.212000   0.302000   0.176400   0.063200 
242   0.120400   0.112800   0.126800   0.123200   0.138400   0.133200   0.123000   0.093000   0.181400   0.210800   0.300000   0.175600   0.061800 
243   0.118000   0.110800   0.125000   0.121400   0.136800   0.130800   0.121000   0.091200   0.179600   0.209600   0.298000   0.175000   0.060400 
244   0.116000   0.108800   0.123000   0.119600   0.135200   0.128600   0.119000   0.089400   0.177800   0.208200   0.296000   0.174600   0.059000 
245   0.114000   0.107000   0.121200   0.117800   0.133400   0.126200   0.117000   0.087400   0.176000   0.206800   0.294000   0.174000   0.058000 
246   0.111800   0.104800   0.119800   0.116000   0.131600   0.123800   0.115000   0.085400   0.174400   0.205400   0.292000   0.173600   0.056800 
247   0.109600   0.102800   0.118000   0.114200   0.130000   0.121600   0.113000   0.083600   0.172800   0.203800   0.290000   0.173000   0.055600 
248   0.107400   0.101000   0.116600   0.112400   0.128400   0.119400   0.111000   0.081800   0.171600   0.202400   0.288000   0.172200   0.054400 
249   0.105200   0.099200   0.114800   0.110600   0.126800   0.117200   0.109000   0.080200   0.170200   0.201200   0.286000   0.171400   0.053200 
250   0.103000   0.097000   0.113000   0.108800   0.125400   0.115000   0.106800   0.078600   0.169000   0.199800   0.284000   0.171400   0.052000 
251   0.100800   0.094800   0.111200   0.107000   0.123600   0.112800   0.104800   0.077000   0.167800   0.198400   0.282000   0.171200   0.050400 
252   0.098800   0.092600   0.109400   0.105200   0.121800   0.110600   0.102800   0.075400   0.166800   0.196800   0.280000   0.171000   0.049000 
253   0.096800   0.090400   0.107800   0.103400   0.120000   0.108600   0.100800   0.073800   0.165800   0.195000   0.278000   0.170800   0.047600 
254   0.094800   0.088200   0.106200   0.101600   0.118200   0.106600   0.098800   0.072400   0.164800   0.193400   0.276000   0.170400   0.046000 
255   0.093000   0.086400   0.104200   0.099800   0.116400   0.104600   0.096800   0.071200   0.163600   0.191800   0.274000   0.170400   0.044600 
256   0.091000   0.084600   0.102600   0.098000   0.114600   0.102800   0.094800   0.070000   0.162600   0.190000   0.271800   0.170400   0.043200 
257   0.089200   0.083000   0.100600   0.096200   0.112600   0.101200   0.092800   0.068800   0.161200   0.188400   0.269800   0.170200   0.042000 
258   0.087400   0.081000   0.099200   0.094400   0.110600   0.099600   0.090800   0.067400   0.159800   0.186800   0.267800   0.170000   0.041000 
259   0.085600   0.079400   0.097600   0.092600   0.108600   0.098000   0.088800   0.066000   0.158200   0.185200   0.265800   0.169800   0.039800 
260   0.083800   0.077400   0.096200   0.090800   0.106400   0.096400   0.086800   0.064800   0.156600   0.183400   0.263800   0.169600   0.039000 
261   0.082000   0.075800   0.094800   0.089000   0.104600   0.094800   0.084800   0.063200   0.155000   0.182200   0.261800   0.169400   0.038000 
262   0.080200   0.074000   0.093400   0.087200   0.102600   0.093200   0.082600   0.061600   0.153600   0.180400   0.259800   0.169200   0.036800 
263   0.078400   0.072200   0.091800   0.085400   0.100800   0.091800   0.080600   0.059400   0.152400   0.178600   0.257800   0.169200   0.035600 
264   0.076200   0.070400   0.090200   0.083600   0.098800   0.090400   0.078600   0.057800   0.151000   0.176800   0.255800   0.169200   0.034400 
265   0.074400   0.068600   0.088600   0.081800   0.096800   0.089200   0.076600   0.056000   0.149600   0.174800   0.253800   0.169200   0.033000 
266   0.072400   0.066800   0.087000   0.080000   0.094800   0.087800   0.074600   0.054200   0.148200   0.172800   0.251800   0.169000   0.031800 
267   0.070400   0.065000   0.085400   0.078200   0.092800   0.086200   0.072800   0.052400   0.146800   0.171000   0.249800   0.169000   0.030800 
268   0.068600   0.063200   0.083800   0.076600   0.090800   0.084600   0.071000   0.050600   0.145400   0.168800   0.247800   0.168800   0.029800 
269   0.066800   0.061600   0.082000   0.074800   0.088600   0.082800   0.069200   0.048800   0.144000   0.166600   0.245800   0.168400   0.028800 
270   0.065000   0.059800   0.080200   0.073000   0.086600   0.081200   0.067600   0.047000   0.142600   0.164400   0.243800   0.168000   0.027800 
271   0.063400   0.058000   0.078400   0.071200   0.084800   0.079400   0.066000   0.045400   0.141000   0.162200   0.241800   0.167600   0.026800 
272   0.061600   0.056200   0.076600   0.069400   0.082800   0.077600   0.064600   0.043600   0.140000   0.159800   0.239800   0.167200   0.026000 
273   0.059800   0.054400   0.074800   0.067800   0.081000   0.075600   0.063200   0.042000   0.138800   0.157400   0.238000   0.166800   0.024600 
274   0.058000   0.052600   0.073200   0.066200   0.078800   0.073400   0.061800   0.040200   0.137600   0.155000   0.236200   0.166600   0.023800 
275   0.056400   0.050800   0.071400   0.064400   0.077000   0.071400   0.060400   0.038400   0.136400   0.152400   0.234400   0.166400   0.022800 
276   0.054600   0.049200   0.069400   0.062600   0.075000   0.069400   0.059000   0.036600   0.135200   0.150000   0.232800   0.166400   0.021800 
277   0.052800   0.047600   0.067600   0.060800   0.072800   0.067400   0.057600   0.034800   0.134200   0.147600   0.231000   0.166400   0.021200 
278   0.051000   0.046000   0.065800   0.059000   0.070800   0.065400   0.056200   0.033000   0.133000   0.145200   0.229400   0.166200   0.020200 
279   0.049400   0.044400   0.064000   0.057400   0.068800   0.063400   0.054800   0.031400   0.132000   0.142400   0.228200   0.166000   0.019600 
280   0.047800   0.042400   0.062000   0.055600   0.066400   0.061400   0.053400   0.029400   0.131400   0.140000   0.226800   0.165800   0.018600 
281   0.046200   0.041000   0.060400   0.054000   0.064400   0.059400   0.052000   0.027800   0.130600   0.137600   0.225400   0.165600   0.018000 
282   0.044600   0.039400   0.058400   0.052400   0.062400   0.057200   0.050600   0.026200   0.129800   0.135000   0.224000   0.165600   0.017200 
283   0.043000   0.038000   0.056400   0.051000   0.060600   0.055000   0.049200   0.025200   0.129000   0.132400   0.222400   0.165600   0.016000 
284   0.041400   0.036200   0.054400   0.049200   0.058600   0.053200   0.047800   0.023600   0.128200   0.129800   0.221200   0.165800   0.015000 
285   0.039600   0.034600   0.052200   0.047600   0.056600   0.051200   0.046400   0.022200   0.127200   0.127400   0.219800   0.166000   0.014000 
286   0.037800   0.033000   0.050000   0.045800   0.054600   0.049200   0.045000   0.020800   0.126200   0.125000   0.218600   0.166000   0.013000 
287   0.035800   0.031200   0.048000   0.044200   0.052800   0.047200   0.043600   0.019600   0.125200   0.122800   0.217200   0.166400   0.012000 
288   0.034000   0.029400   0.046000   0.042400   0.051000   0.045200   0.042200   0.018400   0.124200   0.120800   0.215600   0.166600   0.010800 
289   0.032200   0.027200   0.044000   0.040600   0.049200   0.043200   0.040800   0.017200   0.123200   0.118400   0.214000   0.166800   0.009600 
290   0.030400   0.025200   0.042200   0.038800   0.047600   0.041200   0.039400   0.016000   0.122200   0.116400   0.212400   0.167000   0.008800 
291   0.028400   0.023200   0.040200   0.037000   0.045800   0.039200   0.038000   0.014800   0.121200   0.114200   0.210800   0.167000   0.008200 
292   0.026600   0.021200   0.038400   0.035400   0.044000   0.037000   0.036600   0.013800   0.120000   0.112000   0.209200   0.167400   0.007600 
293   0.024600   0.019200   0.036400   0.033200   0.042200   0.035200   0.035000   0.012400   0.118800   0.110000   0.207600   0.167200   0.007000 
294   0.022400   0.017200   0.034600   0.031200   0.040400   0.033600   0.033600   0.011200   0.117800   0.108000   0.206000   0.167600   0.006600 
295   0.020400   0.015200   0.032800   0.029000   0.038600   0.032000   0.032200   0.010000   0.116800   0.106000   0.204200   0.167800   0.006000 
296   0.018600   0.013400   0.031200   0.027000   0.036800   0.030400   0.030800   0.009000   0.115600   0.104600   0.202400   0.168200   0.005800 
297   0.016600   0.011400   0.029400   0.025000   0.035000   0.029000   0.029400   0.007800   0.114400   0.103200   0.200600   0.168600   0.005400 
298   0.014600   0.009600   0.027600   0.023000   0.033200   0.027400   0.028000   0.006800   0.113200   0.101800   0.198800   0.169200   0.005000 
299   0.012600   0.007400   0.025400   0.021000   0.031400   0.026200   0.026600   0.006000   0.112000   0.100400   0.197000   0.169600   0.004600 
300   0.010600   0.005800   0.023400   0.019000   0.029600   0.025000   0.025200   0.005200   0.110800   0.099000   0.195200   0.169800   0.004000 
301   0.008400   0.003800   0.021400   0.017000   0.027800   0.023800   0.023800   0.004400   0.109600   0.097600   0.193400   0.170000   0.003600 
302   0.006400   0.001800   0.019400   0.014800   0.026000   0.022600   0.022400   0.003600   0.108400   0.096200   0.191800   0.170000   0.003200 
303   0.004400  -0.000400   0.017600   0.012800   0.024000   0.021400   0.020600   0.002800   0.107400   0.094600   0.190000   0.170200   0.002800 
304   0.002400  -0.002200   0.015600   0.010800   0.021800   0.020200   0.019000   0.002000   0.106200   0.093400   0.188200   0.170400   0.002600 
305   0.000200  -0.004400   0.013600   0.008800   0.019600   0.019000   0.017200   0.001200   0.105000   0.092000   0.186400   0.170800   0.002600 
306  -0.001800  -0.006400   0.011600   0.006800   0.017600   0.017800   0.015200   0.000400   0.103800   0.090800   0.184600   0.171200   0.002600 
307  -0.003800  -0.008400   0.009600   0.004800   0.015600   0.016600   0.013600  -0.000200   0.103000   0.089400   0.182600   0.171800   0.002600 
308  -0.005600  -0.010000   0.007400   0.002800   0.013800   0.015600   0.011800  -0.001000   0.102000   0.088200   0.180800   0.172400   0.002800 
309  -0.007600  -0.012000   0.005400   0.000800   0.012000   0.014400   0.010000  -0.001600   0.101600   0.086800   0.179000   0.173000   0.002800 
310  -0.009600  -0.014200   0.003400  -0.001200   0.010200   0.013000   0.008200  -0.002600   0.100600   0.085400   0.177200   0.173600   0.003000 
311  -0.011600  -0.016000   0.001400  -0.003200   0.008400   0.011600   0.006400  -0.003400   0.100000   0.084000   0.175400   0.174200   0.003000 
312  -0.013600  -0.018000  -0.000600  -0.005200   0.006600   0.010200   0.004600  -0.004200   0.099400   0.082800   0.173600   0.174800   0.003000 
313  -0.015600  -0.019600  -0.002600  -0.007000   0.004800   0.008800   0.003000  -0.004800   0.099000   0.081600   0.171800   0.175400   0.003000 
314  -0.017600  -0.021400  -0.004600  -0.009000   0.003000   0.007400   0.001400  -0.005200   0.098600   0.080000   0.170000   0.176000   0.003000 
315  -0.019600  -0.023000  -0.006600  -0.011000   0.001200   0.006000  -0.000200  -0.005400   0.098200   0.078800   0.168200   0.176800   0.003000 
316  -0.021600  -0.024600  -0.008600  -0.012800  -0.000200   0.005000  -0.001800  -0.006000   0.097800   0.077800   0.166400   0.177400   0.003200 
317  -0.023400  -0.026200  -0.010600  -0.014600  -0.001800   0.003800  -0.003400  -0.006400   0.097200   0.077000   0.164600   0.178000   0.003200 
318  -0.025200  -0.027800  -0.012800  -0.016400  -0.003200   0.002600  -0.004800  -0.007000   0.096800   0.075800   0.162400   0.178400   0.003200 
319  -0.026600  -0.029400  -0.014600  -0.018200  -0.004600   0.001400  -0.006200  -0.007600   0.096200   0.075000   0.160600   0.178800   0.003000 
320  -0.028000  -0.031000  -0.016400  -0.020000  -0.006000   0.000400  -0.007600  -0.008200   0.095400   0.074400   0.158600   0.179400   0.002800 
321  -0.029000  -0.032600  -0.018200  -0.021800  -0.007200  -0.000800  -0.009000  -0.008800   0.094400   0.073600   0.156800   0.179600   0.002600 
322  -0.030600  -0.034400  -0.020000  -0.023600  -0.008600  -0.001600  -0.010400  -0.009200   0.093400   0.073000   0.155000   0.180000   0.002200 
323  -0.032000  -0.035800  -0.021800  -0.025400  -0.009800  -0.002600  -0.011800  -0.009800   0.092400   0.072000   0.153400   0.180400   0.002200 
324  -0.033400  -0.037600  -0.023800  -0.027000  -0.011000  -0.003600  -0.013400  -0.010200   0.091400   0.071200   0.151800   0.180600   0.002000 
325  -0.034800  -0.038800  -0.025800  -0.028400  -0.012200  -0.004400  -0.015000  -0.010600   0.090600   0.070200   0.150000   0.180800   0.001800 
326  -0.036200  -0.040200  -0.027400  -0.029800  -0.013400  -0.005000  -0.016600  -0.011000   0.089400   0.069600   0.148400   0.181000   0.001400 
327  -0.037600  -0.041400  -0.029000  -0.031200  -0.014400  -0.005600  -0.017800  -0.011200   0.088400   0.069000   0.146800   0.181000   0.001400 
328  -0.038800  -0.042600  -0.030400  -0.032800  -0.015800  -0.006400  -0.019200  -0.011800   0.087600   0.068200   0.145000   0.181400   0.001200 
329  -0.040000  -0.043800  -0.031800  -0.034200  -0.017000  -0.007200  -0.020000  -0.012000   0.086600   0.067400   0.143600   0.181800   0.001000 
330  -0.041000  -0.044800  -0.033000  -0.035600  -0.018200  -0.008000  -0.021200  -0.012200   0.085400   0.066600   0.142000   0.182400   0.000800 
331  -0.042400  -0.046200  -0.034000  -0.037000  -0.019400  -0.008800  -0.022200  -0.012600   0.084400   0.065600   0.140400   0.182600   0.000800 
332  -0.043600  -0.047400  -0.035200  -0.038400  -0.020600  -0.009600  -0.023000  -0.013000   0.083200   0.064600   0.138800   0.182400   0.000800 
333  -0.044600  -0.048800  -0.036600  -0.039800  -0.021800  -0.010400  -0.023800  -0.013400   0.082000   0.063800   0.137200   0.182400   0.000200 
334  -0.045600  -0.049600  -0.037600  -0.041200  -0.023000  -0.011400  -0.024600  -0.013800   0.081000   0.062800   0.135600   0.182200   0.000200 
335  -0.046400  -0.050800  -0.038800  -0.042400  -0.024000  -0.012000  -0.025400  -0.014000   0.079800   0.062000   0.134200   0.182000   0.000200 
336  -0.047400  -0.051800  -0.040000  -0.043600  -0.025000  -0.012800  -0.026000  -0.014600   0.078800   0.061000   0.132600   0.181800   0.000200 
337  -0.048000  -0.052600  -0.041200  -0.044800  -0.026000  -0.013600  -0.026600  -0.015000   0.077600   0.060000   0.131400   0.181600   0.000200 
338  -0.048600  -0.053200  -0.042400  -0.046000  -0.027200  -0.014600  -0.027200  -0.015400   0.076200   0.058800   0.129800   0.181600   0.000200 
339  -0.049200  -0.054200  -0.043400  -0.047200  -0.028600  -0.015600  -0.027800  -0.015800   0.075000   0.058200   0.128400   0.181600   0.000400 
340  -0.050000  -0.055000  -0.044600  -0.048400  -0.029800  -0.016600  -0.028600  -0.016200   0.073800   0.057400   0.126800   0.181600   0.000400 
341  -0.050800  -0.055800  -0.045600  -0.049600  -0.030800  -0.017600  -0.029200  -0.016200   0.072400   0.056600   0.125400   0.181600   0.000800 
342  -0.051600  -0.056200  -0.046400  -0.050800  -0.031600  -0.019000  -0.029800  -0.016400   0.071200   0.055800   0.124000   0.181600   0.001000 
343  -0.052400  -0.056800  -0.047000  -0.052000  -0.032600  -0.020200  -0.030600  -0.016600   0.070000   0.055200   0.122600   0.181600   0.001200 
344  -0.053200  -0.057200  -0.047600  -0.053000  -0.033600  -0.021400  -0.031000  -0.016800   0.068800   0.054800   0.121400   0.181400   0.001200 
345  -0.054000  -0.057800  -0.048200  -0.054000  -0.034600  -0.022600  -0.031800  -0.017000   0.067600   0.054400   0.120000   0.181200   0.001400 
346  -0.054800  -0.058400  -0.048800  -0.055000  -0.035400  -0.023600  -0.032400  -0.017200   0.066400   0.053800   0.118800   0.180600   0.001400 
347  -0.055400  -0.058600  -0.049400  -0.056200  -0.036200  -0.024600  -0.033000  -0.017200   0.065000   0.053200   0.117600   0.180000   0.001400 
348  -0.056000  -0.059000  -0.050200  -0.057200  -0.037200  -0.025800  -0.033400  -0.017200   0.063800   0.052400   0.116400   0.179800   0.001400 
349  -0.056600  -0.059400  -0.050800  -0.058400  -0.038200  -0.027000  -0.033800  -0.017200   0.062600   0.051800   0.115200   0.179400   0.001400 
350  -0.057200  -0.059400  -0.052000  -0.059400  -0.039000  -0.028200  -0.034200  -0.017200   0.061400   0.051200   0.114000   0.178800   0.001200 
351  -0.057800  -0.059800  -0.052800  -0.060200  -0.039800  -0.029200  -0.034400  -0.017400   0.060200   0.050600   0.112800   0.178200   0.001000 
352  -0.058000  -0.060000  -0.053600  -0.060800  -0.040400  -0.030000  -0.035000  -0.017200   0.059000   0.049800   0.111600   0.177600   0.000800 
353  -0.058600  -0.060000  -0.054200  -0.061400  -0.041200  -0.030800  -0.035600  -0.016800   0.058000   0.049400   0.110400   0.177200   0.000600 
354  -0.059200  -0.060200  -0.054800  -0.062000  -0.041600  -0.031600  -0.036200  -0.016600   0.056800   0.049200   0.109200   0.176800   0.000400 
355  -0.059800  -0.060400  -0.055400  -0.062600  -0.042200  -0.032200  -0.037000  -0.016600   0.055800   0.048800   0.108000   0.176400   0.000200 
356  -0.060400  -0.060800  -0.055400  -0.063200  -0.042800  -0.032600  -0.037800  -0.016600   0.054800   0.048400   0.106800   0.175600  -0.000000 
357  -0.061200  -0.061000  -0.055800  -0.063800  -0.043400  -0.033000  -0.038600  -0.016600   0.053800   0.048000   0.105600   0.175200  -0.000200 
358  -0.061800  -0.061400  -0.056200  -0.064400  -0.044000  -0.033800  -0.039400  -0.016200   0.052800   0.047600   0.104400   0.175000  -0.000400 
359  -0.062200  -0.061800  -0.056400  -0.065000  -0.044600  -0.034400  -0.040400  -0.016400   0.051800   0.047000   0.103200   0.174800  -0.000600 
360  -0.062400  -0.062400  -0.056800  -0.065600  -0.045200  -0.035200  -0.041200  -0.016200   0.050600   0.046800   0.102000   0.174400  -0.001000 
361  -0.062800  -0.062400  -0.057200  -0.066200  -0.045800  -0.035800  -0.042000  -0.016200   0.049600   0.046200   0.100800   0.174000  -0.001400 
362  -0.063200  -0.063200  -0.057600  -0.066800  -0.046400  -0.036600  -0.042800  -0.016000   0.048800   0.046200   0.099600   0.173400  -0.001800 
363  -0.063600  -0.063800  -0.058000  -0.067600  -0.047000  -0.037400  -0.043600  -0.015800   0.047800   0.045800   0.098600   0.172800  -0.002200 
364  -0.064000  -0.064200  -0.058400  -0.068000  -0.047600  -0.038200  -0.044400  -0.015600   0.046800   0.045800   0.097400   0.172200  -0.002600 
365  -0.064400  -0.064600  -0.058800  -0.068200  -0.048400  -0.038800  -0.045200  -0.015600   0.045800   0.045200   0.096200   0.171600  -0.002800 
366  -0.065000  -0.065200  -0.059200  -0.068400  -0.048600  -0.039600  -0.045600  -0.015600   0.044800   0.044800   0.095000   0.171400  -0.003000 
367  -0.065400  -0.065600  -0.059600  -0.068400  -0.049000  -0.040200  -0.046000  -0.015600   0.043800   0.044600   0.094000   0.171000  -0.003400 
368  -0.065600  -0.065600  -0.060000  -0.068600  -0.049400  -0.040600  -0.046600  -0.015400   0.042800   0.044200   0.092800   0.170800  -0.003600 
369  -0.065600  -0.066000  -0.060400  -0.068800  -0.049800  -0.040800  -0.047200  -0.015200   0.041800   0.043600   0.091600   0.170600  -0.003800 
370  -0.065800  -0.066400  -0.060800  -0.069000  -0.050200  -0.041000  -0.048000  -0.015200   0.040800   0.043000   0.090400   0.170600  -0.004000 
371  -0.066200  -0.066800  -0.061200  -0.069000  -0.050400  -0.041200  -0.048600  -0.015200   0.039800   0.042400   0.089400   0.170600  -0.004400 
372  -0.066600  -0.067200  -0.061600  -0.069400  -0.050600  -0.041600  -0.049200  -0.015200   0.038800   0.042400   0.088200   0.170000  -0.005200 
373  -0.067000  -0.067600  -0.062000  -0.069400  -0.051000  -0.042000  -0.049800  -0.015000   0.037800   0.041800   0.087200   0.169600  -0.005800 
374  -0.067400  -0.067800  -0.062600  -0.069800  -0.051400  -0.042400  -0.050400  -0.014800   0.036800   0.041200   0.086000   0.169200  -0.006200 
375  -0.067800  -0.068400  -0.063400  -0.069800  -0.051600  -0.042800  -0.051200  -0.015000   0.035800   0.040600   0.085000   0.168800  -0.006800 
376  -0.068200  -0.069000  -0.064000  -0.069800  -0.052200  -0.043200  -0.051800  -0.014800   0.034800   0.040000   0.083800   0.168400  -0.007200 
377  -0.068600  -0.069400  -0.064600  -0.069800  -0.052600  -0.043600  -0.052400  -0.014800   0.034000   0.039400   0.082600   0.167800  -0.007600 
378  -0.069200  -0.069800  -0.065200  -0.069800  -0.053000  -0.044000  -0.053000  -0.014800   0.033200   0.038600   0.081400   0.167600  -0.008200 
379  -0.069600  -0.070200  -0.065800  -0.069800  -0.053400  -0.044200  -0.053400  -0.014800   0.032400   0.038200   0.080400   0.167200  -0.008600 
380  -0.070000  -0.070800  -0.066400  -0.069600  -0.053800  -0.044400  -0.053800  -0.014600   0.031600   0.037400   0.079200   0.166800  -0.009200 
381  -0.070400  -0.070800  -0.067000  -0.069800  -0.054200  -0.044600  -0.054400  -0.015000   0.030800   0.036800   0.077800   0.166400  -0.009400 
382  -0.070600  -0.071200  -0.067600  -0.069800  -0.054600  -0.044600  -0.055000  -0.014800   0.029600   0.036200   0.076600   0.166000  -0.010000 
383  -0.071200  -0.071600  -0.068200  -0.070200  -0.055000  -0.044600  -0.055400  -0.015400   0.028800   0.035600   0.075400   0.165400  -0.010600 
384  -0.071800  -0.072000  -0.068600  -0.070600  -0.055600  -0.044800  -0.055800  -0.015600   0.027800   0.035000   0.074400   0.164800  -0.011200 
385  -0.072000  -0.072400  -0.069200  -0.071200  -0.056000  -0.045000  -0.056200  -0.015800   0.026800   0.034400   0.073600   0.164200  -0.011800 
386  -0.072200  -0.073000  -0.069800  -0.071600  -0.056400  -0.045200  -0.056600  -0.016200   0.025800   0.033800   0.072600   0.163600  -0.012400 
387  -0.072400  -0.073400  -0.070400  -0.072000  -0.056800  -0.045600  -0.057000  -0.016200   0.024800   0.032600   0.071400   0.162800  -0.013000 
388  -0.072400  -0.074000  -0.070800  -0.072200  -0.057200  -0.045800  -0.057400  -0.016400   0.023800   0.031800   0.070200   0.162200  -0.013400 
389  -0.072600  -0.074600  -0.071200  -0.072800  -0.057600  -0.046000  -0.058000  -0.016400   0.022800   0.031000   0.069000   0.161400  -0.014000 
390  -0.073000  -0.074800  -0.071600  -0.072800  -0.058200  -0.046200  -0.058400  -0.016600   0.022000   0.030000   0.068000   0.160400  -0.014800 
391  -0.073400  -0.075000  -0.072000  -0.073000  -0.058600  -0.046400  -0.058800  -0.017000   0.021000   0.029200   0.067000   0.159600  -0.015200 
392  -0.073800  -0.075400  -0.072400  -0.073200  -0.059000  -0.046600  -0.059200  -0.017000   0.020000   0.028600   0.066200   0.158800  -0.015800 
393  -0.074200  -0.075800  -0.072600  -0.073600  -0.059400  -0.046600  -0.059400  -0.017200   0.018800   0.028000   0.065200   0.158000  -0.016000 
394  -0.073800  -0.076000  -0.072800  -0.073600  -0.059800  -0.046600  -0.059400  -0.017400   0.017800   0.027400   0.064400   0.157000  -0.016200 
395  -0.074000  -0.076600  -0.073000  -0.074000  -0.060000  -0.046800  -0.059600  -0.017600   0.016600   0.027000   0.063400   0.156000  -0.016600 
396  -0.074200  -0.076800  -0.073200  -0.074400  -0.060200  -0.047200  -0.059600  -0.018200   0.015600   0.026600   0.062600   0.154600  -0.017000 
397  -0.074200  -0.077000  -0.073200  -0.074600  -0.060200  -0.047400  -0.059800  -0.018600   0.014600   0.026200   0.061600   0.153600  -0.017200 
398  -0.074400  -0.077200  -0.073200  -0.074800  -0.060200  -0.047600  -0.060000  -0.019400   0.013600   0.025600   0.060600   0.152800  -0.017200 
399  -0.074600  -0.077200  -0.073200  -0.075000  -0.060600  -0.047800  -0.059800  -0.020000   0.012600   0.025400   0.059600   0.152000  -0.017600 
400  -0.074800  -0.077000  -0.073000  -0.075400  -0.060800  -0.048200  -0.059800  -0.020600   0.011600   0.025000   0.058600   0.151000  -0.018000 
401  -0.075000  -0.077000  -0.073000  -0.075400  -0.060800  -0.048400  -0.059600  -0.021400   0.010800   0.024600   0.057600   0.150200  -0.018400 
402  -0.075000  -0.077000  -0.073000  -0.075600  -0.061200  -0.048400  -0.059600  -0.022200   0.010000   0.024400   0.056600   0.149400  -0.018600 
403  -0.075000  -0.076800  -0.073000  -0.075800  -0.061400  -0.048600  -0.059600  -0.023000   0.009200   0.024200   0.055600   0.148400  -0.019000 
404  -0.075000  -0.077000  -0.073000  -0.076000  -0.061600  -0.048800  -0.059600  -0.023800   0.008600   0.023600   0.054600   0.147200  -0.019600 
405  -0.075000  -0.077000  -0.073000  -0.076000  -0.061800  -0.049000  -0.059800  -0.024600   0.007800   0.023200   0.053400   0.146200  -0.020200 
406  -0.075000  -0.077000  -0.073000  -0.076400  -0.062000  -0.049200  -0.059800  -0.025400   0.006800   0.022800   0.052600   0.145400  -0.020800 
407  -0.075000  -0.077200  -0.073000  -0.076400  -0.062000  -0.049400  -0.059800  -0.026200   0.006000   0.022400   0.052000   0.144600  -0.021800 
408  -0.074800  -0.077200  -0.073000  -0.076800  -0.062400  -0.049600  -0.059800  -0.027000   0.005200   0.022000   0.051400   0.143800  -0.022400 
409  -0.074800  -0.077000  -0.073000  -0.077000  -0.062400  -0.049800  -0.059800  -0.028000   0.004600   0.021600   0.050800   0.143000  -0.022800 
410  -0.074600  -0.077000  -0.073200  -0.077200  -0.062600  -0.050200  -0.059800  -0.029000   0.003800   0.021000   0.050200   0.142200  -0.023000 
411  -0.074200  -0.076400  -0.073200  -0.077200  -0.062600  -0.050200  -0.059800  -0.029800   0.002800   0.020200   0.049600   0.141400  -0.023400 
412  -0.073800  -0.076400  -0.073000  -0.077400  -0.063000  -0.050400  -0.059800  -0.031000   0.001800   0.019600   0.048800   0.140600  -0.023800 
413  -0.073400  -0.076000  -0.073000  -0.077400  -0.063000  -0.050800  -0.059800  -0.031800   0.000800   0.019000   0.048200   0.139800  -0.024200 
414  -0.073000  -0.076000  -0.073000  -0.077400  -0.063200  -0.051000  -0.059600  -0.032800  -0.000200   0.018400   0.047600   0.139000  -0.024200 
415  -0.072800  -0.075800  -0.073000  -0.077400  -0.063400  -0.051200  -0.059400  -0.033800  -0.001200   0.017800   0.047000   0.138200  -0.024400 
416  -0.072400  -0.075400  -0.073000  -0.077400  -0.063600  -0.051400  -0.059200  -0.034600  -0.002200   0.017200   0.046400   0.137400  -0.024400 
417  -0.072000  -0.075000  -0.072600  -0.077400  -0.063800  -0.051600  -0.059000  -0.035600  -0.003400   0.016800   0.045800   0.136400  -0.024400 
418  -0.071800  -0.074800  -0.072800  -0.077200  -0.064000  -0.051800  -0.059000  -0.036400  -0.004600   0.016400   0.045200   0.135600  -0.024400 
419  -0.071600  -0.074600  -0.072800  -0.077400  -0.064600  -0.052000  -0.058800  -0.037400  -0.006000   0.015800   0.044800   0.134800  -0.024400 
420  -0.071400  -0.074400  -0.072800  -0.077400  -0.065000  -0.052400  -0.058800  -0.038200  -0.007400   0.015200   0.044200   0.134200  -0.024600 
421  -0.071200  -0.074600  -0.073000  -0.077400  -0.065400  -0.052600  -0.058800  -0.039000  -0.008800   0.014200   0.043800   0.133800  -0.024800 
422  -0.071000  -0.074200  -0.072800  -0.077400  -0.065600  -0.053000  -0.058800  -0.040000  -0.010000   0.013400   0.043400   0.133200  -0.025200 
423  -0.071000  -0.074400  -0.072800  -0.077400  -0.066400  -0.053600  -0.058800  -0.041000  -0.011200   0.012600   0.043200   0.132600  -0.025600 
424  -0.070800  -0.074000  -0.072800  -0.077400  -0.067000  -0.054200  -0.058800  -0.042000  -0.012600   0.011800   0.043400   0.131800  -0.025800 
425  -0.070800  -0.073800  -0.072600  -0.077400  -0.067400  -0.054800  -0.058800  -0.043000  -0.014200   0.011200   0.043800   0.131200  -0.025800 
426  -0.070800  -0.073400  -0.072200  -0.077800  -0.067800  -0.055600  -0.058800  -0.043800  -0.016000   0.010200   0.044200   0.130800  -0.025800 
427  -0.070600  -0.073000  -0.072000  -0.077800  -0.068400  -0.056400  -0.059000  -0.044600  -0.017600   0.009600   0.044600   0.130600  -0.025800 
428  -0.070600  -0.072800  -0.071800  -0.078000  -0.069000  -0.057200  -0.059200  -0.045400  -0.019400   0.008800   0.044800   0.130400  -0.025600 
429  -0.070600  -0.072400  -0.071400  -0.078200  -0.069600  -0.058000  -0.059400  -0.046200  -0.021200   0.008400   0.045000   0.130200  -0.025200 
430  -0.070600  -0.072200  -0.071000  -0.078200  -0.070200  -0.058600  -0.059600  -0.046800  -0.023200   0.007600   0.045600   0.130200  -0.025000 
431  -0.070600  -0.072200  -0.070600  -0.078200  -0.070800  -0.059200  -0.060000  -0.047600  -0.024800   0.007200   0.046000   0.130600  -0.024600 
432  -0.070800  -0.072200  -0.070400  -0.078200  -0.071400  -0.059800  -0.060200  -0.048400  -0.026400   0.006600   0.047000   0.130800  -0.024000 
433  -0.070800  -0.072200  -0.070200  -0.078000  -0.072000  -0.060400  -0.060200  -0.049200  -0.028000   0.006200   0.048000   0.131000  -0.024000 
434  -0.070600  -0.072200  -0.070200  -0.078200  -0.072200  -0.060800  -0.060200  -0.050000  -0.029600   0.005800   0.049000   0.131400  -0.023400 
435  -0.070600  -0.072200  -0.070000  -0.078200  -0.072400  -0.061200  -0.060200  -0.050800  -0.031000   0.005400   0.049800   0.131600  -0.022800 
436  -0.070800  -0.072000  -0.070200  -0.078200  -0.072600  -0.061800  -0.060000  -0.051600  -0.032400   0.005000   0.050600   0.131800  -0.022400 
437  -0.070600  -0.071800  -0.070000  -0.078600  -0.072800  -0.062400  -0.060200  -0.052400  -0.033800   0.004800   0.051600   0.132200  -0.021800 
438  -0.070600  -0.071400  -0.070000  -0.078800  -0.073000  -0.062800  -0.060400  -0.053200  -0.035200   0.003800   0.052400   0.132400  -0.021200 
439  -0.070400  -0.071000  -0.070000  -0.079000  -0.073400  -0.063200  -0.060400  -0.054000  -0.036600   0.003400   0.053200   0.133000  -0.021000 
440  -0.070000  -0.070600  -0.070000  -0.079000  -0.073800  -0.063600  -0.060600  -0.054600  -0.037800   0.003000   0.054000   0.133400  -0.020800 
441  -0.069600  -0.070000  -0.070000  -0.079000  -0.074000  -0.063800  -0.060800  -0.055000  -0.038800   0.002600   0.054800   0.133600  -0.020600 
442  -0.069400  -0.069600  -0.070000  -0.079000  -0.074200  -0.064000  -0.061000  -0.055400  -0.039800   0.001800   0.055600   0.134200  -0.020400 
443  -0.069000  -0.069200  -0.070200  -0.079400  -0.074400  -0.064400  -0.061200  -0.055800  -0.041000   0.001200   0.056400   0.135000  -0.020400 
444  -0.069000  -0.069000  -0.070000  -0.079400  -0.074600  -0.065000  -0.061400  -0.056200  -0.042000   0.000600   0.057200   0.135400  -0.020200 
445  -0.068800  -0.068800  -0.070000  -0.079400  -0.074800  -0.065400  -0.061600  -0.056600  -0.042600   0.000000   0.058000   0.135800  -0.019800 
446  -0.068600  -0.068600  -0.070200  -0.079400  -0.074800  -0.065800  -0.061800  -0.056800  -0.043400  -0.000600   0.058800   0.136200  -0.019400 
447  -0.068400  -0.068400  -0.070400  -0.079200  -0.075000  -0.066000  -0.062000  -0.057400  -0.044200  -0.001400   0.059600   0.136400  -0.019000 
448  -0.068000  -0.068600  -0.070800  -0.079200  -0.075400  -0.066000  -0.062200  -0.057800  -0.045000  -0.001800   0.060400   0.137000  -0.018400 
449  -0.067800  -0.068800  -0.071000  -0.079000  -0.075600  -0.066000  -0.062400  -0.058200  -0.045600  -0.002400   0.061200   0.137600  -0.017400 
450  -0.068000  -0.069000  -0.071000  -0.079000  -0.075800  -0.066200  -0.062600  -0.058600  -0.046200  -0.003400   0.061800   0.138200  -0.016800 
451  -0.068200  -0.069200  -0.071400  -0.078800  -0.076400  -0.066400  -0.062800  -0.058800  -0.047200  -0.004400   0.062400   0.138400  -0.016400 
452  -0.068400  -0.069200  -0.071600  -0.078800  -0.076800  -0.066800  -0.063000  -0.059000  -0.048000  -0.005600   0.063000   0.138800  -0.016200 
453  -0.068800  -0.069600  -0.071800  -0.078800  -0.077200  -0.067200  -0.063200  -0.059400  -0.048800  -0.006800   0.063600   0.139200  -0.015600 
454  -0.068800  -0.069800  -0.072200  -0.078800  -0.077600  -0.067600  -0.063400  -0.059400  -0.049600  -0.007800   0.064200   0.139600  -0.015000 
455  -0.069200  -0.070000  -0.072400  -0.078800  -0.077800  -0.068000  -0.063600  -0.059600  -0.050400  -0.008800   0.064800   0.139800  -0.014600 
456  -0.069400  -0.070200  -0.072600  -0.079000  -0.078400  -0.068400  -0.063800  -0.059800  -0.051200  -0.009800   0.065400   0.140200  -0.014400 
457  -0.069400  -0.070400  -0.072600  -0.079000  -0.079000  -0.068800  -0.064000  -0.059400  -0.052000  -0.010800   0.066000   0.140600  -0.014400 
458  -0.069800  -0.070600  -0.073000  -0.079200  -0.079600  -0.069400  -0.064200  -0.059600  -0.052600  -0.011600   0.066200   0.141200  -0.014400 
459  -0.070200  -0.070800  -0.073200  -0.079600  -0.080000  -0.070000  -0.064400  -0.059600  -0.053000  -0.012000   0.066800   0.141600  -0.014400 
460  -0.070600  -0.071000  -0.073000  -0.080000  -0.080600  -0.070600  -0.064600  -0.059600  -0.053200  -0.012400   0.067000   0.142600  -0.014000 
461  -0.071000  -0.071400  -0.073200  -0.080400  -0.081200  -0.071400  -0.065000  -0.059600  -0.053800  -0.012400   0.067200   0.143000  -0.014000 
462  -0.071400  -0.072000  -0.073200  -0.080800  -0.081800  -0.072200  -0.065400  -0.059400  -0.054200  -0.013000   0.067200   0.143600  -0.014200 
463  -0.072000  -0.072400  -0.073200  -0.081400  -0.082400  -0.072800  -0.065800  -0.059200  -0.054600  -0.013600   0.067400   0.144000  -0.014200 
464  -0.072200  -0.072800  -0.073200  -0.082000  -0.083000  -0.073400  -0.066000  -0.059000  -0.055000  -0.013800   0.067600   0.144400  -0.014400 
465  -0.072600  -0.073200  -0.073200  -0.082400  -0.083400  -0.074000  -0.066200  -0.058800  -0.055400  -0.014200   0.067800   0.145000  -0.014400 
466  -0.073000  -0.073800  -0.073600  -0.083000  -0.084000  -0.074600  -0.066400  -0.058800  -0.055800  -0.014800   0.068000   0.145400  -0.014200 
467  -0.073400  -0.074000  -0.074000  -0.083600  -0.084600  -0.074800  -0.066600  -0.058400  -0.056200  -0.015000   0.068200   0.145800  -0.014400 
468  -0.073800  -0.074200  -0.074400  -0.084200  -0.085200  -0.075000  -0.066800  -0.058400  -0.057000  -0.015200   0.068400   0.146400  -0.014400 
469  -0.074200  -0.074600  -0.074800  -0.084800  -0.086000  -0.075200  -0.066800  -0.058400  -0.057400  -0.015400   0.068600   0.146600  -0.014400 
470  -0.074600  -0.074800  -0.075200  -0.085200  -0.086800  -0.075200  -0.066800  -0.058200  -0.058000  -0.015600   0.068800   0.146600  -0.014400 
471  -0.075200  -0.075400  -0.075600  -0.085600  -0.087800  -0.075200  -0.066800  -0.058400  -0.058600  -0.015800   0.069000   0.146600  -0.014200 
472  -0.075600  -0.076000  -0.076000  -0.086200  -0.088400  -0.075200  -0.066800  -0.058200  -0.059200  -0.016000   0.069200   0.146800  -0.014200 
473  -0.076000  -0.076000  -0.076400  -0.086600  -0.089200  -0.075200  -0.066800  -0.058200  -0.059800  -0.016400   0.069400   0.147000  -0.014200 
474  -0.076200  -0.076400  -0.076800  -0.087200  -0.090000  -0.075200  -0.067200  -0.058200  -0.060400  -0.016600   0.069600   0.147400  -0.014200 
475  -0.076600  -0.076800  -0.077000  -0.087800  -0.090800  -0.075200  -0.067400  -0.058200  -0.060800  -0.017000   0.069800   0.147800  -0.014200 
476  -0.077000  -0.077400  -0.077000  -0.088400  -0.091800  -0.075200  -0.067400  -0.058200  -0.061400  -0.017200   0.070000   0.147800  -0.014200 
477  -0.077400  -0.077800  -0.077400  -0.089200  -0.092400  -0.075200  -0.067600  -0.058000  -0.062200  -0.017600   0.070000   0.147600  -0.014400 
478  -0.077600  -0.078400  -0.077800  -0.089800  -0.093200  -0.075400  -0.067800  -0.057800  -0.063200  -0.018000   0.069800   0.147800  -0.014400 
479  -0.078200  -0.078800  -0.078200  -0.090400  -0.093800  -0.075400  -0.067800  -0.057600  -0.064000  -0.018400   0.070000   0.147400  -0.014600 
480  -0.078800  -0.079400  -0.078600  -0.091000  -0.094400  -0.075400  -0.067800  -0.057600  -0.064800  -0.018600   0.069800   0.147800  -0.015000 
481  -0.079400  -0.079800  -0.079000  -0.091600  -0.094800  -0.075600  -0.067600  -0.057600  -0.065600  -0.018600   0.069800   0.148000  -0.015600 
482  -0.080000  -0.080200  -0.079400  -0.092200  -0.095400  -0.075800  -0.067600  -0.057600  -0.066200  -0.019000   0.069400   0.148200  -0.016000 
483  -0.080800  -0.080400  -0.079600  -0.092600  -0.096000  -0.076000  -0.067600  -0.057600  -0.066600  -0.019200   0.069400   0.148400  -0.016400 
484  -0.081600  -0.081000  -0.080200  -0.093000  -0.096600  -0.076200  -0.067600  -0.057600  -0.067200  -0.019800   0.069200   0.148600  -0.017000 
485  -0.082400  -0.081400  -0.080800  -0.093400  -0.097200  -0.076400  -0.067400  -0.057600  -0.067800  -0.019800   0.069000   0.148800  -0.016800 
486  -0.083200  -0.081800  -0.081400  -0.093800  -0.097600  -0.076600  -0.067200  -0.057600  -0.068200  -0.020400   0.068800   0.149000  -0.017000 
487  -0.083600  -0.082200  -0.082000  -0.094000  -0.098200  -0.077000  -0.067000  -0.057600  -0.068800  -0.020400   0.068800   0.149000  -0.017200 
488  -0.084200  -0.082600  -0.082200  -0.094200  -0.098800  -0.077600  -0.066800  -0.057400  -0.069200  -0.020200   0.068800   0.149400  -0.017400 
489  -0.084800  -0.083200  -0.082400  -0.094600  -0.099400  -0.078200  -0.066400  -0.057200  -0.069800  -0.020600   0.068800   0.149400  -0.017600 
490  -0.085400  -0.083800  -0.082600  -0.094800  -0.099800  -0.078800  -0.066400  -0.057000  -0.070600  -0.020800   0.068800   0.149600  -0.017800 
491  -0.086000  -0.084400  -0.083000  -0.095200  -0.100200  -0.079400  -0.066400  -0.056800  -0.071200  -0.021200   0.068800   0.149400  -0.018000 
492  -0.086600  -0.084600  -0.083400  -0.095600  -0.100600  -0.080000  -0.066400  -0.057000  -0.071600  -0.021600   0.068800   0.149600  -0.018200 
493  -0.086800  -0.084800  -0.083400  -0.096000  -0.100800  -0.080600  -0.066400  -0.056800  -0.072200  -0.022200   0.068800   0.149800  -0.018400 
494  -0.087000  -0.085000  -0.083600  -0.096400  -0.101400  -0.081200  -0.066400  -0.056600  -0.072800  -0.022400   0.068800   0.150000  -0.018400 
495  -0.087200  -0.085200  -0.083400  -0.096800  -0.101800  -0.081600  -0.066400  -0.056400  -0.073400  -0.022600   0.068800   0.150400  -0.018400 
496  -0.087600  -0.085200  -0.083200  -0.097200  -0.101800  -0.082000  -0.066400  -0.056200  -0.073800  -0.022800   0.068800   0.150800  -0.018400 
497  -0.087800  -0.085400  -0.083000  -0.097600  -0.102200  -0.082400  -0.066400  -0.055800  -0.074200  -0.023000   0.068800   0.151000  -0.018200 
498  -0.088000  -0.085600  -0.083000  -0.097800  -0.102200  -0.082800  -0.066600  -0.055800  -0.074600  -0.023200   0.068800   0.151000  -0.018400 
499  -0.088200  -0.085800  -0.083000  -0.098000  -0.102400  -0.083000  -0.066400  -0.055800  -0.074800  -0.023400   0.068800   0.151200  -0.018400 
