0  -0.000736
1   0.000732
2   0.000952
3  -0.000616
4   0.000732
5   0.001992
6   0.002376
7   0.001492
8   0.000258
9  -0.001108
10  -0.002228
11  -0.001050
12   0.000534
13  -0.002362
14  -0.001334
15  -0.001674
16  -0.001502
17  -0.003034
18  -0.001360
19   0.000924
20   0.001108
21   0.000392
22   0.000488
23  -0.000702
24  -0.001370
25  -0.000086
26  -0.000114
27  -0.001296
28  -0.000380
29   0.000086
30   0.002442
31   0.003258
32   0.000270
33   0.001308
34   0.000670
35   0.001354
36  -0.000508
37   0.000788
38   0.000004
39   0.000024
40   0.002812
41   0.002322
42   0.002256
43   0.002158
44   0.000302
45  -0.001182
46  -0.001128
47  -0.001736
48  -0.000280
49   0.000396
50  -0.000436
51   0.001480
52   0.000514
53   0.002798
54  -0.000184
55   0.000820
56   0.000716
57   0.001548
58   0.001304
59  -0.000528
60   0.000500
61  -0.002296
62  -0.002092
63  -0.000380
64  -0.002102
65  -0.001262
66  -0.002460
67  -0.003224
68  -0.002110
69  -0.001662
70  -0.001256
71  -0.001322
72   0.000458
73  -0.001092
74  -0.001628
75   0.001170
76   0.000392
77   0.000108
78   0.001418
79   0.002544
80   0.005086
81   0.003586
82   0.002422
83   0.002766
84  -0.000530
85  -0.000146
86   0.001070
87   0.001152
88  -0.002502
89  -0.004656
90  -0.002204
91  -0.002280
92  -0.005260
93  -0.002792
94  -0.002310
95  -0.001036
96  -0.001606
97  -0.000980
98   0.000666
99  -0.001000
100   0.000258
101  -0.000370
102  -0.001522
103  -0.001182
104  -0.001522
105  -0.001234
106  -0.000254
107  -0.001422
108  -0.000158
109  -0.000726
110  -0.000092
111   0.000038
112   0.000712
113  -0.001612
114  -0.001164
115  -0.001060
116   0.000854
117  -0.001264
118   0.001378
119  -0.000236
120   0.001840
121   0.001344
122   0.001036
123  -0.000534
124  -0.000572
125  -0.000232
126  -0.000628
127   0.001038
128   0.001520
129   0.000712
130  -0.000074
131  -0.000950
132   0.000440
133  -0.001026
134  -0.000858
135  -0.000538
136   0.001670
137   0.001006
138   0.000472
139   0.000812
140   0.000622
141  -0.000926
142  -0.000284
143  -0.001058
144   0.000862
145   0.001144
146   0.000098
147   0.000786
148   0.001376
149  -0.000920
150   0.000992
151   0.000190
152  -0.000990
153   0.002094
154   0.001628
155   0.000138
156   0.001038
157   0.001476
158  -0.000184
159   0.000220
160   0.000304
161   0.000682
162   0.001462
163  -0.000718
164  -0.002938
165   0.000248
166  -0.000926
167   0.001262
168   0.000512
169  -0.000770
170   0.002658
171   0.001936
172   0.003508
173   0.002866
174   0.001234
175   0.002274
176  -0.000244
177  -0.000866
178   0.000152
179   0.000196
180   0.000062
181  -0.000490
182   0.000590
183  -0.000040
184   0.002008
185   0.002304
186   0.000828
187   0.003566
188   0.001892
189   0.002130
190   0.004040
191   0.002882
192   0.002596
193   0.001092
194   0.001180
195  -0.000094
196  -0.000056
197   0.001050
198   0.000120
199  -0.000150
200   0.001294
201   0.000832
202   0.001490
203   0.000878
204   0.000448
205   0.000382
206  -0.001740
207  -0.002014
208   0.000594
209  -0.000696
210   0.000274
211  -0.002884
212   0.000748
213   0.000964
214  -0.001220
215  -0.000036
216  -0.000238
217  -0.001292
218   0.000478
219   0.002516
220   0.002182
221   0.003756
222   0.002824
223   0.004748
224   0.002174
225   0.003868
226   0.001778
227   0.003968
228   0.002278
229   0.006208
230   0.005858
231   0.003532
232   0.001796
233   0.001410
234   0.000308
235   0.000502
236   0.001020
237   0.000548
238   0.001414
239   0.002120
240   0.001794
241   0.000256
242   0.001046
243  -0.000320
244  -0.001870
245  -0.001858
246  -0.001354
247  -0.001254
248   0.000280
249   0.001530
250  -0.000752
251  -0.000238
252   0.002302
253   0.002520
254   0.002410
255   0.001324
256   0.000190
257  -0.001628
258  -0.002314
259  -0.001072
260   0.000452
261  -0.000142
262   0.001248
263   0.000340
264   0.000428
265   0.000330
266  -0.000732
267   0.000990
268  -0.001216
269  -0.002146
270   0.001032
271  -0.000376
272   0.000534
273   0.000518
274   0.000302
275   0.001124
276  -0.000868
277   0.001452
278   0.001166
279  -0.000630
280   0.001162
281   0.001192
282   0.000688
283   0.000578
284   0.000350
285  -0.000860
286  -0.000090
287   0.002426
288   0.001746
289   0.001598
290   0.000724
291  -0.001322
292  -0.000342
293  -0.001290
294  -0.001082
295  -0.000856
296  -0.000662
297  -0.001210
298  -0.001092
299   0.000362
300   0.003402
301   0.000920
302   0.000924
303   0.000416
304   0.000044
305  -0.002510
306   0.000026
307  -0.001074
308  -0.000060
309   0.000534
310   0.001742
311   0.000314
312  -0.000414
313   0.000780
314  -0.001250
315  -0.001534
316  -0.002262
317  -0.004356
318  -0.002956
319  -0.000164
320  -0.000958
321  -0.001648
322  -0.002080
323  -0.000192
324   0.000014
325  -0.000102
326   0.000820
327   0.001334
328   0.000224
329   0.000128
330  -0.000208
331   0.001124
332   0.001492
333   0.002438
334   0.001602
335   0.001420
336   0.003100
337   0.001732
338   0.000606
339   0.001996
340   0.000142
341   0.001752
342  -0.000396
343   0.000102
344  -0.000322
345  -0.000590
346   0.000164
347  -0.001000
348  -0.001248
349  -0.002018
350  -0.002020
351   0.000566
352  -0.000958
353  -0.001278
354   0.000460
355  -0.000776
356   0.000922
357  -0.001078
358   0.000666
359   0.001742
360   0.000662
361   0.002780
362   0.002158
363   0.001290
364   0.001144
365   0.001514
366   0.001094
367  -0.000880
368  -0.002890
369   0.000100
370   0.000928
371   0.000802
372   0.001512
373   0.000822
374   0.001750
375  -0.000958
376  -0.002256
377  -0.000550
378  -0.001180
379   0.000200
380  -0.000174
381   0.002256
382   0.002054
383   0.002032
384   0.003446
385   0.001090
386   0.002786
387  -0.000008
388   0.001646
389   0.000866
390   0.001500
391   0.000740
392  -0.001070
393  -0.000430
394   0.000054
395  -0.001304
396  -0.000312
397   0.000000
398  -0.000106
399  -0.000716
400  -0.000296
401  -0.000446
402   0.002288
403  -0.001040
404  -0.001196
405  -0.000568
406  -0.000024
407   0.000248
408  -0.000128
409   0.000864
410   0.000934
411   0.001346
412  -0.000886
413  -0.000164
414   0.001422
415  -0.003218
416  -0.002330
417  -0.000430
418   0.001258
419   0.001740
420   0.001022
421   0.001020
422  -0.002982
423  -0.002180
424  -0.003124
425  -0.000326
426   0.001536
427   0.001570
428  -0.000024
429   0.001124
430   0.000158
431   0.000378
432   0.000380
433   0.000568
434  -0.000816
435   0.000882
436   0.000348
437   0.001076
438   0.002052
439   0.002206
440   0.000190
441   0.000076
442  -0.000404
443   0.001178
444   0.001638
445   0.000368
446   0.000904
447   0.003502
448   0.001018
449   0.000482
450  -0.000868
451   0.000750
452  -0.000300
453  -0.001278
454  -0.001232
455  -0.000822
456   0.000704
457  -0.000436
458   0.001090
459   0.003186
460   0.001426
461   0.001550
462   0.002066
463   0.002886
464  -0.000548
465   0.000194
466   0.000140
467   0.001588
468  -0.000470
469   0.000154
470   0.000890
471   0.003182
472   0.000824
473   0.001374
474  -0.000074
475   0.001604
476   0.000876
477   0.000652
478  -0.001690
479   0.000812
480   0.000484
481  -0.000276
482   0.001432
483  -0.000308
484   0.000068
485   0.000112
486   0.000544
487  -0.000672
488   0.000730
489  -0.000788
490  -0.000216
491  -0.002136
492   0.000448
493   0.001394
494  -0.000926
495  -0.000088
496  -0.002532
497  -0.003488
498   0.000226
499  -0.000438
500  -0.001680
-499  -0.002102
-498  -0.000968
-497  -0.000654
-496   0.001396
-495   0.003368
-494   0.001034
-493  -0.000610
-492  -0.000328
-491   0.001920
-490  -0.000192
-489  -0.000322
-488  -0.000370
-487   0.000334
-486   0.000666
-485   0.001274
-484   0.000120
-483  -0.000540
-482  -0.001706
-481  -0.001192
-480  -0.000834
-479   0.000286
-478  -0.000130
-477   0.003858
-476   0.001568
-475   0.003382
-474   0.002322
-473   0.001448
-472   0.001312
-471   0.000490
-470  -0.001250
-469  -0.000336
-468  -0.000976
-467  -0.001144
-466  -0.002766
-465  -0.003156
-464  -0.001450
-463  -0.000406
-462   0.000392
-461   0.001278
-460   0.000778
-459  -0.000270
-458  -0.000200
-457  -0.000780
-456   0.000552
-455  -0.000968
-454  -0.002106
-453  -0.000492
-452   0.000060
-451   0.000542
-450  -0.001576
-449  -0.000904
-448  -0.001748
-447  -0.001772
-446  -0.001146
-445  -0.001414
-444  -0.003126
-443  -0.000320
-442  -0.001324
-441  -0.001128
-440  -0.001286
-439  -0.001616
-438  -0.001002
-437  -0.002406
-436  -0.000496
-435  -0.000338
-434  -0.001308
-433  -0.002028
-432   0.000436
-431  -0.001106
-430  -0.001944
-429   0.000230
-428   0.000156
-427  -0.000378
-426  -0.000416
-425  -0.000382
-424   0.000216
-423   0.000504
-422  -0.001420
-421  -0.000534
-420  -0.000374
-419   0.000328
-418   0.000444
-417   0.001436
-416   0.002442
-415   0.002796
-414  -0.000092
-413   0.000184
-412  -0.000772
-411  -0.001012
-410  -0.000308
-409   0.000596
-408  -0.000414
-407  -0.000254
-406   0.000168
-405   0.000984
-404   0.000450
-403   0.000016
-402  -0.000348
-401  -0.000832
-400   0.000488
-399   0.000560
-398  -0.000324
-397   0.000642
-396  -0.001032
-395  -0.002494
-394   0.001322
-393   0.001248
-392   0.000816
-391   0.002248
-390   0.002136
-389   0.000542
-388   0.001150
-387  -0.000302
-386   0.000902
-385   0.000376
-384   0.001818
-383   0.000846
-382   0.000530
-381   0.002660
-380   0.001822
-379   0.001078
-378   0.000780
-377   0.000018
-376   0.000916
-375   0.001280
-374   0.002146
-373   0.001652
-372  -0.000214
-371  -0.000556
-370  -0.000378
-369   0.000354
-368  -0.001132
-367   0.001394
-366  -0.001354
-365  -0.000194
-364  -0.000394
-363  -0.000150
-362  -0.002160
-361   0.000498
-360  -0.000258
-359  -0.001580
-358  -0.000272
-357   0.000246
-356  -0.001174
-355  -0.002608
-354  -0.003052
-353  -0.001918
-352  -0.000304
-351  -0.000458
-350  -0.000186
-349   0.000048
-348  -0.001302
-347  -0.000316
-346  -0.000276
-345   0.000682
-344   0.002440
-343   0.001678
-342  -0.000132
-341   0.000384
-340  -0.000136
-339   0.000492
-338   0.000072
-337  -0.001468
-336  -0.000744
-335  -0.001116
-334  -0.000014
-333  -0.001268
-332   0.000210
-331  -0.000012
-330   0.001090
-329   0.001368
-328   0.002342
-327   0.000520
-326   0.000104
-325  -0.000740
-324  -0.001878
-323  -0.001608
-322  -0.000148
-321  -0.001734
-320   0.000048
-319  -0.000232
-318   0.001430
-317  -0.000464
-316   0.001700
-315   0.002210
-314  -0.000022
-313   0.001724
-312   0.000964
-311   0.001586
-310   0.002598
-309  -0.000760
-308  -0.000462
-307   0.001418
-306   0.000424
-305  -0.000162
-304   0.001394
-303   0.001674
-302   0.001490
-301   0.002268
-300   0.002346
-299   0.002212
-298   0.000904
-297   0.002224
-296   0.002376
-295   0.002838
-294   0.000904
-293  -0.000592
-292  -0.000120
-291   0.000004
-290  -0.001500
-289   0.000016
-288  -0.002672
-287  -0.001268
-286   0.000754
-285  -0.000916
-284  -0.001144
-283  -0.002100
-282  -0.002622
-281  -0.001206
-280  -0.001148
-279  -0.000718
-278  -0.000640
-277  -0.002756
-276  -0.000254
-275  -0.001162
-274  -0.001464
-273  -0.002516
-272  -0.001256
-271  -0.002010
-270  -0.002402
-269  -0.001440
-268   0.000344
-267  -0.000116
-266  -0.000964
-265  -0.000416
-264  -0.001104
-263  -0.000784
-262  -0.000336
-261  -0.002194
-260  -0.002028
-259  -0.002658
-258  -0.001094
-257  -0.001326
-256  -0.001802
-255  -0.003450
-254  -0.000772
-253   0.000088
-252  -0.001208
-251   0.000524
-250  -0.000996
-249  -0.000502
-248  -0.001634
-247  -0.000670
-246  -0.000652
-245  -0.001752
-244   0.000084
-243   0.000060
-242  -0.001170
-241   0.001374
-240  -0.000302
-239   0.000446
-238   0.000584
-237   0.000258
-236   0.000346
-235  -0.001840
-234   0.001286
-233   0.000362
-232  -0.000700
-231  -0.001060
-230  -0.000992
-229  -0.000546
-228  -0.001170
-227   0.000506
-226   0.001384
-225   0.000376
-224   0.001010
-223   0.000350
-222  -0.000736
-221   0.001316
-220   0.002122
-219   0.000668
-218   0.003038
-217   0.000378
-216   0.001456
-215   0.000930
-214  -0.000552
-213  -0.002160
-212  -0.000964
-211   0.000064
-210   0.001356
-209  -0.000816
-208  -0.000134
-207   0.000770
-206   0.001010
-205   0.001952
-204   0.001982
-203   0.001066
-202   0.000110
-201   0.001570
-200   0.002232
-199   0.000458
-198   0.002250
-197   0.000900
-196   0.001834
-195   0.001050
-194   0.001878
-193  -0.001402
-192  -0.000658
-191  -0.001618
-190  -0.002266
-189  -0.003644
-188  -0.000970
-187  -0.001352
-186  -0.002254
-185   0.000666
-184  -0.000506
-183  -0.000934
-182  -0.003454
-181  -0.002092
-180  -0.003484
-179  -0.002432
-178  -0.000922
-177  -0.001114
-176  -0.000976
-175   0.000102
-174  -0.000700
-173  -0.001588
-172  -0.001188
-171  -0.001988
-170  -0.000982
-169  -0.000734
-168  -0.001216
-167  -0.000200
-166   0.001586
-165   0.000694
-164  -0.000232
-163  -0.000330
-162  -0.001728
-161  -0.002788
-160  -0.001420
-159  -0.002490
-158  -0.001158
-157  -0.001664
-156  -0.000908
-155   0.000178
-154  -0.002158
-153   0.001068
-152   0.002502
-151   0.001972
-150  -0.000720
-149  -0.000622
-148   0.000314
-147   0.000700
-146   0.001148
-145   0.001278
-144   0.003822
-143   0.002160
-142   0.002776
-141   0.003206
-140   0.001840
-139   0.001354
-138   0.000406
-137   0.000732
-136   0.002604
-135   0.001120
-134   0.002380
-133   0.000926
-132  -0.000048
-131   0.002546
-130  -0.000608
-129   0.000774
-128  -0.000092
-127   0.001432
-126  -0.000094
-125  -0.000830
-124  -0.001338
-123   0.000766
-122   0.001162
-121   0.001208
-120   0.000982
-119   0.001628
-118   0.001878
-117   0.000560
-116  -0.000306
-115   0.000276
-114   0.000712
-113   0.000638
-112  -0.000278
-111   0.000194
-110   0.000070
-109   0.001062
-108  -0.003086
-107  -0.001526
-106  -0.001206
-105  -0.001580
-104  -0.001598
-103  -0.000480
-102  -0.002298
-101  -0.001640
-100   0.000166
-99  -0.000774
-98  -0.001436
-97  -0.001002
-96   0.000156
-95  -0.001830
-94  -0.002090
-93  -0.000672
-92  -0.001702
-91  -0.001322
-90  -0.000242
-89   0.001168
-88  -0.001288
-87  -0.001548
-86   0.000394
-85   0.000594
-84  -0.001236
-83  -0.001344
-82  -0.000682
-81  -0.000224
-80  -0.001146
-79   0.002150
-78  -0.000708
-77  -0.000968
-76   0.001442
-75  -0.000056
-74  -0.001012
-73  -0.000812
-72  -0.000220
-71   0.000486
-70   0.001474
-69   0.000636
-68  -0.001660
-67  -0.001618
-66  -0.002514
-65  -0.002022
-64  -0.002300
-63  -0.002008
-62   0.000078
-61  -0.001310
-60  -0.000416
-59  -0.001104
-58  -0.000308
-57  -0.000534
-56  -0.001860
-55   0.000634
-54   0.000714
-53   0.001578
-52  -0.000752
-51  -0.000464
-50   0.001124
-49   0.000626
-48  -0.000920
-47  -0.001940
-46   0.001028
-45  -0.001400
-44   0.000298
-43  -0.000880
-42   0.000548
-41  -0.000576
-40  -0.000264
-39  -0.000190
-38   0.002010
-37   0.001594
-36   0.003420
-35   0.001644
-34   0.001080
-33   0.001114
-32   0.001452
-31   0.001108
-30   0.001304
-29   0.002620
-28   0.001468
-27   0.002104
-26   0.000408
-25   0.000514
-24   0.000858
-23  -0.001402
-22  -0.001616
-21  -0.001560
-20   0.000746
-19  -0.000142
-18   0.000490
-17   0.000218
-16  -0.000826
-15   0.000820
-14   0.001768
-13   0.000104
-12   0.000820
-11  -0.000494
-10   0.000848
-9  -0.000178
-8  -0.000132
-7  -0.000868
-6   0.000668
-5  -0.000134
-4  -0.001432
-3  -0.000244
-2  -0.001154
-1   0.000094
