0   0.585606
1   0.419276
2   0.390782
3   0.364160
4   0.339016
5   0.317468
6   0.297294
7   0.277086
8   0.259956
9   0.241628
10   0.225726
11   0.210824
12   0.197198
13   0.184484
14   0.172678
15   0.163240
16   0.151110
17   0.142068
18   0.131976
19   0.125394
20   0.117560
21   0.112164
22   0.103414
23   0.099106
24   0.092582
25   0.085706
26   0.080564
27   0.075506
28   0.071612
29   0.067714
30   0.064164
31   0.059920
32   0.055030
33   0.051424
34   0.047840
35   0.043816
36   0.041914
37   0.039630
38   0.036188
39   0.034872
40   0.031170
41   0.029304
42   0.026174
43   0.023514
44   0.020248
45   0.019782
46   0.018022
47   0.016754
48   0.015208
49   0.013550
50   0.013578
51   0.010972
52   0.009636
53   0.008856
54   0.007306
55   0.005962
56   0.004788
57   0.002520
58   0.002620
59   0.002108
60  -0.000378
61   0.000978
62   0.000932
63   0.000746
64   0.000120
65  -0.000126
66  -0.002252
67  -0.000928
68  -0.001376
69  -0.002392
70  -0.001844
71  -0.002432
72  -0.003922
73  -0.004042
74  -0.004212
75  -0.005126
76  -0.005070
77  -0.005826
78  -0.005312
79  -0.007320
80  -0.008174
81  -0.005954
82  -0.008522
83  -0.006838
84  -0.008356
85  -0.009454
86  -0.007368
87  -0.007134
88  -0.007956
89  -0.007712
90  -0.007888
91  -0.008434
92  -0.006222
93  -0.006496
94  -0.008198
95  -0.008102
96  -0.008160
97  -0.007966
98  -0.007522
99  -0.007174
100  -0.006846
101  -0.006378
102  -0.004880
103  -0.004230
104  -0.003160
105  -0.002992
106  -0.001624
107  -0.000708
108  -0.000926
109   0.000312
110  -0.000048
111   0.001206
112   0.002476
113   0.003360
114   0.005296
115   0.003390
116   0.004054
117   0.005000
118   0.006572
119   0.005594
120   0.007520
121   0.006000
122   0.007146
123   0.006774
124   0.008064
125   0.009228
126   0.009696
127   0.009650
128   0.009872
129   0.009960
130   0.008964
131   0.009530
132   0.008688
133   0.008148
134   0.009564
135   0.009240
136   0.007552
137   0.005352
138   0.007496
139   0.005630
140   0.005474
141   0.005206
142   0.004084
143   0.005092
144   0.004336
145   0.004908
146   0.004046
147   0.006404
148   0.006782
149   0.007908
150   0.006878
151   0.007680
152   0.006242
153   0.005742
154   0.006636
155   0.005978
156   0.006322
157   0.006538
158   0.008516
159   0.009428
160   0.009186
161   0.009332
162   0.009086
163   0.009158
164   0.009854
165   0.010836
166   0.009988
167   0.010258
168   0.011018
169   0.008780
170   0.009562
171   0.008384
172   0.008138
173   0.008076
174   0.006748
175   0.007102
176   0.005516
177   0.005106
178   0.003654
179   0.004542
180   0.003958
181   0.002554
182   0.001758
183  -0.000296
184   0.000964
185  -0.000846
186  -0.002146
187  -0.001880
188  -0.003312
189  -0.004458
190  -0.005192
191  -0.007678
192  -0.006178
193  -0.007640
194  -0.009664
195  -0.006808
196  -0.008698
197  -0.008618
198  -0.009838
199  -0.009338
200  -0.009702
201  -0.010758
202  -0.010420
203  -0.010174
204  -0.010366
205  -0.009822
206  -0.010810
207  -0.009458
208  -0.007984
209  -0.007084
210  -0.007024
211  -0.005918
212  -0.006294
213  -0.006492
214  -0.005998
215  -0.005786
216  -0.004802
217  -0.005634
218  -0.005926
219  -0.004772
220  -0.005158
221  -0.004256
222  -0.004856
223  -0.007244
224  -0.005960
225  -0.007082
226  -0.007934
227  -0.006406
228  -0.006076
229  -0.005744
230  -0.004134
231  -0.004632
232  -0.003514
233  -0.002964
234  -0.003708
235  -0.001532
236  -0.000914
237   0.000434
238   0.000596
239   0.000276
240   0.000808
241   0.001008
242   0.000806
243   0.000646
244  -0.000546
245   0.000278
246   0.000476
247   0.001828
248   0.002848
249   0.002220
250   0.003206
251   0.002938
252   0.003530
253   0.003652
254   0.004254
255   0.004334
256   0.004612
257   0.005584
258   0.006384
259   0.005872
260   0.006438
261   0.004908
262   0.006062
263   0.004442
264   0.004646
265   0.003658
266   0.003378
267   0.002526
268   0.002644
269   0.002238
270   0.002504
271   0.003206
272   0.004234
273   0.004840
274   0.004324
275   0.004280
276   0.003912
277   0.003766
278   0.003716
279   0.003974
280   0.003628
281   0.004138
282   0.004614
283   0.004052
284   0.005714
285   0.005800
286   0.006834
287   0.006792
288   0.007254
289   0.009006
290   0.008796
291   0.011774
292   0.013584
293   0.015326
294   0.014760
295   0.016414
296   0.017384
297   0.017334
298   0.018894
299   0.018116
300   0.018206
301   0.017894
302   0.016124
303   0.015722
304   0.016442
305   0.016332
306   0.014272
307   0.012600
308   0.010958
309   0.010934
310   0.008610
311   0.008532
312   0.007766
313   0.006004
314   0.003810
315   0.003342
316   0.002678
317   0.001388
318  -0.000500
319  -0.001706
320  -0.001640
321  -0.000992
322  -0.002330
323  -0.002224
324  -0.001640
325  -0.002206
326  -0.000920
327  -0.000426
328   0.000648
329   0.000286
330   0.001842
331   0.003656
332   0.002832
333   0.002888
334   0.002620
335   0.002688
336   0.002918
337   0.003476
338   0.003576
339   0.003728
340   0.002726
341   0.003732
342   0.002592
343   0.004050
344   0.003862
345   0.005400
346   0.005172
347   0.005226
348   0.004286
349   0.006016
350   0.005400
351   0.005516
352   0.004876
353   0.005174
354   0.006208
355   0.005380
356   0.006048
357   0.009296
358   0.009322
359   0.007346
360   0.007848
361   0.008090
362   0.008622
363   0.007894
364   0.009436
365   0.009842
366   0.011242
367   0.010586
368   0.010196
369   0.010648
370   0.010800
371   0.010574
372   0.011130
373   0.013484
374   0.013430
375   0.014988
376   0.013238
377   0.012434
378   0.011836
379   0.011378
380   0.010960
381   0.012302
382   0.010268
383   0.011014
384   0.008726
385   0.008736
386   0.008270
387   0.006604
388   0.004690
389   0.005968
390   0.004734
391   0.003934
392   0.003518
393   0.002808
394   0.002602
395   0.000728
396   0.001364
397   0.000362
398  -0.000548
399  -0.001474
400  -0.000910
401   0.000024
402   0.000130
403  -0.001682
404   0.000686
405   0.001048
406  -0.001534
407  -0.001374
408  -0.000310
409  -0.000934
410  -0.000908
411  -0.001214
412  -0.001840
413  -0.002302
414  -0.002194
415  -0.001592
416  -0.003620
417  -0.004458
418  -0.003514
419  -0.003662
420  -0.002236
421  -0.002346
422  -0.002116
423  -0.002532
424  -0.002824
425  -0.001362
426  -0.000802
427  -0.001146
428  -0.000772
429  -0.000528
430  -0.000188
431  -0.000188
432   0.002276
433   0.002286
434   0.003418
435   0.003738
436   0.004368
437   0.005376
438   0.006700
439   0.004788
440   0.006676
441   0.006684
442   0.005434
443   0.005672
444   0.008266
445   0.009100
446   0.009404
447   0.009496
448   0.008190
449   0.008094
450   0.007548
451   0.009394
452   0.008952
453   0.009134
454   0.008210
455   0.008882
456   0.007878
457   0.006426
458   0.007210
459   0.007244
460   0.007196
461   0.008236
462   0.007026
463   0.007430
464   0.006488
465   0.006728
466   0.006126
467   0.005708
468   0.005264
469   0.006154
470   0.006068
471   0.005672
472   0.006152
473   0.006140
474   0.006876
475   0.005898
476   0.006958
477   0.005352
478   0.005870
479   0.006284
480   0.008494
481   0.009074
482   0.009198
483   0.010306
484   0.011504
485   0.011656
486   0.011960
487   0.013874
488   0.013522
489   0.013126
490   0.013696
491   0.013388
492   0.014952
493   0.013622
494   0.013378
495   0.015804
496   0.015638
497   0.014330
498   0.014918
499   0.016262
500   0.017068
-499   0.016084
-498   0.017184
-497   0.017386
-496   0.017656
-495   0.016082
-494   0.014046
-493   0.014584
-492   0.010998
-491   0.009558
-490   0.008898
-489   0.008326
-488   0.006122
-487   0.004680
-486   0.003620
-485   0.002654
-484   0.000572
-483   0.000038
-482  -0.001090
-481  -0.002000
-480  -0.003894
-479  -0.004414
-478  -0.005192
-477  -0.005310
-476  -0.006216
-475  -0.004140
-474  -0.005888
-473  -0.006402
-472  -0.006012
-471  -0.006764
-470  -0.005812
-469  -0.006136
-468  -0.006336
-467  -0.007130
-466  -0.008074
-465  -0.008694
-464  -0.007484
-463  -0.008360
-462  -0.006236
-461  -0.006734
-460  -0.007960
-459  -0.007662
-458  -0.007804
-457  -0.007898
-456  -0.006578
-455  -0.008108
-454  -0.007880
-453  -0.008314
-452  -0.007504
-451  -0.005848
-450  -0.006396
-449  -0.006250
-448  -0.006250
-447  -0.004004
-446  -0.004608
-445  -0.002990
-444  -0.002744
-443  -0.002536
-442  -0.001264
-441  -0.000060
-440  -0.000382
-439   0.001470
-438   0.001204
-437   0.001864
-436   0.003496
-435   0.003696
-434   0.004208
-433   0.003918
-432   0.002642
-431   0.002596
-430   0.003910
-429   0.004190
-428   0.002656
-427   0.001950
-426   0.000226
-425  -0.000150
-424   0.000776
-423  -0.000118
-422  -0.000860
-421  -0.001510
-420  -0.002054
-419  -0.003122
-418  -0.001374
-417  -0.003140
-416  -0.002812
-415  -0.003022
-414  -0.002682
-413  -0.002406
-412  -0.003556
-411  -0.004302
-410  -0.005006
-409  -0.004700
-408  -0.005508
-407  -0.006120
-406  -0.006358
-405  -0.007436
-404  -0.009518
-403  -0.009394
-402  -0.010536
-401  -0.010686
-400  -0.012066
-399  -0.011788
-398  -0.012376
-397  -0.011922
-396  -0.013614
-395  -0.014028
-394  -0.013504
-393  -0.013108
-392  -0.014110
-391  -0.015536
-390  -0.014608
-389  -0.012062
-388  -0.014250
-387  -0.013080
-386  -0.013116
-385  -0.013372
-384  -0.012720
-383  -0.010824
-382  -0.012864
-381  -0.010910
-380  -0.012546
-379  -0.011352
-378  -0.012248
-377  -0.010760
-376  -0.009822
-375  -0.008946
-374  -0.010164
-373  -0.009908
-372  -0.008904
-371  -0.008538
-370  -0.009614
-369  -0.009752
-368  -0.008380
-367  -0.009078
-366  -0.009592
-365  -0.011258
-364  -0.010626
-363  -0.010258
-362  -0.009856
-361  -0.010382
-360  -0.011496
-359  -0.011388
-358  -0.010552
-357  -0.012512
-356  -0.012938
-355  -0.012030
-354  -0.012864
-353  -0.012252
-352  -0.012122
-351  -0.013144
-350  -0.011636
-349  -0.011664
-348  -0.012086
-347  -0.012206
-346  -0.012436
-345  -0.012214
-344  -0.012678
-343  -0.011938
-342  -0.012062
-341  -0.011118
-340  -0.010288
-339  -0.012438
-338  -0.012184
-337  -0.012546
-336  -0.011684
-335  -0.012996
-334  -0.012958
-333  -0.012314
-332  -0.013438
-331  -0.013534
-330  -0.013602
-329  -0.013028
-328  -0.012166
-327  -0.013180
-326  -0.011810
-325  -0.011904
-324  -0.012738
-323  -0.012334
-322  -0.012794
-321  -0.012220
-320  -0.012708
-319  -0.012138
-318  -0.014220
-317  -0.013108
-316  -0.013600
-315  -0.013364
-314  -0.015914
-313  -0.014572
-312  -0.013606
-311  -0.014358
-310  -0.014222
-309  -0.014624
-308  -0.014104
-307  -0.014208
-306  -0.014180
-305  -0.013284
-304  -0.012512
-303  -0.011274
-302  -0.011634
-301  -0.008652
-300  -0.009290
-299  -0.007838
-298  -0.005326
-297  -0.005960
-296  -0.005352
-295  -0.004398
-294  -0.003576
-293  -0.004416
-292  -0.004864
-291  -0.005736
-290  -0.004956
-289  -0.002950
-288  -0.002598
-287  -0.003038
-286  -0.002894
-285  -0.002202
-284  -0.002002
-283  -0.001768
-282  -0.000546
-281  -0.001004
-280  -0.001586
-279  -0.002410
-278  -0.000100
-277  -0.000334
-276  -0.000422
-275  -0.002534
-274  -0.001998
-273  -0.002146
-272  -0.001114
-271  -0.001470
-270  -0.001942
-269  -0.002714
-268  -0.002456
-267  -0.002820
-266  -0.002764
-265  -0.003864
-264  -0.003134
-263  -0.003118
-262  -0.005128
-261  -0.002120
-260  -0.003664
-259  -0.003398
-258  -0.003216
-257  -0.003508
-256  -0.000662
-255  -0.000512
-254   0.000334
-253   0.000354
-252  -0.000082
-251   0.001890
-250   0.002290
-249   0.002062
-248   0.002358
-247   0.002754
-246   0.004080
-245   0.003800
-244   0.003986
-243   0.003562
-242   0.004122
-241   0.005030
-240   0.003874
-239   0.004080
-238   0.003850
-237   0.004664
-236   0.003754
-235   0.004968
-234   0.004988
-233   0.005112
-232   0.005804
-231   0.003398
-230   0.004490
-229   0.003542
-228   0.001682
-227   0.001998
-226   0.001540
-225   0.000058
-224   0.001160
-223  -0.001640
-222  -0.002944
-221  -0.002474
-220  -0.004810
-219  -0.004722
-218  -0.005526
-217  -0.005110
-216  -0.005958
-215  -0.006770
-214  -0.007534
-213  -0.008100
-212  -0.007962
-211  -0.007166
-210  -0.006928
-209  -0.007232
-208  -0.008008
-207  -0.006904
-206  -0.006448
-205  -0.005482
-204  -0.006108
-203  -0.005834
-202  -0.005142
-201  -0.005556
-200  -0.005074
-199  -0.005142
-198  -0.004828
-197  -0.006256
-196  -0.007694
-195  -0.007294
-194  -0.008432
-193  -0.009034
-192  -0.008532
-191  -0.009012
-190  -0.007588
-189  -0.009158
-188  -0.007430
-187  -0.008438
-186  -0.008716
-185  -0.007978
-184  -0.007748
-183  -0.007494
-182  -0.006142
-181  -0.006638
-180  -0.005500
-179  -0.005734
-178  -0.004432
-177  -0.006004
-176  -0.008652
-175  -0.007604
-174  -0.008108
-173  -0.006630
-172  -0.004920
-171  -0.005308
-170  -0.005714
-169  -0.005828
-168  -0.006100
-167  -0.004588
-166  -0.005190
-165  -0.003576
-164  -0.004326
-163  -0.005314
-162  -0.006532
-161  -0.005524
-160  -0.006810
-159  -0.005860
-158  -0.006262
-157  -0.005374
-156  -0.006444
-155  -0.005520
-154  -0.005154
-153  -0.004910
-152  -0.004312
-151  -0.004946
-150  -0.006292
-149  -0.005058
-148  -0.004632
-147  -0.004006
-146  -0.004034
-145  -0.003872
-144  -0.002984
-143  -0.005040
-142  -0.005498
-141  -0.003726
-140  -0.004774
-139  -0.004194
-138  -0.002680
-137  -0.006244
-136  -0.005302
-135  -0.002910
-134  -0.003516
-133  -0.004424
-132  -0.003684
-131  -0.003584
-130  -0.003216
-129  -0.004690
-128  -0.004280
-127  -0.004150
-126  -0.004634
-125  -0.002824
-124  -0.002544
-123  -0.003374
-122  -0.002384
-121  -0.001888
-120  -0.000368
-119   0.000732
-118   0.001282
-117   0.002644
-116   0.003870
-115   0.004758
-114   0.006384
-113   0.006678
-112   0.005170
-111   0.008040
-110   0.008510
-109   0.008860
-108   0.011118
-107   0.010828
-106   0.009376
-105   0.010560
-104   0.009890
-103   0.011392
-102   0.011326
-101   0.011520
-100   0.010728
-99   0.009892
-98   0.010624
-97   0.010548
-96   0.010446
-95   0.008414
-94   0.009206
-93   0.006308
-92   0.004980
-91   0.004382
-90   0.003514
-89   0.003728
-88   0.002520
-87   0.002562
-86   0.002132
-85   0.001592
-84   0.000838
-83   0.001900
-82   0.000926
-81   0.001790
-80   0.000714
-79   0.000286
-78   0.001818
-77   0.001080
-76   0.000924
-75   0.002770
-74   0.001794
-73   0.001034
-72   0.000572
-71   0.002580
-70   0.002672
-69   0.004306
-68   0.004478
-67   0.005634
-66   0.004522
-65   0.007374
-64   0.007946
-63   0.009422
-62   0.009592
-61   0.011832
-60   0.011816
-59   0.012202
-58   0.012042
-57   0.013318
-56   0.013980
-55   0.014932
-54   0.015162
-53   0.014848
-52   0.016114
-51   0.016940
-50   0.017770
-49   0.019320
-48   0.021528
-47   0.022766
-46   0.025250
-45   0.027538
-44   0.028854
-43   0.031380
-42   0.032670
-41   0.035608
-40   0.036662
-39   0.038552
-38   0.040358
-37   0.043120
-36   0.046050
-35   0.048558
-34   0.052586
-33   0.053100
-32   0.057220
-31   0.060862
-30   0.062142
-29   0.066960
-28   0.070022
-27   0.074532
-26   0.077498
-25   0.081858
-24   0.086266
-23   0.091538
-22   0.097282
-21   0.103284
-20   0.109982
-19   0.115746
-18   0.123888
-17   0.130642
-16   0.141772
-15   0.152816
-14   0.164490
-13   0.175976
-12   0.188118
-11   0.202174
-10   0.217636
-9   0.233510
-8   0.251572
-7   0.269848
-6   0.290278
-5   0.312896
-4   0.333672
-3   0.359570
-2   0.386478
-1   0.416988
