0   0.680994
1   0.679618
2   0.678192
3   0.676804
4   0.675302
5   0.673802
6   0.672326
7   0.670922
8   0.669476
9   0.667914
10   0.666338
11   0.664952
12   0.663616
13   0.662248
14   0.660944
15   0.659712
16   0.658490
17   0.657202
18   0.655972
19   0.654650
20   0.653390
21   0.651966
22   0.650714
23   0.649498
24   0.648082
25   0.646562
26   0.645090
27   0.643652
28   0.642218
29   0.640720
30   0.639352
31   0.637976
32   0.636580
33   0.635120
34   0.633736
35   0.632302
36   0.630926
37   0.629656
38   0.628454
39   0.627104
40   0.625958
41   0.624818
42   0.623610
43   0.622384
44   0.621136
45   0.619956
46   0.618816
47   0.617490
48   0.616284
49   0.615018
50   0.613736
51   0.612376
52   0.611038
53   0.609622
54   0.608300
55   0.607000
56   0.605912
57   0.604736
58   0.603480
59   0.602122
60   0.600718
61   0.599206
62   0.597710
63   0.596182
64   0.594824
65   0.593344
66   0.591916
67   0.590386
68   0.588768
69   0.587080
70   0.585288
71   0.583588
72   0.581904
73   0.580198
74   0.578534
75   0.576914
76   0.575270
77   0.573432
78   0.571650
79   0.569728
80   0.567788
81   0.565966
82   0.563998
83   0.562072
84   0.560122
85   0.558152
86   0.556314
87   0.554610
88   0.552824
89   0.550828
90   0.548780
91   0.546862
92   0.544910
93   0.542940
94   0.541132
95   0.539234
96   0.537286
97   0.535528
98   0.533582
99   0.531536
100   0.529670
101   0.527722
102   0.525692
103   0.523764
104   0.521808
105   0.519952
106   0.518030
107   0.516256
108   0.514550
109   0.512924
110   0.511402
111   0.509868
112   0.508140
113   0.506620
114   0.505226
115   0.503716
116   0.501988
117   0.500240
118   0.498542
119   0.496986
120   0.495494
121   0.494108
122   0.492810
123   0.491440
124   0.490154
125   0.489032
126   0.487892
127   0.486718
128   0.485496
129   0.484204
130   0.482798
131   0.481508
132   0.480170
133   0.478830
134   0.477536
135   0.476220
136   0.474812
137   0.473504
138   0.472152
139   0.470914
140   0.469696
141   0.468528
142   0.467460
143   0.466460
144   0.465356
145   0.464264
146   0.463296
147   0.462320
148   0.461350
149   0.460382
150   0.459384
151   0.458464
152   0.457554
153   0.456650
154   0.455638
155   0.454648
156   0.453562
157   0.452392
158   0.451118
159   0.450056
160   0.448900
161   0.447878
162   0.446916
163   0.446008
164   0.445048
165   0.444162
166   0.443262
167   0.442524
168   0.441740
169   0.440942
170   0.440212
171   0.439564
172   0.438758
173   0.438024
174   0.437322
175   0.436574
176   0.435802
177   0.434976
178   0.434022
179   0.433160
180   0.432320
181   0.431478
182   0.430568
183   0.429810
184   0.428980
185   0.428224
186   0.427546
187   0.426958
188   0.426350
189   0.425754
190   0.425118
191   0.424652
192   0.424112
193   0.423664
194   0.423394
195   0.423204
196   0.423206
197   0.423076
198   0.423000
199   0.422892
200   0.422644
201   0.422404
202   0.422018
203   0.421808
204   0.421554
205   0.421240
206   0.420986
207   0.420734
208   0.420490
209   0.420278
210   0.420082
211   0.419880
212   0.419824
213   0.419738
214   0.419680
215   0.419552
216   0.419388
217   0.419372
218   0.419252
219   0.419230
220   0.419024
221   0.418958
222   0.418884
223   0.418802
224   0.418694
225   0.418684
226   0.418674
227   0.418624
228   0.418650
229   0.418644
230   0.418710
231   0.418826
232   0.419002
233   0.419152
234   0.419300
235   0.419438
236   0.419450
237   0.419424
238   0.419364
239   0.419272
240   0.419328
241   0.419326
242   0.419432
243   0.419558
244   0.419778
245   0.420010
246   0.420234
247   0.420300
248   0.420302
249   0.420230
250   0.420034
251   0.419880
252   0.419758
253   0.419628
254   0.419560
255   0.419506
256   0.419582
257   0.419710
258   0.419836
259   0.419770
260   0.419692
261   0.419564
262   0.419468
263   0.419314
264   0.419226
265   0.418958
266   0.418762
267   0.418562
268   0.418492
269   0.418352
270   0.418348
271   0.418264
272   0.418206
273   0.418288
274   0.418428
275   0.418556
276   0.418608
277   0.418552
278   0.418766
279   0.418862
280   0.418788
281   0.418752
282   0.418668
283   0.418584
284   0.418434
285   0.418378
286   0.418416
287   0.418436
288   0.418340
289   0.418296
290   0.418408
291   0.418356
292   0.418402
293   0.418512
294   0.418556
295   0.418688
296   0.418810
297   0.418900
298   0.418962
299   0.419030
300   0.418936
301   0.418948
302   0.419060
303   0.418968
304   0.418868
305   0.418968
306   0.418958
307   0.418936
308   0.418814
309   0.418792
310   0.418594
311   0.418440
312   0.418376
313   0.418244
314   0.418122
315   0.418030
316   0.417932
317   0.417778
318   0.417626
319   0.417580
320   0.417560
321   0.417616
322   0.417572
323   0.417640
324   0.417662
325   0.417814
326   0.417764
327   0.417692
328   0.417776
329   0.417722
330   0.417506
331   0.417424
332   0.417356
333   0.417346
334   0.417160
335   0.417030
336   0.416786
337   0.416538
338   0.416240
339   0.415834
340   0.415402
341   0.415052
342   0.414668
343   0.414432
344   0.414180
345   0.413844
346   0.413504
347   0.413088
348   0.412822
349   0.412540
350   0.412224
351   0.412148
352   0.411910
353   0.411684
354   0.411366
355   0.411192
356   0.410896
357   0.410690
358   0.410486
359   0.410150
360   0.409662
361   0.409432
362   0.409248
363   0.408900
364   0.408638
365   0.408412
366   0.408172
367   0.408136
368   0.408128
369   0.408168
370   0.408168
371   0.408252
372   0.408224
373   0.408110
374   0.407948
375   0.407548
376   0.407294
377   0.406898
378   0.406446
379   0.406102
380   0.405612
381   0.405050
382   0.404488
383   0.403930
384   0.403402
385   0.402786
386   0.402246
387   0.401718
388   0.401090
389   0.400410
390   0.399712
391   0.398940
392   0.398218
393   0.397420
394   0.396778
395   0.396310
396   0.395744
397   0.395320
398   0.394826
399   0.394330
400   0.393916
401   0.393464
402   0.392922
403   0.392266
404   0.391724
405   0.391268
406   0.390480
407   0.389924
408   0.389434
409   0.388848
410   0.388182
411   0.387690
412   0.387038
413   0.386436
414   0.385834
415   0.385262
416   0.384846
417   0.384436
418   0.384002
419   0.383574
420   0.383242
421   0.382972
422   0.382860
423   0.382614
424   0.382546
425   0.382426
426   0.382260
427   0.382016
428   0.381790
429   0.381378
430   0.381054
431   0.380780
432   0.380538
433   0.380288
434   0.380170
435   0.379880
436   0.379512
437   0.379220
438   0.378718
439   0.378272
440   0.377646
441   0.377012
442   0.376178
443   0.375234
444   0.374408
445   0.373640
446   0.372790
447   0.372072
448   0.371284
449   0.370296
450   0.369350
451   0.368432
452   0.367642
453   0.366956
454   0.366054
455   0.365178
456   0.364374
457   0.363362
458   0.362384
459   0.361372
460   0.360156
461   0.358976
462   0.357912
463   0.356844
464   0.355758
465   0.354734
466   0.353686
467   0.352530
468   0.351484
469   0.350446
470   0.349264
471   0.348126
472   0.347064
473   0.345834
474   0.344666
475   0.343364
476   0.342022
477   0.340850
478   0.339794
479   0.338614
480   0.337534
481   0.336330
482   0.335114
483   0.333892
484   0.332946
485   0.332028
486   0.331068
487   0.330264
488   0.329586
489   0.328906
490   0.328346
491   0.327688
492   0.327106
493   0.326548
494   0.326200
495   0.325688
496   0.324982
497   0.324208
498   0.323562
499   0.322956
500   0.322308
-499   0.321722
-498   0.321278
-497   0.320858
-496   0.320318
-495   0.319832
-494   0.319194
-493   0.318610
-492   0.318030
-491   0.317672
-490   0.317420
-489   0.317016
-488   0.316410
-487   0.315856
-486   0.315442
-485   0.315012
-484   0.314632
-483   0.314230
-482   0.313772
-481   0.313418
-480   0.312872
-479   0.312276
-478   0.311616
-477   0.311162
-476   0.310804
-475   0.310524
-474   0.310264
-473   0.310086
-472   0.309782
-471   0.309306
-470   0.308812
-469   0.308308
-468   0.307754
-467   0.307206
-466   0.306572
-465   0.306050
-464   0.305514
-463   0.304998
-462   0.304370
-461   0.303694
-460   0.303024
-459   0.302342
-458   0.301536
-457   0.300670
-456   0.299756
-455   0.299066
-454   0.298206
-453   0.297516
-452   0.296902
-451   0.296452
-450   0.295920
-449   0.295498
-448   0.295030
-447   0.294616
-446   0.294166
-445   0.293850
-444   0.293206
-443   0.292652
-442   0.291864
-441   0.291174
-440   0.290258
-439   0.289614
-438   0.288950
-437   0.288408
-436   0.287890
-435   0.287442
-434   0.286856
-433   0.286306
-432   0.285896
-431   0.285476
-430   0.285104
-429   0.284820
-428   0.284430
-427   0.283988
-426   0.283570
-425   0.282944
-424   0.282414
-423   0.281900
-422   0.281286
-421   0.280668
-420   0.280230
-419   0.279670
-418   0.279194
-417   0.278804
-416   0.278302
-415   0.277836
-414   0.277138
-413   0.276574
-412   0.276062
-411   0.275406
-410   0.274654
-409   0.273932
-408   0.273280
-407   0.272468
-406   0.271834
-405   0.271150
-404   0.270556
-403   0.269804
-402   0.269058
-401   0.268194
-400   0.267308
-399   0.266464
-398   0.265800
-397   0.265066
-396   0.264310
-395   0.263512
-394   0.262772
-393   0.262002
-392   0.261288
-391   0.260684
-390   0.260154
-389   0.259588
-388   0.258852
-387   0.258160
-386   0.257414
-385   0.256664
-384   0.256054
-383   0.255316
-382   0.254778
-381   0.254142
-380   0.253542
-379   0.252754
-378   0.252020
-377   0.251230
-376   0.250480
-375   0.249738
-374   0.249084
-373   0.248334
-372   0.247556
-371   0.246874
-370   0.246084
-369   0.245350
-368   0.244388
-367   0.243466
-366   0.242366
-365   0.241240
-364   0.240308
-363   0.239394
-362   0.238540
-361   0.237604
-360   0.236556
-359   0.235324
-358   0.234282
-357   0.233156
-356   0.232290
-355   0.231390
-354   0.230616
-353   0.229718
-352   0.228870
-351   0.227968
-350   0.227158
-349   0.226476
-348   0.225690
-347   0.225128
-346   0.224596
-345   0.224324
-344   0.223882
-343   0.223492
-342   0.223248
-341   0.223186
-340   0.223130
-339   0.223066
-338   0.222942
-337   0.222926
-336   0.222972
-335   0.223134
-334   0.223254
-333   0.223430
-332   0.223622
-331   0.223810
-330   0.224012
-329   0.224190
-328   0.224370
-327   0.224718
-326   0.225096
-325   0.225238
-324   0.225474
-323   0.225638
-322   0.225896
-321   0.226190
-320   0.226448
-319   0.226624
-318   0.226898
-317   0.227108
-316   0.227310
-315   0.227354
-314   0.227434
-313   0.227530
-312   0.227626
-311   0.227850
-310   0.228118
-309   0.228252
-308   0.228664
-307   0.228936
-306   0.229198
-305   0.229496
-304   0.229866
-303   0.230120
-302   0.230412
-301   0.230708
-300   0.231002
-299   0.231314
-298   0.231518
-297   0.231778
-296   0.231836
-295   0.231990
-294   0.232100
-293   0.232396
-292   0.232672
-291   0.232844
-290   0.233098
-289   0.233446
-288   0.233758
-287   0.234282
-286   0.234750
-285   0.235248
-284   0.235850
-283   0.236416
-282   0.236888
-281   0.237404
-280   0.237840
-279   0.238246
-278   0.238570
-277   0.238990
-276   0.239368
-275   0.239812
-274   0.240400
-273   0.240826
-272   0.241324
-271   0.241818
-270   0.242330
-269   0.242798
-268   0.243378
-267   0.243842
-266   0.244340
-265   0.244890
-264   0.245512
-263   0.246240
-262   0.247060
-261   0.247968
-260   0.248704
-259   0.249570
-258   0.250556
-257   0.251524
-256   0.252398
-255   0.253176
-254   0.253826
-253   0.254418
-252   0.255032
-251   0.255600
-250   0.256190
-249   0.256904
-248   0.257762
-247   0.258576
-246   0.259266
-245   0.259950
-244   0.260770
-243   0.261546
-242   0.262484
-241   0.263256
-240   0.264018
-239   0.264790
-238   0.265422
-237   0.266072
-236   0.266880
-235   0.267872
-234   0.268780
-233   0.270070
-232   0.271294
-231   0.272608
-230   0.273984
-229   0.275202
-228   0.276426
-227   0.277556
-226   0.278570
-225   0.279736
-224   0.280958
-223   0.282238
-222   0.283520
-221   0.284724
-220   0.285986
-219   0.287312
-218   0.288578
-217   0.289964
-216   0.291394
-215   0.292818
-214   0.294238
-213   0.295510
-212   0.296822
-211   0.297940
-210   0.299118
-209   0.300240
-208   0.301300
-207   0.302280
-206   0.303226
-205   0.304174
-204   0.305066
-203   0.306022
-202   0.306998
-201   0.308094
-200   0.309228
-199   0.310456
-198   0.311568
-197   0.312524
-196   0.313712
-195   0.314934
-194   0.316194
-193   0.317520
-192   0.318788
-191   0.320262
-190   0.321666
-189   0.323112
-188   0.324786
-187   0.326406
-186   0.328142
-185   0.329770
-184   0.331336
-183   0.332734
-182   0.334090
-181   0.335402
-180   0.336774
-179   0.338168
-178   0.339628
-177   0.341164
-176   0.342572
-175   0.343880
-174   0.345140
-173   0.346396
-172   0.347646
-171   0.348958
-170   0.350198
-169   0.351406
-168   0.352742
-167   0.354064
-166   0.355332
-165   0.356740
-164   0.358176
-163   0.359704
-162   0.361110
-161   0.362566
-160   0.363948
-159   0.365306
-158   0.366560
-157   0.367924
-156   0.369466
-155   0.370860
-154   0.372532
-153   0.374240
-152   0.375956
-151   0.377760
-150   0.379622
-149   0.381386
-148   0.383154
-147   0.384846
-146   0.386568
-145   0.388224
-144   0.389896
-143   0.391602
-142   0.393214
-141   0.394854
-140   0.396452
-139   0.398040
-138   0.399538
-137   0.401168
-136   0.402840
-135   0.404472
-134   0.405968
-133   0.407390
-132   0.408694
-131   0.410156
-130   0.411662
-129   0.413202
-128   0.414560
-127   0.415978
-126   0.417258
-125   0.418432
-124   0.419698
-123   0.421066
-122   0.422328
-121   0.423524
-120   0.424682
-119   0.425786
-118   0.426770
-117   0.427886
-116   0.428906
-115   0.430008
-114   0.431182
-113   0.432374
-112   0.433470
-111   0.434612
-110   0.435774
-109   0.436824
-108   0.437986
-107   0.439380
-106   0.440760
-105   0.442214
-104   0.443774
-103   0.445346
-102   0.447018
-101   0.448746
-100   0.450592
-99   0.452484
-98   0.454454
-97   0.456356
-96   0.458262
-95   0.460330
-94   0.462310
-93   0.464472
-92   0.466506
-91   0.468828
-90   0.470976
-89   0.473176
-88   0.475290
-87   0.477398
-86   0.479712
-85   0.481958
-84   0.484110
-83   0.486074
-82   0.488124
-81   0.490072
-80   0.492230
-79   0.494398
-78   0.496432
-77   0.498326
-76   0.499966
-75   0.501586
-74   0.503224
-73   0.504928
-72   0.506746
-71   0.508630
-70   0.510590
-69   0.512418
-68   0.514170
-67   0.515992
-66   0.517992
-65   0.519976
-64   0.521996
-63   0.524098
-62   0.526226
-61   0.528352
-60   0.530496
-59   0.532674
-58   0.534788
-57   0.536918
-56   0.538974
-55   0.541236
-54   0.543496
-53   0.545772
-52   0.548166
-51   0.550656
-50   0.553310
-49   0.555772
-48   0.558300
-47   0.560716
-46   0.563136
-45   0.565432
-44   0.567756
-43   0.570096
-42   0.572442
-41   0.574800
-40   0.577010
-39   0.579134
-38   0.581296
-37   0.583594
-36   0.585946
-35   0.588358
-34   0.590802
-33   0.593204
-32   0.595472
-31   0.597770
-30   0.600130
-29   0.602414
-28   0.604862
-27   0.607388
-26   0.610138
-25   0.612872
-24   0.615628
-23   0.618710
-22   0.621566
-21   0.624404
-20   0.627276
-19   0.630096
-18   0.632814
-17   0.635672
-16   0.638450
-15   0.641250
-14   0.644114
-13   0.647018
-12   0.649802
-11   0.652482
-10   0.655102
-9   0.657572
-8   0.660188
-7   0.662798
-6   0.665372
-5   0.668086
-4   0.670640
-3   0.673376
-2   0.676090
-1   0.678556
