0   0.599990
1   0.591664
2   0.590270
3   0.588630
4   0.587236
5   0.585460
6   0.583618
7   0.581902
8   0.580034
9   0.578410
10   0.576520
11   0.574624
12   0.572718
13   0.571026
14   0.568980
15   0.566978
16   0.565030
17   0.563132
18   0.561152
19   0.559226
20   0.557434
21   0.555286
22   0.553722
23   0.551756
24   0.549902
25   0.548132
26   0.546286
27   0.544608
28   0.542810
29   0.541064
30   0.539166
31   0.537512
32   0.535558
33   0.533608
34   0.531788
35   0.530158
36   0.528480
37   0.526582
38   0.524834
39   0.522916
40   0.521122
41   0.519400
42   0.517242
43   0.515442
44   0.513530
45   0.511740
46   0.509996
47   0.508254
48   0.506566
49   0.504810
50   0.503314
51   0.501816
52   0.500136
53   0.498858
54   0.497266
55   0.495876
56   0.494408
57   0.492950
58   0.491490
59   0.490106
60   0.488806
61   0.487244
62   0.485944
63   0.484286
64   0.482612
65   0.481104
66   0.479402
67   0.477998
68   0.476500
69   0.474868
70   0.473168
71   0.471526
72   0.469804
73   0.467974
74   0.466178
75   0.464520
76   0.462780
77   0.461198
78   0.459582
79   0.457848
80   0.456066
81   0.454358
82   0.452606
83   0.450810
84   0.449094
85   0.447174
86   0.445302
87   0.443446
88   0.441518
89   0.439732
90   0.438074
91   0.436262
92   0.434760
93   0.433040
94   0.431378
95   0.430008
96   0.428642
97   0.427158
98   0.426070
99   0.424658
100   0.423410
101   0.421948
102   0.420610
103   0.419470
104   0.418086
105   0.416692
106   0.415228
107   0.413788
108   0.412368
109   0.410786
110   0.409100
111   0.407786
112   0.406374
113   0.404844
114   0.403452
115   0.401982
116   0.400690
117   0.399378
118   0.398054
119   0.396860
120   0.395206
121   0.393944
122   0.392412
123   0.391084
124   0.389976
125   0.388598
126   0.387280
127   0.385922
128   0.384640
129   0.383410
130   0.382264
131   0.380938
132   0.379744
133   0.378564
134   0.377324
135   0.376138
136   0.374964
137   0.374008
138   0.372886
139   0.371976
140   0.370876
141   0.369726
142   0.368932
143   0.367780
144   0.366438
145   0.365258
146   0.364124
147   0.362792
148   0.361512
149   0.360180
150   0.358998
151   0.357702
152   0.356158
153   0.354732
154   0.353284
155   0.351646
156   0.350092
157   0.348612
158   0.347272
159   0.345702
160   0.344384
161   0.342966
162   0.341548
163   0.340078
164   0.338564
165   0.337048
166   0.335518
167   0.333934
168   0.332256
169   0.330884
170   0.329050
171   0.327414
172   0.325660
173   0.323962
174   0.322202
175   0.320412
176   0.318736
177   0.317022
178   0.315106
179   0.313460
180   0.311564
181   0.309942
182   0.308376
183   0.306760
184   0.305266
185   0.303840
186   0.302322
187   0.300862
188   0.299790
189   0.298260
190   0.297024
191   0.295504
192   0.293952
193   0.292444
194   0.290782
195   0.289352
196   0.287930
197   0.286308
198   0.284586
199   0.283114
200   0.281606
201   0.280264
202   0.278910
203   0.277394
204   0.276042
205   0.274718
206   0.273194
207   0.272006
208   0.270718
209   0.269536
210   0.268124
211   0.266946
212   0.265696
213   0.264820
214   0.263668
215   0.262704
216   0.261902
217   0.260756
218   0.259862
219   0.258760
220   0.257892
221   0.257006
222   0.256138
223   0.255578
224   0.254508
225   0.253748
226   0.252750
227   0.252082
228   0.251378
229   0.250584
230   0.249906
231   0.248950
232   0.248144
233   0.247252
234   0.246384
235   0.245612
236   0.244808
237   0.244210
238   0.243506
239   0.243082
240   0.242276
241   0.241764
242   0.241178
243   0.240494
244   0.240004
245   0.239204
246   0.238756
247   0.238096
248   0.237418
249   0.236640
250   0.235928
251   0.235380
252   0.234812
253   0.234116
254   0.233658
255   0.232964
256   0.232478
257   0.231740
258   0.230920
259   0.230394
260   0.229930
261   0.229118
262   0.228590
263   0.228308
264   0.227606
265   0.227174
266   0.226742
267   0.226228
268   0.225880
269   0.225588
270   0.225320
271   0.225120
272   0.224792
273   0.224448
274   0.224022
275   0.223652
276   0.223612
277   0.223042
278   0.222600
279   0.222288
280   0.221840
281   0.221526
282   0.221020
283   0.220544
284   0.219994
285   0.219770
286   0.219280
287   0.218696
288   0.218252
289   0.217658
290   0.217362
291   0.216728
292   0.216294
293   0.215678
294   0.214922
295   0.214128
296   0.213850
297   0.213222
298   0.212608
299   0.211986
300   0.211400
301   0.210942
302   0.210492
303   0.209972
304   0.209560
305   0.209054
306   0.208494
307   0.208126
308   0.207662
309   0.206984
310   0.206342
311   0.205586
312   0.204862
313   0.204196
314   0.203346
315   0.202162
316   0.201404
317   0.200140
318   0.199370
319   0.198362
320   0.197408
321   0.196618
322   0.195770
323   0.194940
324   0.194218
325   0.193410
326   0.192684
327   0.191896
328   0.191280
329   0.190866
330   0.190062
331   0.189258
332   0.188434
333   0.187828
334   0.186978
335   0.186278
336   0.185542
337   0.184892
338   0.184272
339   0.183728
340   0.183246
341   0.182628
342   0.182098
343   0.181654
344   0.180964
345   0.180348
346   0.179608
347   0.178858
348   0.178212
349   0.177474
350   0.176870
351   0.176218
352   0.175604
353   0.175100
354   0.174294
355   0.173710
356   0.172942
357   0.172322
358   0.171526
359   0.170688
360   0.169920
361   0.169076
362   0.168376
363   0.167642
364   0.166644
365   0.166054
366   0.165170
367   0.164666
368   0.164244
369   0.163532
370   0.163210
371   0.162586
372   0.162380
373   0.161958
374   0.161366
375   0.161066
376   0.160602
377   0.160304
378   0.159828
379   0.159548
380   0.159194
381   0.158930
382   0.158886
383   0.158608
384   0.158180
385   0.158108
386   0.157804
387   0.157796
388   0.157544
389   0.157268
390   0.157174
391   0.156990
392   0.156578
393   0.156496
394   0.156282
395   0.156160
396   0.155890
397   0.155726
398   0.155498
399   0.155192
400   0.154982
401   0.154712
402   0.154302
403   0.153916
404   0.153666
405   0.153464
406   0.153336
407   0.153264
408   0.153258
409   0.153020
410   0.153064
411   0.152936
412   0.152896
413   0.153004
414   0.153066
415   0.152974
416   0.153026
417   0.152874
418   0.152844
419   0.152704
420   0.152708
421   0.152682
422   0.152614
423   0.152712
424   0.152866
425   0.152922
426   0.152988
427   0.153256
428   0.153292
429   0.153422
430   0.153590
431   0.153832
432   0.154032
433   0.154312
434   0.154752
435   0.155072
436   0.155438
437   0.155796
438   0.155886
439   0.156260
440   0.156556
441   0.156886
442   0.157106
443   0.157394
444   0.157546
445   0.157670
446   0.157808
447   0.158042
448   0.158104
449   0.158480
450   0.158798
451   0.159162
452   0.159236
453   0.159614
454   0.159906
455   0.160416
456   0.160746
457   0.161000
458   0.161380
459   0.161700
460   0.161976
461   0.162110
462   0.162284
463   0.162360
464   0.162590
465   0.162722
466   0.162770
467   0.163030
468   0.162962
469   0.162974
470   0.163170
471   0.163384
472   0.163622
473   0.163700
474   0.163816
475   0.164234
476   0.164358
477   0.164666
478   0.164936
479   0.165084
480   0.165214
481   0.165452
482   0.165616
483   0.166094
484   0.166332
485   0.166628
486   0.167034
487   0.167196
488   0.167782
489   0.168006
490   0.168366
491   0.168620
492   0.168764
493   0.169204
494   0.169290
495   0.169618
496   0.169864
497   0.170052
498   0.170262
499   0.170598
500   0.170714
-499   0.171016
-498   0.171322
-497   0.171544
-496   0.171922
-495   0.172278
-494   0.172658
-493   0.173046
-492   0.173430
-491   0.173758
-490   0.174426
-489   0.174842
-488   0.175256
-487   0.175902
-486   0.176440
-485   0.176860
-484   0.177420
-483   0.177914
-482   0.178238
-481   0.178708
-480   0.179138
-479   0.179756
-478   0.180374
-477   0.180828
-476   0.181510
-475   0.182246
-474   0.183102
-473   0.183664
-472   0.184594
-471   0.185518
-470   0.186404
-469   0.187220
-468   0.188520
-467   0.189734
-466   0.190702
-465   0.191666
-464   0.192564
-463   0.193482
-462   0.194330
-461   0.195138
-460   0.195832
-459   0.196500
-458   0.197150
-457   0.197856
-456   0.198590
-455   0.199250
-454   0.199914
-453   0.200342
-452   0.200994
-451   0.201518
-450   0.202100
-449   0.202744
-448   0.203292
-447   0.203662
-446   0.204220
-445   0.204750
-444   0.205348
-443   0.205902
-442   0.206664
-441   0.207552
-440   0.208278
-439   0.209068
-438   0.209826
-437   0.210518
-436   0.211192
-435   0.212100
-434   0.212718
-433   0.213388
-432   0.213968
-431   0.214734
-430   0.215222
-429   0.215842
-428   0.216210
-427   0.216548
-426   0.217018
-425   0.217444
-424   0.217588
-423   0.218012
-422   0.218288
-421   0.218834
-420   0.219176
-419   0.219610
-418   0.219992
-417   0.220270
-416   0.220520
-415   0.220838
-414   0.221090
-413   0.221714
-412   0.221896
-411   0.222588
-410   0.223114
-409   0.223512
-408   0.223916
-407   0.224456
-406   0.225068
-405   0.225506
-404   0.225940
-403   0.226422
-402   0.226836
-401   0.227010
-400   0.227230
-399   0.227294
-398   0.227606
-397   0.227664
-396   0.227652
-395   0.227918
-394   0.228114
-393   0.228118
-392   0.228514
-391   0.228616
-390   0.229000
-389   0.229276
-388   0.229624
-387   0.229812
-386   0.230246
-385   0.230666
-384   0.230914
-383   0.231156
-382   0.231664
-381   0.232166
-380   0.232582
-379   0.232724
-378   0.233138
-377   0.233534
-376   0.233730
-375   0.234256
-374   0.234704
-373   0.234942
-372   0.235600
-371   0.235886
-370   0.236314
-369   0.236978
-368   0.237516
-367   0.238134
-366   0.238524
-365   0.238996
-364   0.239556
-363   0.240194
-362   0.240526
-361   0.240822
-360   0.241340
-359   0.241728
-358   0.242046
-357   0.242488
-356   0.242768
-355   0.243140
-354   0.243416
-353   0.243902
-352   0.244452
-351   0.244880
-350   0.245392
-349   0.245876
-348   0.246310
-347   0.246764
-346   0.246932
-345   0.247468
-344   0.247674
-343   0.248336
-342   0.248892
-341   0.249564
-340   0.250150
-339   0.250602
-338   0.251192
-337   0.251948
-336   0.252674
-335   0.253342
-334   0.254142
-333   0.254798
-332   0.255532
-331   0.256048
-330   0.256884
-329   0.257666
-328   0.258524
-327   0.259266
-326   0.259882
-325   0.260764
-324   0.261294
-323   0.262078
-322   0.262754
-321   0.263444
-320   0.264046
-319   0.264726
-318   0.265284
-317   0.266094
-316   0.266760
-315   0.267374
-314   0.267906
-313   0.268652
-312   0.269174
-311   0.270184
-310   0.270844
-309   0.271662
-308   0.272470
-307   0.273152
-306   0.273870
-305   0.274484
-304   0.275224
-303   0.275752
-302   0.276458
-301   0.277292
-300   0.277860
-299   0.278420
-298   0.278988
-297   0.279526
-296   0.279988
-295   0.280590
-294   0.281130
-293   0.281726
-292   0.282354
-291   0.283016
-290   0.283630
-289   0.284156
-288   0.284760
-287   0.285696
-286   0.286362
-285   0.287104
-284   0.287978
-283   0.288778
-282   0.289736
-281   0.290472
-280   0.291104
-279   0.291722
-278   0.292574
-277   0.293372
-276   0.293952
-275   0.294594
-274   0.295330
-273   0.296272
-272   0.296964
-271   0.297688
-270   0.298550
-269   0.299208
-268   0.299808
-267   0.300820
-266   0.301496
-265   0.302242
-264   0.302938
-263   0.303668
-262   0.304502
-261   0.305318
-260   0.305972
-259   0.306868
-258   0.307564
-257   0.308372
-256   0.309340
-255   0.310276
-254   0.311200
-253   0.312206
-252   0.313114
-251   0.314074
-250   0.315218
-249   0.316302
-248   0.317484
-247   0.318318
-246   0.319252
-245   0.320538
-244   0.321358
-243   0.322234
-242   0.323352
-241   0.324462
-240   0.325380
-239   0.326274
-238   0.327358
-237   0.327912
-236   0.328834
-235   0.329616
-234   0.330168
-233   0.331052
-232   0.331650
-231   0.332422
-230   0.333304
-229   0.333950
-228   0.334762
-227   0.335540
-226   0.336386
-225   0.336954
-224   0.337886
-223   0.338542
-222   0.339374
-221   0.340008
-220   0.340902
-219   0.341808
-218   0.342620
-217   0.343278
-216   0.344282
-215   0.345306
-214   0.346132
-213   0.346836
-212   0.347726
-211   0.348514
-210   0.349528
-209   0.350448
-208   0.351310
-207   0.352442
-206   0.353244
-205   0.354196
-204   0.355242
-203   0.356204
-202   0.357186
-201   0.358302
-200   0.359324
-199   0.360270
-198   0.361374
-197   0.362540
-196   0.363556
-195   0.364406
-194   0.365452
-193   0.366546
-192   0.367762
-191   0.368956
-190   0.370066
-189   0.371244
-188   0.372426
-187   0.373726
-186   0.375042
-185   0.376220
-184   0.377654
-183   0.378772
-182   0.380224
-181   0.381442
-180   0.382660
-179   0.383628
-178   0.384848
-177   0.386006
-176   0.387436
-175   0.388762
-174   0.390068
-173   0.391418
-172   0.392968
-171   0.394180
-170   0.395788
-169   0.397238
-168   0.398764
-167   0.400108
-166   0.401510
-165   0.403028
-164   0.404480
-163   0.406044
-162   0.407350
-161   0.408950
-160   0.410392
-159   0.412066
-158   0.413590
-157   0.415192
-156   0.416704
-155   0.418210
-154   0.419726
-153   0.421268
-152   0.422874
-151   0.424308
-150   0.425608
-149   0.426886
-148   0.428314
-147   0.429702
-146   0.431460
-145   0.432812
-144   0.434548
-143   0.435806
-142   0.437428
-141   0.438974
-140   0.440398
-139   0.441956
-138   0.443620
-137   0.445164
-136   0.446702
-135   0.448152
-134   0.449574
-133   0.450920
-132   0.452128
-131   0.453752
-130   0.454856
-129   0.456476
-128   0.458044
-127   0.459506
-126   0.460938
-125   0.462496
-124   0.464092
-123   0.465476
-122   0.467422
-121   0.469050
-120   0.470670
-119   0.472498
-118   0.473852
-117   0.475402
-116   0.476856
-115   0.478640
-114   0.480428
-113   0.482080
-112   0.483626
-111   0.485240
-110   0.486708
-109   0.488236
-108   0.489700
-107   0.491026
-106   0.492650
-105   0.493940
-104   0.495260
-103   0.496592
-102   0.497742
-101   0.499282
-100   0.500698
-99   0.502002
-98   0.503192
-97   0.504536
-96   0.505706
-95   0.506966
-94   0.508198
-93   0.509406
-92   0.510504
-91   0.511656
-90   0.512886
-89   0.514072
-88   0.515570
-87   0.516932
-86   0.518576
-85   0.520258
-84   0.521688
-83   0.523268
-82   0.525026
-81   0.526764
-80   0.528184
-79   0.529702
-78   0.531312
-77   0.532836
-76   0.534346
-75   0.535680
-74   0.536932
-73   0.538260
-72   0.539314
-71   0.540676
-70   0.541948
-69   0.543446
-68   0.544906
-67   0.546398
-66   0.547802
-65   0.549270
-64   0.550546
-63   0.551608
-62   0.552788
-61   0.553880
-60   0.554994
-59   0.555954
-58   0.556842
-57   0.557740
-56   0.558610
-55   0.559412
-54   0.560394
-53   0.561372
-52   0.562016
-51   0.562794
-50   0.563674
-49   0.564390
-48   0.565008
-47   0.565796
-46   0.566574
-45   0.567300
-44   0.568188
-43   0.568798
-42   0.569710
-41   0.570410
-40   0.571034
-39   0.571850
-38   0.572736
-37   0.573608
-36   0.574328
-35   0.574984
-34   0.576014
-33   0.576786
-32   0.577648
-31   0.578502
-30   0.578942
-29   0.579886
-28   0.580434
-27   0.581360
-26   0.581960
-25   0.582764
-24   0.583358
-23   0.584128
-22   0.584602
-21   0.585204
-20   0.585606
-19   0.585910
-18   0.586522
-17   0.587102
-16   0.587430
-15   0.587868
-14   0.588330
-13   0.588662
-12   0.589190
-11   0.589370
-10   0.589864
-9   0.590246
-8   0.590768
-7   0.591166
-6   0.591586
-5   0.591864
-4   0.592398
-3   0.592698
-2   0.592916
-1   0.593124
