0   0.873728
1   0.864624
2   0.858788
3   0.853112
4   0.847578
5   0.842032
6   0.836488
7   0.831036
8   0.825606
9   0.820110
10   0.814640
11   0.808918
12   0.803266
13   0.797572
14   0.792250
15   0.786720
16   0.781502
17   0.776306
18   0.771048
19   0.766100
20   0.760936
21   0.755694
22   0.750472
23   0.745266
24   0.740244
25   0.735040
26   0.729918
27   0.724880
28   0.719766
29   0.714622
30   0.709534
31   0.704396
32   0.699472
33   0.694550
34   0.689402
35   0.684330
36   0.679002
37   0.673588
38   0.668604
39   0.663592
40   0.658352
41   0.653572
42   0.648752
43   0.643912
44   0.638832
45   0.633830
46   0.629004
47   0.624244
48   0.619672
49   0.615008
50   0.610178
51   0.605346
52   0.600880
53   0.596306
54   0.591854
55   0.587192
56   0.582772
57   0.578218
58   0.573778
59   0.569414
60   0.565472
61   0.561604
62   0.557658
63   0.553650
64   0.549532
65   0.545532
66   0.541740
67   0.537724
68   0.533828
69   0.529788
70   0.526054
71   0.522302
72   0.518430
73   0.514678
74   0.510814
75   0.507066
76   0.503516
77   0.499680
78   0.495746
79   0.492180
80   0.488420
81   0.484762
82   0.481092
83   0.477456
84   0.473862
85   0.470598
86   0.467270
87   0.464106
88   0.461106
89   0.458062
90   0.455048
91   0.451854
92   0.448590
93   0.445236
94   0.441796
95   0.438280
96   0.434710
97   0.431288
98   0.428064
99   0.425100
100   0.421794
101   0.418424
102   0.415026
103   0.411572
104   0.408104
105   0.404718
106   0.401164
107   0.397802
108   0.394542
109   0.391218
110   0.387358
111   0.383824
112   0.380206
113   0.376690
114   0.373104
115   0.369588
116   0.366210
117   0.362532
118   0.359026
119   0.355662
120   0.352220
121   0.349028
122   0.345900
123   0.342976
124   0.339984
125   0.337026
126   0.334138
127   0.331474
128   0.328854
129   0.326252
130   0.323698
131   0.321220
132   0.318352
133   0.315748
134   0.312858
135   0.310148
136   0.307470
137   0.304812
138   0.302050
139   0.299138
140   0.296456
141   0.293518
142   0.290956
143   0.288308
144   0.285686
145   0.283152
146   0.280638
147   0.277910
148   0.275448
149   0.273238
150   0.271000
151   0.268632
152   0.266422
153   0.264208
154   0.262018
155   0.259702
156   0.257562
157   0.255332
158   0.253330
159   0.251452
160   0.249694
161   0.248098
162   0.246582
163   0.244888
164   0.243276
165   0.241686
166   0.240144
167   0.238648
168   0.237328
169   0.235922
170   0.234716
171   0.233598
172   0.232560
173   0.231732
174   0.230410
175   0.229184
176   0.228070
177   0.226660
178   0.225124
179   0.223528
180   0.221996
181   0.220486
182   0.218720
183   0.216874
184   0.215090
185   0.213254
186   0.211682
187   0.210066
188   0.208380
189   0.206906
190   0.205242
191   0.203668
192   0.202086
193   0.200412
194   0.198666
195   0.196976
196   0.195496
197   0.194078
198   0.192634
199   0.191168
200   0.189852
201   0.188478
202   0.187210
203   0.186038
204   0.184902
205   0.183626
206   0.182410
207   0.181422
208   0.180336
209   0.179038
210   0.177774
211   0.176286
212   0.174824
213   0.173548
214   0.172272
215   0.170976
216   0.169868
217   0.168894
218   0.167846
219   0.166668
220   0.165512
221   0.164654
222   0.163754
223   0.162846
224   0.161876
225   0.160958
226   0.159992
227   0.158964
228   0.157884
229   0.156542
230   0.155244
231   0.153658
232   0.152260
233   0.150896
234   0.149766
235   0.148736
236   0.147646
237   0.146576
238   0.145342
239   0.144082
240   0.142914
241   0.141716
242   0.140678
243   0.139526
244   0.138450
245   0.137398
246   0.136522
247   0.135764
248   0.134948
249   0.134128
250   0.133544
251   0.132740
252   0.131994
253   0.131162
254   0.130510
255   0.129664
256   0.128906
257   0.128236
258   0.127480
259   0.126740
260   0.126222
261   0.125754
262   0.125268
263   0.124600
264   0.123962
265   0.123220
266   0.122384
267   0.121536
268   0.120786
269   0.119994
270   0.119028
271   0.118326
272   0.117696
273   0.116980
274   0.116178
275   0.115412
276   0.114334
277   0.113326
278   0.112386
279   0.111574
280   0.110764
281   0.109828
282   0.108902
283   0.107590
284   0.106482
285   0.105352
286   0.104422
287   0.103416
288   0.102380
289   0.101408
290   0.100504
291   0.099642
292   0.098494
293   0.097384
294   0.096334
295   0.095204
296   0.094144
297   0.093068
298   0.091952
299   0.090708
300   0.089830
301   0.088784
302   0.087832
303   0.086858
304   0.086134
305   0.085294
306   0.084424
307   0.083674
308   0.082832
309   0.081718
310   0.080824
311   0.080026
312   0.079294
313   0.078332
314   0.077578
315   0.076984
316   0.076118
317   0.075240
318   0.074602
319   0.073864
320   0.073028
321   0.072416
322   0.071832
323   0.071108
324   0.070438
325   0.069616
326   0.068952
327   0.067958
328   0.066918
329   0.066080
330   0.065280
331   0.064666
332   0.063904
333   0.063230
334   0.062584
335   0.061926
336   0.061532
337   0.061156
338   0.060684
339   0.060464
340   0.059924
341   0.059488
342   0.059160
343   0.058688
344   0.058156
345   0.057656
346   0.057130
347   0.056500
348   0.055692
349   0.055050
350   0.054628
351   0.054254
352   0.053712
353   0.052974
354   0.052320
355   0.051708
356   0.051022
357   0.050262
358   0.049782
359   0.049238
360   0.048482
361   0.047652
362   0.046644
363   0.045438
364   0.044380
365   0.043276
366   0.042160
367   0.040694
368   0.039496
369   0.037966
370   0.036580
371   0.035228
372   0.033984
373   0.032720
374   0.031474
375   0.030072
376   0.028720
377   0.027450
378   0.026094
379   0.024990
380   0.023934
381   0.022908
382   0.022034
383   0.021072
384   0.019998
385   0.019088
386   0.018398
387   0.017456
388   0.016686
389   0.015934
390   0.015186
391   0.014564
392   0.013708
393   0.012996
394   0.012194
395   0.011456
396   0.010598
397   0.009614
398   0.008694
399   0.007782
400   0.006694
401   0.005772
402   0.004666
403   0.003556
404   0.002620
405   0.001820
406   0.000976
407   0.000100
408  -0.000788
409  -0.001724
410  -0.002768
411  -0.003796
412  -0.004944
413  -0.006152
414  -0.007250
415  -0.008170
416  -0.009136
417  -0.010286
418  -0.011450
419  -0.012786
420  -0.014122
421  -0.015378
422  -0.016492
423  -0.017790
424  -0.018888
425  -0.020058
426  -0.021288
427  -0.022238
428  -0.023398
429  -0.024488
430  -0.025528
431  -0.026572
432  -0.027534
433  -0.028502
434  -0.029354
435  -0.030296
436  -0.030884
437  -0.031784
438  -0.032522
439  -0.033362
440  -0.034146
441  -0.034758
442  -0.035486
443  -0.036338
444  -0.037190
445  -0.038210
446  -0.039094
447  -0.040134
448  -0.041250
449  -0.042260
450  -0.043276
451  -0.044214
452  -0.045104
453  -0.045874
454  -0.046684
455  -0.047248
456  -0.047788
457  -0.048448
458  -0.048968
459  -0.049544
460  -0.050088
461  -0.050550
462  -0.051144
463  -0.051832
464  -0.052730
465  -0.053472
466  -0.054182
467  -0.054786
468  -0.055372
469  -0.055964
470  -0.056432
471  -0.056826
472  -0.057228
473  -0.057598
474  -0.058004
475  -0.058488
476  -0.058750
477  -0.059002
478  -0.059274
479  -0.059510
480  -0.059780
481  -0.059940
482  -0.060164
483  -0.060466
484  -0.060848
485  -0.061088
486  -0.061382
487  -0.061666
488  -0.061970
489  -0.062284
490  -0.062642
491  -0.062836
492  -0.063196
493  -0.063482
494  -0.063680
495  -0.064088
496  -0.064454
497  -0.064838
498  -0.065240
499  -0.065564
500  -0.065806
-499  -0.066144
-498  -0.066442
-497  -0.066890
-496  -0.067314
-495  -0.067696
-494  -0.068192
-493  -0.068634
-492  -0.069030
-491  -0.069410
-490  -0.069708
-489  -0.069978
-488  -0.070352
-487  -0.070820
-486  -0.071022
-485  -0.071398
-484  -0.071584
-483  -0.071658
-482  -0.071670
-481  -0.071720
-480  -0.071640
-479  -0.071590
-478  -0.071358
-477  -0.071048
-476  -0.070908
-475  -0.070606
-474  -0.070596
-473  -0.070402
-472  -0.070234
-471  -0.070136
-470  -0.069934
-469  -0.069722
-468  -0.069356
-467  -0.069222
-466  -0.068974
-465  -0.068792
-464  -0.068600
-463  -0.068534
-462  -0.068406
-461  -0.068300
-460  -0.067860
-459  -0.067418
-458  -0.067004
-457  -0.066614
-456  -0.066170
-455  -0.065636
-454  -0.064910
-453  -0.064346
-452  -0.063758
-451  -0.063118
-450  -0.062572
-449  -0.062014
-448  -0.061478
-447  -0.060846
-446  -0.060218
-445  -0.059620
-444  -0.059178
-443  -0.058654
-442  -0.058050
-441  -0.057610
-440  -0.057184
-439  -0.056848
-438  -0.056468
-437  -0.056168
-436  -0.056014
-435  -0.055848
-434  -0.055610
-433  -0.055288
-432  -0.055032
-431  -0.054722
-430  -0.054450
-429  -0.054208
-428  -0.053922
-427  -0.053578
-426  -0.053346
-425  -0.053008
-424  -0.052626
-423  -0.052392
-422  -0.052126
-421  -0.051800
-420  -0.051450
-419  -0.051104
-418  -0.050884
-417  -0.050470
-416  -0.050088
-415  -0.049628
-414  -0.049240
-413  -0.048926
-412  -0.048412
-411  -0.047770
-410  -0.047138
-409  -0.046440
-408  -0.045732
-407  -0.045220
-406  -0.044556
-405  -0.044050
-404  -0.043532
-403  -0.042988
-402  -0.042410
-401  -0.041898
-400  -0.041060
-399  -0.040034
-398  -0.038984
-397  -0.038020
-396  -0.036884
-395  -0.035690
-394  -0.034664
-393  -0.033608
-392  -0.032714
-391  -0.031932
-390  -0.031100
-389  -0.030286
-388  -0.029338
-387  -0.028398
-386  -0.027620
-385  -0.027070
-384  -0.026280
-383  -0.025676
-382  -0.024940
-381  -0.024292
-380  -0.023470
-379  -0.022756
-378  -0.022046
-377  -0.021534
-376  -0.020806
-375  -0.020002
-374  -0.019238
-373  -0.018170
-372  -0.017090
-371  -0.016164
-370  -0.015270
-369  -0.014324
-368  -0.013398
-367  -0.012412
-366  -0.011324
-365  -0.010408
-364  -0.009320
-363  -0.008348
-362  -0.007218
-361  -0.006280
-360  -0.005192
-359  -0.004236
-358  -0.003226
-357  -0.002416
-356  -0.001418
-355  -0.000598
-354   0.000370
-353   0.001286
-352   0.002182
-351   0.003190
-350   0.004258
-349   0.005408
-348   0.006636
-347   0.007714
-346   0.008766
-345   0.009878
-344   0.010768
-343   0.011694
-342   0.012562
-341   0.013508
-340   0.014434
-339   0.015294
-338   0.016248
-337   0.017308
-336   0.018330
-335   0.019588
-334   0.020716
-333   0.021968
-332   0.023348
-331   0.024814
-330   0.026280
-329   0.027842
-328   0.029452
-327   0.031178
-326   0.032750
-325   0.034348
-324   0.035780
-323   0.037244
-322   0.038654
-321   0.040200
-320   0.041712
-319   0.043246
-318   0.044852
-317   0.046504
-316   0.048158
-315   0.049738
-314   0.051300
-313   0.052684
-312   0.054076
-311   0.055400
-310   0.056818
-309   0.058108
-308   0.059462
-307   0.060844
-306   0.062494
-305   0.063830
-304   0.065350
-303   0.066920
-302   0.068694
-301   0.070484
-300   0.072376
-299   0.074352
-298   0.076058
-297   0.077842
-296   0.079744
-295   0.081586
-294   0.083340
-293   0.085188
-292   0.087314
-291   0.089148
-290   0.091010
-289   0.092882
-288   0.094744
-287   0.096466
-286   0.098236
-285   0.099720
-284   0.101128
-283   0.102692
-282   0.104302
-281   0.105720
-280   0.107294
-279   0.108794
-278   0.110220
-277   0.111680
-276   0.113056
-275   0.114432
-274   0.115800
-273   0.117288
-272   0.118870
-271   0.120534
-270   0.122378
-269   0.124048
-268   0.125792
-267   0.127416
-266   0.129070
-265   0.130710
-264   0.132216
-263   0.133814
-262   0.135220
-261   0.136584
-260   0.137926
-259   0.139430
-258   0.140748
-257   0.141972
-256   0.143380
-255   0.144870
-254   0.146318
-253   0.147920
-252   0.149540
-251   0.151334
-250   0.153182
-249   0.154988
-248   0.157018
-247   0.159352
-246   0.161780
-245   0.164174
-244   0.166618
-243   0.168976
-242   0.171388
-241   0.173902
-240   0.176504
-239   0.178840
-238   0.181056
-237   0.183146
-236   0.185102
-235   0.187054
-234   0.189224
-233   0.191636
-232   0.194058
-231   0.196364
-230   0.198762
-229   0.201206
-228   0.203630
-227   0.205922
-226   0.208122
-225   0.210118
-224   0.212172
-223   0.214350
-222   0.216732
-221   0.218888
-220   0.221062
-219   0.223192
-218   0.225484
-217   0.227578
-216   0.229678
-215   0.232078
-214   0.234058
-213   0.236024
-212   0.238148
-211   0.240342
-210   0.242512
-209   0.245148
-208   0.247674
-207   0.250084
-206   0.252582
-205   0.255136
-204   0.257774
-203   0.260386
-202   0.262946
-201   0.265440
-200   0.267962
-199   0.270448
-198   0.272818
-197   0.275406
-196   0.278182
-195   0.280992
-194   0.283916
-193   0.286890
-192   0.289950
-191   0.293178
-190   0.296300
-189   0.299658
-188   0.302794
-187   0.305696
-186   0.308262
-185   0.311094
-184   0.313770
-183   0.316172
-182   0.318528
-181   0.320910
-180   0.323370
-179   0.325682
-178   0.328504
-177   0.331366
-176   0.334442
-175   0.337146
-174   0.340012
-173   0.342934
-172   0.345534
-171   0.348608
-170   0.351650
-169   0.354856
-168   0.358186
-167   0.361482
-166   0.364656
-165   0.367590
-164   0.370530
-163   0.373584
-162   0.376792
-161   0.380014
-160   0.383364
-159   0.386568
-158   0.389818
-157   0.392862
-156   0.395930
-155   0.398870
-154   0.401972
-153   0.405034
-152   0.408018
-151   0.410936
-150   0.413884
-149   0.416786
-148   0.419762
-147   0.422810
-146   0.426010
-145   0.429088
-144   0.432016
-143   0.435114
-142   0.437786
-141   0.440532
-140   0.443068
-139   0.445422
-138   0.447974
-137   0.450406
-136   0.453062
-135   0.455760
-134   0.458494
-133   0.461298
-132   0.464150
-131   0.467204
-130   0.470226
-129   0.473404
-128   0.476382
-127   0.479326
-126   0.482368
-125   0.485476
-124   0.488610
-123   0.491720
-122   0.494844
-121   0.498110
-120   0.501554
-119   0.504952
-118   0.508292
-117   0.511472
-116   0.514570
-115   0.517794
-114   0.520968
-113   0.524196
-112   0.527356
-111   0.530466
-110   0.533320
-109   0.536212
-108   0.539212
-107   0.542202
-106   0.545190
-105   0.547908
-104   0.550884
-103   0.553804
-102   0.556776
-101   0.559624
-100   0.562794
-99   0.565766
-98   0.568786
-97   0.571702
-96   0.574480
-95   0.577146
-94   0.579866
-93   0.582488
-92   0.585032
-91   0.587896
-90   0.590760
-89   0.593812
-88   0.596916
-87   0.600138
-86   0.603384
-85   0.606408
-84   0.609440
-83   0.612368
-82   0.615254
-81   0.618228
-80   0.620878
-79   0.623744
-78   0.626526
-77   0.629178
-76   0.632016
-75   0.634912
-74   0.638066
-73   0.641184
-72   0.644338
-71   0.647502
-70   0.650650
-69   0.653930
-68   0.657058
-67   0.660074
-66   0.663174
-65   0.666248
-64   0.669306
-63   0.672284
-62   0.675076
-61   0.677828
-60   0.680414
-59   0.683146
-58   0.685734
-57   0.688374
-56   0.690752
-55   0.693122
-54   0.695464
-53   0.697616
-52   0.699816
-51   0.702074
-50   0.704522
-49   0.706946
-48   0.709338
-47   0.711898
-46   0.714382
-45   0.716896
-44   0.719192
-43   0.721412
-42   0.723602
-41   0.725894
-40   0.728058
-39   0.730648
-38   0.733222
-37   0.735808
-36   0.738658
-35   0.741588
-34   0.744388
-33   0.747212
-32   0.749988
-31   0.752694
-30   0.755542
-29   0.758416
-28   0.761396
-27   0.764374
-26   0.767320
-25   0.770542
-24   0.773994
-23   0.777572
-22   0.781376
-21   0.785384
-20   0.788828
-19   0.792306
-18   0.796232
-17   0.800264
-16   0.804396
-15   0.808206
-14   0.812228
-13   0.816084
-12   0.820188
-11   0.824418
-10   0.828544
-9   0.832662
-8   0.836686
-7   0.840646
-6   0.844896
-5   0.849030
-4   0.853120
-3   0.857418
-2   0.861752
-1   0.865994
