0   0.999210
1   0.898464
2   0.896810
3   0.895166
4   0.893600
5   0.892000
6   0.890238
7   0.888600
8   0.886848
9   0.885360
10   0.883866
11   0.882360
12   0.880954
13   0.879422
14   0.877878
15   0.876202
16   0.874664
17   0.873010
18   0.871232
19   0.869490
20   0.867628
21   0.865760
22   0.863796
23   0.861842
24   0.859620
25   0.857612
26   0.855622
27   0.853794
28   0.851926
29   0.850000
30   0.847864
31   0.845672
32   0.843356
33   0.841024
34   0.838718
35   0.836562
36   0.834348
37   0.832108
38   0.829904
39   0.827678
40   0.825620
41   0.823564
42   0.821562
43   0.819756
44   0.818000
45   0.816092
46   0.814098
47   0.812170
48   0.810118
49   0.808152
50   0.806164
51   0.804052
52   0.802058
53   0.799876
54   0.797714
55   0.795536
56   0.793358
57   0.791100
58   0.788702
59   0.786304
60   0.783910
61   0.781712
62   0.779608
63   0.777494
64   0.775230
65   0.773208
66   0.771292
67   0.769354
68   0.767600
69   0.765722
70   0.763720
71   0.761620
72   0.759592
73   0.757370
74   0.755048
75   0.752544
76   0.750184
77   0.747930
78   0.745472
79   0.742884
80   0.740364
81   0.738058
82   0.735614
83   0.733182
84   0.730450
85   0.727942
86   0.725164
87   0.722398
88   0.719724
89   0.717166
90   0.714598
91   0.711984
92   0.709416
93   0.706678
94   0.704038
95   0.701372
96   0.698596
97   0.695660
98   0.692622
99   0.689564
100   0.686564
101   0.683560
102   0.680650
103   0.677506
104   0.674474
105   0.671454
106   0.668420
107   0.665494
108   0.662482
109   0.659142
110   0.656082
111   0.653222
112   0.650464
113   0.647780
114   0.644960
115   0.642038
116   0.639062
117   0.636222
118   0.633328
119   0.630530
120   0.627826
121   0.625120
122   0.622334
123   0.619766
124   0.617238
125   0.614770
126   0.612050
127   0.609494
128   0.606882
129   0.604176
130   0.601340
131   0.598570
132   0.595822
133   0.592898
134   0.589976
135   0.586918
136   0.583890
137   0.580750
138   0.577612
139   0.574514
140   0.571704
141   0.568746
142   0.565874
143   0.563102
144   0.560314
145   0.557434
146   0.554548
147   0.551702
148   0.548772
149   0.545786
150   0.542646
151   0.539518
152   0.536456
153   0.533102
154   0.529456
155   0.526048
156   0.522188
157   0.518432
158   0.514718
159   0.510886
160   0.506938
161   0.502894
162   0.498710
163   0.494646
164   0.490646
165   0.486662
166   0.482932
167   0.479118
168   0.475510
169   0.471906
170   0.468468
171   0.464884
172   0.461428
173   0.457886
174   0.454246
175   0.450518
176   0.446832
177   0.443110
178   0.439322
179   0.435870
180   0.432554
181   0.429152
182   0.425774
183   0.422342
184   0.418870
185   0.415380
186   0.411682
187   0.408054
188   0.404372
189   0.400836
190   0.397264
191   0.393772
192   0.390146
193   0.386420
194   0.382594
195   0.378828
196   0.374964
197   0.371068
198   0.367208
199   0.363502
200   0.359570
201   0.355510
202   0.351604
203   0.347774
204   0.344006
205   0.340252
206   0.336546
207   0.332950
208   0.329400
209   0.326068
210   0.322818
211   0.319750
212   0.316656
213   0.313368
214   0.310114
215   0.306630
216   0.303404
217   0.299970
218   0.296494
219   0.293120
220   0.289490
221   0.286152
222   0.282876
223   0.279396
224   0.276104
225   0.272766
226   0.269526
227   0.266254
228   0.262976
229   0.259600
230   0.256360
231   0.252780
232   0.249320
233   0.245960
234   0.242436
235   0.239216
236   0.235646
237   0.232188
238   0.228870
239   0.225508
240   0.222258
241   0.218730
242   0.215528
243   0.212228
244   0.209252
245   0.206182
246   0.203272
247   0.200246
248   0.197144
249   0.194374
250   0.191398
251   0.188766
252   0.185974
253   0.183114
254   0.180496
255   0.177974
256   0.175350
257   0.172866
258   0.170496
259   0.168248
260   0.165936
261   0.163720
262   0.161600
263   0.159434
264   0.157330
265   0.155296
266   0.153466
267   0.151420
268   0.149566
269   0.147876
270   0.145922
271   0.143954
272   0.142008
273   0.139816
274   0.137726
275   0.135542
276   0.133264
277   0.131038
278   0.128888
279   0.126788
280   0.124592
281   0.122388
282   0.120314
283   0.118152
284   0.115986
285   0.113982
286   0.112032
287   0.109906
288   0.107876
289   0.105654
290   0.103316
291   0.100956
292   0.098586
293   0.096468
294   0.094460
295   0.092392
296   0.090152
297   0.088056
298   0.085890
299   0.084032
300   0.082036
301   0.080184
302   0.078298
303   0.076438
304   0.074614
305   0.072836
306   0.071084
307   0.069476
308   0.067726
309   0.065888
310   0.064100
311   0.062166
312   0.060080
313   0.058132
314   0.056308
315   0.054552
316   0.052770
317   0.051090
318   0.049460
319   0.048070
320   0.046676
321   0.045506
322   0.044436
323   0.043434
324   0.042434
325   0.041634
326   0.040736
327   0.039810
328   0.038816
329   0.037516
330   0.036362
331   0.035220
332   0.034212
333   0.033178
334   0.032144
335   0.031264
336   0.030418
337   0.029524
338   0.028636
339   0.027730
340   0.026988
341   0.026184
342   0.025340
343   0.024644
344   0.023818
345   0.022924
346   0.022156
347   0.021314
348   0.020552
349   0.019704
350   0.019026
351   0.018384
352   0.017758
353   0.017294
354   0.016900
355   0.016474
356   0.016086
357   0.015490
358   0.014872
359   0.014278
360   0.013486
361   0.012902
362   0.012314
363   0.011822
364   0.011328
365   0.010646
366   0.009926
367   0.009172
368   0.008382
369   0.007712
370   0.007014
371   0.006356
372   0.005816
373   0.005194
374   0.004392
375   0.003574
376   0.002716
377   0.001814
378   0.000934
379   0.000024
380  -0.000768
381  -0.001404
382  -0.002096
383  -0.002698
384  -0.003318
385  -0.003962
386  -0.004462
387  -0.005098
388  -0.005684
389  -0.006360
390  -0.006966
391  -0.007598
392  -0.008340
393  -0.009064
394  -0.009900
395  -0.010610
396  -0.011396
397  -0.012080
398  -0.012700
399  -0.013372
400  -0.014002
401  -0.014660
402  -0.015360
403  -0.016010
404  -0.016494
405  -0.016914
406  -0.017332
407  -0.017694
408  -0.018086
409  -0.018458
410  -0.018750
411  -0.019102
412  -0.019534
413  -0.019746
414  -0.019986
415  -0.020138
416  -0.020082
417  -0.020012
418  -0.019882
419  -0.019704
420  -0.019514
421  -0.019410
422  -0.019376
423  -0.019176
424  -0.019024
425  -0.018854
426  -0.018732
427  -0.018440
428  -0.018096
429  -0.017932
430  -0.017880
431  -0.017702
432  -0.017628
433  -0.017616
434  -0.017632
435  -0.017602
436  -0.017690
437  -0.017756
438  -0.017862
439  -0.018164
440  -0.018288
441  -0.018354
442  -0.018464
443  -0.018600
444  -0.018564
445  -0.018730
446  -0.018838
447  -0.019146
448  -0.019430
449  -0.019710
450  -0.020114
451  -0.020652
452  -0.021048
453  -0.021540
454  -0.022036
455  -0.022452
456  -0.022738
457  -0.022796
458  -0.022846
459  -0.022944
460  -0.023056
461  -0.023162
462  -0.023214
463  -0.023184
464  -0.023320
465  -0.023286
466  -0.023200
467  -0.023220
468  -0.022964
469  -0.022752
470  -0.022820
471  -0.022810
472  -0.022806
473  -0.022824
474  -0.022648
475  -0.022398
476  -0.021858
477  -0.021490
478  -0.021070
479  -0.020822
480  -0.020440
481  -0.020014
482  -0.019396
483  -0.018710
484  -0.018224
485  -0.017762
486  -0.017448
487  -0.017320
488  -0.017216
489  -0.017050
490  -0.016846
491  -0.016878
492  -0.016808
493  -0.016740
494  -0.016906
495  -0.016820
496  -0.016732
497  -0.016624
498  -0.016584
499  -0.016442
500  -0.016344
-499  -0.016228
-498  -0.016072
-497  -0.016020
-496  -0.015850
-495  -0.015728
-494  -0.015416
-493  -0.015182
-492  -0.014830
-491  -0.014630
-490  -0.014498
-489  -0.014278
-488  -0.014130
-487  -0.014002
-486  -0.013804
-485  -0.013608
-484  -0.013386
-483  -0.013262
-482  -0.013112
-481  -0.013086
-480  -0.013152
-479  -0.013284
-478  -0.013176
-477  -0.012974
-476  -0.012686
-475  -0.012382
-474  -0.011978
-473  -0.011512
-472  -0.010984
-471  -0.010474
-470  -0.010010
-469  -0.009580
-468  -0.009176
-467  -0.008600
-466  -0.008112
-465  -0.007834
-464  -0.007816
-463  -0.007708
-462  -0.007550
-461  -0.007512
-460  -0.007524
-459  -0.007270
-458  -0.007000
-457  -0.006574
-456  -0.006150
-455  -0.005568
-454  -0.004894
-453  -0.004184
-452  -0.003400
-451  -0.002694
-450  -0.001950
-449  -0.001052
-448  -0.000086
-447   0.000704
-446   0.001544
-445   0.002210
-444   0.002980
-443   0.003954
-442   0.004892
-441   0.005746
-440   0.006714
-439   0.007688
-438   0.008648
-437   0.009476
-436   0.010340
-435   0.011136
-434   0.012106
-433   0.013090
-432   0.014162
-431   0.015356
-430   0.016458
-429   0.017528
-428   0.018558
-427   0.019494
-426   0.020164
-425   0.020912
-424   0.021792
-423   0.022596
-422   0.023548
-421   0.024514
-420   0.025490
-419   0.026474
-418   0.027564
-417   0.028596
-416   0.029700
-415   0.030742
-414   0.031906
-413   0.033082
-412   0.034274
-411   0.035594
-410   0.036850
-409   0.038120
-408   0.039230
-407   0.040598
-406   0.041974
-405   0.043246
-404   0.044532
-403   0.046026
-402   0.047440
-401   0.049026
-400   0.050502
-399   0.051842
-398   0.053124
-397   0.054338
-396   0.055614
-395   0.056892
-394   0.058044
-393   0.059154
-392   0.060428
-391   0.061856
-390   0.063126
-389   0.064454
-388   0.065668
-387   0.067034
-386   0.068458
-385   0.069932
-384   0.071552
-383   0.073278
-382   0.074712
-381   0.076218
-380   0.077580
-379   0.078840
-378   0.079924
-377   0.080900
-376   0.081936
-375   0.083158
-374   0.084324
-373   0.085706
-372   0.087096
-371   0.088570
-370   0.090026
-369   0.091478
-368   0.092922
-367   0.094514
-366   0.096372
-365   0.098152
-364   0.099884
-363   0.101548
-362   0.103072
-361   0.104842
-360   0.106422
-359   0.108172
-358   0.109936
-357   0.111654
-356   0.113588
-355   0.115554
-354   0.117692
-353   0.119754
-352   0.121644
-351   0.123636
-350   0.125784
-349   0.127808
-348   0.129838
-347   0.131762
-346   0.133828
-345   0.135936
-344   0.138176
-343   0.140520
-342   0.142898
-341   0.145146
-340   0.147462
-339   0.149832
-338   0.152122
-337   0.154210
-336   0.156244
-335   0.158266
-334   0.160170
-333   0.162030
-332   0.163898
-331   0.165666
-330   0.167446
-329   0.169214
-328   0.171008
-327   0.172724
-326   0.174520
-325   0.176390
-324   0.178210
-323   0.179946
-322   0.181712
-321   0.183436
-320   0.185194
-319   0.187000
-318   0.189004
-317   0.190880
-316   0.192984
-315   0.195098
-314   0.197012
-313   0.198804
-312   0.200800
-311   0.202580
-310   0.204394
-309   0.206258
-308   0.208090
-307   0.209806
-306   0.211756
-305   0.213768
-304   0.215850
-303   0.217834
-302   0.219866
-301   0.221984
-300   0.224088
-299   0.226114
-298   0.228128
-297   0.230062
-296   0.232018
-295   0.233956
-294   0.235938
-293   0.237892
-292   0.239776
-291   0.241696
-290   0.243308
-289   0.244908
-288   0.246648
-287   0.248328
-286   0.250132
-285   0.252264
-284   0.254636
-283   0.256988
-282   0.259524
-281   0.262112
-280   0.264684
-279   0.267398
-278   0.269890
-277   0.272562
-276   0.275232
-275   0.277904
-274   0.280464
-273   0.283080
-272   0.285464
-271   0.288118
-270   0.290678
-269   0.293464
-268   0.296312
-267   0.299092
-266   0.301852
-265   0.304488
-264   0.307198
-263   0.309818
-262   0.312510
-261   0.314932
-260   0.317424
-259   0.319958
-258   0.322442
-257   0.325202
-256   0.327860
-255   0.330562
-254   0.333396
-253   0.336320
-252   0.339092
-251   0.341970
-250   0.344764
-249   0.347726
-248   0.350564
-247   0.353266
-246   0.356078
-245   0.358738
-244   0.361310
-243   0.363832
-242   0.366428
-241   0.369044
-240   0.371652
-239   0.374378
-238   0.377126
-237   0.379990
-236   0.383088
-235   0.386056
-234   0.388910
-233   0.391880
-232   0.394802
-231   0.397586
-230   0.400076
-229   0.402684
-228   0.405262
-227   0.407898
-226   0.410372
-225   0.412940
-224   0.415572
-223   0.418152
-222   0.420804
-221   0.423270
-220   0.425846
-219   0.428592
-218   0.431006
-217   0.433576
-216   0.436296
-215   0.438976
-214   0.441694
-213   0.444440
-212   0.447310
-211   0.450112
-210   0.452826
-209   0.455470
-208   0.458038
-207   0.460694
-206   0.463316
-205   0.465852
-204   0.468524
-203   0.471300
-202   0.474102
-201   0.476644
-200   0.479426
-199   0.482166
-198   0.484668
-197   0.487142
-196   0.489466
-195   0.491578
-194   0.493650
-193   0.495676
-192   0.497788
-191   0.500008
-190   0.502244
-189   0.504468
-188   0.506570
-187   0.508848
-186   0.511034
-185   0.513286
-184   0.515554
-183   0.517628
-182   0.519656
-181   0.521786
-180   0.523782
-179   0.525782
-178   0.528034
-177   0.530420
-176   0.532624
-175   0.534796
-174   0.536940
-173   0.538882
-172   0.540764
-171   0.542766
-170   0.544626
-169   0.546594
-168   0.548524
-167   0.550416
-166   0.552378
-165   0.554412
-164   0.556460
-163   0.558286
-162   0.560298
-161   0.562160
-160   0.564104
-159   0.566116
-158   0.568162
-157   0.570140
-156   0.572224
-155   0.574242
-154   0.576118
-153   0.578148
-152   0.580046
-151   0.581832
-150   0.583714
-149   0.585646
-148   0.587592
-147   0.589566
-146   0.591504
-145   0.593564
-144   0.595680
-143   0.597926
-142   0.600282
-141   0.602832
-140   0.605574
-139   0.608298
-138   0.611110
-137   0.613848
-136   0.616538
-135   0.619386
-134   0.621898
-133   0.624466
-132   0.626984
-131   0.629632
-130   0.632316
-129   0.635034
-128   0.637848
-127   0.640682
-126   0.643360
-125   0.645922
-124   0.648474
-123   0.650842
-122   0.652910
-121   0.654942
-120   0.657098
-119   0.659050
-118   0.660968
-117   0.662838
-116   0.664736
-115   0.666640
-114   0.668424
-113   0.670230
-112   0.672040
-111   0.673772
-110   0.675448
-109   0.677110
-108   0.678900
-107   0.680632
-106   0.682344
-105   0.684026
-104   0.685696
-103   0.687374
-102   0.689010
-101   0.690766
-100   0.692478
-99   0.694142
-98   0.696064
-97   0.697974
-96   0.699984
-95   0.702238
-94   0.704408
-93   0.706550
-92   0.708712
-91   0.710666
-90   0.712508
-89   0.714588
-88   0.716734
-87   0.718778
-86   0.720822
-85   0.722754
-84   0.724726
-83   0.726732
-82   0.728884
-81   0.730826
-80   0.732794
-79   0.734666
-78   0.736514
-77   0.738426
-76   0.740384
-75   0.742414
-74   0.744418
-73   0.746432
-72   0.748654
-71   0.750856
-70   0.752992
-69   0.755328
-68   0.757732
-67   0.760110
-66   0.762730
-65   0.765308
-64   0.767718
-63   0.770124
-62   0.772512
-61   0.774876
-60   0.777116
-59   0.779460
-58   0.781694
-57   0.783870
-56   0.786144
-55   0.788242
-54   0.790446
-53   0.792796
-52   0.795208
-51   0.797626
-50   0.799890
-49   0.802048
-48   0.804008
-47   0.806140
-46   0.808224
-45   0.810550
-44   0.812866
-43   0.814984
-42   0.817266
-41   0.819560
-40   0.821712
-39   0.823958
-38   0.826282
-37   0.828604
-36   0.830968
-35   0.833220
-34   0.835528
-33   0.837850
-32   0.840264
-31   0.842726
-30   0.845108
-29   0.847504
-28   0.849704
-27   0.851910
-26   0.854096
-25   0.856270
-24   0.858440
-23   0.860494
-22   0.862514
-21   0.864484
-20   0.866224
-19   0.868022
-18   0.869768
-17   0.871586
-16   0.873410
-15   0.875292
-14   0.877148
-13   0.878958
-12   0.880714
-11   0.882416
-10   0.884090
-9   0.885958
-8   0.887670
-7   0.889248
-6   0.890822
-5   0.892278
-4   0.893770
-3   0.895300
-2   0.896902
-1   0.898484
