0   0.900000
1   0.897152
2   0.894008
3   0.890918
4   0.887892
5   0.884792
6   0.881748
7   0.878772
8   0.875818
9   0.872854
10   0.869832
11   0.867096
12   0.864452
13   0.861806
14   0.859182
15   0.856754
16   0.854256
17   0.851654
18   0.849116
19   0.846548
20   0.843832
21   0.841016
22   0.838046
23   0.835288
24   0.832544
25   0.829792
26   0.827124
27   0.824574
28   0.822166
29   0.819582
30   0.817088
31   0.814530
32   0.811990
33   0.809538
34   0.807196
35   0.804750
36   0.802396
37   0.800066
38   0.797904
39   0.795648
40   0.793396
41   0.791014
42   0.788562
43   0.786176
44   0.783730
45   0.781408
46   0.779302
47   0.777102
48   0.774924
49   0.772692
50   0.770308
51   0.767950
52   0.765572
53   0.763250
54   0.760838
55   0.758472
56   0.756070
57   0.753700
58   0.751438
59   0.749206
60   0.746894
61   0.744668
62   0.742472
63   0.740332
64   0.738200
65   0.736010
66   0.733802
67   0.731672
68   0.729408
69   0.727150
70   0.724870
71   0.722584
72   0.720222
73   0.717744
74   0.715316
75   0.712798
76   0.710104
77   0.707534
78   0.704872
79   0.702304
80   0.699758
81   0.697182
82   0.694700
83   0.692094
84   0.689574
85   0.687222
86   0.684826
87   0.682636
88   0.680410
89   0.678286
90   0.676070
91   0.673830
92   0.671504
93   0.669172
94   0.666638
95   0.664086
96   0.661378
97   0.658752
98   0.656270
99   0.653692
100   0.651126
101   0.648468
102   0.645922
103   0.643408
104   0.640780
105   0.638144
106   0.635488
107   0.632822
108   0.630128
109   0.627588
110   0.625138
111   0.622628
112   0.620158
113   0.617746
114   0.615130
115   0.612704
116   0.610232
117   0.607860
118   0.605532
119   0.603236
120   0.600854
121   0.598614
122   0.596470
123   0.594250
124   0.592002
125   0.589780
126   0.587554
127   0.585092
128   0.582680
129   0.579944
130   0.577276
131   0.574670
132   0.572114
133   0.569698
134   0.567030
135   0.564512
136   0.561982
137   0.559250
138   0.556460
139   0.553694
140   0.551042
141   0.548418
142   0.545836
143   0.543238
144   0.540690
145   0.538300
146   0.535968
147   0.533536
148   0.531046
149   0.528626
150   0.526296
151   0.523740
152   0.521098
153   0.518490
154   0.516022
155   0.513716
156   0.511466
157   0.509298
158   0.507088
159   0.504950
160   0.502596
161   0.500388
162   0.498404
163   0.496214
164   0.493962
165   0.491756
166   0.489820
167   0.487782
168   0.485652
169   0.483586
170   0.481482
171   0.479352
172   0.477380
173   0.475448
174   0.473468
175   0.471376
176   0.469220
177   0.467092
178   0.465038
179   0.463132
180   0.461256
181   0.459136
182   0.456906
183   0.454736
184   0.452476
185   0.450310
186   0.448170
187   0.445992
188   0.443946
189   0.441978
190   0.440060
191   0.438018
192   0.436138
193   0.434208
194   0.432484
195   0.430782
196   0.429076
197   0.427222
198   0.425468
199   0.423596
200   0.421714
201   0.419982
202   0.418276
203   0.416682
204   0.415154
205   0.413502
206   0.411872
207   0.410342
208   0.408784
209   0.407322
210   0.405718
211   0.404118
212   0.402324
213   0.400372
214   0.398420
215   0.396342
216   0.394302
217   0.392252
218   0.390326
219   0.388202
220   0.385998
221   0.383570
222   0.381304
223   0.379136
224   0.376974
225   0.374878
226   0.372968
227   0.371034
228   0.369128
229   0.367324
230   0.365658
231   0.363946
232   0.362154
233   0.360522
234   0.358894
235   0.357272
236   0.355802
237   0.354430
238   0.353144
239   0.351812
240   0.350474
241   0.348990
242   0.347612
243   0.346226
244   0.344872
245   0.343606
246   0.342310
247   0.341232
248   0.340254
249   0.339280
250   0.338260
251   0.337396
252   0.336562
253   0.335554
254   0.334552
255   0.333456
256   0.332384
257   0.331184
258   0.329948
259   0.328954
260   0.327936
261   0.326876
262   0.325970
263   0.325114
264   0.324172
265   0.323208
266   0.322248
267   0.321306
268   0.320158
269   0.319028
270   0.317858
271   0.316802
272   0.315646
273   0.314558
274   0.313310
275   0.312092
276   0.310830
277   0.309710
278   0.308606
279   0.307432
280   0.306278
281   0.305140
282   0.303934
283   0.302656
284   0.301624
285   0.300470
286   0.299182
287   0.298170
288   0.297206
289   0.296142
290   0.295240
291   0.294166
292   0.293294
293   0.292420
294   0.291498
295   0.290502
296   0.289610
297   0.288752
298   0.287818
299   0.286916
300   0.286024
301   0.285058
302   0.284138
303   0.283282
304   0.282352
305   0.281552
306   0.280650
307   0.279780
308   0.278944
309   0.278094
310   0.277364
311   0.276470
312   0.275556
313   0.274678
314   0.273844
315   0.272950
316   0.272094
317   0.271290
318   0.270442
319   0.269534
320   0.268582
321   0.267568
322   0.266488
323   0.265448
324   0.264266
325   0.263092
326   0.261872
327   0.260622
328   0.259452
329   0.258340
330   0.257426
331   0.256448
332   0.255776
333   0.255128
334   0.254608
335   0.254132
336   0.253722
337   0.253314
338   0.252814
339   0.252382
340   0.251922
341   0.251602
342   0.251264
343   0.250958
344   0.250654
345   0.250456
346   0.250146
347   0.249932
348   0.249666
349   0.249450
350   0.249148
351   0.248834
352   0.248664
353   0.248598
354   0.248520
355   0.248502
356   0.248510
357   0.248550
358   0.248626
359   0.248690
360   0.248776
361   0.248810
362   0.248844
363   0.248858
364   0.248976
365   0.249080
366   0.249150
367   0.249228
368   0.249274
369   0.249422
370   0.249480
371   0.249638
372   0.249766
373   0.250028
374   0.250270
375   0.250440
376   0.250600
377   0.250810
378   0.251032
379   0.251168
380   0.251326
381   0.251468
382   0.251638
383   0.251820
384   0.251944
385   0.251962
386   0.251996
387   0.252096
388   0.252330
389   0.252722
390   0.253094
391   0.253588
392   0.254016
393   0.254454
394   0.254866
395   0.255274
396   0.255678
397   0.255950
398   0.256236
399   0.256462
400   0.256826
401   0.257304
402   0.257834
403   0.258272
404   0.258662
405   0.258946
406   0.259240
407   0.259576
408   0.259694
409   0.259966
410   0.260118
411   0.260352
412   0.260618
413   0.260914
414   0.261230
415   0.261428
416   0.261500
417   0.261606
418   0.261746
419   0.261772
420   0.261738
421   0.261788
422   0.261764
423   0.261820
424   0.261894
425   0.261952
426   0.262008
427   0.262166
428   0.262364
429   0.262508
430   0.262646
431   0.262752
432   0.262884
433   0.263074
434   0.263192
435   0.263312
436   0.263452
437   0.263600
438   0.263780
439   0.263880
440   0.264012
441   0.264104
442   0.264290
443   0.264600
444   0.264838
445   0.264980
446   0.265202
447   0.265472
448   0.265786
449   0.266198
450   0.266518
451   0.266906
452   0.267426
453   0.267968
454   0.268332
455   0.268800
456   0.269248
457   0.269778
458   0.270308
459   0.270762
460   0.271262
461   0.271784
462   0.272184
463   0.272648
464   0.273094
465   0.273482
466   0.273916
467   0.274288
468   0.274664
469   0.275074
470   0.275460
471   0.275698
472   0.276002
473   0.276166
474   0.276368
475   0.276658
476   0.277010
477   0.277106
478   0.277120
479   0.277062
480   0.277084
481   0.277180
482   0.277220
483   0.277290
484   0.277320
485   0.277098
486   0.277040
487   0.276860
488   0.276586
489   0.276328
490   0.275940
491   0.275700
492   0.275382
493   0.274984
494   0.274534
495   0.274284
496   0.274066
497   0.273778
498   0.273530
499   0.273244
500   0.272854
-499   0.272500
-498   0.272130
-497   0.271984
-496   0.271760
-495   0.271526
-494   0.271324
-493   0.271278
-492   0.271210
-491   0.270952
-490   0.270710
-489   0.270514
-488   0.270248
-487   0.270150
-486   0.269992
-485   0.269660
-484   0.269278
-483   0.268954
-482   0.268806
-481   0.268636
-480   0.268514
-479   0.268466
-478   0.268422
-477   0.268506
-476   0.268696
-475   0.268858
-474   0.268916
-473   0.269122
-472   0.269302
-471   0.269556
-470   0.269726
-469   0.269800
-468   0.269936
-467   0.270280
-466   0.270730
-465   0.271198
-464   0.271544
-463   0.271942
-462   0.272276
-461   0.272712
-460   0.273116
-459   0.273346
-458   0.273596
-457   0.273768
-456   0.273910
-455   0.274088
-454   0.274078
-453   0.274166
-452   0.274372
-451   0.274468
-450   0.274502
-449   0.274496
-448   0.274526
-447   0.274772
-446   0.274840
-445   0.275118
-444   0.275246
-443   0.275346
-442   0.275402
-441   0.275342
-440   0.275330
-439   0.275428
-438   0.275508
-437   0.275438
-436   0.275372
-435   0.275482
-434   0.275580
-433   0.275718
-432   0.275790
-431   0.276040
-430   0.276410
-429   0.276708
-428   0.276856
-427   0.277232
-426   0.277554
-425   0.277892
-424   0.278260
-423   0.278614
-422   0.278978
-421   0.279318
-420   0.279594
-419   0.279898
-418   0.280178
-417   0.280498
-416   0.280976
-415   0.281504
-414   0.281956
-413   0.282606
-412   0.283142
-411   0.283708
-410   0.284358
-409   0.285020
-408   0.285700
-407   0.286450
-406   0.287164
-405   0.287806
-404   0.288640
-403   0.289330
-402   0.290046
-401   0.290792
-400   0.291528
-399   0.292264
-398   0.292850
-397   0.293356
-396   0.294000
-395   0.294680
-394   0.295246
-393   0.295756
-392   0.296256
-391   0.296612
-390   0.296954
-389   0.297260
-388   0.297468
-387   0.297636
-386   0.297816
-385   0.298044
-384   0.298250
-383   0.298390
-382   0.298544
-381   0.298618
-380   0.298742
-379   0.298766
-378   0.298734
-377   0.298732
-376   0.298684
-375   0.298558
-374   0.298426
-373   0.298404
-372   0.298338
-371   0.298262
-370   0.298246
-369   0.298204
-368   0.298188
-367   0.298278
-366   0.298330
-365   0.298412
-364   0.298474
-363   0.298570
-362   0.298638
-361   0.298778
-360   0.298956
-359   0.299146
-358   0.299282
-357   0.299548
-356   0.299812
-355   0.300132
-354   0.300436
-353   0.300700
-352   0.301100
-351   0.301556
-350   0.301982
-349   0.302390
-348   0.302788
-347   0.303206
-346   0.303614
-345   0.304052
-344   0.304418
-343   0.304818
-342   0.305168
-341   0.305584
-340   0.306024
-339   0.306440
-338   0.306944
-337   0.307616
-336   0.308176
-335   0.309008
-334   0.309864
-333   0.310758
-332   0.311550
-331   0.312382
-330   0.313272
-329   0.314014
-328   0.314760
-327   0.315520
-326   0.316262
-325   0.316744
-324   0.317244
-323   0.317710
-322   0.317978
-321   0.318288
-320   0.318676
-319   0.318990
-318   0.319442
-317   0.319838
-316   0.320242
-315   0.320596
-314   0.321166
-313   0.321746
-312   0.322250
-311   0.322778
-310   0.323406
-309   0.323976
-308   0.324614
-307   0.325202
-306   0.325790
-305   0.326440
-304   0.327062
-303   0.327622
-302   0.328160
-301   0.328696
-300   0.329262
-299   0.329830
-298   0.330374
-297   0.330782
-296   0.331274
-295   0.331784
-294   0.332244
-293   0.332766
-292   0.333258
-291   0.333794
-290   0.334450
-289   0.335122
-288   0.335714
-287   0.336298
-286   0.336870
-285   0.337490
-284   0.338018
-283   0.338562
-282   0.339248
-281   0.339874
-280   0.340512
-279   0.341222
-278   0.342056
-277   0.342994
-276   0.344030
-275   0.345072
-274   0.346156
-273   0.347264
-272   0.348498
-271   0.349718
-270   0.350912
-269   0.352026
-268   0.353202
-267   0.354498
-266   0.355730
-265   0.357106
-264   0.358588
-263   0.360088
-262   0.361646
-261   0.363024
-260   0.364320
-259   0.365758
-258   0.367264
-257   0.368738
-256   0.370272
-255   0.371862
-254   0.373346
-253   0.374864
-252   0.376464
-251   0.378002
-250   0.379550
-249   0.381086
-248   0.382558
-247   0.384020
-246   0.385420
-245   0.386772
-244   0.388040
-243   0.389438
-242   0.390764
-241   0.392204
-240   0.393720
-239   0.395302
-238   0.396978
-237   0.398544
-236   0.400156
-235   0.401810
-234   0.403376
-233   0.404954
-232   0.406596
-231   0.408206
-230   0.409830
-229   0.411364
-228   0.412856
-227   0.414360
-226   0.415814
-225   0.417426
-224   0.419198
-223   0.420840
-222   0.422602
-221   0.424404
-220   0.426190
-219   0.428022
-218   0.429956
-217   0.431976
-216   0.433960
-215   0.435736
-214   0.437590
-213   0.439646
-212   0.441626
-211   0.443830
-210   0.445870
-209   0.447884
-208   0.449934
-207   0.452112
-206   0.454080
-205   0.456258
-204   0.458356
-203   0.460394
-202   0.462504
-201   0.464690
-200   0.466806
-199   0.469066
-198   0.471334
-197   0.473538
-196   0.475970
-195   0.478466
-194   0.481138
-193   0.483812
-192   0.486428
-191   0.489228
-190   0.492008
-189   0.494864
-188   0.497738
-187   0.500452
-186   0.503198
-185   0.505740
-184   0.508354
-183   0.510958
-182   0.513468
-181   0.516168
-180   0.518992
-179   0.521706
-178   0.524362
-177   0.526964
-176   0.529434
-175   0.531838
-174   0.534264
-173   0.536496
-172   0.538560
-171   0.540760
-170   0.542852
-169   0.544920
-168   0.547126
-167   0.549356
-166   0.551678
-165   0.554100
-164   0.556408
-163   0.558740
-162   0.561018
-161   0.563218
-160   0.565428
-159   0.567678
-158   0.570052
-157   0.572442
-156   0.574900
-155   0.577402
-154   0.579894
-153   0.582438
-152   0.584990
-151   0.587434
-150   0.589802
-149   0.591990
-148   0.594226
-147   0.596546
-146   0.598742
-145   0.600982
-144   0.603238
-143   0.605548
-142   0.607888
-141   0.610182
-140   0.612416
-139   0.614696
-138   0.617022
-137   0.619396
-136   0.621694
-135   0.624046
-134   0.626586
-133   0.629240
-132   0.631674
-131   0.634090
-130   0.636380
-129   0.638860
-128   0.641276
-127   0.643746
-126   0.646132
-125   0.648580
-124   0.650996
-123   0.653346
-122   0.655518
-121   0.657724
-120   0.659986
-119   0.662384
-118   0.664778
-117   0.667048
-116   0.669278
-115   0.671392
-114   0.673478
-113   0.675582
-112   0.677850
-111   0.680230
-110   0.682564
-109   0.684724
-108   0.686938
-107   0.689138
-106   0.691614
-105   0.693986
-104   0.696514
-103   0.699110
-102   0.701658
-101   0.704182
-100   0.706514
-99   0.708850
-98   0.711154
-97   0.713276
-96   0.715574
-95   0.717718
-94   0.719976
-93   0.721976
-92   0.723968
-91   0.725956
-90   0.727908
-89   0.729906
-88   0.731728
-87   0.733500
-86   0.735210
-85   0.736786
-84   0.738452
-83   0.740042
-82   0.741716
-81   0.743286
-80   0.744896
-79   0.746534
-78   0.748032
-77   0.749518
-76   0.751010
-75   0.752532
-74   0.753932
-73   0.755434
-72   0.757082
-71   0.758684
-70   0.760358
-69   0.762204
-68   0.764092
-67   0.766286
-66   0.768300
-65   0.770334
-64   0.772414
-63   0.774426
-62   0.776348
-61   0.778454
-60   0.780634
-59   0.782696
-58   0.784934
-57   0.786942
-56   0.789166
-55   0.791278
-54   0.793520
-53   0.795588
-52   0.797616
-51   0.799770
-50   0.801718
-49   0.803728
-48   0.805658
-47   0.807598
-46   0.809356
-45   0.811210
-44   0.813036
-43   0.814954
-42   0.816838
-41   0.818798
-40   0.820782
-39   0.822816
-38   0.824976
-37   0.827156
-36   0.829370
-35   0.831524
-34   0.833700
-33   0.835986
-32   0.838168
-31   0.840428
-30   0.842504
-29   0.844396
-28   0.846166
-27   0.848070
-26   0.849998
-25   0.852022
-24   0.854026
-23   0.856100
-22   0.858058
-21   0.860068
-20   0.862090
-19   0.864010
-18   0.866036
-17   0.868124
-16   0.870020
-15   0.872046
-14   0.874046
-13   0.876014
-12   0.877788
-11   0.879700
-10   0.881784
-9   0.883858
-8   0.885950
-7   0.887928
-6   0.889758
-5   0.891516
-4   0.893260
-3   0.895010
-2   0.896646
-1   0.898234
