0   0.100652
1   0.100404
2   0.100130
3   0.099636
4   0.099240
5   0.098842
6   0.098316
7   0.097746
8   0.096902
9   0.096336
10   0.095796
11   0.095346
12   0.094858
13   0.094402
14   0.093960
15   0.093394
16   0.093052
17   0.092698
18   0.092272
19   0.091680
20   0.091196
21   0.090796
22   0.090228
23   0.089504
24   0.089044
25   0.088632
26   0.088116
27   0.087692
28   0.087394
29   0.086852
30   0.086440
31   0.085958
32   0.085332
33   0.084726
34   0.084154
35   0.083736
36   0.083320
37   0.082898
38   0.082628
39   0.082364
40   0.081916
41   0.081562
42   0.080954
43   0.080516
44   0.080106
45   0.079776
46   0.079416
47   0.079168
48   0.079094
49   0.079028
50   0.078928
51   0.078884
52   0.079042
53   0.079310
54   0.079628
55   0.079868
56   0.080212
57   0.080444
58   0.080592
59   0.080672
60   0.080786
61   0.080896
62   0.081034
63   0.081276
64   0.081470
65   0.081666
66   0.081696
67   0.081850
68   0.081868
69   0.081544
70   0.081010
71   0.080432
72   0.079902
73   0.079184
74   0.078604
75   0.078070
76   0.077734
77   0.077166
78   0.076648
79   0.076170
80   0.075588
81   0.074850
82   0.074164
83   0.073554
84   0.072888
85   0.072308
86   0.071720
87   0.070854
88   0.070204
89   0.069572
90   0.069040
91   0.068396
92   0.067612
93   0.067084
94   0.066664
95   0.066406
96   0.065902
97   0.065504
98   0.065144
99   0.064968
100   0.064582
101   0.064106
102   0.063732
103   0.063344
104   0.063020
105   0.062782
106   0.062380
107   0.061954
108   0.061358
109   0.060682
110   0.060084
111   0.059502
112   0.058950
113   0.058446
114   0.057970
115   0.057462
116   0.056884
117   0.056262
118   0.055756
119   0.055450
120   0.055056
121   0.054734
122   0.054372
123   0.054240
124   0.054026
125   0.053808
126   0.053628
127   0.053380
128   0.053318
129   0.053158
130   0.053066
131   0.052900
132   0.052738
133   0.052702
134   0.052568
135   0.052426
136   0.052250
137   0.052022
138   0.051782
139   0.051468
140   0.051126
141   0.050652
142   0.050052
143   0.049754
144   0.049312
145   0.048636
146   0.048154
147   0.047780
148   0.047342
149   0.046988
150   0.046588
151   0.046242
152   0.045826
153   0.045336
154   0.044668
155   0.044060
156   0.043504
157   0.042834
158   0.042250
159   0.041626
160   0.041026
161   0.040368
162   0.039572
163   0.038770
164   0.037974
165   0.037122
166   0.036346
167   0.035428
168   0.034558
169   0.033876
170   0.033102
171   0.032462
172   0.031788
173   0.031192
174   0.030652
175   0.029950
176   0.029324
177   0.028668
178   0.027968
179   0.027336
180   0.026862
181   0.026354
182   0.025790
183   0.025282
184   0.024900
185   0.024626
186   0.024250
187   0.024048
188   0.023854
189   0.023594
190   0.023360
191   0.023130
192   0.022826
193   0.022478
194   0.022156
195   0.021896
196   0.021674
197   0.021306
198   0.020766
199   0.020464
200   0.020150
201   0.019970
202   0.019692
203   0.019416
204   0.019140
205   0.018656
206   0.018190
207   0.017842
208   0.017524
209   0.017136
210   0.016738
211   0.016292
212   0.015930
213   0.015598
214   0.015188
215   0.014584
216   0.014068
217   0.013506
218   0.012914
219   0.012288
220   0.011712
221   0.011250
222   0.010926
223   0.010514
224   0.010158
225   0.009630
226   0.009218
227   0.008726
228   0.008272
229   0.007742
230   0.007220
231   0.006726
232   0.006236
233   0.005782
234   0.005306
235   0.004766
236   0.004146
237   0.003540
238   0.003004
239   0.002362
240   0.001832
241   0.001262
242   0.000804
243   0.000342
244  -0.000016
245  -0.000374
246  -0.000786
247  -0.001096
248  -0.001500
249  -0.001718
250  -0.001994
251  -0.002302
252  -0.002726
253  -0.002982
254  -0.003158
255  -0.003256
256  -0.003310
257  -0.003408
258  -0.003614
259  -0.003674
260  -0.003710
261  -0.003660
262  -0.003596
263  -0.003500
264  -0.003448
265  -0.003492
266  -0.003654
267  -0.003718
268  -0.003874
269  -0.003944
270  -0.004108
271  -0.004144
272  -0.004244
273  -0.004292
274  -0.004458
275  -0.004462
276  -0.004508
277  -0.004400
278  -0.004314
279  -0.004368
280  -0.004298
281  -0.004144
282  -0.004054
283  -0.003970
284  -0.003998
285  -0.004178
286  -0.004254
287  -0.004214
288  -0.004252
289  -0.004244
290  -0.004178
291  -0.004132
292  -0.004124
293  -0.004228
294  -0.004282
295  -0.004258
296  -0.004350
297  -0.004378
298  -0.004460
299  -0.004498
300  -0.004456
301  -0.004416
302  -0.004340
303  -0.004198
304  -0.003978
305  -0.003812
306  -0.003638
307  -0.003496
308  -0.003520
309  -0.003428
310  -0.003526
311  -0.003722
312  -0.004134
313  -0.004388
314  -0.004554
315  -0.004820
316  -0.005050
317  -0.005256
318  -0.005468
319  -0.005596
320  -0.005576
321  -0.005646
322  -0.005820
323  -0.006128
324  -0.006294
325  -0.006304
326  -0.006108
327  -0.005796
328  -0.005342
329  -0.005064
330  -0.004732
331  -0.004342
332  -0.004068
333  -0.003772
334  -0.003582
335  -0.003396
336  -0.003106
337  -0.002848
338  -0.002592
339  -0.002402
340  -0.002240
341  -0.002132
342  -0.002028
343  -0.001974
344  -0.002140
345  -0.002296
346  -0.002484
347  -0.002732
348  -0.003004
349  -0.003460
350  -0.003960
351  -0.004460
352  -0.004908
353  -0.005256
354  -0.005546
355  -0.005782
356  -0.005930
357  -0.006260
358  -0.006530
359  -0.006848
360  -0.007212
361  -0.007526
362  -0.007856
363  -0.008164
364  -0.008534
365  -0.008980
366  -0.009276
367  -0.009642
368  -0.010060
369  -0.010336
370  -0.010704
371  -0.010992
372  -0.011272
373  -0.011496
374  -0.011762
375  -0.011908
376  -0.011962
377  -0.011944
378  -0.011898
379  -0.011868
380  -0.011638
381  -0.011482
382  -0.011262
383  -0.010960
384  -0.010432
385  -0.010032
386  -0.009606
387  -0.009048
388  -0.008604
389  -0.007964
390  -0.007316
391  -0.006762
392  -0.006232
393  -0.005614
394  -0.005052
395  -0.004396
396  -0.003942
397  -0.003528
398  -0.003086
399  -0.002506
400  -0.001936
401  -0.001350
402  -0.000732
403   0.000012
404   0.000758
405   0.001504
406   0.002362
407   0.003242
408   0.004152
409   0.005038
410   0.005870
411   0.006466
412   0.006826
413   0.007232
414   0.007590
415   0.007812
416   0.008072
417   0.008412
418   0.008652
419   0.008702
420   0.008750
421   0.008812
422   0.008922
423   0.009050
424   0.009002
425   0.008834
426   0.008556
427   0.008322
428   0.007958
429   0.007694
430   0.007384
431   0.007156
432   0.006954
433   0.006744
434   0.006500
435   0.006096
436   0.005650
437   0.005230
438   0.004756
439   0.004108
440   0.003576
441   0.002874
442   0.002216
443   0.001508
444   0.000944
445   0.000226
446  -0.000492
447  -0.001278
448  -0.002022
449  -0.002820
450  -0.003424
451  -0.004082
452  -0.004822
453  -0.005526
454  -0.006110
455  -0.006712
456  -0.007320
457  -0.007836
458  -0.008342
459  -0.008830
460  -0.009426
461  -0.009854
462  -0.010318
463  -0.010700
464  -0.011134
465  -0.011562
466  -0.011916
467  -0.012216
468  -0.012440
469  -0.012588
470  -0.012740
471  -0.012818
472  -0.012854
473  -0.012934
474  -0.013114
475  -0.013208
476  -0.013326
477  -0.013494
478  -0.013806
479  -0.013860
480  -0.014012
481  -0.014014
482  -0.013908
483  -0.013820
484  -0.013616
485  -0.013308
486  -0.013052
487  -0.012890
488  -0.012736
489  -0.012520
490  -0.012294
491  -0.012088
492  -0.011784
493  -0.011478
494  -0.011034
495  -0.010862
496  -0.010466
497  -0.009880
498  -0.009204
499  -0.008598
500  -0.008098
-499  -0.007478
-498  -0.006816
-497  -0.006166
-496  -0.005658
-495  -0.005124
-494  -0.004534
-493  -0.003902
-492  -0.003404
-491  -0.002984
-490  -0.002642
-489  -0.002212
-488  -0.001806
-487  -0.001446
-486  -0.001106
-485  -0.000776
-484  -0.000452
-483  -0.000336
-482  -0.000190
-481  -0.000036
-480   0.000082
-479   0.000310
-478   0.000492
-477   0.000592
-476   0.000928
-475   0.001192
-474   0.001388
-473   0.001706
-472   0.001938
-471   0.002086
-470   0.002350
-469   0.002492
-468   0.002594
-467   0.002754
-466   0.002644
-465   0.002740
-464   0.002962
-463   0.003134
-462   0.003438
-461   0.003870
-460   0.004538
-459   0.004988
-458   0.005638
-457   0.006196
-456   0.006896
-455   0.007626
-454   0.008198
-453   0.008900
-452   0.009582
-451   0.010138
-450   0.010630
-449   0.011146
-448   0.011642
-447   0.012452
-446   0.012924
-445   0.013584
-444   0.014152
-443   0.014732
-442   0.015444
-441   0.016060
-440   0.016894
-439   0.017574
-438   0.018334
-437   0.019030
-436   0.019786
-435   0.020690
-434   0.021704
-433   0.022918
-432   0.024236
-431   0.025394
-430   0.026658
-429   0.027784
-428   0.028832
-427   0.029912
-426   0.031194
-425   0.032346
-424   0.033488
-423   0.034490
-422   0.035594
-421   0.036738
-420   0.037868
-419   0.038956
-418   0.040070
-417   0.041430
-416   0.042836
-415   0.044116
-414   0.045426
-413   0.046670
-412   0.047966
-411   0.049132
-410   0.050380
-409   0.051472
-408   0.052844
-407   0.054138
-406   0.055446
-405   0.056648
-404   0.057922
-403   0.059236
-402   0.060502
-401   0.061862
-400   0.063366
-399   0.064694
-398   0.066002
-397   0.067464
-396   0.068768
-395   0.070100
-394   0.071434
-393   0.072766
-392   0.074054
-391   0.075354
-390   0.076654
-389   0.078018
-388   0.079398
-387   0.080840
-386   0.082408
-385   0.083936
-384   0.085222
-383   0.086594
-382   0.087874
-381   0.089184
-380   0.090318
-379   0.091332
-378   0.092268
-377   0.093364
-376   0.094462
-375   0.095530
-374   0.096534
-373   0.097562
-372   0.098560
-371   0.099464
-370   0.100306
-369   0.101094
-368   0.101954
-367   0.102634
-366   0.103246
-365   0.103922
-364   0.104548
-363   0.105354
-362   0.106092
-361   0.106830
-360   0.107610
-359   0.108490
-358   0.109352
-357   0.110190
-356   0.110920
-355   0.111672
-354   0.112490
-353   0.113292
-352   0.114084
-351   0.114840
-350   0.115602
-349   0.116240
-348   0.116770
-347   0.117288
-346   0.117704
-345   0.118184
-344   0.118564
-343   0.119060
-342   0.119638
-341   0.120266
-340   0.120874
-339   0.121380
-338   0.121870
-337   0.122338
-336   0.122854
-335   0.123360
-334   0.123898
-333   0.124326
-332   0.124776
-331   0.125278
-330   0.125828
-329   0.126330
-328   0.126888
-327   0.127516
-326   0.127928
-325   0.128450
-324   0.128934
-323   0.129566
-322   0.130192
-321   0.130744
-320   0.131232
-319   0.131832
-318   0.132290
-317   0.132732
-316   0.133104
-315   0.133464
-314   0.133660
-313   0.133944
-312   0.134238
-311   0.134484
-310   0.134762
-309   0.134914
-308   0.135130
-307   0.135422
-306   0.135600
-305   0.135702
-304   0.135886
-303   0.136114
-302   0.136220
-301   0.136394
-300   0.136532
-299   0.136666
-298   0.136866
-297   0.136992
-296   0.136954
-295   0.136908
-294   0.136834
-293   0.136764
-292   0.136536
-291   0.136484
-290   0.136364
-289   0.136192
-288   0.135928
-287   0.135616
-286   0.135396
-285   0.135142
-284   0.134924
-283   0.134816
-282   0.134686
-281   0.134606
-280   0.134532
-279   0.134408
-278   0.134434
-277   0.134352
-276   0.134306
-275   0.134214
-274   0.134114
-273   0.134048
-272   0.133928
-271   0.133908
-270   0.133992
-269   0.134032
-268   0.134182
-267   0.134260
-266   0.134498
-265   0.134774
-264   0.134966
-263   0.135182
-262   0.135386
-261   0.135728
-260   0.136020
-259   0.136228
-258   0.136534
-257   0.136866
-256   0.137090
-255   0.137342
-254   0.137612
-253   0.137828
-252   0.138118
-251   0.138358
-250   0.138628
-249   0.138870
-248   0.139072
-247   0.139352
-246   0.139624
-245   0.139840
-244   0.140016
-243   0.140196
-242   0.140236
-241   0.140316
-240   0.140436
-239   0.140416
-238   0.140330
-237   0.140270
-236   0.140260
-235   0.140180
-234   0.140206
-233   0.140262
-232   0.140380
-231   0.140424
-230   0.140542
-229   0.140638
-228   0.140650
-227   0.140734
-226   0.140800
-225   0.140768
-224   0.140784
-223   0.140858
-222   0.140814
-221   0.140674
-220   0.140642
-219   0.140600
-218   0.140562
-217   0.140570
-216   0.140584
-215   0.140562
-214   0.140368
-213   0.140154
-212   0.140102
-211   0.140032
-210   0.140092
-209   0.140126
-208   0.140164
-207   0.140090
-206   0.140126
-205   0.140022
-204   0.139912
-203   0.139908
-202   0.139818
-201   0.139572
-200   0.139316
-199   0.138980
-198   0.138774
-197   0.138540
-196   0.138410
-195   0.138280
-194   0.138184
-193   0.138148
-192   0.138038
-191   0.137840
-190   0.137650
-189   0.137396
-188   0.137154
-187   0.136864
-186   0.136576
-185   0.136138
-184   0.135734
-183   0.135338
-182   0.134902
-181   0.134464
-180   0.134052
-179   0.133620
-178   0.133248
-177   0.132878
-176   0.132542
-175   0.132200
-174   0.131742
-173   0.131358
-172   0.131016
-171   0.130760
-170   0.130556
-169   0.130348
-168   0.130170
-167   0.130028
-166   0.129888
-165   0.129934
-164   0.129986
-163   0.129950
-162   0.129936
-161   0.129996
-160   0.130038
-159   0.130142
-158   0.130276
-157   0.130598
-156   0.130872
-155   0.131410
-154   0.131996
-153   0.132624
-152   0.133370
-151   0.134082
-150   0.134764
-149   0.135420
-148   0.136124
-147   0.136734
-146   0.137474
-145   0.138142
-144   0.138848
-143   0.139596
-142   0.140190
-141   0.140780
-140   0.141532
-139   0.142198
-138   0.142930
-137   0.143728
-136   0.144476
-135   0.145072
-134   0.145616
-133   0.146292
-132   0.147080
-131   0.147944
-130   0.148828
-129   0.149762
-128   0.150652
-127   0.151536
-126   0.152360
-125   0.153046
-124   0.153720
-123   0.154348
-122   0.155018
-121   0.155810
-120   0.156602
-119   0.157092
-118   0.157634
-117   0.158066
-116   0.158492
-115   0.158840
-114   0.159126
-113   0.159280
-112   0.159414
-111   0.159562
-110   0.159668
-109   0.159754
-108   0.159790
-107   0.159774
-106   0.159692
-105   0.159630
-104   0.159524
-103   0.159386
-102   0.159186
-101   0.158776
-100   0.158508
-99   0.158182
-98   0.157688
-97   0.157172
-96   0.156746
-95   0.156476
-94   0.156154
-93   0.155862
-92   0.155460
-91   0.155042
-90   0.154610
-89   0.153998
-88   0.153430
-87   0.152826
-86   0.152228
-85   0.151650
-84   0.151130
-83   0.150616
-82   0.149872
-81   0.149266
-80   0.148592
-79   0.147922
-78   0.147286
-77   0.146770
-76   0.146346
-75   0.145916
-74   0.145274
-73   0.144678
-72   0.144018
-71   0.143458
-70   0.142834
-69   0.142264
-68   0.141614
-67   0.140912
-66   0.140180
-65   0.139564
-64   0.138920
-63   0.138026
-62   0.137268
-61   0.136628
-60   0.136004
-59   0.135252
-58   0.134450
-57   0.133590
-56   0.132796
-55   0.132024
-54   0.131394
-53   0.130672
-52   0.130112
-51   0.129400
-50   0.128746
-49   0.128262
-48   0.127658
-47   0.127074
-46   0.126482
-45   0.125858
-44   0.125290
-43   0.125004
-42   0.124674
-41   0.124352
-40   0.123912
-39   0.123322
-38   0.122626
-37   0.121728
-36   0.120936
-35   0.120212
-34   0.119564
-33   0.118782
-32   0.118006
-31   0.117100
-30   0.116300
-29   0.115542
-28   0.114770
-27   0.114092
-26   0.113350
-25   0.112668
-24   0.111952
-23   0.111222
-22   0.110410
-21   0.109414
-20   0.108600
-19   0.107880
-18   0.107228
-17   0.106698
-16   0.106226
-15   0.105846
-14   0.105602
-13   0.105450
-12   0.105230
-11   0.105030
-10   0.104746
-9   0.104388
-8   0.103850
-7   0.103392
-6   0.103046
-5   0.102538
-4   0.102150
-3   0.101746
-2   0.101332
-1   0.100930
