0   0.127924
1   0.127972
2   0.128212
3   0.128340
4   0.128474
5   0.128708
6   0.128850
7   0.129026
8   0.129112
9   0.129346
10   0.129502
11   0.129702
12   0.129880
13   0.129992
14   0.129946
15   0.129968
16   0.129864
17   0.129888
18   0.129808
19   0.129754
20   0.129724
21   0.129686
22   0.129714
23   0.129642
24   0.129728
25   0.129784
26   0.129944
27   0.129916
28   0.129872
29   0.129808
30   0.129866
31   0.129980
32   0.130060
33   0.130216
34   0.130306
35   0.130336
36   0.130290
37   0.130174
38   0.130052
39   0.129954
40   0.129710
41   0.129530
42   0.129318
43   0.129208
44   0.129034
45   0.128774
46   0.128654
47   0.128544
48   0.128478
49   0.128352
50   0.128214
51   0.128168
52   0.127988
53   0.127982
54   0.127874
55   0.127830
56   0.127748
57   0.127756
58   0.127662
59   0.127632
60   0.127554
61   0.127404
62   0.127422
63   0.127372
64   0.127344
65   0.127280
66   0.127248
67   0.127164
68   0.127170
69   0.127022
70   0.127054
71   0.126992
72   0.126960
73   0.126858
74   0.126854
75   0.126758
76   0.126768
77   0.126772
78   0.126808
79   0.126836
80   0.126930
81   0.126986
82   0.127138
83   0.127228
84   0.127272
85   0.127318
86   0.127400
87   0.127380
88   0.127446
89   0.127508
90   0.127506
91   0.127532
92   0.127710
93   0.127880
94   0.127982
95   0.128054
96   0.128134
97   0.128244
98   0.128296
99   0.128378
100   0.128420
101   0.128492
102   0.128478
103   0.128526
104   0.128448
105   0.128464
106   0.128448
107   0.128352
108   0.128390
109   0.128352
110   0.128342
111   0.128404
112   0.128454
113   0.128600
114   0.128706
115   0.128748
116   0.128724
117   0.128616
118   0.128582
119   0.128614
120   0.128616
121   0.128570
122   0.128592
123   0.128516
124   0.128520
125   0.128484
126   0.128406
127   0.128414
128   0.128366
129   0.128246
130   0.128138
131   0.127982
132   0.127896
133   0.127780
134   0.127624
135   0.127388
136   0.127224
137   0.126894
138   0.126700
139   0.126378
140   0.126052
141   0.125828
142   0.125434
143   0.125150
144   0.124910
145   0.124666
146   0.124332
147   0.124006
148   0.123688
149   0.123352
150   0.123072
151   0.122782
152   0.122450
153   0.122154
154   0.121820
155   0.121534
156   0.121138
157   0.120792
158   0.120552
159   0.120226
160   0.119928
161   0.119652
162   0.119348
163   0.119138
164   0.118854
165   0.118686
166   0.118388
167   0.118196
168   0.117854
169   0.117578
170   0.117230
171   0.116876
172   0.116474
173   0.116080
174   0.115752
175   0.115426
176   0.115064
177   0.114926
178   0.114662
179   0.114362
180   0.114108
181   0.113800
182   0.113492
183   0.113096
184   0.112744
185   0.112400
186   0.112184
187   0.111910
188   0.111638
189   0.111334
190   0.111138
191   0.110894
192   0.110694
193   0.110394
194   0.110138
195   0.109842
196   0.109542
197   0.109378
198   0.109176
199   0.109010
200   0.108878
201   0.108574
202   0.108482
203   0.108416
204   0.108264
205   0.108258
206   0.108110
207   0.107976
208   0.107828
209   0.107650
210   0.107582
211   0.107512
212   0.107336
213   0.107314
214   0.107224
215   0.107106
216   0.107126
217   0.107094
218   0.107020
219   0.107054
220   0.107160
221   0.107282
222   0.107496
223   0.107524
224   0.107676
225   0.107860
226   0.108034
227   0.108122
228   0.108444
229   0.108602
230   0.108866
231   0.109074
232   0.109310
233   0.109550
234   0.109824
235   0.109948
236   0.110192
237   0.110324
238   0.110468
239   0.110514
240   0.110544
241   0.110622
242   0.110566
243   0.110552
244   0.110556
245   0.110572
246   0.110634
247   0.110622
248   0.110602
249   0.110670
250   0.110684
251   0.110762
252   0.111018
253   0.111160
254   0.111316
255   0.111468
256   0.111728
257   0.111930
258   0.112268
259   0.112468
260   0.112764
261   0.113054
262   0.113416
263   0.113748
264   0.114096
265   0.114440
266   0.114940
267   0.115290
268   0.115822
269   0.116256
270   0.116714
271   0.117148
272   0.117594
273   0.118038
274   0.118578
275   0.119014
276   0.119474
277   0.119946
278   0.120462
279   0.121052
280   0.121716
281   0.122358
282   0.122936
283   0.123484
284   0.124098
285   0.124438
286   0.124880
287   0.125160
288   0.125498
289   0.125714
290   0.125882
291   0.125968
292   0.126166
293   0.126316
294   0.126420
295   0.126616
296   0.126768
297   0.126914
298   0.126988
299   0.127186
300   0.127324
301   0.127626
302   0.127872
303   0.128170
304   0.128522
305   0.128972
306   0.129416
307   0.129936
308   0.130350
309   0.130676
310   0.130992
311   0.131266
312   0.131512
313   0.131660
314   0.131992
315   0.132184
316   0.132526
317   0.132820
318   0.133078
319   0.133394
320   0.133628
321   0.133914
322   0.134206
323   0.134482
324   0.134758
325   0.134860
326   0.134994
327   0.135218
328   0.135536
329   0.135710
330   0.136062
331   0.136368
332   0.136514
333   0.136772
334   0.136852
335   0.137044
336   0.137140
337   0.137178
338   0.137354
339   0.137416
340   0.137460
341   0.137550
342   0.137784
343   0.137888
344   0.137978
345   0.138088
346   0.138034
347   0.138030
348   0.137958
349   0.137848
350   0.137812
351   0.137644
352   0.137550
353   0.137362
354   0.137242
355   0.137138
356   0.136992
357   0.136718
358   0.136474
359   0.136216
360   0.135942
361   0.135708
362   0.135428
363   0.135298
364   0.135124
365   0.134892
366   0.134802
367   0.134716
368   0.134572
369   0.134452
370   0.134396
371   0.134340
372   0.134306
373   0.134246
374   0.134160
375   0.134054
376   0.134030
377   0.133874
378   0.133878
379   0.133804
380   0.133716
381   0.133732
382   0.133682
383   0.133658
384   0.133606
385   0.133588
386   0.133614
387   0.133638
388   0.133534
389   0.133550
390   0.133656
391   0.133626
392   0.133814
393   0.133908
394   0.133936
395   0.134016
396   0.134090
397   0.133992
398   0.133974
399   0.134030
400   0.133994
401   0.133920
402   0.133902
403   0.133936
404   0.133918
405   0.133720
406   0.133764
407   0.133618
408   0.133576
409   0.133610
410   0.133528
411   0.133506
412   0.133408
413   0.133286
414   0.133304
415   0.133332
416   0.133226
417   0.133186
418   0.133062
419   0.133124
420   0.133018
421   0.133006
422   0.133060
423   0.132898
424   0.132792
425   0.132704
426   0.132718
427   0.132594
428   0.132658
429   0.132684
430   0.132870
431   0.132948
432   0.133156
433   0.133174
434   0.133120
435   0.133314
436   0.133286
437   0.133276
438   0.133284
439   0.133282
440   0.133410
441   0.133330
442   0.133366
443   0.133366
444   0.133380
445   0.133434
446   0.133570
447   0.133600
448   0.133828
449   0.134218
450   0.134302
451   0.134486
452   0.134732
453   0.135078
454   0.135414
455   0.135882
456   0.136266
457   0.136700
458   0.137104
459   0.137432
460   0.137796
461   0.138142
462   0.138392
463   0.138670
464   0.139018
465   0.139260
466   0.139452
467   0.139720
468   0.140002
469   0.140290
470   0.140668
471   0.140890
472   0.141174
473   0.141460
474   0.141844
475   0.142190
476   0.142682
477   0.143112
478   0.143718
479   0.144176
480   0.144746
481   0.145296
482   0.145810
483   0.146238
484   0.146722
485   0.147110
486   0.147414
487   0.147856
488   0.148006
489   0.148212
490   0.148404
491   0.148630
492   0.148898
493   0.149242
494   0.149656
495   0.149936
496   0.150218
497   0.150412
498   0.150670
499   0.150814
500   0.150918
-499   0.150982
-498   0.151146
-497   0.151260
-496   0.151484
-495   0.151642
-494   0.151810
-493   0.152098
-492   0.152366
-491   0.152754
-490   0.153022
-489   0.153216
-488   0.153590
-487   0.153942
-486   0.154138
-485   0.154388
-484   0.154736
-483   0.155010
-482   0.155180
-481   0.155530
-480   0.155932
-479   0.156344
-478   0.156828
-477   0.157208
-476   0.157558
-475   0.157924
-474   0.158356
-473   0.158812
-472   0.159254
-471   0.159852
-470   0.160366
-469   0.160772
-468   0.161328
-467   0.161790
-466   0.162104
-465   0.162534
-464   0.163010
-463   0.163422
-462   0.163944
-461   0.164398
-460   0.165002
-459   0.165494
-458   0.165996
-457   0.166492
-456   0.166956
-455   0.167558
-454   0.168004
-453   0.168448
-452   0.168808
-451   0.169208
-450   0.169536
-449   0.169736
-448   0.169956
-447   0.170206
-446   0.170496
-445   0.170648
-444   0.170742
-443   0.171010
-442   0.171240
-441   0.171402
-440   0.171590
-439   0.171794
-438   0.171990
-437   0.172248
-436   0.172502
-435   0.172704
-434   0.172968
-433   0.173162
-432   0.173308
-431   0.173392
-430   0.173280
-429   0.173186
-428   0.173152
-427   0.173106
-426   0.173090
-425   0.173022
-424   0.173042
-423   0.173114
-422   0.173186
-421   0.173390
-420   0.173626
-419   0.173720
-418   0.173918
-417   0.173990
-416   0.174066
-415   0.174058
-414   0.174154
-413   0.174008
-412   0.174000
-411   0.173950
-410   0.173970
-409   0.173972
-408   0.174048
-407   0.174102
-406   0.174162
-405   0.174260
-404   0.174286
-403   0.174482
-402   0.174518
-401   0.174706
-400   0.174942
-399   0.175110
-398   0.175274
-397   0.175538
-396   0.175744
-395   0.175832
-394   0.175988
-393   0.176122
-392   0.176170
-391   0.176274
-390   0.176194
-389   0.176152
-388   0.175994
-387   0.175936
-386   0.175742
-385   0.175560
-384   0.175304
-383   0.175080
-382   0.174866
-381   0.174634
-380   0.174576
-379   0.174422
-378   0.174266
-377   0.174168
-376   0.173974
-375   0.173780
-374   0.173474
-373   0.173238
-372   0.172980
-371   0.172778
-370   0.172490
-369   0.172224
-368   0.171876
-367   0.171600
-366   0.171354
-365   0.171076
-364   0.170930
-363   0.170808
-362   0.170598
-361   0.170364
-360   0.170016
-359   0.169844
-358   0.169368
-357   0.169106
-356   0.168776
-355   0.168492
-354   0.168234
-353   0.168014
-352   0.167736
-351   0.167440
-350   0.167118
-349   0.166748
-348   0.166480
-347   0.166256
-346   0.166068
-345   0.165914
-344   0.165826
-343   0.165720
-342   0.165654
-341   0.165514
-340   0.165380
-339   0.165298
-338   0.165150
-337   0.165062
-336   0.164960
-335   0.164874
-334   0.164738
-333   0.164614
-332   0.164424
-331   0.164256
-330   0.164106
-329   0.163984
-328   0.163878
-327   0.163858
-326   0.163660
-325   0.163526
-324   0.163426
-323   0.163354
-322   0.163242
-321   0.163252
-320   0.163130
-319   0.163096
-318   0.163060
-317   0.163014
-316   0.162996
-315   0.162990
-314   0.162952
-313   0.162954
-312   0.162884
-311   0.162860
-310   0.162802
-309   0.162796
-308   0.162748
-307   0.162700
-306   0.162638
-305   0.162616
-304   0.162552
-303   0.162558
-302   0.162454
-301   0.162344
-300   0.162252
-299   0.162086
-298   0.162010
-297   0.161846
-296   0.161738
-295   0.161510
-294   0.161312
-293   0.161154
-292   0.160938
-291   0.160748
-290   0.160410
-289   0.160190
-288   0.159896
-287   0.159672
-286   0.159406
-285   0.159184
-284   0.158946
-283   0.158704
-282   0.158414
-281   0.158138
-280   0.157786
-279   0.157424
-278   0.157108
-277   0.156830
-276   0.156556
-275   0.156228
-274   0.155906
-273   0.155536
-272   0.155344
-271   0.154902
-270   0.154564
-269   0.154278
-268   0.154038
-267   0.153682
-266   0.153318
-265   0.152928
-264   0.152580
-263   0.152256
-262   0.151866
-261   0.151618
-260   0.151366
-259   0.151078
-258   0.150708
-257   0.150224
-256   0.149856
-255   0.149396
-254   0.148984
-253   0.148458
-252   0.147956
-251   0.147586
-250   0.147100
-249   0.146762
-248   0.146248
-247   0.145938
-246   0.145474
-245   0.145106
-244   0.144806
-243   0.144380
-242   0.144002
-241   0.143628
-240   0.143284
-239   0.142880
-238   0.142512
-237   0.142236
-236   0.141986
-235   0.141652
-234   0.141368
-233   0.141084
-232   0.140798
-231   0.140570
-230   0.140318
-229   0.140032
-228   0.139836
-227   0.139494
-226   0.139256
-225   0.139028
-224   0.138804
-223   0.138560
-222   0.138334
-221   0.138214
-220   0.137996
-219   0.137840
-218   0.137626
-217   0.137456
-216   0.137258
-215   0.137072
-214   0.136836
-213   0.136644
-212   0.136396
-211   0.136128
-210   0.135924
-209   0.135762
-208   0.135588
-207   0.135408
-206   0.135184
-205   0.134954
-204   0.134738
-203   0.134468
-202   0.134192
-201   0.133792
-200   0.133450
-199   0.133160
-198   0.132846
-197   0.132562
-196   0.132268
-195   0.131950
-194   0.131722
-193   0.131316
-192   0.130962
-191   0.130640
-190   0.130316
-189   0.130068
-188   0.129732
-187   0.129334
-186   0.128994
-185   0.128690
-184   0.128250
-183   0.127868
-182   0.127516
-181   0.127094
-180   0.126638
-179   0.126212
-178   0.125874
-177   0.125488
-176   0.125006
-175   0.124606
-174   0.124194
-173   0.123846
-172   0.123364
-171   0.123048
-170   0.122674
-169   0.122292
-168   0.121952
-167   0.121576
-166   0.121204
-165   0.120770
-164   0.120400
-163   0.119970
-162   0.119596
-161   0.119222
-160   0.118852
-159   0.118512
-158   0.118220
-157   0.117886
-156   0.117618
-155   0.117360
-154   0.117064
-153   0.116674
-152   0.116368
-151   0.116034
-150   0.115708
-149   0.115434
-148   0.115200
-147   0.114922
-146   0.114802
-145   0.114564
-144   0.114426
-143   0.114116
-142   0.113850
-141   0.113614
-140   0.113274
-139   0.112962
-138   0.112702
-137   0.112330
-136   0.111984
-135   0.111676
-134   0.111268
-133   0.110974
-132   0.110684
-131   0.110514
-130   0.110362
-129   0.110222
-128   0.110200
-127   0.109962
-126   0.109848
-125   0.109598
-124   0.109442
-123   0.109328
-122   0.109252
-121   0.109156
-120   0.109200
-119   0.109248
-118   0.109228
-117   0.109194
-116   0.109172
-115   0.109092
-114   0.109106
-113   0.109108
-112   0.109152
-111   0.109190
-110   0.109350
-109   0.109382
-108   0.109360
-107   0.109530
-106   0.109466
-105   0.109470
-104   0.109550
-103   0.109640
-102   0.109686
-101   0.109732
-100   0.109678
-99   0.109644
-98   0.109610
-97   0.109474
-96   0.109382
-95   0.109176
-94   0.109032
-93   0.108950
-92   0.108858
-91   0.108824
-90   0.108856
-89   0.108856
-88   0.108904
-87   0.108946
-86   0.108960
-85   0.109088
-84   0.109044
-83   0.109152
-82   0.109228
-81   0.109276
-80   0.109418
-79   0.109520
-78   0.109586
-77   0.109504
-76   0.109566
-75   0.109610
-74   0.109612
-73   0.109574
-72   0.109602
-71   0.109584
-70   0.109576
-69   0.109536
-68   0.109538
-67   0.109486
-66   0.109490
-65   0.109588
-64   0.109630
-63   0.109658
-62   0.109804
-61   0.109860
-60   0.110110
-59   0.110276
-58   0.110430
-57   0.110688
-56   0.110880
-55   0.111146
-54   0.111366
-53   0.111546
-52   0.111790
-51   0.111946
-50   0.112132
-49   0.112118
-48   0.112288
-47   0.112440
-46   0.112630
-45   0.112828
-44   0.113006
-43   0.113238
-42   0.113348
-41   0.113636
-40   0.113902
-39   0.114140
-38   0.114274
-37   0.114424
-36   0.114672
-35   0.114918
-34   0.115250
-33   0.115426
-32   0.115816
-31   0.116156
-30   0.116544
-29   0.116874
-28   0.117376
-27   0.117802
-26   0.118144
-25   0.118400
-24   0.118652
-23   0.119094
-22   0.119314
-21   0.119546
-20   0.119714
-19   0.119938
-18   0.120190
-17   0.120362
-16   0.120610
-15   0.120866
-14   0.121176
-13   0.121612
-12   0.121964
-11   0.122402
-10   0.122806
-9   0.123252
-8   0.123718
-7   0.124186
-6   0.124608
-5   0.125032
-4   0.125524
-3   0.126092
-2   0.126792
-1   0.127206
