r MCS_10 MCS_20 MCS_40 MCS_80 MCS_160 MCS_320 MCS_640 MCS_1280 MCS_2560 MCS_5120 MCS_10240 MCS_20480 MCS_40960 
0   1.000000   1.000000   1.000000   1.000000   1.000000   1.000000   1.000000   1.000000   1.000000   1.000000   1.000000   1.000000   1.000000 
1   0.220400   0.228600   0.223000   0.233400   0.233000   0.210000   0.221800   0.229200   0.214400   0.213800   0.231200   0.230800   0.222600 
2   0.147600   0.149400   0.135600   0.156800   0.162000   0.152800   0.150800   0.132400   0.135400   0.137200   0.151800   0.148000   0.150000 
3   0.096200   0.089000   0.085800   0.100400   0.086200   0.092000   0.088600   0.086600   0.087000   0.085200   0.096600   0.095000   0.105800 
4   0.072600   0.067000   0.056200   0.066000   0.063400   0.051800   0.059800   0.055000   0.058200   0.056000   0.064200   0.049400   0.066000 
5   0.036000   0.040400   0.039400   0.039200   0.038200   0.039000   0.040600   0.033400   0.031000   0.030400   0.037400   0.029200   0.040800 
6   0.013200   0.025000   0.010200   0.035400   0.009000   0.030200   0.030200   0.023400   0.031200   0.020400   0.020000   0.023800   0.027000 
7   0.014600   0.020000  -0.005000   0.025000   0.012800   0.030400   0.021000   0.033000   0.013400   0.008600   0.016200   0.015400   0.010400 
8   0.015200   0.017800   0.004000   0.026000   0.010600   0.017800   0.019800   0.029400   0.021800  -0.009800   0.016000   0.007400   0.008000 
9   0.006600   0.010600   0.001600   0.008800   0.014800   0.017800   0.003600   0.003200   0.018400  -0.003000   0.006200   0.005400  -0.006600 
10   0.018400   0.013800  -0.004400   0.003800   0.005400  -0.002000   0.008200  -0.001400   0.008800   0.005800   0.002800   0.000000   0.006200 
11   0.001800   0.007000  -0.003600   0.009200   0.011600   0.000200   0.015400  -0.010400   0.004200  -0.009000   0.000600   0.002600  -0.005600 
12   0.017000   0.000400   0.004200  -0.003200   0.004800   0.006800   0.001800  -0.009400   0.001000   0.009400  -0.002400   0.007400  -0.007600 
13   0.003400   0.007200   0.003000  -0.003400   0.005600  -0.007600   0.002000  -0.008000  -0.001800   0.001000  -0.010400   0.000800  -0.009600 
14  -0.006800   0.013000  -0.009000  -0.002200   0.003800   0.017600  -0.011800  -0.001600  -0.004400  -0.002800  -0.007200   0.003600  -0.021600 
15  -0.018000   0.004600   0.000000  -0.005600  -0.001600   0.000400  -0.002400   0.002600  -0.003800   0.005000  -0.003000   0.004400  -0.012600 
16  -0.003600   0.000400  -0.010200  -0.018600   0.016400   0.015000  -0.009000   0.002400   0.002600   0.001200   0.000000  -0.003000  -0.002200 
17  -0.007800  -0.006600   0.004000  -0.009600   0.015400   0.002400  -0.005600  -0.007600   0.000200  -0.002800   0.000200   0.002600  -0.000600 
18  -0.001800  -0.001800   0.003000   0.000400   0.007000   0.012800  -0.003000  -0.014200   0.001200   0.002600   0.007000  -0.004600  -0.001000 
19  -0.006000  -0.002200  -0.008400  -0.003200   0.005200  -0.002200  -0.008800  -0.001400  -0.008000  -0.008800  -0.002200  -0.006000  -0.015000 
20  -0.000800   0.002800  -0.001600  -0.005400   0.007800   0.007200  -0.004000   0.008400   0.003800  -0.011800  -0.004600   0.003400  -0.002200 
21   0.005800   0.007600  -0.006800  -0.000400  -0.002800   0.008000  -0.003200   0.008400  -0.005600   0.000000  -0.002200   0.000000   0.006600 
22   0.003200   0.009200   0.005400   0.005200   0.005800   0.019600  -0.002400  -0.001400  -0.002600  -0.006000   0.007600  -0.008400  -0.011800 
23  -0.003800   0.005200   0.006400  -0.002400  -0.010600  -0.001200  -0.003200   0.010800  -0.013200  -0.006400   0.014200  -0.009200   0.005000 
24  -0.014000   0.010000   0.007600  -0.003600  -0.010000  -0.004800  -0.003600   0.004800   0.001400  -0.000200   0.012800  -0.011600  -0.004600 
25   0.000800   0.010600   0.007000  -0.005200  -0.008600  -0.005200  -0.008400  -0.000800  -0.006000  -0.000400   0.010400   0.007600   0.003400 
26   0.013000   0.010200  -0.009600  -0.003400  -0.014600  -0.012000  -0.000600  -0.007400  -0.000400   0.007000   0.005000   0.002000  -0.001600 
27   0.001200  -0.001400  -0.003600   0.002000  -0.010400  -0.009400  -0.005400  -0.013200  -0.002400   0.002400  -0.001400   0.003800   0.017200 
28  -0.002400   0.010400   0.007800   0.003400  -0.000800  -0.017600   0.001400  -0.000000  -0.001600   0.005600  -0.010400  -0.011000  -0.000400 
29  -0.000000   0.012800   0.004800   0.002400  -0.013200  -0.015600   0.010400   0.003200  -0.006600  -0.003600  -0.015600   0.009800  -0.002200 
30   0.001600   0.018800  -0.002600  -0.000400  -0.010600  -0.023800   0.002800  -0.002800   0.006000  -0.005600  -0.008000   0.002800  -0.008200 
31  -0.007200   0.014800   0.004600   0.010200  -0.011200  -0.010400   0.003000   0.004000   0.004800  -0.007400  -0.002600   0.006400  -0.007200 
32  -0.009400   0.006400   0.001400   0.004800  -0.009800  -0.006200   0.005800   0.015400   0.000000  -0.007600  -0.010000  -0.000200   0.003600 
33   0.001200   0.007400  -0.002800  -0.004800  -0.003200  -0.005600   0.005800   0.006000   0.003000   0.001600  -0.007200   0.006400  -0.007200 
34  -0.002600   0.003000  -0.009600   0.001400   0.004800   0.002600   0.001400   0.007800   0.004400   0.000800  -0.008800  -0.010200   0.004600 
35  -0.010200   0.002200  -0.014200  -0.001600   0.012000  -0.006800  -0.007800  -0.002000   0.003000  -0.003800  -0.004600  -0.011400  -0.007600 
36   0.000200   0.006200  -0.008000   0.009000   0.002800  -0.013400  -0.014200  -0.001200   0.010800  -0.014400  -0.008600  -0.013400  -0.007200 
37  -0.006800  -0.002200  -0.012800   0.019600   0.005400   0.002800   0.016200  -0.010200   0.003000  -0.002000  -0.007800  -0.003800  -0.008800 
38  -0.000800  -0.006200   0.003000   0.010800   0.000800  -0.005600  -0.000600   0.012800  -0.009600  -0.005600  -0.016000  -0.000800  -0.007800 
39  -0.001200  -0.001800  -0.003000   0.008000  -0.003000   0.011000   0.009800   0.011600  -0.000600  -0.008400  -0.006600  -0.005000  -0.004600 
40  -0.003000  -0.010600   0.000000   0.011200   0.016000  -0.010000   0.008800   0.002400   0.002800  -0.018000  -0.014600  -0.005200  -0.009600 
41   0.003800   0.008000  -0.006800  -0.004400   0.011600  -0.001000   0.014800   0.002800   0.000800  -0.007200  -0.011600  -0.005200  -0.013800 
42  -0.006200  -0.001200  -0.011000  -0.004600  -0.001400  -0.005200   0.004400   0.000600  -0.001600   0.001800   0.001200   0.004200  -0.011000 
43  -0.000800  -0.003800  -0.002600   0.000800   0.011000  -0.014800  -0.001400  -0.009600  -0.003200  -0.006400  -0.002000   0.013000  -0.016000 
44   0.006600   0.007800  -0.004200   0.007800   0.004600  -0.011600  -0.002000  -0.006600  -0.005400  -0.005600   0.000600   0.005000  -0.001400 
45  -0.006000   0.012600  -0.008000   0.005800   0.008400  -0.010200  -0.001000  -0.004800  -0.007400   0.008800  -0.008400   0.010400  -0.007400 
46  -0.004000   0.014600  -0.004600  -0.002200   0.005600   0.006600   0.004400   0.013600   0.000200  -0.012200  -0.010000  -0.006000  -0.004600 
47  -0.007200   0.005800  -0.010200  -0.006000  -0.006600  -0.002800  -0.001000  -0.008400   0.007800   0.013200  -0.010800   0.007600  -0.009400 
48  -0.010400   0.011400   0.000800   0.001200  -0.001600  -0.004200   0.002400  -0.006600  -0.003600   0.010400  -0.017000  -0.009200  -0.014400 
49  -0.004800  -0.001600  -0.003400   0.003200   0.004000  -0.003200   0.011000  -0.025800   0.018800  -0.004600   0.003600   0.003000   0.003000 
50   0.000600   0.001600   0.014400   0.002200   0.006600  -0.006000  -0.004000  -0.019000   0.006000  -0.004400  -0.000600  -0.003800  -0.003400 
51   0.003200  -0.005400   0.020000  -0.013800   0.006600  -0.002600  -0.001400  -0.026600  -0.001200  -0.001600   0.009000  -0.013600  -0.002600 
52   0.013600   0.000400   0.008400   0.000200   0.014200   0.000200  -0.010200  -0.018800  -0.008200  -0.009600  -0.000200  -0.005200   0.001000 
53   0.011800  -0.003400   0.009600  -0.003400   0.011800   0.001600   0.003600  -0.006600  -0.012200   0.001600  -0.003800  -0.003200   0.005800 
54   0.005800  -0.002200  -0.004600  -0.003200   0.004800   0.008400  -0.010200  -0.018200  -0.005000   0.003600   0.014800  -0.003200  -0.006600 
55   0.009400   0.002800   0.008000   0.006600   0.014000   0.018600  -0.008600  -0.017000  -0.008000   0.008400   0.004400   0.000200  -0.004600 
56   0.010600  -0.005600   0.008200   0.005600  -0.000800   0.011600  -0.006400  -0.013000  -0.015400   0.006400  -0.003200  -0.003800  -0.002600 
57   0.000400   0.003200  -0.002800   0.010200   0.002200   0.014200  -0.015200  -0.011800  -0.015000   0.001400   0.001200   0.003200   0.011800 
58  -0.001200  -0.002600  -0.006200   0.003800   0.004000   0.011600  -0.009800  -0.020800  -0.008200  -0.000800  -0.006000  -0.011200  -0.002400 
59  -0.004600   0.005400  -0.001200   0.003000   0.006600   0.004800  -0.008000  -0.005400  -0.008800   0.001000  -0.004400  -0.007800  -0.005800 
60   0.005800  -0.006200  -0.002800  -0.001000   0.002800  -0.006600  -0.004800  -0.010400  -0.005600   0.006400   0.002600   0.003000  -0.009600 
61   0.002600   0.004400  -0.012000   0.000600   0.002800   0.006800  -0.001000  -0.000600   0.004800   0.005200   0.013800  -0.000800   0.000200 
62  -0.003000  -0.015000  -0.000600  -0.006200  -0.002200   0.007800  -0.000600  -0.002600   0.003400  -0.009000  -0.000000   0.002600   0.006000 
63   0.005200   0.004800  -0.009000  -0.002200   0.010200   0.001600   0.005400  -0.007000   0.002200   0.006000  -0.002400  -0.000200   0.000800 
64   0.005200   0.014800  -0.001800  -0.000600  -0.000800  -0.010000  -0.000800   0.012200   0.008400  -0.002400   0.010000  -0.000400  -0.013200 
65  -0.001600   0.005200  -0.006400   0.014200   0.006600  -0.014800   0.016400  -0.007200   0.011600  -0.002800  -0.004000  -0.011800  -0.006600 
66  -0.013800   0.004400  -0.007000   0.004800   0.002200   0.005600   0.020000  -0.006400   0.002800   0.000200   0.002000  -0.008200   0.006800 
67  -0.010200   0.001000   0.007600   0.002000   0.001000   0.012400   0.013200  -0.011400  -0.002000   0.005600  -0.005600  -0.005000   0.016200 
68  -0.008000   0.001200   0.000400   0.006800   0.006600   0.005200   0.012600  -0.001400   0.013200   0.001000  -0.002800  -0.001600   0.006200 
69  -0.001600   0.009000   0.000600  -0.004600   0.003200  -0.005600  -0.000600   0.009600   0.012000   0.012600   0.001200  -0.001000   0.014400 
70  -0.000800  -0.004600   0.001000  -0.005400   0.011000   0.011000   0.017400   0.008600   0.017000  -0.007400   0.004400   0.000600  -0.000800 
71  -0.004600  -0.002400   0.004800  -0.007000   0.008800   0.010000   0.012000   0.010600   0.015400   0.003200  -0.001400  -0.009400  -0.003200 
72  -0.001800   0.008000   0.003000  -0.014600   0.007200   0.008000   0.006600   0.011200  -0.003000   0.008600  -0.002000  -0.005200   0.004600 
73  -0.004000  -0.010800   0.025600  -0.000600   0.002600   0.001200   0.012000   0.003800  -0.007200   0.003000   0.001600  -0.007600   0.002000 
74   0.005600   0.003600   0.018200  -0.004200   0.003800   0.011400   0.012600   0.016800   0.009200  -0.013400   0.006200  -0.000600  -0.000800 
75  -0.000600  -0.000400   0.018000  -0.013600  -0.003000   0.004600   0.012000  -0.000000   0.005000  -0.012000   0.001600  -0.006000   0.005000 
76  -0.007600  -0.002600   0.008000  -0.005600   0.000200   0.001400   0.014400   0.002600  -0.001400  -0.010000   0.016800  -0.009200   0.017200 
77  -0.009400  -0.006400   0.002200  -0.012400   0.004400  -0.006400   0.000000  -0.005600  -0.000800  -0.014400   0.017000  -0.009200  -0.001800 
78  -0.000800  -0.006600  -0.003000  -0.011600   0.009200   0.001600   0.010800  -0.004200  -0.006800   0.001400   0.017200  -0.018200   0.002000 
79   0.000400  -0.009800  -0.004400   0.011200  -0.003800   0.002800   0.011600   0.005000  -0.001200   0.003200   0.007800  -0.001600  -0.008400 
80  -0.003000  -0.005000   0.003400   0.006800   0.001400  -0.009400   0.010400   0.012800   0.012600  -0.006000   0.015600  -0.005200   0.004400 
81   0.006400  -0.000400  -0.006400   0.001800   0.005000  -0.003000   0.004600  -0.004600   0.005000   0.006400   0.001600   0.005000   0.005200 
82   0.007000  -0.003400  -0.009600   0.001200  -0.002200  -0.002200   0.007600   0.011800  -0.022800   0.003400   0.007000   0.006200  -0.004000 
83  -0.000600   0.003200   0.000400   0.004000  -0.002800   0.001400   0.013400   0.006000  -0.009200   0.002000  -0.003800   0.002200  -0.001600 
84   0.011200   0.000200  -0.002400  -0.001600   0.000600   0.011000  -0.008800   0.015600  -0.003800   0.007200  -0.001800  -0.004400  -0.000200 
85   0.001000  -0.008600   0.009200  -0.001800  -0.007600   0.002000  -0.005000   0.011600  -0.000400   0.006400   0.008600   0.003000   0.011200 
86   0.012000  -0.019400   0.006600  -0.006000  -0.010200   0.002400   0.003600   0.011600   0.000200   0.007200   0.008600   0.003600  -0.002600 
87   0.012400  -0.006200   0.007400  -0.009400  -0.011200  -0.003200  -0.016400   0.008400  -0.001400  -0.001000   0.009000   0.010000   0.004200 
88   0.005400  -0.004400   0.001800  -0.006200  -0.007200   0.007600  -0.001600   0.007800   0.009200  -0.001400   0.006600   0.000200   0.006600 
89   0.011000  -0.005600  -0.004000  -0.006200  -0.003800   0.008400  -0.015400   0.022200   0.008000  -0.001000   0.002400   0.008800   0.003400 
90   0.003200  -0.001200  -0.004600   0.004000  -0.007000   0.008200   0.002200   0.013600   0.008200  -0.004200   0.002800   0.001000  -0.001400 
91   0.000400  -0.011200  -0.017800   0.000000  -0.009200   0.005000   0.004600  -0.008400   0.005200  -0.003200  -0.002400  -0.005600   0.003800 
92  -0.000800   0.000200  -0.011200   0.007600  -0.002200  -0.001800   0.008200   0.005800   0.005000  -0.007800   0.009600  -0.002800  -0.009400 
93   0.003800   0.010000  -0.008400  -0.002400  -0.009800  -0.010400   0.013000   0.001000  -0.001400  -0.010000   0.006000  -0.006800   0.002000 
94   0.004400  -0.011800  -0.016800   0.002600  -0.008000   0.002000   0.000800   0.005000  -0.000200  -0.002000   0.004000  -0.001400   0.007600 
95   0.010800   0.000400  -0.009200  -0.003400   0.001200  -0.001400  -0.001000   0.005600   0.005800   0.002800   0.008000  -0.000600   0.009400 
96   0.001000  -0.005200  -0.003200  -0.000600  -0.011800  -0.007600   0.006800  -0.007400   0.005800   0.004000   0.004200   0.000400  -0.002400 
97   0.011600  -0.005000  -0.007200   0.007000  -0.010000   0.001200  -0.001400  -0.007600   0.007400   0.001400   0.013800  -0.007000   0.001600 
98  -0.006000  -0.001400  -0.013000   0.000600  -0.009800  -0.012600  -0.008000  -0.005800   0.006000  -0.000400   0.014000  -0.005600   0.013000 
99  -0.005400   0.000000  -0.008200  -0.002600  -0.013400  -0.006000   0.006400  -0.004400   0.009800   0.004600   0.017800  -0.006800   0.010600 
100   0.000800  -0.000200  -0.007000  -0.006600  -0.004600  -0.009200   0.001600  -0.007600   0.007200   0.004800   0.012600   0.000200   0.014000 
101  -0.002800   0.000000  -0.000200   0.004600  -0.004600  -0.004800   0.013400  -0.005600  -0.000000   0.013600   0.014400   0.002200   0.013000 
102   0.002600  -0.003000   0.002200  -0.008800  -0.007600  -0.006600   0.013400   0.011000   0.004000   0.014200   0.020000  -0.000600   0.001600 
103  -0.013200  -0.010200  -0.006400  -0.006800  -0.003000   0.012200   0.022200   0.001400  -0.004400   0.013400   0.013000   0.005400  -0.003200 
104   0.000800   0.006800  -0.004800  -0.004200  -0.005600   0.008400   0.022600   0.008800   0.006600  -0.004600   0.012200  -0.015600  -0.005000 
105   0.008200  -0.012200   0.000800  -0.000600  -0.001600   0.003600   0.002600   0.004200   0.012200  -0.002600   0.006400  -0.005800  -0.007600 
106   0.006400  -0.000600   0.001400  -0.016800  -0.004200   0.007200   0.004400  -0.002800   0.002200  -0.004200  -0.000400  -0.004600  -0.002800 
107   0.010600  -0.008400  -0.009600  -0.003000  -0.011400   0.006400   0.006000  -0.009000  -0.012600  -0.012400  -0.004800  -0.001400   0.008200 
108   0.010200  -0.010600  -0.006200  -0.002000   0.004600   0.002800   0.005800  -0.019000  -0.008400  -0.008600  -0.003800  -0.007600  -0.002000 
109  -0.005200  -0.006600  -0.007400   0.000200   0.001800   0.002400   0.014200  -0.018600  -0.003800  -0.015000  -0.007800  -0.004400  -0.002400 
110  -0.006000  -0.010000  -0.004600   0.000600  -0.001800   0.002200  -0.004600  -0.007400  -0.002200  -0.006000  -0.013000  -0.005200   0.003000 
111   0.001600   0.003400   0.008800   0.000200   0.005400  -0.013800   0.006400   0.000400  -0.007000   0.001800  -0.008800  -0.005000  -0.001600 
112  -0.014000   0.005200   0.002200   0.008000   0.006400   0.002400   0.010200   0.007000  -0.008200   0.001000   0.001600  -0.010600  -0.000200 
113  -0.007600   0.012000   0.005600   0.014200   0.000000   0.012400   0.008200   0.008800  -0.003200   0.004600  -0.009400  -0.010200  -0.002400 
114   0.007800   0.001600   0.003600   0.002600  -0.000000  -0.000800  -0.000200   0.011200   0.001600   0.007000  -0.008200  -0.008400  -0.000200 
115   0.002200   0.006400  -0.000400   0.004200  -0.000200   0.002600   0.003800  -0.005800  -0.004800   0.000000  -0.012800  -0.012000  -0.001000 
116  -0.004200  -0.007400  -0.002200   0.000600   0.007200  -0.012800  -0.001000  -0.001000  -0.010800   0.001600  -0.003200  -0.008400  -0.010000 
117  -0.011400  -0.003600   0.013000   0.007600  -0.003200  -0.008400   0.009600  -0.004800  -0.001800   0.002600  -0.009000   0.005600   0.005400 
118  -0.002200   0.008200   0.010000   0.018200   0.006400   0.000400   0.001200  -0.012600  -0.007200   0.011000  -0.000000   0.008600   0.010000 
119  -0.004200  -0.002800  -0.001000   0.012400  -0.000800   0.001400   0.007400  -0.003000  -0.005600  -0.000400   0.005200   0.000800  -0.004200 
120  -0.011600   0.001000   0.009600   0.012200  -0.005600  -0.003400  -0.010200  -0.007800  -0.016800  -0.008800   0.013600   0.000400   0.010200 
121   0.009400   0.011000   0.004000   0.004800   0.004200  -0.001800  -0.006200  -0.001200  -0.000800  -0.009400   0.004600  -0.007800   0.004600 
122   0.007800   0.001400   0.006400   0.003800  -0.010200  -0.015800  -0.006000  -0.009400   0.000200  -0.006800   0.003000  -0.001800   0.006200 
123   0.007200   0.000200   0.005800   0.010400   0.002000  -0.011000  -0.005800  -0.003400   0.008200   0.013400  -0.000200   0.010800   0.013600 
124   0.006600  -0.004800   0.007600  -0.003600   0.002400   0.000400   0.012600  -0.008400  -0.000800  -0.001200   0.009600   0.006000   0.012600 
125   0.004400   0.000200   0.000000   0.005200  -0.002200  -0.010000   0.001000  -0.002400  -0.011600  -0.009200   0.007200  -0.000600   0.011800 
126   0.002000   0.000800  -0.002000   0.000400  -0.013200   0.002600   0.004600  -0.004600   0.001200  -0.003200   0.018000   0.013400  -0.004400 
127  -0.001000   0.008400  -0.009400   0.000000  -0.002000  -0.002800  -0.000800   0.008600  -0.010600  -0.008600   0.025600   0.007000  -0.008400 
128   0.005600   0.000000  -0.006600  -0.005200  -0.014400   0.001800   0.000200   0.000600   0.001200   0.002600   0.004600   0.009800  -0.004000 
129   0.002400  -0.002600   0.001400   0.000800  -0.008200  -0.000800   0.000800  -0.011000  -0.002000   0.009600   0.006200   0.002000  -0.002400 
130   0.015600  -0.004400  -0.006600   0.005600  -0.006200  -0.002400   0.001400  -0.004400   0.013200   0.013400   0.001000   0.005200  -0.003600 
131   0.005400  -0.001800  -0.003000   0.012200   0.002200   0.001200   0.005000  -0.015000  -0.008800   0.003200   0.002800   0.010800  -0.001400 
132   0.011400   0.006400  -0.009800   0.000000   0.011000  -0.001800   0.001400  -0.008000   0.007000   0.006800  -0.003200   0.009800  -0.001000 
133   0.006400  -0.006000   0.002800  -0.007800   0.001000  -0.000000  -0.004800  -0.008600   0.002600   0.011400   0.004800  -0.000000  -0.004600 
134  -0.005600   0.000800   0.000400   0.002600   0.004400  -0.001800   0.007000   0.011800   0.009600  -0.001000  -0.015400   0.002200  -0.006000 
135  -0.002000  -0.004200  -0.005400  -0.007200   0.000400  -0.010400  -0.002600   0.005400   0.006800   0.011600  -0.010800  -0.003200   0.007600 
136  -0.000200  -0.001000  -0.003400  -0.006600   0.003200  -0.001400   0.006000  -0.001000  -0.000200   0.002800  -0.000600  -0.011800  -0.006200 
137   0.004000  -0.006600   0.008600  -0.003400   0.001200  -0.003800   0.021800  -0.005800   0.001000  -0.010800  -0.010000  -0.005200   0.016200 
138   0.002200  -0.004400   0.012800  -0.002400  -0.002600  -0.005600   0.019600  -0.003600   0.004600   0.006800  -0.009200   0.004800   0.009600 
139   0.002000   0.008800   0.007200   0.002800  -0.002200  -0.002400   0.009600  -0.005800   0.010800   0.002000  -0.008000   0.018800   0.011600 
140   0.009200   0.003200   0.011200   0.009400  -0.012000  -0.006800   0.007600  -0.003400   0.000000   0.001800  -0.005800   0.020400   0.019000 
141   0.008200   0.008400   0.004000   0.014400   0.001600  -0.001400   0.015000  -0.006200   0.005200   0.008800   0.004200   0.016800  -0.003400 
142   0.001200   0.001200  -0.006600  -0.005400  -0.004000   0.006200   0.011800  -0.012200   0.003200   0.006000   0.000400   0.011800   0.006200 
143   0.004000   0.006800  -0.009000  -0.010400  -0.007800   0.014800   0.005200  -0.006800   0.005000   0.005400   0.011200  -0.000200   0.007400 
144  -0.002200  -0.003800  -0.008200  -0.011400  -0.004800  -0.006400   0.005800   0.001600  -0.004800   0.005200   0.008200   0.004000  -0.005600 
145  -0.003600  -0.015800   0.000200   0.000200  -0.008800   0.002400   0.004600  -0.004800   0.003200   0.011600   0.004000   0.003000   0.006600 
146  -0.009600   0.007000  -0.001200  -0.001600  -0.013000  -0.003200   0.002200   0.004400  -0.005000   0.005400   0.008400  -0.010000   0.005200 
147  -0.002400   0.008600  -0.005200   0.011400  -0.000000  -0.001200  -0.010800   0.003800  -0.001600  -0.004200   0.004600  -0.004000   0.011600 
148  -0.002600   0.006000  -0.011600   0.004200   0.003200  -0.002200  -0.008200   0.003800  -0.010200   0.003400   0.002800  -0.002000   0.000600 
149  -0.002800   0.007600  -0.022200   0.006200   0.001200   0.000600  -0.013800   0.003800  -0.005600   0.001400   0.008400  -0.009400   0.002400 
150   0.008000   0.011400  -0.006800  -0.007200  -0.005800  -0.005000  -0.009800  -0.000400  -0.008400   0.005400   0.013600  -0.006600   0.004600 
151  -0.001800   0.008000  -0.008400  -0.013800  -0.002600   0.000800   0.003000   0.014000  -0.010600   0.002400   0.012600  -0.010800  -0.001800 
152  -0.002400   0.005600  -0.002800  -0.009400  -0.008800  -0.007200   0.010600   0.010400  -0.000600  -0.004200   0.011800  -0.002800   0.010400 
153   0.006600   0.000400   0.006600  -0.010200  -0.013200  -0.009600  -0.007400  -0.000800  -0.006600  -0.001800   0.008000  -0.007600  -0.000200 
154  -0.006400  -0.001200   0.002600  -0.007800  -0.004600  -0.011000   0.002800   0.008000   0.001600  -0.000200   0.003600  -0.003600  -0.000200 
155  -0.010800   0.001200   0.001400  -0.011000   0.005000  -0.008000   0.001000   0.015800  -0.005000   0.001600   0.000600   0.005400   0.008600 
156   0.000400  -0.005600  -0.000800   0.007000  -0.003000  -0.002200  -0.000600   0.009800  -0.002200  -0.004600  -0.008200   0.000600  -0.010200 
157  -0.000200   0.003600   0.007200  -0.004400  -0.000000   0.005800   0.001600   0.001600   0.009200  -0.005800   0.002800  -0.004400  -0.002400 
158   0.005600  -0.002400  -0.008200  -0.004400  -0.000400   0.004000  -0.005800   0.011000   0.010000   0.003000  -0.002600   0.000000  -0.006800 
159  -0.014000  -0.005600  -0.008600  -0.002600  -0.005200  -0.007000  -0.000400   0.003800   0.004200   0.002400   0.003000  -0.010800   0.001200 
160  -0.013000  -0.005000  -0.007000   0.002800  -0.001400  -0.006400   0.009000   0.009000   0.007400  -0.001600  -0.000600  -0.010400   0.008800 
161  -0.008400  -0.002000  -0.006800   0.005400  -0.009600  -0.001000   0.014800  -0.008200  -0.000400   0.001600   0.002800  -0.005600   0.002000 
162   0.003200   0.000200  -0.006200   0.002600  -0.005000  -0.012600   0.006400  -0.008000   0.001200   0.004400  -0.007200  -0.011800   0.007600 
163  -0.002000  -0.003000  -0.000600   0.018600   0.000600   0.002200   0.006400  -0.002800   0.006600   0.006200   0.001800  -0.005400   0.004800 
164  -0.005800   0.002400  -0.011400   0.011200  -0.001200  -0.001000   0.003200  -0.005000  -0.006400   0.003000   0.000400  -0.003000   0.001800 
165   0.001200  -0.007800  -0.005800   0.007200  -0.001400  -0.007800  -0.006200  -0.003600  -0.002200  -0.004800  -0.002600  -0.016200   0.007200 
166  -0.004600  -0.004200   0.000400   0.000600   0.002400  -0.019000   0.003000  -0.007400  -0.009600  -0.000400   0.001800  -0.019400  -0.003800 
167   0.015400  -0.003000   0.010000   0.001600  -0.002200  -0.003200   0.005200  -0.004400  -0.010400  -0.002400  -0.002600  -0.010200  -0.001800 
168   0.003200   0.000400   0.009000  -0.003400  -0.003000  -0.002400  -0.001000  -0.001600  -0.008600  -0.007800   0.012600   0.002200  -0.000200 
169   0.013800  -0.001600  -0.006000  -0.002000   0.003600   0.007800  -0.008600  -0.003200   0.003400   0.011000   0.008600   0.006600  -0.007600 
170  -0.008400   0.002400   0.004200  -0.004000  -0.010400   0.008400  -0.002600  -0.005000  -0.009200  -0.006400   0.009600   0.012400  -0.003200 
171   0.027200   0.012000   0.005000   0.004000  -0.009000   0.012400  -0.004200  -0.001600   0.003200  -0.018600   0.013600   0.017000  -0.008200 
172   0.008600   0.008400  -0.008600  -0.006800  -0.013800  -0.003400  -0.003000   0.003800   0.009000   0.002600   0.006400   0.016800  -0.002000 
173   0.002400   0.002400  -0.002400  -0.003200  -0.001200  -0.003200  -0.004000   0.000400   0.004800  -0.011600  -0.001400  -0.006800  -0.007400 
174   0.006800  -0.006000   0.003200  -0.000800  -0.006800  -0.010800   0.005200   0.007200  -0.002600  -0.003600   0.002800  -0.004200  -0.003400 
175   0.001600  -0.005000   0.009200   0.002400  -0.006600  -0.007600   0.013000   0.018200  -0.003600  -0.005400  -0.004000  -0.002000  -0.003600 
176   0.004600  -0.006800   0.000400   0.010400  -0.002800  -0.007000   0.000400   0.007200  -0.000400  -0.007400  -0.009200  -0.012600   0.006800 
177   0.000800   0.002800  -0.004800  -0.001200   0.009000  -0.009400   0.010000   0.012200   0.011600  -0.001600  -0.002600  -0.004800  -0.009800 
178  -0.008800   0.005400  -0.003800  -0.001400  -0.000200   0.002000   0.009200   0.004200   0.002800  -0.011000   0.000400  -0.015400  -0.009200 
179   0.000200   0.003400  -0.006600  -0.003200   0.004800   0.001800   0.001600   0.004000  -0.002200  -0.005400   0.005400  -0.004400   0.003600 
180  -0.001200   0.000000   0.005000   0.002400  -0.005600   0.004400  -0.003600   0.004600   0.007000  -0.001800   0.007000  -0.002400   0.001000 
181   0.006600  -0.003400  -0.003600  -0.006200  -0.014200   0.006400  -0.005400   0.000200   0.007800  -0.005800   0.008000  -0.000600   0.004200 
182   0.007800   0.000200  -0.012800  -0.003000  -0.016200   0.012800  -0.007400   0.003600   0.001400   0.000800   0.012800   0.008200  -0.005600 
183  -0.002600   0.006200  -0.003600  -0.004200  -0.017400   0.006800  -0.000400   0.000600  -0.008400   0.005600  -0.009800   0.003600  -0.004400 
184  -0.013000   0.013200  -0.001400  -0.004000  -0.013600  -0.002800  -0.011600   0.004800  -0.001400   0.009000  -0.000600   0.018800  -0.005000 
185  -0.019600   0.005400  -0.008600  -0.010600  -0.010600  -0.003600  -0.000600  -0.008000  -0.007600  -0.001000  -0.007400   0.010000   0.001800 
186  -0.006200   0.005600  -0.002400  -0.000000   0.004800  -0.001400  -0.012600   0.003200  -0.001600  -0.003600  -0.002400   0.005400   0.004000 
187  -0.012400   0.010000  -0.004800  -0.001200  -0.003400   0.006600  -0.005400   0.003800   0.003600   0.011000  -0.006000   0.005200   0.005600 
188  -0.004800   0.005400  -0.002600   0.005800  -0.014800   0.005400   0.006600   0.013000  -0.002200  -0.002000  -0.002200   0.011400  -0.004400 
189  -0.014800   0.002200  -0.001400   0.000600  -0.016600   0.001800   0.005600   0.014600   0.006600   0.002600  -0.014400   0.008800   0.005000 
190  -0.012800  -0.005800  -0.016400  -0.001400  -0.012400  -0.004400  -0.001400   0.011600   0.000000   0.003000  -0.014800   0.009000   0.003800 
191  -0.011600   0.002200  -0.012400  -0.006400  -0.007000   0.005200  -0.003200   0.002000   0.000800  -0.007800  -0.010400   0.005800   0.008400 
192  -0.007200  -0.005400  -0.012600  -0.012600  -0.013200   0.010400   0.007200  -0.000800   0.005400  -0.011800  -0.011200   0.003000   0.009000 
193  -0.006400  -0.005200   0.004400  -0.009800  -0.004200  -0.000200  -0.003000   0.006800   0.005400  -0.003000  -0.015000   0.010000   0.007400 
194   0.002200  -0.000400  -0.001600   0.008200   0.007400   0.006200  -0.005800   0.003400   0.003400  -0.003400  -0.013200  -0.003400  -0.006800 
195  -0.003800   0.003800   0.013200   0.009400   0.005400  -0.001000   0.001600   0.007000  -0.002000  -0.004600  -0.012400  -0.002000   0.007400 
196  -0.007000   0.000000   0.011000   0.007000   0.008400   0.004000  -0.002800   0.006600   0.002000  -0.012400  -0.000800  -0.000800   0.014600 
197   0.004400   0.000000   0.014800  -0.001000   0.004600   0.005200   0.009800   0.008400  -0.010000  -0.008400   0.001800  -0.000800  -0.000400 
198  -0.002600  -0.001400   0.011000   0.004600  -0.002000   0.004000   0.021000  -0.004200  -0.004400  -0.007000   0.003800  -0.006200  -0.006400 
199  -0.007400   0.006000  -0.000400   0.016800   0.000400   0.003000   0.008200   0.005400  -0.006800   0.001000   0.008000  -0.009400   0.010600 
200  -0.003600   0.004200   0.005400  -0.001600  -0.012800   0.010200   0.017800   0.003600  -0.002000  -0.007200   0.005000   0.002000  -0.000400 
201   0.005800   0.008400   0.005800  -0.006400  -0.005200   0.006200   0.011000   0.004400  -0.007600  -0.000200   0.007000   0.006400  -0.004000 
202   0.005200  -0.012400   0.008400  -0.012000  -0.012400   0.010000   0.011000  -0.014000  -0.012200  -0.005000   0.007600  -0.001600  -0.010800 
203  -0.002800  -0.005000   0.010800   0.003400  -0.010200  -0.001400   0.010800  -0.001600  -0.009400  -0.006600   0.005000  -0.002600  -0.002800 
204   0.001800  -0.011200   0.014800   0.001200  -0.002400  -0.005600   0.007400  -0.005600   0.000600  -0.000400  -0.009000   0.000800  -0.001600 
205  -0.001400  -0.007000   0.013200   0.002800  -0.003800  -0.011000   0.011400  -0.008400  -0.003200  -0.014400  -0.005000  -0.003800   0.006400 
206  -0.000200  -0.009600   0.010400  -0.003800  -0.008000  -0.005800   0.005600  -0.006800  -0.001600  -0.006600   0.003600   0.005600   0.019200 
207  -0.001000  -0.007200   0.010000  -0.009400  -0.000600  -0.008400   0.008200  -0.012000   0.012200   0.001000   0.014000  -0.000600   0.004200 
208   0.009600  -0.006400   0.005200  -0.009000   0.005800   0.002200  -0.002400  -0.003000   0.009600   0.006800   0.005000  -0.008600   0.004400 
209   0.010800   0.011000   0.003200  -0.016800  -0.008000   0.000600   0.001000   0.004600   0.007800  -0.001200   0.003200  -0.014400   0.001000 
210  -0.005600   0.003000   0.004400  -0.005600  -0.002800   0.006200  -0.001600  -0.003600   0.006600  -0.000400   0.024800  -0.006800   0.007200 
211   0.005000  -0.001000   0.010600  -0.002600   0.005000  -0.003400   0.009000  -0.001200  -0.001200  -0.001600   0.000800  -0.007800   0.012600 
212  -0.002600   0.010000   0.005800  -0.001800   0.001600   0.002400   0.005200   0.002400  -0.007000   0.000200   0.022600  -0.014400   0.011200 
213  -0.010600   0.004400   0.001800   0.014000   0.006200   0.003600  -0.006400   0.019600   0.003000  -0.005400   0.010600  -0.015400  -0.000800 
214  -0.001800   0.006800  -0.003400   0.007000  -0.003200   0.002800  -0.010200   0.002200   0.000800   0.010200  -0.002000  -0.022800  -0.006400 
215  -0.009600   0.010200   0.007400  -0.008800   0.001200   0.014000  -0.009800   0.014200  -0.006800  -0.007400   0.000800  -0.011800  -0.013600 
216  -0.007400   0.003600   0.006000  -0.003800   0.000400   0.001000  -0.004200   0.010800  -0.001200   0.000600   0.002400  -0.012200  -0.009000 
217   0.004800   0.008400   0.009400  -0.003000  -0.010200   0.002000  -0.006800  -0.004800   0.000200   0.010600  -0.012800  -0.017000  -0.001600 
218  -0.005200  -0.008000   0.011400   0.003400  -0.006800   0.015000  -0.007800   0.010400   0.008600   0.004400  -0.013800  -0.003400  -0.004000 
219  -0.000200  -0.004800  -0.005200  -0.000400  -0.002600   0.002000  -0.006600   0.006400   0.006800   0.002800  -0.003200  -0.009000   0.005200 
220   0.006600  -0.004400   0.005400  -0.000800  -0.006600  -0.005200  -0.011000  -0.005200   0.014400   0.005000  -0.001600  -0.006400   0.004000 
221   0.003400  -0.016200   0.009200   0.006000  -0.001400   0.006600  -0.011600  -0.001400  -0.001600  -0.000200  -0.011400  -0.010200  -0.005600 
222  -0.000800  -0.009600   0.001000   0.001000   0.003200   0.009600  -0.000200  -0.008600   0.009000  -0.009800   0.000600  -0.007000   0.005600 
223   0.004200  -0.008600  -0.000400  -0.003400  -0.000200  -0.008800  -0.006800   0.009600  -0.003200  -0.008400  -0.007400   0.001600  -0.001200 
224   0.014400  -0.008600  -0.002000   0.003800   0.006000  -0.009400  -0.010000   0.008800   0.001600  -0.014600  -0.000400  -0.000200   0.003800 
225   0.007800  -0.000600  -0.002200   0.003600   0.005400  -0.002600  -0.006600   0.002000  -0.002600  -0.004800  -0.003200  -0.010800   0.003000 
226  -0.010800   0.001000  -0.010800   0.008200   0.004600  -0.000200   0.004400   0.006000   0.007800   0.009800   0.005000   0.001200   0.001800 
227  -0.006000   0.003200   0.002400   0.001800  -0.010200   0.004600   0.001400   0.007400  -0.009600   0.003200   0.000800  -0.001600  -0.000000 
228   0.002000  -0.001200   0.000800  -0.009000  -0.002800   0.000800   0.000000  -0.002000  -0.003400   0.007000  -0.000400  -0.007200  -0.004000 
229   0.004200   0.003600   0.006000  -0.015000  -0.000800   0.001200   0.008200   0.001200  -0.004600   0.003200  -0.004800  -0.008600  -0.006800 
230   0.014600   0.006000   0.002400  -0.015600   0.001200  -0.000800   0.006400  -0.003600  -0.002400  -0.001600  -0.000800  -0.001800  -0.001000 
231   0.014200  -0.000600  -0.005200   0.001400  -0.010400  -0.009000   0.017000  -0.002000  -0.000200   0.004400  -0.006000   0.008800   0.005600 
232   0.024200   0.002400  -0.004400  -0.002000   0.001000   0.002400   0.005800  -0.003000   0.004000  -0.007400  -0.002000   0.006800   0.002600 
233   0.010600   0.000400   0.006800  -0.001600   0.003000  -0.003600  -0.003600  -0.003600   0.003800  -0.005800  -0.001600  -0.002600   0.004200 
234   0.009000  -0.002200   0.005600   0.004800   0.001000   0.003200   0.003800  -0.001600   0.021800  -0.005200   0.004400  -0.006600   0.014000 
235  -0.005200  -0.000400   0.007800   0.009800   0.002400  -0.000600   0.008600  -0.003400  -0.000200  -0.000200  -0.001600  -0.002000  -0.000200 
236   0.002000   0.002200  -0.001400   0.000400   0.010000  -0.005400   0.000200  -0.007800   0.008400  -0.002000   0.003000  -0.014000  -0.009000 
237   0.001000  -0.000600   0.000600  -0.000800   0.004200  -0.005600  -0.002600  -0.012600   0.005400   0.003400   0.006400  -0.005600  -0.005000 
238  -0.003400  -0.002200   0.005600  -0.010000   0.000800  -0.010800  -0.015200  -0.008000   0.000200  -0.008400   0.001200  -0.006000  -0.003000 
239  -0.008800   0.016600   0.016200   0.001600   0.005200   0.000600  -0.000400  -0.002800  -0.004000  -0.009600   0.005600  -0.002800  -0.005000 
240   0.002800   0.006600   0.006200  -0.011000   0.003400  -0.009400   0.006800  -0.003000  -0.000200  -0.001200   0.009200  -0.000000   0.004800 
241  -0.001800   0.000400   0.003400  -0.003200   0.014800  -0.002200  -0.000800   0.011800  -0.010200   0.002600   0.005800  -0.005600  -0.008800 
242  -0.016800   0.004000   0.003200   0.003000   0.016800  -0.007000  -0.011400   0.008400   0.000600   0.008400  -0.004800   0.004600  -0.001600 
243  -0.013200   0.007400  -0.016400  -0.002200   0.005800  -0.004200  -0.007400  -0.004200  -0.006600   0.007600   0.005400   0.003800  -0.002000 
244  -0.007400   0.008000  -0.005200   0.000800   0.005400   0.003800  -0.008400   0.002400  -0.004600  -0.003200  -0.004000   0.004800  -0.005400 
245   0.004800   0.003600  -0.011600   0.000400   0.004200  -0.011400  -0.011000   0.002600  -0.010200  -0.019000  -0.002400   0.000000  -0.001200 
246  -0.014000   0.010800  -0.002200   0.012800  -0.000000  -0.003600  -0.001200   0.004400   0.004600  -0.007200  -0.009600  -0.012600   0.009200 
247  -0.003400  -0.007000   0.001600   0.002200   0.012200  -0.015600  -0.000600   0.009200   0.008200  -0.007600  -0.014800  -0.003400  -0.000400 
248  -0.000400  -0.000600  -0.001200   0.001200   0.008800  -0.012200  -0.001800  -0.006200   0.022800  -0.008000  -0.006000  -0.012800  -0.002600 
249   0.006200   0.002400   0.008200  -0.014400  -0.001400   0.000200  -0.017600  -0.004600   0.013200  -0.003400   0.000400  -0.014400  -0.003800 
250  -0.001200  -0.006200   0.016200   0.000200  -0.002000   0.002800  -0.000800   0.002800  -0.002200  -0.003800  -0.008800  -0.003200  -0.006800 
251   0.004000  -0.007600   0.003000   0.000200  -0.000600  -0.005800   0.003200   0.009000   0.002600   0.006400   0.001800  -0.001800  -0.006800 
252   0.003000  -0.008200   0.001600  -0.004800  -0.000200   0.000600   0.009000  -0.005800   0.003000   0.006400   0.007600  -0.001400   0.002000 
253   0.006400   0.003000   0.010200  -0.002000  -0.006200   0.008600   0.005400  -0.003000  -0.008400  -0.000200   0.004400  -0.008200   0.001200 
254   0.005800   0.001800   0.005600  -0.000400  -0.011600  -0.002400  -0.007600  -0.005600  -0.002600  -0.006400  -0.008000  -0.006400  -0.006000 
255   0.001600   0.002400   0.007000  -0.000800  -0.014200   0.001600  -0.010600  -0.002800  -0.003400  -0.002200   0.002400  -0.008000   0.000000 
256   0.006200   0.004200   0.008600  -0.002800  -0.010600  -0.005400   0.000800  -0.001600  -0.006200  -0.005200  -0.004400  -0.015600   0.001200 
257  -0.002400   0.008600   0.014200  -0.006200  -0.012400  -0.003600  -0.005200   0.007400  -0.004800  -0.007200   0.009200  -0.010000  -0.007400 
258  -0.001800   0.010800   0.010000  -0.013400  -0.004600   0.009400   0.003000   0.010200  -0.001600  -0.002600   0.007400   0.000800  -0.000200 
259  -0.009400   0.008200   0.011800  -0.013600  -0.005400   0.005800  -0.002800   0.000000  -0.001600  -0.001200   0.006400  -0.003200  -0.005000 
260  -0.000600  -0.008200   0.002600  -0.014800  -0.002800   0.004800  -0.007600  -0.003600   0.002400  -0.000600  -0.003600   0.000800  -0.012400 
261   0.001400  -0.000600   0.006600  -0.007400  -0.000200  -0.016200  -0.003800   0.008200  -0.002800   0.004000   0.009800  -0.007400  -0.011000 
262  -0.008000  -0.007800  -0.006600  -0.008000  -0.004800   0.001600   0.001400   0.005800   0.004600   0.001600   0.010800  -0.010600  -0.004000 
263   0.006000  -0.006600  -0.005800  -0.003000  -0.010800   0.002600  -0.003200  -0.005600   0.009400  -0.002800   0.015400  -0.004800  -0.009200 
264  -0.002800   0.002400  -0.009400  -0.000600   0.002000   0.001000  -0.003000   0.006200  -0.003800   0.006200   0.007200   0.000000   0.007400 
265   0.003000  -0.003600  -0.006000   0.003000  -0.002600  -0.001800  -0.001000   0.005200  -0.001000   0.002000   0.010200  -0.006200   0.000400 
266   0.007800  -0.005400  -0.011400   0.002000  -0.005600  -0.004400  -0.000000   0.003200  -0.003800  -0.001000   0.004600  -0.011400  -0.002200 
267   0.000000  -0.002600  -0.003600  -0.009000  -0.001000   0.001200   0.006800   0.002400  -0.004400   0.005800   0.013800  -0.012200  -0.004200 
268   0.004000   0.008000   0.006200   0.001400   0.005600   0.004600  -0.005600  -0.007400  -0.010200   0.009800  -0.000800  -0.005200  -0.002400 
269   0.006600   0.004800   0.001800   0.001600   0.001800   0.008400   0.009200  -0.002000   0.008200   0.001800   0.003600  -0.006400  -0.006600 
270   0.006400   0.001600   0.003800   0.007000  -0.002000  -0.006400   0.002600   0.010000  -0.009200  -0.008000   0.006600   0.000400  -0.004000 
271   0.002200   0.002400   0.006000   0.005400   0.007000  -0.004000   0.003000   0.004200  -0.002800   0.004600  -0.002800  -0.010800  -0.004200 
272   0.010800   0.010200  -0.005800   0.003000   0.004400  -0.000400   0.005000   0.003600  -0.010200   0.002800  -0.003800  -0.013000  -0.006600 
273  -0.002600   0.001000   0.007400   0.003400   0.012800   0.011600   0.006200   0.001000  -0.013400  -0.008200   0.005800  -0.017400  -0.010400 
274   0.008400  -0.004800  -0.002400  -0.008200   0.009600   0.012800  -0.007800   0.013200   0.005200  -0.002400   0.002200  -0.017400  -0.000800 
275   0.003600   0.007000   0.000400   0.001000   0.010200   0.004400   0.012200  -0.003000   0.003200   0.003200   0.003200  -0.003400   0.000800 
276   0.011400   0.004400  -0.002000  -0.001800   0.010400   0.010800   0.001600   0.005000  -0.005200  -0.007200   0.004000  -0.000400   0.006400 
277   0.005400  -0.001800   0.007200  -0.001000   0.003600  -0.004000   0.008000  -0.008200   0.002600  -0.002800   0.001000  -0.010800  -0.000400 
278   0.002200  -0.003600   0.002200  -0.002600  -0.001200   0.008600   0.000000   0.003200  -0.009600  -0.011800   0.004600  -0.008400  -0.008000 
279  -0.001600  -0.016200   0.006600  -0.005200   0.009600   0.005800  -0.003000   0.006800  -0.002400  -0.003400  -0.008000  -0.014200  -0.002000 
280  -0.006800  -0.005200   0.002600  -0.009800   0.011000   0.001000   0.002400   0.010600  -0.004000  -0.013200  -0.000800  -0.015600  -0.002200 
281   0.000400  -0.000800   0.003000  -0.006400  -0.001600  -0.008600  -0.003800   0.009600  -0.005000  -0.001600  -0.008400  -0.002200   0.001000 
282  -0.006200  -0.000400   0.007200   0.002400  -0.008200   0.003600  -0.000200   0.005400   0.000200  -0.005000  -0.001200  -0.016400   0.004200 
283  -0.007800  -0.000800  -0.003000  -0.002200   0.008400   0.008000   0.009600   0.004000   0.004800   0.003200   0.004600  -0.003600   0.003600 
284  -0.002200  -0.006600   0.002200  -0.002200   0.012200   0.011000  -0.003800  -0.006000  -0.009200   0.004600   0.002200  -0.009000   0.006400 
285  -0.010200  -0.000400  -0.001800   0.005800   0.014000  -0.000800   0.002400  -0.001600  -0.002400   0.019000   0.003800  -0.002400   0.010400 
286  -0.005800  -0.004400  -0.006600   0.017600   0.003000   0.005200   0.002800   0.001400  -0.015000  -0.002200  -0.000400   0.006000   0.004400 
287   0.005200  -0.002000   0.006000   0.016000   0.009600   0.001800  -0.005600  -0.002800   0.009600  -0.003000  -0.011000   0.012800   0.003200 
288   0.002800  -0.003000   0.004400   0.008600   0.002600   0.011600   0.011800   0.006000   0.009000   0.009400   0.000800   0.004800   0.006000 
289  -0.000800  -0.005400   0.001000   0.011800   0.004400   0.006600   0.003200  -0.004400   0.006800  -0.001200  -0.001600  -0.003800   0.000200 
290  -0.005200  -0.002200  -0.001000   0.015000   0.009600   0.015400   0.002800   0.006800   0.004600  -0.004800  -0.000400   0.011200   0.003400 
291  -0.004600   0.008200  -0.001600   0.004000   0.008200   0.003800   0.000000   0.001000  -0.001000   0.007800  -0.011800  -0.002600   0.007200 
292   0.000800   0.007600  -0.004400   0.009000   0.003000   0.003200   0.011400  -0.003000  -0.003400  -0.003000   0.002000  -0.000400   0.015000 
293  -0.004600   0.000600  -0.017200   0.002600   0.000200   0.002600   0.004200  -0.002600   0.001800  -0.014000  -0.004000  -0.010200   0.016000 
294  -0.001200   0.007400  -0.011000   0.007200  -0.002400   0.011600   0.011200  -0.002600  -0.004200  -0.004400  -0.005600  -0.011000   0.012800 
295  -0.003400   0.003800  -0.007000   0.009400  -0.000600  -0.002800   0.010400   0.000400   0.002000   0.004000  -0.003400  -0.012800  -0.001400 
296  -0.006400   0.012800  -0.009600   0.006600   0.015400  -0.006600   0.008600   0.012400   0.001600   0.001600  -0.001400  -0.001200   0.013600 
297  -0.007600   0.005200   0.004400   0.002800  -0.000800  -0.004800   0.009400   0.007000  -0.003400  -0.001400  -0.000400  -0.011600   0.012600 
298  -0.002400  -0.001400   0.002000   0.004000   0.002400   0.003600   0.016800   0.005800  -0.000600   0.006800   0.004400   0.001600   0.009600 
299  -0.004200   0.004000   0.004200  -0.004000   0.008400  -0.004800   0.019400  -0.003600  -0.003600  -0.005600  -0.004800  -0.007800   0.015000 
300  -0.009600   0.002800   0.000200   0.000800   0.008400   0.001200   0.005800  -0.002800   0.006000   0.008400  -0.001200   0.006400   0.004600 
301  -0.005400   0.011800   0.004600  -0.003400  -0.002200  -0.001000   0.021400   0.002200  -0.017600   0.000200  -0.003200  -0.005000   0.003000 
302  -0.008600   0.011600   0.014600  -0.001200   0.000800  -0.000000   0.016600   0.006200  -0.002400   0.002600   0.014000   0.007000   0.006800 
303  -0.009600   0.006200   0.008400   0.002000  -0.003800  -0.006800   0.020200  -0.004000   0.004000  -0.005600  -0.004400  -0.002600   0.010200 
304   0.006400   0.013600  -0.011600   0.003400  -0.004600   0.002600   0.005200   0.007200   0.003400  -0.008200   0.019200  -0.004200  -0.008800 
305  -0.015400   0.012000   0.000800   0.002600  -0.003000   0.005200   0.007800  -0.005600  -0.003200  -0.005400   0.002800  -0.004200  -0.013600 
306  -0.007600   0.004400  -0.013400   0.005800  -0.005800  -0.000600   0.004400  -0.008400   0.004000  -0.001200   0.006200   0.001000  -0.004000 
307   0.015800   0.013600   0.001600   0.005000   0.007600   0.007000  -0.005400  -0.003400  -0.001000   0.003400   0.004000   0.004800  -0.005600 
308   0.004000   0.009400   0.002600   0.002600   0.012400   0.001200   0.005200  -0.007000   0.002200  -0.006200  -0.007200   0.012600  -0.012000 
309   0.006000   0.010600   0.005600  -0.004600   0.009000  -0.008200  -0.000400   0.001400   0.004000  -0.003400  -0.000400   0.020000  -0.000600 
310   0.007200   0.012600   0.010600  -0.002000  -0.003800   0.006400   0.002200   0.012200   0.006000   0.000000  -0.006200   0.015000  -0.006000 
311   0.017000   0.006200   0.004600  -0.019800  -0.004000  -0.002000  -0.004600   0.008400   0.013200  -0.003800  -0.004800   0.010200   0.004400 
312   0.014000  -0.002600   0.005600   0.007200  -0.000400   0.002600  -0.006600  -0.006000   0.003200  -0.003800  -0.007400   0.014200   0.001800 
313   0.005000  -0.001000   0.009000  -0.003800  -0.001400  -0.001200   0.001400   0.002200   0.007600  -0.003600  -0.005600   0.006800  -0.002200 
314   0.016200  -0.000600   0.007000   0.000600   0.005200   0.004600  -0.001400   0.003600   0.002600  -0.005000  -0.008800   0.006600   0.008800 
315   0.001600   0.007200   0.005800   0.001800  -0.001600   0.000000   0.003800   0.004400  -0.001400  -0.006000  -0.005800   0.001400   0.017600 
316   0.017200   0.009400  -0.009000  -0.005600   0.007600   0.003000   0.006400  -0.006000   0.001000  -0.016400  -0.002000  -0.003200  -0.004600 
317   0.010200   0.006200  -0.005800   0.001800   0.001400   0.003000  -0.002400  -0.013600  -0.002600  -0.011800   0.011600   0.009600  -0.006000 
318   0.010400   0.006000  -0.012400  -0.005000   0.001400  -0.001600   0.003600  -0.010600  -0.001800   0.001800  -0.001600   0.005800  -0.012800 
319   0.007400   0.012200  -0.011400  -0.006800  -0.008400   0.005400  -0.008800  -0.007800   0.000000   0.010000  -0.004400   0.004000  -0.008000 
320   0.003800   0.006400   0.000800  -0.006000  -0.004200   0.014600   0.000200  -0.014800   0.007600   0.001200  -0.013400   0.001200  -0.002200 
321   0.004000  -0.003000   0.009000  -0.000000   0.005800   0.012000  -0.020400  -0.013800  -0.001200   0.003400  -0.015000   0.024000  -0.007400 
322   0.005400  -0.005600   0.002000   0.002000  -0.000400   0.008200  -0.012200  -0.006800   0.011000   0.003800  -0.003800   0.004400  -0.012600 
323   0.000400  -0.005000   0.012600   0.000800  -0.003800   0.005000  -0.008000  -0.003400  -0.001000  -0.003200   0.002600   0.011400  -0.008400 
324  -0.000600  -0.001000   0.001400   0.005200   0.001000  -0.003200  -0.004400   0.004000  -0.002200  -0.007200  -0.001000   0.012200  -0.009200 
325   0.014600  -0.016600   0.001600   0.000000  -0.002400  -0.006200  -0.006200  -0.006200  -0.006800  -0.002200  -0.010600   0.015800  -0.012000 
326   0.007400  -0.002800   0.010200   0.003000  -0.003000   0.001800   0.000600  -0.002200   0.000200  -0.000600  -0.013800  -0.003600  -0.007600 
327   0.008000   0.009200   0.015000  -0.005600  -0.006800  -0.004200   0.003400  -0.005600  -0.003400  -0.002800  -0.016400   0.011400  -0.008600 
328  -0.006000  -0.013200   0.009400   0.004000   0.005000   0.005000   0.001200  -0.002800   0.002600  -0.000000  -0.012000   0.004800   0.002000 
329  -0.008400  -0.004000  -0.002800  -0.007600  -0.004000  -0.001800  -0.005000   0.004600  -0.001200   0.007000  -0.009000  -0.002600  -0.005600 
330  -0.001400   0.004400  -0.015200  -0.001800   0.003000   0.001800  -0.007800   0.014400   0.006400   0.011200  -0.003400   0.007000  -0.008200 
331  -0.007000  -0.003400  -0.013000  -0.008000   0.008000  -0.002400   0.006800  -0.006200   0.009200   0.003200  -0.005400   0.005400  -0.006200 
332  -0.006600  -0.003600  -0.015200   0.004600   0.003600   0.002200   0.008400  -0.005800   0.000800   0.003000  -0.006000   0.006400  -0.015400 
333  -0.007400  -0.000400  -0.002600  -0.003200   0.000400   0.000800   0.003000  -0.000200   0.000400   0.005400   0.010800   0.002600  -0.007000 
334  -0.009800  -0.001200  -0.001800  -0.003600   0.000600  -0.003600   0.005400  -0.000400   0.005600   0.020400   0.002400   0.000800   0.005600 
335  -0.005200   0.004400  -0.001400  -0.002200  -0.007400   0.000400  -0.006200  -0.001400  -0.001600   0.000600   0.010600  -0.006400   0.005600 
336   0.000400  -0.011400  -0.010000  -0.000200  -0.010600   0.000800  -0.002200   0.003200   0.002000  -0.001200   0.012200  -0.017800   0.001000 
337  -0.001800  -0.018600   0.003800   0.012600  -0.005600   0.004800  -0.012600  -0.019600  -0.007000   0.002600  -0.002800  -0.009000   0.004400 
338   0.003000  -0.018200   0.003800   0.023600  -0.010000   0.013000  -0.000400  -0.004800  -0.001400  -0.004200   0.007600  -0.001000   0.013200 
339   0.014800  -0.012800   0.000200   0.012600  -0.006600   0.025200   0.003000  -0.011600  -0.008800  -0.005600   0.004400   0.002400  -0.004000 
340  -0.000600  -0.012800  -0.003000   0.020000  -0.001400   0.019800  -0.009800  -0.004600   0.000400  -0.004600   0.002800   0.001800   0.006800 
341  -0.003400  -0.013600  -0.001400   0.006400   0.000200   0.006400  -0.003600   0.007800  -0.017000  -0.011200   0.007200   0.001600   0.008800 
342  -0.010200  -0.006200  -0.001200   0.006200   0.006600   0.014800  -0.010600   0.006200  -0.012800  -0.006400   0.010800  -0.000200   0.005000 
343  -0.010200  -0.014600   0.004200  -0.005600  -0.002800   0.000200  -0.002400   0.008200  -0.007000  -0.001600   0.009800   0.008400   0.003200 
344  -0.002400  -0.026400  -0.000200   0.006800   0.005400   0.003600  -0.009400   0.008000  -0.007800  -0.006200  -0.004600   0.001000   0.003400 
345   0.002600  -0.010800  -0.000800   0.006200   0.022600   0.003000  -0.017200   0.005200  -0.009600  -0.005000  -0.016000   0.003600  -0.005600 
346  -0.017600  -0.011800   0.006400   0.010200   0.020200  -0.003000  -0.006800   0.005400  -0.011800   0.004400  -0.011400   0.007400  -0.018400 
347  -0.001000  -0.016600   0.006000  -0.003600   0.010000  -0.000800  -0.004400  -0.005400  -0.005400   0.001200  -0.003000  -0.001600  -0.006200 
348   0.001000  -0.014800   0.007200   0.007200  -0.006000  -0.006800   0.005000  -0.001600  -0.021200  -0.000200  -0.010800  -0.003400  -0.004200 
349  -0.002600  -0.002000   0.005400  -0.005200  -0.010600   0.004200   0.005600   0.003200  -0.013600   0.002600   0.003600  -0.004000  -0.001800 
350   0.000200   0.005200  -0.000200   0.009000  -0.014800   0.002400  -0.001200   0.003400  -0.005000   0.004000  -0.001200   0.000200   0.008600 
351   0.002800  -0.002600  -0.000600   0.006200  -0.000600   0.001400  -0.010600  -0.000800  -0.006400  -0.007000  -0.001600   0.000400   0.004400 
352   0.010400  -0.008400  -0.005800   0.002200  -0.008800   0.001200  -0.013000  -0.015800  -0.006600  -0.007600  -0.001200  -0.020000   0.000200 
353  -0.003600   0.004400   0.007400   0.000600   0.005400   0.003800  -0.008600   0.000000  -0.010200  -0.006200   0.007600  -0.020000  -0.009000 
354  -0.008200   0.001400   0.009600  -0.014800   0.007000   0.007800  -0.006400  -0.001000  -0.005600  -0.011400  -0.001600  -0.020800   0.001400 
355  -0.001200   0.005200   0.000600  -0.018800   0.005200   0.002400   0.003600  -0.000800  -0.009000   0.007200   0.006600  -0.016800  -0.006200 
356  -0.006200  -0.006400   0.006000  -0.015200   0.006600   0.002000  -0.003600   0.009200  -0.004400  -0.000400   0.003200  -0.008000  -0.021200 
357  -0.005600   0.001400  -0.012200  -0.013000   0.003400  -0.001200   0.008400  -0.007400  -0.001800  -0.017000  -0.007000  -0.002400  -0.003400 
358   0.005400  -0.007800  -0.009600  -0.012000  -0.004000   0.005200  -0.008600  -0.003200   0.003200  -0.016000  -0.000600  -0.004200  -0.014800 
359   0.007800   0.001200  -0.008400  -0.011800  -0.009200   0.000600   0.011000  -0.000400  -0.008200  -0.011600   0.005000  -0.003600  -0.006600 
360  -0.001800   0.006400  -0.006800  -0.007400  -0.008400   0.002000  -0.000800   0.013800  -0.003000  -0.003200   0.001200  -0.003200  -0.001000 
361   0.013000   0.003000  -0.006600  -0.013600  -0.005000   0.004800  -0.004400   0.004600  -0.006200  -0.012200   0.006600   0.005200  -0.010400 
362   0.006800  -0.006400   0.013600  -0.008000  -0.003400   0.003200  -0.004600  -0.000400  -0.007800   0.004600  -0.008800   0.005000  -0.001200 
363   0.006600  -0.012800   0.003800  -0.009000   0.000400   0.010200  -0.005800  -0.007000  -0.009400   0.005800  -0.001800  -0.007400  -0.011400 
364   0.016400  -0.001600   0.001000  -0.012200  -0.000800   0.000200   0.013400  -0.002400  -0.015000  -0.003400  -0.008000   0.005000  -0.013000 
365   0.015400  -0.007600   0.005400  -0.014800   0.010600   0.021000   0.000200  -0.010800  -0.007400  -0.001200   0.002600   0.003400   0.004600 
366   0.006200   0.004600  -0.003800  -0.010400  -0.005400   0.013400   0.006600   0.001600  -0.003000   0.014400  -0.011600   0.001800  -0.011600 
367   0.006800   0.003600   0.009000  -0.006000   0.000800   0.008600  -0.001200   0.005600  -0.001600   0.007600  -0.007600   0.006400  -0.014600 
368   0.005800   0.001000  -0.000600  -0.013600  -0.006600   0.007800   0.006400   0.016600   0.011400   0.006200  -0.013000   0.008000   0.001000 
369  -0.003200  -0.006400  -0.011600  -0.006600   0.008000   0.010600  -0.000800   0.000800   0.009200   0.013800  -0.008200   0.009800   0.004400 
370   0.004000   0.005600  -0.007000   0.004400   0.001600   0.008400   0.006000   0.007400   0.007400   0.001800  -0.000800   0.013600   0.006800 
371   0.006800   0.002000  -0.013400  -0.006600   0.008800  -0.004200   0.008400   0.003600   0.011600  -0.005800   0.000200   0.004000   0.006000 
372   0.009400   0.001800  -0.011200   0.002000  -0.000400   0.007400   0.012800   0.011400  -0.003600   0.004800  -0.001400   0.009200   0.000800 
373   0.008600  -0.015400  -0.010200   0.009200   0.004000  -0.003200   0.011400   0.011800  -0.004800   0.013800   0.004400   0.015400  -0.001600 
374   0.003600  -0.010800  -0.005000   0.010600   0.004000  -0.007000  -0.006000   0.021200  -0.007600   0.014400  -0.005000   0.006400   0.003200 
375  -0.001200  -0.005400   0.002000   0.007600   0.002200   0.003600   0.006400   0.017400  -0.010200   0.006600   0.001200   0.003800   0.000800 
376   0.004800  -0.009200  -0.003200   0.003200   0.005200   0.002000   0.002200   0.012600  -0.005400   0.006800   0.003600   0.005000  -0.002800 
377  -0.007000   0.009400  -0.007400   0.001600   0.002400   0.016400   0.007600  -0.004600  -0.005800   0.000200   0.001000  -0.001400   0.001800 
378  -0.006200   0.005000  -0.002200   0.001800   0.008200   0.008000   0.011400  -0.007600  -0.006200   0.003400   0.005000  -0.004800  -0.005800 
379   0.001800   0.011400  -0.007400   0.001400  -0.003400   0.013400   0.014000  -0.001800  -0.009200  -0.009800   0.006400  -0.011400  -0.004800 
380   0.007400   0.013400  -0.006000  -0.001200  -0.003000   0.007400   0.012600   0.004400  -0.003400   0.005400   0.015200  -0.014800  -0.003800 
381  -0.003000   0.002000  -0.006400   0.006200   0.007000  -0.003000   0.020200   0.003200   0.013200   0.005400   0.006200  -0.007200   0.003600 
382  -0.011000  -0.012000  -0.002200   0.021600   0.006600   0.009400   0.015400  -0.010000  -0.004000  -0.000600   0.013400  -0.006000  -0.001800 
383   0.009600  -0.008600  -0.003200   0.011000   0.005400  -0.000200   0.014200   0.000200   0.014000  -0.005800   0.008200  -0.008000  -0.007200 
384   0.000000  -0.009400   0.005400   0.004600   0.004800  -0.001400   0.013200   0.000800   0.008200  -0.002200  -0.000600  -0.006200  -0.006200 
385  -0.000200  -0.011800   0.000800   0.008200   0.004400   0.013200   0.008800   0.003800   0.008600   0.008600   0.003400  -0.001600   0.002200 
386  -0.001000   0.000400  -0.004400   0.000600   0.013000   0.000800   0.004400  -0.003800   0.001600   0.004600  -0.007000  -0.003000   0.002000 
387  -0.007000   0.005000   0.008200   0.004200   0.007400   0.020800  -0.000600  -0.002600   0.007800   0.003000   0.010000   0.007000   0.004000 
388   0.003000  -0.014600  -0.001000  -0.000400   0.008400   0.009600  -0.007000   0.003400   0.002200  -0.006000  -0.008400  -0.004800   0.014200 
389  -0.000600  -0.005600  -0.008400  -0.000200  -0.006800   0.011600  -0.001600  -0.001400  -0.002600  -0.002000   0.010400   0.004200  -0.004200 
390  -0.009600  -0.005400  -0.006600   0.006000  -0.005800   0.004600   0.003200   0.015800   0.005800  -0.012600  -0.005400   0.006600  -0.003600 
391   0.004600  -0.012400  -0.001600  -0.001800  -0.009800   0.004800  -0.005000   0.007000   0.005600  -0.012000   0.005600   0.000200   0.002400 
392  -0.000800  -0.010800   0.001600  -0.004800   0.002400  -0.009000  -0.001200  -0.003600  -0.017400  -0.004400   0.020000   0.002200  -0.005600 
393   0.002000  -0.007000  -0.000600   0.003400   0.002400  -0.009800   0.002200  -0.013200  -0.012400  -0.002000   0.004800  -0.005600  -0.011800 
394   0.012800   0.001600  -0.009600   0.012600   0.004400  -0.012000   0.006800  -0.012800  -0.015600  -0.000600   0.000800  -0.002800   0.003200 
395   0.001800   0.009200  -0.000400   0.002600   0.007800   0.000600  -0.002000  -0.007600  -0.015000  -0.000400  -0.005600   0.006400  -0.002800 
396  -0.009600  -0.008200  -0.004200   0.010200   0.014000  -0.006800  -0.000600  -0.004400  -0.011400  -0.014400   0.000200  -0.002200   0.003600 
397   0.001800   0.005800  -0.005000   0.002800   0.003800  -0.006800  -0.000600   0.011400  -0.005800   0.002200   0.004800  -0.005600  -0.006600 
398   0.004000   0.002400   0.001000  -0.004200   0.012200  -0.003000   0.003000   0.004200  -0.013000   0.012400   0.017600  -0.011000   0.002600 
399  -0.005000  -0.004000   0.002200   0.000200   0.008400  -0.007000   0.004200   0.000600   0.001000   0.008600   0.002400  -0.006000   0.011600 
400  -0.005200   0.003400  -0.007400   0.012000  -0.009600   0.002200  -0.001800  -0.006800  -0.007800  -0.015400  -0.001800  -0.001000   0.000400 
401   0.001800   0.008200   0.001200   0.008400  -0.004800   0.002800  -0.005600  -0.005200  -0.006600  -0.008800  -0.000000  -0.003400   0.012600 
402   0.010000   0.001200   0.006800   0.020000  -0.000600  -0.002400  -0.015400   0.007800  -0.003600  -0.008000  -0.005200   0.005600   0.015600 
403   0.008600   0.003400  -0.009800  -0.000600  -0.006000  -0.012000  -0.015600  -0.009000  -0.007200  -0.013000  -0.009600   0.009200   0.006800 
404   0.002800   0.009400   0.003200   0.002800  -0.009200  -0.012000  -0.009400  -0.016200  -0.012600  -0.014400  -0.002800   0.015000  -0.002200 
405   0.005800   0.003200  -0.002200   0.002800  -0.001400  -0.014600  -0.009200  -0.005200   0.001400  -0.004400   0.000800  -0.005200   0.002000 
406   0.007400  -0.005600  -0.003000   0.001600   0.007000  -0.000400  -0.004400  -0.013200  -0.001200  -0.019200  -0.014400   0.004800   0.011800 
407   0.005000  -0.004800  -0.005000  -0.003200  -0.004800  -0.010000   0.002800  -0.006600  -0.003600  -0.011000  -0.009800   0.010200   0.018400 
408  -0.004000   0.000000  -0.007800   0.003800   0.000600   0.002400  -0.005000  -0.003600   0.004200  -0.013600   0.002600  -0.002200   0.000000 
409  -0.009800  -0.000800  -0.014800   0.007600  -0.009000   0.000200   0.016400   0.000200   0.004400  -0.007800  -0.004400  -0.003400   0.005800 
410  -0.001600   0.000200  -0.006000   0.003600   0.014200  -0.006000   0.015600  -0.010800  -0.007400  -0.007600  -0.014000   0.011400   0.003200 
411  -0.003400  -0.008400  -0.012400   0.008800   0.007400  -0.001400   0.006800  -0.012000  -0.000600  -0.004200  -0.016600  -0.002400   0.004200 
412  -0.006800   0.001800  -0.006600   0.009200   0.008400  -0.011200   0.017000  -0.002400  -0.010400  -0.007200   0.000400   0.000200   0.003800 
413  -0.019200  -0.003200   0.001000   0.003400   0.005600  -0.009400   0.012000  -0.008200  -0.009400   0.008200   0.000400   0.003800   0.006200 
414  -0.005600  -0.001800  -0.003800  -0.002800  -0.006400  -0.004800   0.020200  -0.008200  -0.014200   0.004800  -0.009800  -0.005800  -0.008000 
415  -0.009200  -0.008800  -0.002400   0.002000   0.006600  -0.026400   0.000600  -0.005600   0.001000   0.012400   0.002600  -0.010400  -0.007200 
416   0.002600   0.008800   0.013800   0.005800  -0.000400  -0.014200   0.006400  -0.011800   0.001800   0.011200  -0.001200  -0.009400  -0.003800 
417  -0.000400  -0.008000   0.009400   0.020000   0.007000  -0.009200   0.001200  -0.004400   0.017000   0.011200  -0.010600   0.002400  -0.000800 
418   0.014600   0.000000   0.010200   0.018400   0.009400  -0.006000  -0.010600  -0.003200   0.003600   0.010400  -0.001200  -0.005800   0.001400 
419  -0.003600   0.004000   0.002800   0.008000   0.001200  -0.019200   0.000000  -0.007200  -0.003200  -0.003600   0.012600   0.000200   0.012400 
420  -0.003000   0.014200  -0.004600   0.003600  -0.004600  -0.013200  -0.002200  -0.008400   0.002800  -0.000400  -0.000200   0.003800   0.006600 
421   0.002600   0.009000  -0.003400   0.007800   0.004600  -0.002600  -0.001000  -0.003400   0.007000   0.007800  -0.004400  -0.008800   0.002200 
422  -0.002200   0.005200   0.006000   0.010000  -0.008800  -0.003400   0.002800  -0.006400  -0.000800  -0.004000   0.008200  -0.000800   0.009400 
423   0.009400  -0.000200  -0.008200   0.013000  -0.005600  -0.007200  -0.007200  -0.010600   0.002200   0.004000  -0.014800  -0.000400  -0.001000 
424   0.008800  -0.003600  -0.000800   0.007000  -0.010400  -0.015600  -0.006400  -0.012400  -0.004800   0.006000  -0.008800  -0.002400   0.011400 
425  -0.003600  -0.004600   0.001800   0.002800  -0.008600  -0.011400   0.000600  -0.009800   0.005600  -0.005000  -0.006400  -0.004000   0.004600 
426  -0.003600  -0.001000  -0.014600   0.002400  -0.013800   0.000800  -0.006200  -0.011400  -0.002200  -0.004400  -0.001600   0.000400   0.015000 
427   0.007000  -0.011600   0.003400   0.008200  -0.009600  -0.002400   0.012800  -0.010000  -0.010600  -0.006000   0.004800  -0.004600   0.013400 
428  -0.007800  -0.007400   0.010600   0.005800  -0.014600   0.008800   0.003800  -0.006000  -0.006200  -0.011400  -0.006400  -0.003400   0.008200 
429  -0.012400   0.005200  -0.004400   0.011200  -0.013400  -0.004800   0.007400   0.004000  -0.011000   0.000800  -0.002800  -0.017200   0.005800 
430   0.006600   0.006600  -0.009200   0.008800  -0.009000  -0.001600   0.005400  -0.002800  -0.008200   0.009800  -0.009200  -0.002600   0.000200 
431  -0.003200   0.006800  -0.003600   0.014800   0.008400  -0.003000   0.000400  -0.008600  -0.010400  -0.003400   0.012200  -0.011600   0.006000 
432  -0.012200   0.004600  -0.009600   0.006400   0.002000   0.000200  -0.002200  -0.000400  -0.004400   0.004200  -0.002400   0.005800   0.010000 
433  -0.005200   0.009200  -0.009000   0.008200   0.001200  -0.001200  -0.012200  -0.004800  -0.002000   0.002600  -0.005600   0.009200   0.003200 
434  -0.008000  -0.005800  -0.008400   0.001000   0.011400   0.008600   0.001400  -0.003000  -0.003000  -0.007800  -0.000200   0.007600   0.011400 
435  -0.006400  -0.006400   0.000600   0.001000  -0.000800  -0.003400  -0.001000  -0.003000   0.007400  -0.002200   0.005800  -0.001600  -0.001800 
436  -0.007000  -0.010200  -0.002000  -0.001400  -0.003000  -0.003600  -0.000800  -0.009600  -0.013000   0.008600   0.002200  -0.007000   0.000600 
437   0.001600  -0.005200   0.001200   0.003000  -0.001400  -0.004400  -0.006000  -0.003800  -0.007200   0.004800   0.006000  -0.010800  -0.003800 
438  -0.005200  -0.004200   0.006800  -0.010600  -0.004600  -0.019600   0.003000  -0.008400  -0.012600  -0.001200  -0.001000  -0.001800   0.008800 
439   0.012800  -0.005200   0.007600  -0.005400  -0.005200   0.001600   0.013600  -0.007600  -0.015200   0.002200  -0.000000   0.003400   0.003400 
440   0.005000  -0.000400  -0.000600  -0.010200  -0.013400   0.006200   0.014600  -0.004400  -0.013800  -0.000600  -0.000400   0.011400   0.002400 
441   0.002200   0.002400   0.007400  -0.007800  -0.001000   0.014400  -0.005400  -0.005400  -0.004200  -0.002400  -0.006000  -0.005200  -0.004000 
442   0.012600   0.001000   0.002400  -0.000800  -0.015000   0.004800   0.010000   0.001400   0.003800   0.001000   0.000800   0.002200   0.003000 
443   0.008600   0.009000  -0.001200  -0.004400   0.002600   0.019400   0.004400   0.014800   0.009000  -0.005200   0.008400   0.004200  -0.004400 
444   0.009000   0.000000   0.006200  -0.005400   0.003600   0.003000   0.000200   0.004200   0.002000  -0.005400  -0.002200   0.002200  -0.005400 
445   0.013200   0.004000   0.018400  -0.009400   0.002600   0.015200   0.002000  -0.002800  -0.011400   0.001000  -0.004200  -0.001200  -0.012800 
446   0.011600   0.002000   0.002400  -0.009400   0.002800   0.003800  -0.000200  -0.003400  -0.005600  -0.002000  -0.009400   0.014400  -0.002800 
447  -0.004000  -0.003600  -0.005800  -0.000400   0.002000   0.007600   0.007400   0.005400  -0.012200   0.006800  -0.002800   0.000200  -0.009400 
448   0.008600  -0.006000  -0.006600  -0.006400   0.002200   0.011000   0.002000  -0.003400  -0.002600  -0.000200  -0.002200   0.011800  -0.005000 
449   0.016200   0.006400  -0.002200   0.001400  -0.000400   0.017000   0.007600   0.007600  -0.004800   0.000400  -0.003600   0.016000  -0.000200 
450   0.009600   0.011000   0.010600  -0.002000  -0.001000   0.005600   0.001600   0.005400   0.000000   0.012400  -0.004800   0.005000  -0.001400 
451   0.006800   0.004200   0.002200   0.008000  -0.001000   0.000400  -0.001600  -0.002000   0.017200  -0.000800   0.006000  -0.000800  -0.000600 
452   0.001800  -0.007400  -0.001800   0.001000  -0.013400   0.007400  -0.000600   0.003800   0.016800   0.006200   0.004800   0.010400  -0.000800 
453  -0.002000   0.003000   0.002400  -0.005000  -0.002000   0.000600   0.003000  -0.000000   0.020000   0.002400   0.011200   0.007400  -0.003400 
454  -0.001400   0.006200   0.008000  -0.002400  -0.018000   0.004400  -0.003000   0.001000   0.016400   0.005800  -0.002600  -0.003200  -0.005400 
455  -0.003600  -0.002800  -0.003000   0.001000  -0.010600  -0.011600  -0.006200   0.002600   0.002000   0.008000   0.002400  -0.001000  -0.003800 
456  -0.000400   0.010200  -0.010000  -0.008000  -0.000800   0.002200  -0.005000   0.005000   0.003600  -0.005800  -0.008400   0.000600  -0.003400 
457  -0.010800  -0.002000   0.004800  -0.002000   0.000400   0.006400  -0.003400   0.010800   0.009800  -0.010000  -0.006000   0.003200  -0.001600 
458  -0.000400  -0.000800   0.000000   0.006400  -0.001200  -0.002600   0.001400   0.004800   0.004800  -0.014600  -0.012800   0.007400   0.001000 
459  -0.007000  -0.013200  -0.001800   0.008200  -0.008000  -0.004000  -0.005600   0.000400   0.007600  -0.008800   0.002800   0.003600   0.011200 
460  -0.005000  -0.014600   0.013000   0.010600   0.006200  -0.002400   0.006200   0.003600   0.012800  -0.006400   0.001000  -0.005600   0.002200 
461  -0.003000  -0.008200  -0.006600   0.010600   0.004400  -0.006200  -0.004800  -0.000200  -0.000200  -0.005800   0.002800  -0.005400   0.001600 
462  -0.012800  -0.000600   0.010400   0.009200   0.000400   0.008600  -0.009800   0.006400   0.000600  -0.000000   0.009600  -0.009000   0.008800 
463  -0.004600   0.008400   0.018000   0.004000  -0.000600   0.008600   0.000200   0.004000  -0.009400   0.005400   0.010000   0.000200   0.013400 
464  -0.002000  -0.006200   0.016200   0.013800  -0.007400   0.009400   0.005200   0.001600  -0.004800   0.009200   0.004000   0.001800   0.015400 
465   0.001400  -0.016200   0.005000   0.013200  -0.004600   0.005000   0.002400   0.006000  -0.007400   0.004000   0.009600  -0.000200   0.015400 
466   0.001600   0.001600  -0.007000   0.010200  -0.004600   0.007000   0.002600  -0.000400   0.002600   0.013400  -0.000200  -0.001400   0.017800 
467  -0.001600   0.001400  -0.010600   0.005600  -0.015000  -0.001600  -0.001000  -0.005000  -0.001400   0.005400   0.011400   0.006800   0.010000 
468   0.000000  -0.002400   0.006000   0.004200  -0.011600   0.000200  -0.007000   0.002800   0.001200   0.007600   0.010400  -0.004200  -0.008600 
469   0.001800  -0.007800   0.006200   0.010000  -0.013200   0.001200  -0.012200  -0.005600   0.003600   0.003000   0.007600   0.009600   0.001600 
470  -0.010200  -0.002600   0.009600   0.008800  -0.017000  -0.005600  -0.003400   0.000800   0.002600  -0.000000   0.006200   0.006600  -0.004400 
471  -0.013000   0.002000   0.004000  -0.001000  -0.009000   0.003400  -0.008600  -0.003200  -0.000000   0.000600   0.008000   0.016600  -0.009400 
472   0.007800  -0.002400   0.009000   0.007200   0.000600   0.003200  -0.003200   0.010000  -0.005000  -0.000200   0.005600   0.001400  -0.009200 
473   0.008200   0.004200  -0.004400   0.002600   0.003000   0.002200  -0.000200  -0.001600   0.008200  -0.005000   0.010000   0.013800  -0.013600 
474  -0.002600   0.000600   0.001400   0.001000   0.004000  -0.001800   0.002600  -0.000400  -0.004600  -0.012800   0.000200   0.001200  -0.007400 
475   0.005000   0.002200   0.011000   0.014000  -0.010400  -0.003400   0.014400  -0.005000  -0.004600  -0.009800  -0.000000   0.010000   0.007600 
476  -0.001800   0.012400   0.010200   0.018200   0.010600   0.007000   0.009000   0.007200  -0.000200  -0.008000   0.008800  -0.005600  -0.003600 
477  -0.003600   0.003400  -0.000200   0.005800  -0.004200   0.003600   0.013600  -0.001400   0.004000  -0.014600   0.011200   0.007400   0.002200 
478  -0.001000   0.006600   0.004000   0.009400   0.011200  -0.011200   0.003600   0.007800   0.008400   0.003600   0.010000   0.004200  -0.004200 
479  -0.002800   0.016800   0.008200   0.006200   0.023000  -0.002600   0.018600  -0.002600   0.008000   0.006600   0.010000  -0.001200   0.001200 
480  -0.005400  -0.002000   0.011600   0.005200   0.008600   0.006800  -0.003400  -0.002800   0.014800   0.001800   0.003400   0.002400   0.002200 
481  -0.008600   0.004200   0.011200  -0.005600   0.021200  -0.002200  -0.003800   0.003400   0.020000   0.003000  -0.000400  -0.004600  -0.003800 
482  -0.007800  -0.004200   0.004400  -0.013200   0.009000   0.004000  -0.000200   0.006400   0.014800   0.001800   0.008400   0.006000  -0.009000 
483  -0.004200  -0.008400   0.005600  -0.021400   0.010400   0.001200   0.000200  -0.004800   0.013800   0.012200   0.004000   0.006400  -0.000200 
484  -0.005000  -0.000600  -0.009800  -0.004800   0.000200   0.001000  -0.004200   0.010800  -0.010000   0.017000   0.008200  -0.002000  -0.003600 
485  -0.007200   0.005800  -0.003000  -0.000000  -0.000200  -0.001400  -0.009600   0.012400  -0.000600   0.002800   0.013000  -0.006800  -0.002400 
486   0.005800   0.001000  -0.007600  -0.004000   0.007200  -0.010000  -0.004800   0.001000   0.004800  -0.001200   0.013600   0.006600  -0.000800 
487   0.004400   0.005200  -0.002200   0.016800  -0.000200  -0.001800   0.003800  -0.001000   0.009400  -0.003800  -0.009000   0.004000  -0.012200 
488  -0.001200  -0.010400   0.000400  -0.002000   0.008600   0.001800  -0.004200  -0.007400  -0.004800   0.004200   0.006200   0.003800  -0.001400 
489  -0.002200  -0.001200  -0.008600   0.003000   0.007000  -0.006800  -0.004200   0.008000  -0.003600   0.002600  -0.006200  -0.002800  -0.007200 
490  -0.007000   0.003400  -0.006600  -0.007200   0.002800  -0.002800   0.008200  -0.001600  -0.005200  -0.005400  -0.007600   0.011800  -0.000800 
491  -0.009400   0.001200  -0.013000   0.002000   0.004200   0.003600   0.008800  -0.014000   0.007600  -0.004800  -0.006800   0.008400   0.006000 
492  -0.013800   0.005200  -0.001200  -0.000200  -0.005600   0.011600   0.005800  -0.008000   0.004600   0.001200  -0.003000  -0.004400   0.001800 
493  -0.015800   0.000800  -0.015600   0.002600  -0.010600  -0.013200   0.000200  -0.001000   0.000400   0.003800  -0.003000  -0.000800  -0.007600 
494  -0.015800   0.000600  -0.016600  -0.001000  -0.002400  -0.009200  -0.005400   0.000200   0.000400   0.000800   0.001000  -0.004000  -0.016000 
495  -0.009200   0.005600  -0.018400  -0.006400  -0.002000  -0.010000  -0.013600  -0.001200  -0.006000   0.005200  -0.008800   0.009800  -0.002400 
496  -0.011800   0.004400  -0.014400   0.005000  -0.003600  -0.006200  -0.009000   0.003800  -0.007800   0.005600   0.005600   0.021000  -0.008600 
497  -0.014400  -0.004800  -0.018400   0.000800   0.004000   0.002600   0.004600   0.001600  -0.003600   0.002200  -0.001400   0.000600  -0.000200 
498  -0.001400  -0.004400  -0.020600   0.006200  -0.003600  -0.009400   0.009000  -0.000600  -0.014400   0.007000  -0.008400   0.016600   0.013000 
499  -0.006200  -0.000200  -0.012800   0.007600  -0.000200  -0.006200   0.008800   0.003000  -0.001400   0.007400   0.004200   0.019200   0.007600 
