0   0.376434
1   0.125362
2   0.096724
3   0.077250
4   0.062008
5   0.048126
6   0.038366
7   0.031654
8   0.024806
9   0.019934
10   0.016110
11   0.012602
12   0.011640
13   0.008356
14   0.008288
15   0.006184
16   0.006436
17   0.003904
18   0.005566
19   0.004444
20   0.003448
21   0.002528
22   0.001666
23   0.001066
24   0.001566
25   0.000490
26   0.001106
27   0.000398
28  -0.000648
29  -0.001504
30  -0.001568
31  -0.002094
32  -0.001232
33  -0.002784
34  -0.002312
35  -0.002704
36  -0.001696
37  -0.001156
38  -0.000370
39  -0.000230
40   0.000970
41   0.000950
42   0.001804
43   0.000610
44  -0.000362
45   0.000132
46  -0.000178
47  -0.000642
48  -0.002372
49  -0.002586
50  -0.002304
51  -0.002150
52  -0.000108
53   0.000122
54  -0.000804
55  -0.003148
56  -0.002252
57  -0.001656
58  -0.000678
59  -0.000620
60  -0.000592
61   0.000068
62  -0.001654
63  -0.001276
64  -0.000522
65  -0.001944
66  -0.000006
67   0.001682
68   0.002916
69   0.002328
70   0.001836
71   0.002560
72   0.000502
73   0.002086
74   0.002388
75   0.000968
76  -0.001546
77   0.000622
78  -0.000822
79   0.000646
80  -0.000176
81   0.000888
82   0.000132
83   0.000112
84   0.000280
85   0.000682
86  -0.000946
87  -0.001714
88  -0.000148
89   0.001006
90   0.001830
91   0.001810
92   0.001866
93   0.002906
94  -0.000598
95   0.000470
96   0.000378
97   0.000350
98   0.001104
99   0.000914
100   0.000222
101  -0.000590
102   0.001894
103   0.003564
104   0.002546
105   0.002484
106  -0.000828
107  -0.001018
108  -0.000680
109   0.001104
110  -0.001020
111  -0.000982
112   0.001020
113   0.001004
114   0.000666
115   0.000180
116  -0.000018
117  -0.000118
118   0.001016
119  -0.000580
120  -0.001522
121  -0.000364
122  -0.000720
123  -0.001336
124  -0.000090
125  -0.000170
126   0.000260
127   0.001934
128   0.002462
129   0.001780
130   0.001120
131   0.001506
132   0.000330
133  -0.000448
134   0.000960
135   0.000172
136  -0.000370
137   0.000706
138   0.000636
139  -0.001896
140  -0.000976
141   0.000546
142   0.000738
143   0.002500
144  -0.001026
145   0.000312
146   0.001024
147   0.001640
148   0.001338
149   0.002332
150   0.000106
151   0.000720
152   0.001258
153   0.002406
154   0.002358
155   0.000710
156   0.000130
157   0.000486
158   0.000412
159  -0.000756
160   0.000106
161  -0.000656
162  -0.000396
163  -0.001920
164  -0.002328
165  -0.002286
166  -0.000058
167   0.000192
168  -0.000644
169  -0.000344
170   0.000336
171  -0.000514
172   0.002048
173  -0.001078
174   0.000064
175   0.000600
176  -0.000348
177  -0.000454
178   0.001680
179   0.001814
180   0.001732
181  -0.000134
182   0.000320
183  -0.001308
184  -0.001404
185   0.000850
186   0.000092
187   0.000982
188   0.000122
189  -0.000790
190  -0.001884
191  -0.003144
192  -0.003008
193  -0.001174
194  -0.001540
195  -0.003060
196  -0.003336
197  -0.000830
198  -0.000766
199  -0.001264
200  -0.001986
201  -0.001008
202   0.000898
203   0.002072
204  -0.000158
205   0.001450
206   0.000756
207   0.000184
208   0.000870
209   0.000310
210   0.000744
211   0.000008
212  -0.001824
213  -0.000236
214   0.000744
215  -0.000672
216   0.001244
217   0.002568
218   0.001112
219   0.002966
220   0.001394
221   0.000148
222  -0.000382
223  -0.002278
224  -0.002192
225  -0.001314
226  -0.001824
227  -0.000198
228   0.000244
229  -0.000938
230  -0.001604
231  -0.001640
232  -0.002724
233  -0.000354
234   0.000584
235  -0.000130
236   0.000520
237   0.001474
238   0.001160
239   0.000158
240  -0.000620
241  -0.000598
242  -0.001150
243  -0.002240
244  -0.001532
245  -0.003826
246  -0.001370
247  -0.000308
248  -0.000190
249  -0.000242
250  -0.001142
251   0.000670
252  -0.000726
253   0.000172
254  -0.001208
255  -0.002624
256  -0.001852
257  -0.004546
258  -0.003192
259  -0.004812
260  -0.003992
261  -0.002688
262  -0.001236
263  -0.002326
264  -0.003238
265  -0.001662
266  -0.002174
267  -0.003182
268  -0.001618
269  -0.001066
270  -0.001730
271  -0.001864
272  -0.001186
273  -0.001284
274  -0.000650
275  -0.001264
276  -0.001690
277  -0.001206
278  -0.003474
279  -0.001870
280  -0.001498
281  -0.001352
282  -0.000698
283   0.000176
284   0.002108
285  -0.001380
286  -0.003606
287   0.000162
288  -0.000108
289   0.000278
290  -0.000260
291   0.000154
292  -0.000708
293  -0.000962
294  -0.000842
295   0.000898
296  -0.001340
297  -0.000180
298  -0.001070
299  -0.000678
300  -0.000422
301   0.000158
302   0.000900
303  -0.001710
304  -0.000518
305   0.002162
306   0.000584
307   0.000828
308   0.001082
309   0.002030
310   0.001654
311   0.000660
312   0.001966
313  -0.000546
314  -0.001514
315  -0.000174
316   0.001028
317  -0.001048
318   0.000474
319  -0.001694
320  -0.000986
321  -0.001022
322  -0.002870
323  -0.000322
324   0.000620
325   0.000270
326   0.000210
327   0.000878
328   0.001004
329   0.002604
330   0.000068
331   0.001208
332   0.001540
333   0.001340
334   0.003298
335   0.000832
336   0.000806
337   0.000104
338   0.000500
339   0.002644
340   0.002616
341  -0.000860
342  -0.000432
343   0.000512
344   0.001206
345   0.000178
346  -0.001674
347  -0.000320
348  -0.001282
349  -0.003548
350  -0.001994
351  -0.001290
352  -0.001318
353  -0.000324
354  -0.000700
355  -0.001586
356  -0.000452
357   0.001140
358   0.000254
359  -0.000804
360  -0.001232
361  -0.001204
362   0.001316
363  -0.000568
364  -0.001406
365  -0.001238
366  -0.001468
367  -0.001628
368  -0.001390
369  -0.001346
370  -0.001014
371  -0.001144
372  -0.000466
373  -0.000498
374  -0.000842
375   0.000160
376   0.000520
377   0.000020
378  -0.000944
379  -0.000256
380  -0.001306
381  -0.000850
382  -0.001780
383  -0.004438
384  -0.002156
385  -0.004614
386  -0.001888
387  -0.002770
388  -0.002178
389  -0.002904
390  -0.004164
391  -0.003108
392  -0.003234
393  -0.002786
394  -0.001296
395  -0.001358
396  -0.003266
397  -0.001354
398  -0.000738
399   0.002438
400   0.000620
401  -0.000996
402  -0.000932
403  -0.000606
404  -0.000594
405  -0.001382
406  -0.000592
407   0.000342
408   0.000436
409  -0.000738
410  -0.000238
411  -0.000086
412   0.001548
413   0.002294
414   0.001990
415   0.002146
416   0.001340
417   0.002056
418   0.000506
419  -0.000354
420   0.000370
421   0.003314
422   0.004460
423   0.000772
424   0.001038
425   0.000084
426  -0.000828
427  -0.001772
428  -0.001018
429  -0.001342
430  -0.000122
431  -0.001250
432  -0.001876
433   0.000274
434  -0.000238
435   0.002244
436   0.002736
437   0.003686
438   0.003218
439   0.001760
440  -0.000212
441   0.000652
442   0.001140
443   0.001122
444   0.002486
445   0.001498
446  -0.000474
447   0.002002
448  -0.000784
449   0.000636
450   0.000884
451  -0.000294
452   0.001706
453   0.000194
454  -0.000270
455   0.001064
456   0.000202
457   0.001584
458   0.002110
459   0.001174
460  -0.000890
461   0.000084
462   0.000780
463   0.001864
464   0.002636
465   0.002240
466   0.002998
467  -0.000280
468   0.001956
469   0.001230
470   0.001384
471   0.003592
472   0.001376
473   0.001330
474   0.000978
475   0.000738
476   0.001978
477   0.000642
478   0.000608
479   0.002332
480   0.001072
481  -0.001252
482   0.000570
483   0.000610
484  -0.001292
485  -0.000456
486  -0.000646
487  -0.001712
488  -0.000114
489   0.000708
490   0.000806
491   0.000734
492   0.000874
493   0.002268
494   0.001050
495   0.001992
496   0.003708
497  -0.000094
498   0.000696
499  -0.000222
500   0.001782
-499   0.000688
-498   0.000966
-497   0.001858
-496  -0.001010
-495  -0.002126
-494  -0.001194
-493   0.000076
-492  -0.003022
-491   0.000998
-490  -0.001644
-489   0.000832
-488   0.000574
-487   0.001134
-486  -0.000620
-485   0.000094
-484   0.002048
-483   0.001894
-482   0.003992
-481   0.004098
-480   0.003076
-479   0.001068
-478   0.002950
-477   0.002398
-476   0.004556
-475   0.003114
-474   0.002698
-473   0.002296
-472   0.003148
-471   0.001130
-470   0.003474
-469   0.000896
-468   0.000896
-467   0.001016
-466   0.001310
-465   0.003438
-464   0.001286
-463   0.001710
-462   0.001278
-461  -0.000434
-460   0.000096
-459  -0.000064
-458  -0.001442
-457   0.000414
-456   0.000220
-455   0.001160
-454   0.001800
-453   0.001320
-452   0.000946
-451   0.001618
-450   0.003390
-449   0.003088
-448   0.002058
-447   0.002500
-446   0.000880
-445   0.000504
-444   0.000696
-443  -0.000210
-442  -0.001432
-441  -0.000704
-440  -0.001964
-439  -0.001102
-438   0.001196
-437   0.000848
-436   0.001872
-435   0.000848
-434   0.003258
-433   0.003770
-432   0.003048
-431   0.003078
-430   0.001598
-429   0.002204
-428  -0.000666
-427  -0.000570
-426  -0.000070
-425  -0.001476
-424  -0.001724
-423  -0.000184
-422   0.000230
-421  -0.000522
-420   0.001242
-419   0.000458
-418   0.000806
-417   0.000284
-416   0.002112
-415   0.001586
-414   0.001058
-413   0.001160
-412   0.001142
-411  -0.000050
-410  -0.001518
-409  -0.002528
-408  -0.003028
-407  -0.001800
-406  -0.001918
-405  -0.001922
-404  -0.002472
-403  -0.001662
-402   0.001924
-401  -0.003016
-400  -0.001222
-399  -0.000930
-398  -0.001140
-397   0.000330
-396  -0.000820
-395   0.000974
-394  -0.001074
-393  -0.001386
-392  -0.000830
-391  -0.001460
-390  -0.001054
-389  -0.000410
-388   0.002722
-387   0.002438
-386  -0.000352
-385   0.000886
-384  -0.000796
-383  -0.001114
-382  -0.000294
-381  -0.000940
-380  -0.001658
-379  -0.001636
-378  -0.002854
-377  -0.003754
-376  -0.001836
-375  -0.001964
-374  -0.003148
-373  -0.002152
-372  -0.002106
-371  -0.001894
-370  -0.002748
-369  -0.001450
-368  -0.001840
-367  -0.000480
-366  -0.002868
-365   0.000710
-364  -0.000804
-363  -0.000236
-362   0.001686
-361   0.000214
-360  -0.000420
-359  -0.000330
-358   0.000646
-357   0.000196
-356   0.001654
-355   0.000662
-354   0.002618
-353   0.001272
-352   0.000876
-351   0.001882
-350   0.000862
-349   0.001330
-348   0.001226
-347   0.001104
-346   0.001412
-345   0.002556
-344   0.002838
-343   0.001910
-342   0.002384
-341   0.002660
-340   0.002950
-339   0.001494
-338   0.001984
-337   0.001734
-336   0.000960
-335   0.002674
-334  -0.000032
-333  -0.000020
-332   0.000876
-331  -0.000250
-330  -0.000440
-329   0.000280
-328  -0.000122
-327   0.000698
-326   0.000842
-325  -0.002386
-324  -0.001168
-323  -0.001298
-322   0.000016
-321   0.001340
-320   0.000102
-319  -0.001882
-318  -0.001696
-317  -0.000690
-316  -0.002872
-315  -0.002146
-314  -0.000800
-313  -0.002072
-312  -0.002982
-311  -0.002632
-310  -0.000540
-309  -0.002616
-308  -0.000890
-307   0.000084
-306  -0.001570
-305   0.000138
-304  -0.002486
-303  -0.000752
-302  -0.002150
-301  -0.001988
-300   0.000308
-299  -0.000700
-298  -0.001690
-297  -0.000180
-296   0.000690
-295  -0.001660
-294   0.000748
-293   0.000554
-292  -0.001402
-291  -0.002648
-290  -0.000420
-289   0.000982
-288  -0.000012
-287  -0.001286
-286  -0.000346
-285   0.001194
-284  -0.000562
-283   0.001670
-282   0.002500
-281   0.001608
-280   0.001142
-279   0.001696
-278   0.002824
-277   0.000340
-276   0.000734
-275   0.000868
-274   0.001062
-273  -0.001236
-272   0.000624
-271   0.001266
-270   0.001994
-269   0.000096
-268   0.001108
-267  -0.002510
-266  -0.000986
-265  -0.000910
-264  -0.000276
-263  -0.001782
-262   0.000854
-261   0.000768
-260   0.000052
-259  -0.000166
-258  -0.001054
-257  -0.002032
-256  -0.001084
-255   0.000578
-254   0.001534
-253  -0.002486
-252  -0.000014
-251  -0.001860
-250  -0.003020
-249  -0.001750
-248  -0.003654
-247  -0.004010
-246  -0.002110
-245  -0.001064
-244  -0.000888
-243  -0.002498
-242  -0.001300
-241  -0.000250
-240   0.000224
-239  -0.002332
-238  -0.000670
-237   0.000466
-236   0.002408
-235   0.000282
-234   0.000366
-233   0.000242
-232   0.000368
-231   0.002922
-230  -0.000402
-229  -0.000750
-228  -0.001868
-227  -0.001562
-226   0.000038
-225   0.000658
-224  -0.001266
-223  -0.000586
-222   0.001050
-221  -0.000452
-220  -0.000742
-219   0.000674
-218   0.001134
-217   0.000642
-216   0.001328
-215   0.001742
-214   0.002222
-213   0.003984
-212   0.001192
-211   0.002132
-210   0.000906
-209   0.001240
-208   0.000998
-207  -0.001240
-206   0.001052
-205  -0.000556
-204   0.002310
-203   0.000600
-202   0.000160
-201  -0.001212
-200  -0.000588
-199   0.000128
-198  -0.001084
-197  -0.001048
-196  -0.001768
-195  -0.000538
-194  -0.001850
-193  -0.001442
-192  -0.000690
-191  -0.000670
-190  -0.002176
-189   0.000504
-188   0.000782
-187   0.000858
-186   0.001230
-185   0.001640
-184   0.002738
-183   0.001630
-182   0.002560
-181   0.000596
-180   0.002674
-179   0.002712
-178   0.001812
-177   0.000184
-176   0.001060
-175   0.000746
-174   0.001528
-173   0.003054
-172   0.002642
-171   0.003584
-170   0.002902
-169   0.004782
-168   0.003334
-167   0.003964
-166   0.003558
-165   0.003316
-164   0.003672
-163   0.002748
-162   0.003074
-161   0.003284
-160   0.004142
-159   0.005380
-158   0.004114
-157   0.006926
-156   0.003180
-155   0.003804
-154   0.004898
-153   0.004244
-152   0.002518
-151   0.002466
-150   0.001964
-149   0.002760
-148   0.000448
-147   0.002152
-146   0.004404
-145   0.000724
-144   0.000816
-143   0.001642
-142   0.002650
-141   0.000114
-140   0.001106
-139  -0.001760
-138  -0.000374
-137   0.001310
-136   0.000068
-135   0.000288
-134   0.000784
-133   0.001186
-132   0.002106
-131  -0.000900
-130   0.001348
-129   0.001252
-128   0.003212
-127   0.001962
-126   0.001998
-125   0.002842
-124   0.002934
-123  -0.000022
-122   0.002960
-121   0.002068
-120   0.002320
-119   0.002150
-118  -0.000148
-117   0.000724
-116  -0.000126
-115   0.000340
-114   0.000740
-113   0.000190
-112   0.001604
-111   0.003536
-110   0.003796
-109   0.004412
-108   0.002904
-107   0.003904
-106   0.002988
-105   0.004814
-104   0.001802
-103   0.002074
-102  -0.000112
-101  -0.002596
-100   0.000054
-99   0.001738
-98  -0.001936
-97  -0.000328
-96  -0.001212
-95  -0.002692
-94  -0.000932
-93  -0.000976
-92  -0.002994
-91  -0.003596
-90  -0.003780
-89  -0.004058
-88  -0.002250
-87  -0.002156
-86  -0.002176
-85  -0.001488
-84  -0.002328
-83  -0.002324
-82   0.000030
-81  -0.000922
-80  -0.001674
-79   0.000180
-78   0.002392
-77  -0.000188
-76   0.001736
-75   0.002332
-74   0.003796
-73   0.001924
-72   0.003262
-71   0.000574
-70   0.001214
-69   0.002088
-68   0.001920
-67   0.002284
-66   0.001456
-65   0.000930
-64   0.002232
-63   0.001304
-62   0.001142
-61   0.000536
-60  -0.000486
-59   0.002924
-58   0.000972
-57   0.002662
-56   0.003332
-55   0.002908
-54   0.003348
-53   0.002712
-52   0.001916
-51   0.002804
-50  -0.000568
-49  -0.001564
-48  -0.000342
-47  -0.000236
-46  -0.001448
-45  -0.002522
-44  -0.000276
-43   0.001604
-42  -0.000514
-41   0.000450
-40  -0.000254
-39   0.000746
-38   0.001364
-37   0.001908
-36  -0.001318
-35  -0.000202
-34  -0.001086
-33   0.000962
-32  -0.001666
-31   0.000072
-30  -0.000596
-29   0.000112
-28  -0.000624
-27   0.001394
-26   0.000086
-25  -0.000326
-24   0.001220
-23   0.000946
-22   0.001544
-21   0.003384
-20   0.004426
-19   0.002530
-18   0.003484
-17   0.003674
-16   0.004278
-15   0.007490
-14   0.008510
-13   0.008918
-12   0.011832
-11   0.014214
-10   0.016004
-9   0.018664
-8   0.024394
-7   0.029540
-6   0.038384
-5   0.049306
-4   0.061956
-3   0.077648
-2   0.100928
-1   0.125612
