r MCS_10 MCS_20 MCS_40 MCS_80 MCS_160 MCS_320 MCS_640 MCS_1280 MCS_2560 MCS_5120 MCS_10240 MCS_20480 MCS_40960 
0   1.000000   1.000000   1.000000   1.000000   1.000000   1.000000   1.000000   1.000000   1.000000   1.000000   1.000000   1.000000   1.000000 
1   0.498600   0.487400   0.493600   0.484800   0.487400   0.512200   0.484200   0.488000   0.490600   0.506800   0.491600   0.499200   0.497800 
2   0.371600   0.353200   0.362800   0.358000   0.365200   0.364400   0.360000   0.355000   0.368800   0.374800   0.368400   0.377800   0.372200 
3   0.281400   0.264000   0.261400   0.263000   0.264600   0.277200   0.275600   0.260200   0.267800   0.286800   0.275000   0.279600   0.283200 
4   0.204000   0.202200   0.192800   0.189000   0.196000   0.201600   0.208800   0.183600   0.202400   0.212600   0.212200   0.212600   0.212600 
5   0.144200   0.155200   0.146000   0.142000   0.142200   0.150800   0.144400   0.137000   0.152800   0.166200   0.169200   0.166000   0.163600 
6   0.113000   0.111200   0.102600   0.098800   0.114800   0.110400   0.109400   0.108200   0.114000   0.120600   0.139200   0.117800   0.113600 
7   0.084400   0.085200   0.073000   0.073800   0.089800   0.075200   0.077200   0.076200   0.081600   0.092400   0.111200   0.086000   0.083600 
8   0.063800   0.072400   0.058800   0.056800   0.069000   0.054800   0.055400   0.065800   0.053800   0.068000   0.087200   0.070400   0.065800 
9   0.051600   0.045600   0.052800   0.023800   0.055200   0.041000   0.045200   0.055000   0.041800   0.047000   0.070400   0.047600   0.054400 
10   0.033200   0.025200   0.040200   0.013600   0.040200   0.032000   0.037400   0.047000   0.035000   0.039400   0.060200   0.035800   0.041000 
11   0.023400   0.015800   0.038800   0.014400   0.026000   0.031800   0.024200   0.039400   0.030000   0.020200   0.046400   0.031800   0.036600 
12   0.014400   0.005600   0.029600   0.006800   0.020600   0.019400   0.013800   0.030600   0.017000   0.015000   0.042800   0.024400   0.025000 
13   0.010200   0.000800   0.027400   0.001600   0.013400   0.022400   0.019800   0.020000   0.016200   0.012000   0.029600   0.011800   0.017600 
14   0.007000   0.006600   0.025400   0.001600  -0.000200   0.012400   0.018400   0.017400   0.019800   0.009200   0.022400   0.008800   0.016400 
15   0.004400   0.001200   0.022800  -0.009600  -0.004200   0.011400   0.007400   0.006200   0.008600   0.009000   0.011600   0.006000   0.011400 
16  -0.000400   0.004400   0.019200   0.000800  -0.012600   0.001200   0.003600  -0.000200   0.011000   0.012200   0.004800   0.008400   0.001600 
17   0.000400   0.007200   0.016800  -0.004800  -0.013200   0.002600   0.005800   0.007200   0.008400   0.004000   0.001800   0.002400  -0.006600 
18  -0.007400   0.006400   0.009400  -0.008600  -0.014600  -0.008000   0.015600   0.002800   0.008000   0.007400   0.000600   0.003000  -0.009400 
19  -0.002600   0.006800   0.007400  -0.006800  -0.011600  -0.007200   0.020200   0.004600   0.002000   0.004000  -0.002800   0.010200  -0.007400 
20  -0.000400  -0.000200   0.007600  -0.015000  -0.009200  -0.003000   0.014200   0.003000   0.011600   0.004200  -0.006200   0.015400  -0.008200 
21   0.002600   0.006000   0.012600  -0.012200   0.000800  -0.005800   0.011400   0.000200   0.010200   0.003600  -0.010000   0.013000  -0.016000 
22   0.002000   0.010800  -0.001400  -0.006800   0.003200  -0.009000   0.016200  -0.002800   0.005400  -0.003000  -0.006400   0.009200  -0.018800 
23  -0.002000   0.006200   0.005800  -0.015200  -0.000400  -0.000400   0.000600   0.006800   0.010200  -0.003600  -0.009200   0.014200  -0.017000 
24   0.003000   0.006800   0.009200  -0.004800   0.001600  -0.009800  -0.003400   0.002200   0.007600  -0.011400  -0.008800   0.004400  -0.022000 
25   0.008600   0.004000   0.007200  -0.005600   0.005400  -0.016200  -0.005600  -0.003800   0.011800  -0.013000  -0.003400   0.011600  -0.015800 
26   0.003200   0.003800   0.004600  -0.004400  -0.004400  -0.020600  -0.000200  -0.000400   0.008400  -0.016600   0.006000   0.010800  -0.006600 
27   0.001600   0.006000  -0.004000   0.006200  -0.003600  -0.025000  -0.001800   0.003400   0.015200  -0.009000   0.005800   0.008400  -0.005600 
28  -0.004200   0.006000  -0.003800  -0.003200   0.002000  -0.015600   0.000400  -0.006800   0.012600  -0.006200   0.000400   0.014000  -0.002800 
29  -0.017000   0.012000  -0.002200  -0.006800   0.003000  -0.009200   0.009600  -0.002800   0.013800  -0.007600   0.004200   0.011600  -0.002000 
30  -0.012400   0.014800   0.001800  -0.009400  -0.003800  -0.002600   0.009200   0.003600   0.017800  -0.007800   0.013000   0.010600   0.000000 
31  -0.011200   0.003600   0.003400  -0.007000  -0.006600   0.001800   0.011400   0.001400   0.013600  -0.014600   0.010200   0.014000   0.003400 
32  -0.004200   0.002200  -0.001600   0.002200  -0.009400   0.001200   0.015200   0.007600   0.022000  -0.011800   0.011000   0.013800  -0.002800 
33   0.000600   0.013000  -0.001200   0.002400  -0.003200   0.015600   0.014400   0.010400   0.011800  -0.010800   0.013400   0.009400  -0.001600 
34   0.006600   0.002000   0.004400   0.000000   0.006200   0.018600   0.009400   0.011400   0.012600  -0.015600   0.014000   0.006800  -0.004000 
35   0.013000   0.005600   0.006400   0.011800   0.008000   0.017400   0.013000   0.011800   0.014000  -0.011600   0.019200   0.002800  -0.005000 
36   0.022600  -0.003800   0.007400   0.012800   0.003600   0.007800   0.009000   0.012800   0.011800  -0.012600   0.013800  -0.005800  -0.000800 
37   0.015800  -0.001000   0.003400   0.005800   0.001200   0.010600   0.003600   0.005600   0.014200  -0.002400   0.005600  -0.002200  -0.001200 
38   0.016000   0.005200   0.011000   0.009200   0.003800   0.007800   0.001600   0.002800   0.007600  -0.009800   0.004000  -0.002000  -0.007400 
39   0.006200  -0.001200   0.006600   0.011400  -0.011200  -0.001800   0.001600   0.000200   0.003400  -0.012000   0.003400  -0.004800  -0.012600 
40   0.001000   0.000200   0.005600   0.009000  -0.005800   0.001600   0.002200  -0.004200  -0.003600  -0.005600   0.008800   0.004000  -0.009600 
41  -0.005600  -0.002800   0.003000   0.001000  -0.013400   0.015600   0.003800  -0.009000   0.000600  -0.011400   0.004200   0.000600  -0.002200 
42  -0.009000  -0.005000   0.005000  -0.013200  -0.013600   0.012000   0.000800  -0.007400   0.000000  -0.013400   0.018000   0.005000  -0.001200 
43  -0.004600  -0.005400   0.006000  -0.011200  -0.008000   0.003200   0.000200   0.006000   0.004600  -0.009400   0.014800  -0.000200   0.005600 
44  -0.001000   0.003000   0.006800  -0.003800  -0.013600   0.016400   0.005800   0.010000   0.004400  -0.012800   0.008800  -0.003000   0.012600 
45   0.001600   0.011400  -0.000800  -0.005800  -0.003800   0.021200   0.008800   0.015400   0.006200  -0.006000   0.011600  -0.000000   0.011600 
46  -0.007200  -0.000200   0.003000   0.001400  -0.009000   0.023400   0.006000   0.012000   0.007800   0.001800   0.016000   0.009200   0.008000 
47  -0.004400  -0.001200  -0.004800   0.005400  -0.012400   0.021400   0.013000   0.004600   0.006800   0.008600   0.020200   0.007000   0.005400 
48  -0.011000  -0.010000  -0.005400   0.005800  -0.010000   0.019200   0.014800   0.002800   0.004000   0.001800   0.019800   0.003000   0.010600 
49  -0.015800  -0.001400  -0.007200   0.008800  -0.002600   0.011600   0.004600   0.006600   0.002800  -0.000200   0.020000   0.010600   0.001400 
50  -0.010600  -0.011400  -0.005600  -0.004800   0.000200   0.010600   0.010000   0.000400   0.001400   0.001200   0.011600   0.005800  -0.003000 
51  -0.002200  -0.014200  -0.013000  -0.007000  -0.008200   0.014800   0.009000  -0.006000  -0.001400   0.001600   0.010200   0.010200  -0.001600 
52   0.002000  -0.019200  -0.011200  -0.007200  -0.005800   0.010400   0.007400  -0.000600   0.002400  -0.005200   0.016600  -0.001000   0.007200 
53  -0.003800  -0.027400  -0.011200  -0.010200  -0.005400   0.005800  -0.000800  -0.002800   0.002400  -0.008000   0.024800   0.008400   0.003800 
54   0.000200  -0.028200  -0.007200  -0.009800  -0.007800   0.007800   0.006600   0.006400   0.009400  -0.011400   0.017200   0.007400   0.005400 
55  -0.001600  -0.030200  -0.002800  -0.003000  -0.007400   0.002200  -0.001000   0.005400   0.009400  -0.010200   0.020000  -0.007200   0.009600 
56   0.007000  -0.026400  -0.001000  -0.002600  -0.010200  -0.002800  -0.002000   0.004400   0.002400  -0.016200   0.025200  -0.005200   0.008400 
57   0.016800  -0.013600  -0.006200   0.004200  -0.019800  -0.001000  -0.001800   0.010000   0.011400  -0.015800   0.023600   0.000200   0.004400 
58   0.002400  -0.011000   0.003800   0.004400  -0.009200  -0.010400  -0.006000   0.007400   0.015400  -0.019600   0.014800   0.009600   0.001800 
59   0.013200  -0.007600   0.002200   0.006400  -0.016400  -0.015600  -0.008600   0.008200   0.007600  -0.019200   0.016800  -0.003000   0.002200 
60   0.013000  -0.008800   0.006800   0.010400  -0.010800  -0.011600  -0.011200   0.007400   0.004600  -0.012800   0.008000   0.000800   0.002800 
61   0.003000  -0.006000   0.006000   0.010400  -0.007600  -0.025600  -0.001800   0.003600  -0.002600  -0.006800  -0.002000   0.000600   0.008800 
62  -0.002800  -0.003800   0.009800   0.019800   0.002200  -0.025200  -0.003400   0.007200   0.000800  -0.009800  -0.006000   0.004800   0.008600 
63  -0.001400   0.002400   0.002200   0.025400  -0.001600  -0.026000  -0.005600   0.004400   0.000800  -0.006000  -0.012600  -0.002400   0.007600 
64   0.004200   0.000600   0.007800   0.029000   0.001400  -0.022400  -0.002200   0.014800  -0.002800  -0.004800  -0.014400  -0.002400   0.013400 
65   0.008600   0.005800   0.013600   0.030000  -0.004200  -0.020200   0.003800   0.007400  -0.008600   0.001400  -0.007200  -0.009800   0.012600 
66   0.005800  -0.004000   0.010400   0.028600  -0.000200  -0.016600   0.016400   0.007800  -0.018400  -0.003200  -0.008400  -0.005800   0.017000 
67   0.001800  -0.000600   0.009600   0.016200  -0.001600  -0.019400   0.010200   0.015600  -0.014400   0.007200  -0.006800  -0.001200   0.014800 
68  -0.002600   0.002400  -0.001600   0.019400   0.000000  -0.009200   0.006800   0.021600  -0.019800   0.002000  -0.004200  -0.000800   0.011600 
69  -0.004200  -0.003800  -0.001200   0.014800  -0.003200  -0.007800   0.011600   0.009400  -0.008800   0.005600  -0.009000   0.005800   0.010000 
70   0.004000  -0.005800  -0.009000   0.008600   0.007800  -0.012800   0.004000   0.017400  -0.005200   0.000600  -0.020800   0.011000   0.014000 
71   0.005600  -0.012200  -0.012000   0.017600   0.007800  -0.010600   0.003000   0.016200  -0.002800   0.002200  -0.024000   0.011800   0.009200 
72   0.000200  -0.013800  -0.006800   0.010200   0.010000  -0.017200   0.000400   0.022400   0.003400  -0.002800  -0.023200   0.015800  -0.001800 
73  -0.004600  -0.013000  -0.012000   0.016600   0.004000  -0.010800  -0.009400   0.019200   0.008400  -0.007600  -0.022200   0.018400   0.000800 
74  -0.003000  -0.008600  -0.011200   0.011800   0.011400   0.001800  -0.008400   0.018600   0.000400  -0.007000  -0.011000   0.018000  -0.007800 
75  -0.002400  -0.012800  -0.018400   0.010000   0.016400  -0.006000   0.004000   0.020400   0.007600  -0.001000  -0.017400   0.022200  -0.016000 
76  -0.000600  -0.007200  -0.011400   0.011400   0.007400  -0.005200   0.006400   0.008400   0.006200  -0.005600  -0.012600   0.011000  -0.012800 
77   0.005800  -0.005200  -0.009800  -0.003800   0.004200  -0.002400   0.009400  -0.000200   0.006400  -0.000400  -0.023200   0.012600  -0.015600 
78   0.001800   0.004200  -0.003800  -0.006800   0.008400  -0.009000   0.006000  -0.008400   0.002000  -0.000400  -0.018400   0.008400  -0.011200 
79   0.007000   0.015400   0.007000  -0.001800   0.008200  -0.009600  -0.004000  -0.004400   0.006000  -0.000200  -0.015800   0.008400  -0.000800 
80   0.003200   0.011600   0.008400  -0.009800   0.002600   0.006800  -0.004200  -0.010400   0.008600  -0.003000  -0.005400   0.012600   0.005000 
81   0.011800   0.008200   0.004000  -0.005000   0.000600   0.008200  -0.003400  -0.008400   0.007600  -0.006200  -0.000000   0.011800   0.004200 
82   0.012000   0.011800  -0.002000  -0.009400  -0.002200   0.009200  -0.007600  -0.015000   0.006000  -0.003600   0.001200   0.011200   0.003200 
83   0.012600   0.008800   0.005200  -0.005000   0.001200   0.011200  -0.008400  -0.013800   0.001200  -0.003400   0.011600   0.010400   0.000800 
84   0.012200   0.010800   0.000400  -0.013200   0.014400   0.004400  -0.002000  -0.015000   0.003400   0.007000   0.026200   0.005000  -0.005400 
85   0.012000   0.016600  -0.001600  -0.007200   0.011600   0.015400  -0.003600  -0.009600   0.001000  -0.001600   0.024800  -0.000400  -0.003600 
86  -0.001400   0.016000   0.001600  -0.003600   0.006200   0.005600  -0.001400  -0.016200   0.003800  -0.016400   0.020200   0.000200   0.004800 
87  -0.001600   0.017400  -0.000600   0.006800   0.013600   0.002600   0.000800  -0.016600   0.002400  -0.004800   0.020800   0.001800   0.008800 
88  -0.004800   0.024200   0.011400   0.007800   0.008800   0.001000  -0.005400  -0.023400   0.001400  -0.010600   0.024200  -0.006000   0.004800 
89  -0.014400   0.009200   0.004200   0.015000   0.003800   0.001400  -0.001000  -0.021600  -0.007400  -0.020800   0.025000  -0.013200  -0.002800 
90  -0.008600   0.010400   0.000200   0.010800   0.001600  -0.002200   0.011200  -0.013600  -0.006000  -0.018000   0.026000  -0.010000  -0.001600 
91  -0.010400  -0.001200   0.009800   0.010600   0.000400   0.001600   0.014400  -0.006400  -0.003400  -0.018000   0.013000  -0.012400  -0.001400 
92  -0.011600   0.004200   0.003800   0.009400  -0.000600  -0.000800   0.009000  -0.000200  -0.007800  -0.011800   0.005000  -0.006000   0.003200 
93  -0.011200   0.002200  -0.003600   0.015800   0.003600   0.004000   0.003800  -0.006400  -0.013600  -0.013000  -0.001200  -0.001600   0.004200 
94  -0.010800   0.001600  -0.000400   0.022200   0.008000   0.010400   0.008200  -0.010800  -0.015600  -0.010000   0.004200   0.004800   0.006200 
95  -0.011600  -0.005600  -0.005200   0.015000   0.008600   0.010800   0.009400  -0.015400  -0.017200  -0.008400   0.002000  -0.001400   0.006400 
96  -0.012800  -0.001200  -0.002600   0.022200  -0.007200   0.006000   0.011400  -0.017200  -0.016000  -0.008600   0.005800   0.000200   0.007600 
97  -0.010400   0.003200  -0.002400   0.021800  -0.002600   0.006200   0.011200  -0.024200  -0.015600  -0.008600   0.010000  -0.001800  -0.008200 
98  -0.012000   0.001400  -0.000600   0.015200  -0.003800   0.003200   0.005200  -0.019000  -0.010400  -0.000600   0.000800  -0.002600  -0.001200 
99  -0.013400  -0.004800  -0.004400   0.012200  -0.004200  -0.004400   0.004600  -0.023200  -0.010600  -0.011600   0.007200  -0.008600  -0.003600 
100  -0.015000  -0.003000  -0.003200   0.014600  -0.007000  -0.008800   0.001000  -0.012400  -0.008200  -0.005400   0.011600  -0.007800   0.001400 
101  -0.010000  -0.002000   0.002000   0.005200  -0.014600  -0.007800   0.003200  -0.012800  -0.013600  -0.009600   0.014000  -0.011000   0.003200 
102  -0.011000   0.009000   0.007000  -0.000200  -0.007000  -0.003000   0.002800  -0.013000  -0.012600  -0.007600   0.011800  -0.005000  -0.004400 
103  -0.001400   0.007800   0.005400  -0.000800  -0.004400  -0.000800  -0.001800  -0.012800  -0.016000  -0.006000   0.005000  -0.007800   0.002400 
104   0.002200   0.003200   0.001200  -0.006400  -0.001800  -0.002200   0.002200  -0.011000  -0.016800  -0.005800   0.003400  -0.007200   0.003600 
105  -0.004400   0.000600  -0.002200  -0.017000  -0.001000   0.000400   0.005200  -0.006800  -0.012200  -0.010600   0.008000  -0.008400   0.001600 
106   0.000000  -0.006000  -0.002400  -0.014400  -0.001800  -0.006000   0.005200  -0.004600  -0.018000  -0.016400  -0.000000  -0.016400  -0.006000 
107  -0.002600  -0.001000  -0.000400  -0.013400   0.010200   0.002600   0.004800  -0.009200  -0.013800  -0.014800   0.000200  -0.015400  -0.002600 
108   0.004800  -0.010600  -0.001600  -0.018000   0.004600   0.013000  -0.000600  -0.010000  -0.001000  -0.010800  -0.003800  -0.012200  -0.008800 
109   0.009400  -0.007600  -0.002400  -0.013400   0.009600   0.003200  -0.001200  -0.004200   0.006600  -0.008800  -0.011000  -0.006800  -0.006800 
110   0.009200  -0.018200  -0.001600  -0.014400   0.002400   0.003400  -0.003800  -0.009000   0.007600  -0.005000  -0.011200   0.000200  -0.005400 
111  -0.002000  -0.002600   0.005600  -0.015800   0.007400  -0.005800  -0.004200   0.005200   0.002000   0.010800  -0.006000  -0.008400   0.001400 
112  -0.007600  -0.010200  -0.000000  -0.011000   0.013800   0.005200   0.004800  -0.006200  -0.000800   0.008800  -0.003200  -0.007000  -0.012200 
113  -0.009000  -0.002200   0.003600  -0.013600   0.013000  -0.001800   0.004200  -0.004200   0.006000   0.003200  -0.002000  -0.009600  -0.012600 
114  -0.008800  -0.006200   0.001600  -0.012600   0.005200  -0.002000   0.004800  -0.002800  -0.004200   0.008400   0.000600  -0.003000  -0.007400 
115  -0.006200  -0.004200   0.002400  -0.008800   0.008400   0.002800  -0.002800  -0.003400  -0.000800  -0.003600   0.002000   0.011600  -0.007200 
116  -0.007800  -0.001600   0.004200  -0.010600   0.013800   0.001200   0.007800  -0.004600  -0.007200   0.002200   0.016800   0.017200  -0.012600 
117  -0.008600   0.002400   0.007800  -0.009600   0.007600  -0.000400   0.001600   0.004200  -0.004200   0.001000   0.008600   0.016600  -0.002000 
118  -0.014600   0.000600   0.004000  -0.004800  -0.003800   0.007600  -0.003200  -0.000200  -0.009400   0.005000   0.000200   0.007600  -0.005200 
119  -0.015400   0.006400   0.008600  -0.004800   0.001800  -0.006000  -0.003400   0.002000  -0.008600   0.005400   0.005200   0.011000  -0.002000 
120  -0.012400   0.006000   0.012600  -0.004800  -0.007600  -0.011400  -0.002800   0.005800  -0.005600  -0.003200   0.000000   0.011000   0.004400 
121  -0.005000   0.011600   0.007200  -0.016600  -0.008600  -0.004600  -0.005400   0.006200  -0.006200  -0.011800  -0.001400   0.011000  -0.002600 
122  -0.007000  -0.000400   0.011600  -0.010400  -0.009800  -0.009800  -0.006800  -0.004000   0.000400  -0.017400  -0.001600   0.011200   0.000800 
123  -0.010600  -0.005400  -0.000600  -0.005200  -0.002800  -0.011800  -0.020600  -0.003400   0.005400  -0.011000   0.003400   0.006400  -0.006400 
124  -0.011200  -0.002400   0.004400  -0.006000   0.000200  -0.003600  -0.016200  -0.011200   0.009400  -0.015400  -0.009600   0.003600   0.001000 
125  -0.010200   0.005600   0.000000  -0.005800   0.002200  -0.001400  -0.008200  -0.002000   0.005800  -0.020400  -0.004800   0.004000  -0.008200 
126  -0.020200   0.008400   0.007200  -0.003800   0.007400  -0.001400  -0.011200  -0.016200   0.006200  -0.019400  -0.015800   0.003400  -0.011400 
127  -0.023600   0.006800   0.007600  -0.006400  -0.001400  -0.003000  -0.006800  -0.021800   0.008600  -0.015000  -0.006400   0.003600  -0.007600 
128  -0.026400   0.009000  -0.002000  -0.001000   0.002800  -0.001600  -0.000200  -0.019000   0.005000  -0.017200  -0.013600  -0.005000  -0.006800 
129  -0.023600   0.003600   0.006000   0.002400  -0.007400  -0.002600  -0.001800  -0.029000  -0.002400  -0.017000  -0.013800  -0.004400  -0.002600 
130  -0.012800   0.001400   0.003000   0.002400  -0.007800  -0.003800  -0.000400  -0.030600   0.007600  -0.011400  -0.007400  -0.009000  -0.009000 
131  -0.013200  -0.001400  -0.006600   0.008800  -0.012400   0.006000  -0.004000  -0.028200   0.010000  -0.012600  -0.005600  -0.008200  -0.013000 
132  -0.012400  -0.013600   0.004600   0.009400  -0.016800   0.003600   0.004400  -0.025600   0.013600  -0.011000  -0.012200  -0.016600   0.001000 
133  -0.005600  -0.011200  -0.000400   0.013400  -0.018000  -0.004000   0.003400  -0.025000   0.018200  -0.002200  -0.007800  -0.017200  -0.003000 
134   0.008000  -0.015400  -0.001400   0.005400  -0.015800  -0.001400   0.009000  -0.023800   0.020200   0.003800  -0.003800  -0.015800   0.002400 
135   0.010400  -0.014000   0.000000   0.005200  -0.016800  -0.007000   0.008400  -0.012400   0.017800   0.002400   0.003200  -0.007200  -0.006800 
136   0.006800  -0.012200  -0.001200   0.008600  -0.019200  -0.013800   0.001600  -0.006200   0.022600   0.001000   0.010000  -0.007600  -0.003800 
137   0.004200  -0.020400  -0.008600   0.001400  -0.022400  -0.015800   0.000400  -0.002000   0.017000   0.000200   0.009400   0.003400  -0.006400 
138   0.011400  -0.012800  -0.010000   0.002400  -0.025400  -0.015400   0.009600   0.005800   0.010800   0.007800   0.013800   0.003600   0.003200 
139  -0.001400  -0.010800  -0.006400   0.000200  -0.026000  -0.014000   0.013800   0.001400   0.013600   0.006000   0.011800   0.004000   0.000000 
140  -0.002200  -0.010800  -0.015400   0.004800  -0.030400  -0.010000   0.010000  -0.004400   0.004400   0.007800  -0.000000   0.015000   0.001400 
141  -0.006200  -0.007200  -0.019000   0.001400  -0.033000  -0.011200   0.013200  -0.009200   0.000200   0.004400  -0.002800   0.016400   0.002200 
142  -0.007800  -0.001000  -0.014400   0.002600  -0.023200  -0.009800   0.009200  -0.015200  -0.001000   0.004800  -0.004000   0.025000   0.004400 
143  -0.013200   0.006800  -0.010400  -0.001800  -0.015200  -0.009400   0.014400  -0.014400   0.007000   0.005200  -0.000000   0.021600   0.008800 
144  -0.004400   0.006000  -0.005800  -0.002800  -0.006600  -0.005200   0.004200  -0.008400   0.014000  -0.005600   0.002400   0.023000   0.008200 
145  -0.018600   0.008800  -0.014600   0.006800  -0.000600  -0.012800   0.001600  -0.008400   0.008400   0.003000  -0.001400   0.016400  -0.001000 
146  -0.016800  -0.000200  -0.005000   0.013800   0.013600  -0.016400   0.003800  -0.004400   0.014400  -0.001200   0.001400   0.021600  -0.001400 
147  -0.011800   0.009200  -0.012400   0.019800   0.009800  -0.018400  -0.003600  -0.004000   0.007400  -0.015800  -0.003800   0.013800   0.006200 
148  -0.012800   0.011400  -0.010800   0.016400   0.004600  -0.022400  -0.008600  -0.002600   0.007800  -0.013000   0.001200   0.013200   0.007200 
149  -0.014800   0.018800  -0.007000   0.021600   0.006400  -0.023400  -0.017400  -0.005200   0.010200  -0.006200   0.006800   0.016000   0.009400 
150  -0.014200   0.009200  -0.012600   0.012600   0.005000  -0.021000  -0.010800  -0.003600   0.001400  -0.015000   0.001800   0.010200   0.004600 
151  -0.018200   0.000800  -0.009800  -0.004000  -0.002600  -0.016800  -0.006800  -0.007000   0.008400  -0.012400  -0.002000   0.008800   0.013400 
152  -0.016000  -0.002000  -0.004600   0.002000  -0.008400  -0.017000  -0.016000  -0.006200   0.006400  -0.013400  -0.008200   0.009000   0.021800 
153  -0.006200  -0.011200  -0.005600  -0.005600  -0.006800  -0.010600  -0.015800   0.007800  -0.000400  -0.014400  -0.004200   0.008800   0.016000 
154   0.005200  -0.000000   0.002800   0.004800  -0.002200  -0.010000  -0.005200   0.008200  -0.004200  -0.019800  -0.011400   0.014800   0.020600 
155   0.010400  -0.003800  -0.002000   0.004800  -0.000800  -0.000400  -0.012600  -0.002600  -0.007800  -0.027000  -0.018200   0.019800   0.024600 
156  -0.007600   0.000400  -0.007400  -0.000200   0.008000  -0.006600  -0.015000  -0.000600  -0.006200  -0.024600  -0.007400   0.016800   0.021200 
157   0.008600   0.006800  -0.004600  -0.007400   0.002000  -0.005400  -0.006000  -0.015400  -0.008800  -0.024800  -0.005400   0.012400   0.020200 
158   0.014200   0.010200  -0.007000  -0.011600   0.014000  -0.002600  -0.017000  -0.015000  -0.009000  -0.027200   0.007800   0.008000   0.021400 
159   0.016200   0.007800   0.002400  -0.012400   0.010600  -0.009800  -0.012200  -0.022000  -0.006800  -0.018800  -0.001800  -0.001800   0.023000 
160   0.013600   0.001400   0.008800  -0.006800   0.009000  -0.007800  -0.007800  -0.012800  -0.005000  -0.016800  -0.007400  -0.001200   0.018600 
161   0.008800   0.005600   0.010800  -0.007800   0.004000  -0.005000  -0.009400  -0.012200  -0.006200  -0.021200  -0.002600   0.004200   0.005400 
162   0.007200   0.014600   0.011600  -0.007200   0.009800   0.002200  -0.012800  -0.015800  -0.000400  -0.016200   0.001400   0.010800  -0.007600 
163   0.011200   0.013200   0.004600  -0.012800   0.007600   0.006600  -0.004800  -0.015800   0.001200  -0.011800  -0.006200   0.010800  -0.005000 
164   0.007000   0.009000   0.006800  -0.014200   0.010200   0.003600  -0.005600  -0.013000   0.004400  -0.006800  -0.003000   0.008600  -0.008600 
165   0.007200   0.008800   0.007000  -0.009400   0.001400   0.005000  -0.007800  -0.014400   0.006200  -0.008000  -0.012000   0.006800  -0.009000 
166   0.007800   0.007800   0.008600  -0.005600   0.000000   0.009000  -0.007400  -0.011400   0.005400  -0.008400  -0.001600   0.006800  -0.018400 
167   0.011000   0.013000  -0.001000   0.004600   0.003400   0.009200  -0.006600  -0.015200  -0.000000   0.001800  -0.015200   0.006200  -0.006200 
168   0.009000   0.010600  -0.008200   0.008000   0.001000   0.004400  -0.008000  -0.004800  -0.001800  -0.000000  -0.011000   0.005600  -0.004200 
169  -0.002600   0.006400   0.004200   0.012400   0.008800   0.010000  -0.013400  -0.003000  -0.006600  -0.002000  -0.013600   0.006200  -0.006200 
170   0.004400  -0.005200  -0.003000   0.007800   0.004200   0.002600  -0.009600  -0.002600  -0.005400  -0.007400  -0.008600   0.007000  -0.010200 
171  -0.000600  -0.013600   0.001600   0.005200   0.001800   0.003600   0.001200   0.003400  -0.005200  -0.013000  -0.005800   0.007400  -0.008800 
172  -0.005000  -0.013200  -0.004800   0.008000   0.014200   0.013800  -0.001600  -0.003800   0.004400  -0.009400  -0.007600   0.001400  -0.013000 
173  -0.007400  -0.015400  -0.008600   0.009400   0.014400   0.020600   0.003800   0.001400   0.001400  -0.013600  -0.007400   0.000200  -0.002200 
174  -0.009400  -0.007800  -0.000200   0.013000   0.014000   0.022800   0.006600   0.000600   0.003000  -0.012200  -0.009800   0.001600  -0.007800 
175  -0.004400  -0.014000  -0.004400   0.006200   0.014400   0.021200   0.012600   0.010800  -0.001200  -0.011400  -0.017000   0.004000  -0.001800 
176  -0.004400  -0.013000  -0.014400   0.013200   0.010200   0.014200   0.015000   0.007800  -0.003400  -0.011000  -0.004000   0.005000  -0.001800 
177   0.000800  -0.001000  -0.016200   0.014000   0.003600   0.012400   0.012600   0.006600   0.000000  -0.003400  -0.008600   0.005000   0.008000 
178   0.003800  -0.008400  -0.015000   0.007400   0.001800   0.007800   0.006400   0.004600   0.000400   0.003200  -0.002800   0.006000   0.000800 
179  -0.000800  -0.006200  -0.002800   0.002600  -0.005600   0.005600   0.002600   0.002400   0.002200   0.007800  -0.005200   0.004400   0.008400 
180   0.006000  -0.009800  -0.002800   0.017800  -0.008200  -0.002400   0.005000   0.004400   0.003600   0.010800  -0.003400   0.007800   0.015800 
181   0.014000  -0.006600  -0.003400   0.014600  -0.008800  -0.007000   0.002400   0.001800  -0.000600   0.008400  -0.004400   0.007800   0.016800 
182   0.017000  -0.001800  -0.010000   0.019600  -0.001400  -0.004600  -0.004200   0.002200  -0.005800   0.015800  -0.005800   0.001800   0.019600 
183   0.017000  -0.000600   0.001200   0.024400  -0.002800  -0.007600   0.009600   0.000800  -0.002000   0.018800  -0.003400   0.002600   0.011200 
184   0.028200  -0.002600  -0.002800   0.027200  -0.003000  -0.011000   0.014200   0.005600  -0.008400   0.012400  -0.000400  -0.003400   0.017800 
185   0.020800  -0.002600   0.004200   0.022600  -0.000200  -0.008800   0.024400   0.004800  -0.007600   0.010200  -0.003200  -0.001200   0.007800 
186   0.011600   0.002800  -0.003000   0.019600  -0.002600  -0.007000   0.025200   0.009600  -0.011200   0.009600  -0.005600   0.000400   0.003000 
187   0.010600   0.004000  -0.000800   0.025200  -0.002000   0.001800   0.031200   0.005000  -0.012400   0.012600   0.001000   0.003200  -0.005400 
188   0.020000   0.004800  -0.003000   0.020600  -0.001000  -0.006000   0.020200  -0.000800  -0.003600   0.013000   0.002400   0.002200  -0.009000 
189   0.028000   0.011800   0.002600   0.026400   0.004600   0.001600   0.021800   0.004600   0.003000   0.002000  -0.006000   0.011400  -0.014600 
190   0.028200   0.010800   0.007200   0.021200   0.011600  -0.008000   0.021000   0.003400   0.005200  -0.001000   0.004400   0.011200  -0.007000 
191   0.022000   0.011400   0.008400   0.022800   0.014000  -0.020800   0.011600   0.007400   0.007000   0.007200   0.005200   0.021600   0.001000 
192   0.028600   0.007000   0.002200   0.001400   0.009600  -0.010400   0.014000   0.009800  -0.000200   0.004000   0.004600   0.013200  -0.002600 
193   0.026000   0.011000   0.001400   0.003600   0.013800  -0.014200   0.011000   0.016400   0.001800  -0.001800   0.005800   0.011000   0.003400 
194   0.031000   0.009000   0.006200   0.014400   0.028200  -0.008600   0.013400   0.011600   0.001800  -0.003400  -0.002000   0.013600   0.006400 
195   0.023800   0.009800   0.005200   0.002400   0.030400   0.008200  -0.002000   0.016000  -0.005000   0.000800   0.001000   0.018200   0.013600 
196   0.023200   0.005000   0.009200  -0.003200   0.034000   0.006000  -0.014200   0.003200  -0.004400   0.006000  -0.002600   0.022400   0.012600 
197   0.015800   0.004200   0.001200   0.000000   0.032800   0.012400  -0.008200   0.000800   0.001000   0.000200   0.002000   0.013600   0.009600 
198   0.023800   0.002200   0.002800   0.001000   0.027600   0.012800  -0.004800   0.001600   0.002200   0.000600   0.002600   0.016600   0.004000 
199   0.027000  -0.001600  -0.000600   0.006000   0.028800   0.012000  -0.006600  -0.003600   0.006000   0.001600   0.001400   0.013600   0.004000 
200   0.026800  -0.003800  -0.002000   0.001800   0.034000   0.005400  -0.008400  -0.016400   0.004600   0.010000   0.004600   0.006600   0.008800 
201   0.019000  -0.001800   0.001800   0.002600   0.027000   0.000600  -0.008200  -0.010400   0.011200   0.005800   0.001600   0.015400   0.008800 
202   0.015800   0.005200  -0.001600  -0.006600   0.031400  -0.006000  -0.004000  -0.013400   0.011200   0.000400  -0.005000   0.013600   0.010800 
203   0.016200   0.002800   0.003200  -0.001800   0.022600  -0.010400  -0.006600  -0.017200   0.018200   0.002600   0.001200   0.014600   0.007000 
204   0.016600  -0.000200   0.004600   0.000800   0.025000  -0.012600  -0.002000  -0.012000   0.011800  -0.006800  -0.000800   0.013200   0.007800 
205   0.013400   0.000000   0.000800   0.003800   0.010200  -0.006800  -0.000000  -0.006800   0.012000  -0.007400   0.006400   0.015000   0.009800 
206   0.015000  -0.002200  -0.000400   0.005600   0.012400  -0.004000  -0.000800  -0.006200   0.019600  -0.007800   0.008400   0.011000   0.009400 
207   0.007600  -0.000400  -0.003200   0.008400   0.007400   0.000400   0.000200  -0.003800   0.022600  -0.004200   0.010000   0.007600   0.011200 
208   0.001800   0.002400   0.000200   0.010200   0.006600   0.008400  -0.010200  -0.007600   0.021200   0.001600   0.005400  -0.004800   0.004400 
209   0.000200   0.002400  -0.000800   0.005200   0.014600   0.002800  -0.005600  -0.019200   0.018200   0.008200   0.009000   0.000400   0.006000 
210   0.002600   0.006400  -0.008200   0.005400   0.013000   0.003000   0.001800  -0.016400   0.011000   0.008800   0.006000  -0.002000   0.000200 
211   0.001600   0.009200   0.000800   0.000600   0.008400   0.002200   0.012600  -0.025000   0.011600   0.007400   0.002800   0.004000  -0.000800 
212   0.013400   0.015400   0.004600   0.003800   0.012000   0.004000   0.008000  -0.010200   0.018800  -0.001400  -0.004400   0.006800   0.007600 
213   0.013600   0.004600   0.002600  -0.003800   0.001200  -0.007000   0.005000  -0.010600   0.017400   0.000600  -0.003800   0.011600   0.014200 
214   0.015000   0.008000   0.002200  -0.007200   0.008600   0.002600   0.006200  -0.011400   0.009800  -0.001000  -0.006600   0.003200   0.011400 
215   0.015000  -0.003600   0.010000  -0.007600   0.005600  -0.001600   0.004200  -0.007800   0.014000  -0.002800   0.000800   0.006000   0.011400 
216   0.007600  -0.001000   0.018200  -0.008200   0.010200   0.000400   0.009400  -0.007600   0.010800  -0.012400  -0.000400   0.003000   0.009000 
217   0.012800   0.000600   0.021400  -0.009400  -0.000200   0.001000  -0.000800  -0.009400   0.003400  -0.020800   0.007400   0.010600   0.010600 
218   0.012400  -0.002000   0.028200  -0.010400   0.005400   0.010200  -0.000600  -0.001000  -0.002600  -0.019000   0.007000   0.009800   0.007000 
219   0.002800  -0.005200   0.025800  -0.009200   0.001600   0.010600  -0.002200  -0.005200   0.003000  -0.025200   0.002600   0.007000  -0.000600 
220   0.002400  -0.001600   0.022200  -0.014200  -0.001000   0.010400  -0.013800  -0.004600   0.005200  -0.015200   0.000800   0.010000   0.002600 
221  -0.001600   0.003800   0.023000  -0.011400  -0.002000   0.019000  -0.004400  -0.005600   0.003000  -0.015600  -0.008800   0.008600  -0.000600 
222   0.003200  -0.005000   0.022000  -0.004800  -0.003200   0.018200  -0.007200  -0.008800   0.009800   0.003400  -0.010400   0.004400   0.004400 
223  -0.002800  -0.014400   0.017200  -0.002400   0.004000   0.015200  -0.006800  -0.009800   0.006200   0.003400  -0.004000   0.002800   0.001400 
224   0.001000  -0.000800   0.009400  -0.004000  -0.009600   0.012600  -0.008800  -0.009600   0.010200   0.005200  -0.007600  -0.001200   0.008400 
225   0.002600  -0.007000   0.018000  -0.008600   0.009400   0.010600  -0.010400  -0.010000   0.015400   0.012800  -0.005000  -0.004800   0.001000 
226   0.002200   0.001800   0.021400  -0.012400  -0.002800   0.014400  -0.005000   0.000000   0.004800   0.012400   0.002200  -0.003600   0.007400 
227   0.003800  -0.002000   0.023400  -0.004000  -0.002000   0.007400  -0.002400   0.004000  -0.013200   0.011400  -0.001000  -0.008800   0.002000 
228   0.012000  -0.001600   0.015400  -0.003200  -0.005000   0.012600   0.000400   0.007400  -0.017200   0.014800  -0.001000  -0.005400  -0.001000 
229   0.018600  -0.000600   0.011000  -0.000400  -0.012600   0.017400   0.003800   0.015800  -0.012600   0.019600  -0.001800  -0.004600   0.003000 
230   0.007800   0.001400   0.001800  -0.000800  -0.011000   0.007800   0.003800   0.015000  -0.014400   0.017000  -0.007400  -0.000800   0.001600 
231   0.013600   0.002200   0.003000   0.001400  -0.009400   0.010600   0.004800   0.014600  -0.021600   0.008200  -0.010600  -0.004000   0.003000 
232   0.011400   0.010600  -0.002000  -0.004400  -0.008400   0.010200   0.007200   0.001800  -0.019000   0.006800  -0.008800   0.001200   0.011800 
233   0.010200   0.009800   0.003400  -0.007000  -0.007400   0.007600   0.003200   0.010800  -0.015000   0.002000  -0.008800  -0.010800   0.008800 
234   0.019600   0.009800  -0.000000   0.001400  -0.003600   0.001400   0.008800   0.006800  -0.020000   0.009200  -0.009000  -0.012400  -0.000800 
235   0.021200   0.011200   0.001000   0.004000  -0.007600  -0.007600   0.003000   0.008400  -0.006200   0.012800  -0.004000  -0.010000   0.001200 
236   0.022600  -0.007200   0.008400   0.005600  -0.002600  -0.014800  -0.002200   0.007600  -0.012600   0.004000   0.000200  -0.006200   0.003000 
237   0.025000  -0.005600   0.007200   0.002800  -0.000400  -0.015600   0.006800   0.004200  -0.008000   0.005600   0.005400  -0.001600   0.005600 
238   0.014200   0.000400  -0.000200  -0.000200   0.001400  -0.008800  -0.001600  -0.012200  -0.002200   0.014400   0.017800  -0.010800   0.001200 
239   0.017400   0.002800   0.002800   0.001000   0.003600   0.000800   0.003000  -0.015800   0.001000   0.019600   0.005800  -0.007600  -0.001600 
240   0.012000   0.003600  -0.000000  -0.004000   0.002200   0.004000   0.006200  -0.018400  -0.001800   0.023400   0.010800  -0.006200  -0.003000 
241   0.009000   0.004000  -0.002200  -0.008000  -0.000200  -0.000200   0.014400  -0.012400   0.005200   0.020800   0.012000  -0.000600  -0.001600 
242   0.011400   0.004400   0.002800  -0.009600   0.008600   0.005200   0.005800  -0.014800  -0.000200   0.019000   0.012400   0.000000  -0.004200 
243   0.008600   0.003000  -0.001000  -0.007600   0.007800   0.010400   0.007800  -0.016800  -0.000600   0.022800   0.013200  -0.005200   0.001800 
244   0.005200   0.000400  -0.004000  -0.009200   0.003200   0.017600   0.001200  -0.015600   0.001400   0.030800   0.005200  -0.013000   0.001600 
245   0.004200  -0.002400  -0.001000  -0.009800   0.002000   0.016800   0.009600  -0.010800   0.007600   0.024000   0.003200  -0.014000  -0.001000 
246  -0.004200   0.002800  -0.003000  -0.013600   0.001200   0.010800   0.010400  -0.015000   0.007400   0.026400   0.005800  -0.020400  -0.004400 
247  -0.010600  -0.003400  -0.006000  -0.012800  -0.003200   0.016400   0.017200  -0.003400   0.015000   0.033000   0.012800  -0.015800  -0.012000 
248  -0.004800  -0.012200  -0.010400  -0.007600  -0.003800   0.016600   0.020000  -0.003600   0.007200   0.028200   0.012200  -0.008600  -0.005200 
249   0.007800  -0.009600  -0.015800  -0.017200  -0.009800   0.018000   0.008800  -0.012200   0.006400   0.025800   0.007800  -0.002200   0.000200 
250   0.005000  -0.010800  -0.008400  -0.024800  -0.014000   0.015400   0.005200  -0.009000   0.008800   0.033800   0.010800   0.003000  -0.007600 
251   0.000200  -0.008600  -0.015800  -0.023400  -0.018000   0.010800   0.016200  -0.001600   0.016200   0.025800   0.006400  -0.001000  -0.013800 
252  -0.001000  -0.016800  -0.013200  -0.022800  -0.021400   0.004200   0.013400  -0.002400   0.018800   0.025000   0.013600  -0.010800  -0.010800 
253   0.006600  -0.012800  -0.009600  -0.023800  -0.014600   0.004400   0.014600   0.001600   0.014200   0.018400   0.008200  -0.017200  -0.006600 
254   0.010600  -0.009600  -0.006000  -0.026600  -0.020000   0.003600   0.017000   0.001400   0.013400   0.011800   0.009600  -0.024200  -0.001600 
255   0.013200  -0.009800  -0.009600  -0.021800  -0.022000   0.006400   0.019400  -0.002200   0.020600   0.001400   0.006800  -0.020800   0.006000 
256   0.016200  -0.007200  -0.019200  -0.021600  -0.013400   0.005600   0.014000   0.001600   0.013400   0.004200   0.001400  -0.024000   0.000400 
257   0.011000  -0.001000  -0.015200  -0.027800  -0.014600   0.001000   0.008000  -0.002000   0.010000   0.009400  -0.007400  -0.027600   0.001600 
258   0.006800  -0.006000  -0.011600  -0.015600  -0.015400   0.001400   0.008400   0.003400   0.011800   0.003000  -0.003600  -0.022200  -0.000200 
259   0.004000  -0.001600  -0.012400  -0.019200  -0.004200   0.005800  -0.011000   0.008400   0.008000  -0.005000  -0.005200  -0.020400  -0.005600 
260  -0.004600  -0.008600  -0.011600  -0.011200   0.006000   0.003400  -0.012600   0.001200   0.007800   0.002000  -0.000600  -0.020400  -0.002000 
261  -0.015400   0.003200  -0.007600  -0.021800   0.001400   0.003800  -0.010800  -0.000800   0.008800  -0.000800  -0.008200  -0.018200   0.005600 
262  -0.015200   0.007800  -0.008800  -0.015400   0.003600  -0.003600  -0.014600  -0.000800   0.006600   0.003000  -0.001800  -0.020800   0.006800 
263  -0.014400   0.011600  -0.006000  -0.012800  -0.006200   0.005800  -0.015600  -0.006400   0.008400   0.010000  -0.006200  -0.008400   0.008400 
264  -0.009200   0.009200  -0.005400  -0.020400  -0.012000   0.007400  -0.009200  -0.013400   0.009000   0.008800  -0.014800  -0.010200   0.000400 
265  -0.006600   0.003600   0.002000  -0.016200  -0.024600   0.008800   0.004400  -0.012200   0.002000   0.012400  -0.013000  -0.005000  -0.000400 
266  -0.020200   0.002600   0.004000  -0.021200  -0.021800   0.010200   0.005600  -0.010600  -0.000800   0.003200  -0.008800  -0.007400   0.007000 
267  -0.012200   0.003400   0.000600  -0.007000  -0.021600   0.004400   0.007400  -0.004000  -0.006000   0.005000  -0.007400   0.001600   0.000000 
268  -0.017800   0.004600   0.001600  -0.010400  -0.014200   0.003400  -0.005400  -0.005400  -0.013400   0.004600  -0.007200  -0.007800   0.001200 
269  -0.015800   0.009400  -0.001600  -0.003000  -0.015800   0.004000  -0.002600  -0.015400  -0.016400   0.000600  -0.008400  -0.002600  -0.006000 
270  -0.012400   0.003600  -0.002800  -0.009000  -0.003800   0.005200   0.001000  -0.010000  -0.009400   0.004000  -0.004000  -0.008000   0.001400 
271  -0.003200  -0.003800  -0.011800  -0.008400   0.000000   0.008200  -0.004000  -0.017200  -0.007400   0.003800   0.008400  -0.007200   0.010600 
272  -0.006400  -0.002400  -0.009600  -0.005000  -0.004800   0.004800  -0.010200  -0.016400  -0.014200   0.004200   0.006200  -0.010600   0.009600 
273   0.001600  -0.000800  -0.012400  -0.001400  -0.005000  -0.006200  -0.004000  -0.018600  -0.015400   0.005400   0.004000  -0.007800  -0.003000 
274   0.004000  -0.003200  -0.013000  -0.001800  -0.002800  -0.011800  -0.009600  -0.013200  -0.004800   0.010000   0.007800  -0.013800  -0.003400 
275  -0.000000  -0.010400  -0.019600   0.000200  -0.001000  -0.009200  -0.010600  -0.017600  -0.002800   0.003600   0.005800  -0.006600   0.002600 
276   0.001400  -0.006000  -0.012600   0.003400  -0.002600  -0.013000  -0.008200  -0.014600  -0.003800  -0.008400   0.001400  -0.006600   0.000400 
277  -0.000200  -0.010800  -0.021000  -0.003400   0.002800  -0.013600  -0.010200  -0.016800  -0.005400  -0.005800   0.001200  -0.008400  -0.004200 
278  -0.008200  -0.000800  -0.006000   0.001400  -0.000600  -0.023000  -0.015200  -0.013800  -0.007800  -0.000400   0.007600  -0.005800  -0.004800 
279  -0.003400  -0.007800  -0.009400   0.005800   0.000000  -0.019800  -0.011200  -0.009400  -0.001800  -0.002400   0.003800   0.000400  -0.008400 
280   0.006000  -0.001800  -0.002800   0.003800  -0.000800  -0.010600  -0.012000  -0.009600  -0.005800   0.001000   0.002000   0.004600  -0.003200 
281   0.006400   0.001800   0.003000  -0.002400  -0.000600  -0.006200  -0.014000  -0.005000  -0.009200   0.003400   0.009800   0.009000  -0.004200 
282   0.012200   0.008800   0.007000  -0.001000  -0.003200  -0.006200  -0.004800  -0.006600   0.002400   0.004800   0.002400   0.015600  -0.011400 
283   0.015600   0.000600   0.013600   0.001000   0.009200  -0.007200  -0.006400  -0.008800   0.001800   0.003600   0.013000   0.013200  -0.006600 
284   0.011000   0.003200   0.017600   0.002400   0.007600  -0.009200  -0.003800  -0.001800   0.012000   0.003600   0.012200   0.019000   0.000000 
285   0.005000   0.001200   0.021400   0.002600   0.002600  -0.016000  -0.005800  -0.006200   0.010400   0.011000   0.007800   0.018200   0.012200 
286   0.011600   0.000400   0.015200   0.005800   0.011000  -0.006200   0.001000  -0.020000   0.008800   0.010600  -0.001200   0.022600   0.008000 
287   0.010400   0.001800   0.009400   0.010000   0.006600  -0.005200   0.006400  -0.019000   0.008000   0.011400  -0.001600   0.024200   0.015200 
288   0.006600   0.002400   0.015800   0.003000   0.010600  -0.010600   0.009200  -0.013400   0.002000   0.014800   0.001200   0.021600   0.004400 
289   0.014200  -0.006000   0.009600   0.007200   0.008600  -0.013200   0.009000  -0.018400  -0.002000   0.009000  -0.000600   0.015600   0.008200 
290   0.013800   0.001600   0.003000   0.010800   0.004000  -0.005200   0.006600  -0.013200  -0.005400   0.005000  -0.002400   0.005400   0.005400 
291   0.026400   0.004200   0.013400   0.006800   0.010000  -0.003600   0.002800  -0.002000  -0.014200   0.005200   0.003200   0.009400   0.003800 
292   0.016200   0.001000   0.006200   0.001600   0.004800   0.002800   0.000800  -0.004600  -0.009800   0.005000  -0.007800   0.001600  -0.002800 
293   0.013600  -0.004200  -0.005400  -0.003400   0.001800   0.001000   0.001400  -0.006200  -0.009000   0.005000   0.003200  -0.004600   0.001200 
294   0.002000   0.000400  -0.006800   0.003400   0.001800   0.005000   0.009200  -0.009800  -0.007600   0.007200   0.004600   0.000200   0.004200 
295  -0.003200  -0.011000  -0.003200  -0.003600   0.002200   0.001800   0.012600  -0.017800  -0.015600   0.011000  -0.002200   0.004400   0.005000 
296   0.003400  -0.017000   0.000800  -0.000600   0.010800   0.006400   0.019200  -0.023400  -0.013400   0.008000   0.000600   0.006600   0.012800 
297   0.011400  -0.015200  -0.004000  -0.002000   0.012600  -0.002600   0.011000  -0.018200  -0.011400   0.003200  -0.002800  -0.001000   0.009400 
298  -0.001000  -0.015800   0.000200  -0.008000  -0.002000  -0.010400   0.012200  -0.025200  -0.009600  -0.000200   0.003400  -0.007000   0.007400 
299   0.011600  -0.006400  -0.012400   0.001200   0.006200  -0.010000   0.000200  -0.022800  -0.003600  -0.002000  -0.002600  -0.002600   0.015800 
300   0.012600  -0.004600  -0.020000  -0.006400   0.000800  -0.009800  -0.002200  -0.016000  -0.008000  -0.009800   0.003400   0.006800   0.020000 
301   0.006800  -0.005000  -0.016600  -0.008600   0.002200  -0.007000  -0.000200  -0.015400  -0.006200  -0.005200   0.008800   0.004600   0.024400 
302   0.007200   0.003400  -0.007400  -0.011000   0.007400  -0.006400  -0.000800  -0.008200  -0.004000  -0.009000   0.001600  -0.001400   0.022000 
303   0.007800  -0.001000  -0.006800  -0.008200   0.001400   0.000800   0.002600  -0.009000   0.002000  -0.008600   0.007000   0.000600   0.016400 
304   0.000800  -0.016000  -0.008600  -0.003800  -0.010400  -0.002200   0.003600  -0.007400  -0.005000  -0.009400   0.001200  -0.001400   0.015600 
305   0.011400  -0.015800  -0.000400  -0.002200  -0.005600   0.004800  -0.002600  -0.003200   0.000800  -0.010400  -0.000400   0.019000   0.010400 
306   0.005200  -0.006600  -0.003200  -0.004800  -0.020200   0.009800  -0.009800  -0.006000   0.003000  -0.011200   0.004800   0.019400   0.007200 
307   0.010400  -0.006800   0.003200  -0.006200  -0.013400   0.004800  -0.011200   0.006800   0.000600  -0.010800   0.006600   0.024800   0.009800 
308   0.003400  -0.007400   0.003800  -0.006000  -0.006800   0.004600  -0.012600   0.015200  -0.001400  -0.003200   0.007400   0.011000   0.014200 
309   0.012400  -0.008800   0.003200  -0.001800  -0.001600   0.001200  -0.006200   0.008400   0.003200  -0.002400   0.013200   0.010600   0.012600 
310   0.006800  -0.001000   0.008200  -0.000200  -0.002000   0.010400  -0.011200   0.018400   0.006400   0.013200   0.012000   0.010400   0.015600 
311   0.003400  -0.001800   0.011000  -0.007400  -0.001400   0.007800  -0.008200   0.007200   0.005400   0.015800   0.011800   0.007200   0.016600 
312   0.001200  -0.004200   0.004400  -0.007800  -0.004000  -0.000200  -0.011800   0.012400  -0.002800   0.008200   0.007400   0.001400   0.004000 
313   0.003800  -0.004400   0.004600  -0.003400  -0.006800   0.009600  -0.010800   0.008600   0.001000   0.013600   0.004000  -0.000400   0.012600 
314   0.000800  -0.006000  -0.007200   0.001000  -0.006200   0.005400   0.001200   0.009400  -0.003000   0.017000   0.003600  -0.009400   0.008000 
315   0.001800  -0.002000  -0.001800   0.001600  -0.004200   0.002000   0.004400   0.008000  -0.001400   0.013800   0.009600  -0.005000   0.008000 
316   0.000600  -0.004200  -0.006800   0.007400  -0.006400  -0.001400   0.005600   0.008400   0.008200   0.018200   0.000800  -0.000400   0.008200 
317  -0.006200   0.002600  -0.003400   0.015000  -0.010000   0.002600   0.010000  -0.006000   0.009200   0.012000   0.003400  -0.003600   0.016200 
318   0.006000   0.003000  -0.002000   0.014600  -0.007200  -0.002800   0.007200  -0.002400   0.009800   0.007000   0.005000  -0.008800   0.012000 
319   0.016800   0.000600   0.002600   0.010400  -0.004600  -0.000800   0.013800   0.000600   0.001600   0.004200   0.003000  -0.003400   0.014200 
320   0.029000   0.007200  -0.001800   0.001400   0.003800   0.001200   0.017800   0.006000   0.000200   0.001600   0.005800  -0.008800   0.010600 
321   0.022200   0.007000  -0.000000   0.002800  -0.005400   0.008800   0.012200   0.005200  -0.003000   0.000200   0.010400  -0.007800   0.002400 
322   0.023200   0.011400  -0.000800   0.008600   0.001000   0.008000   0.009200   0.011600  -0.015200  -0.005800   0.010400  -0.004200   0.006800 
323   0.022600   0.010600  -0.003600   0.004400  -0.006000   0.014600   0.011600   0.009800  -0.011800  -0.004800   0.000600   0.001200  -0.001000 
324   0.023200   0.009400  -0.008800   0.005200   0.001800   0.017200   0.010600   0.007800  -0.013400  -0.007200   0.001200  -0.003000  -0.001600 
325   0.024600   0.007000  -0.001800   0.002200  -0.005000   0.005000   0.004000   0.006400  -0.020200  -0.010600  -0.010400   0.005400  -0.007200 
326   0.021400  -0.005200   0.003800   0.004000  -0.000600   0.005600   0.001800   0.011600  -0.013600  -0.005800  -0.011400   0.000200  -0.002400 
327   0.011000   0.010000   0.003200   0.002200  -0.000800   0.005200   0.004200   0.012200  -0.006000  -0.008200  -0.004600   0.003800  -0.000200 
328   0.015400   0.011200   0.008200   0.007000  -0.005600   0.005800   0.004200   0.007600   0.005200  -0.004800  -0.003800   0.005200  -0.001200 
329   0.013600   0.010200  -0.000800   0.003800  -0.005200   0.005200   0.000000   0.014600   0.002800  -0.002000  -0.001600   0.010000  -0.004400 
330   0.009400   0.002200  -0.008200   0.007800   0.006000  -0.004800   0.002800   0.010600   0.001400  -0.010000  -0.006600   0.005200  -0.013200 
331   0.006200   0.002600  -0.006400   0.006800   0.001600  -0.005200   0.012400   0.009400   0.000600  -0.004000  -0.002800   0.008000  -0.003200 
332   0.000000   0.009600   0.004800   0.006200   0.014000  -0.003200   0.010000   0.000600   0.008400  -0.000800  -0.003600   0.016000   0.002400 
333  -0.004600   0.010200   0.015400   0.009200   0.010000  -0.002200   0.005200  -0.004600   0.005000   0.002400  -0.011400   0.009400  -0.006800 
334  -0.013000   0.006200   0.013600   0.006000   0.015000  -0.008400   0.012800  -0.004200   0.004000   0.018000  -0.016800   0.014600  -0.013400 
335  -0.016800   0.007800   0.007800   0.011800   0.011400  -0.001800   0.012600  -0.005600   0.000800   0.019800  -0.008400   0.011800   0.000600 
336  -0.024800   0.005000   0.007000   0.019200   0.010000  -0.001800   0.014000   0.004600  -0.005600   0.024200  -0.006000   0.007400   0.009400 
337  -0.019200   0.002400  -0.000200   0.017200   0.008800  -0.001000   0.011600   0.003600  -0.000800   0.014400  -0.005400  -0.000600   0.011000 
338  -0.021400  -0.007800   0.006400   0.014600   0.003200  -0.007000   0.001600   0.002800  -0.000000   0.009800  -0.004000  -0.001400   0.008000 
339  -0.012000  -0.006000   0.005200   0.010600   0.001200  -0.006200  -0.002800  -0.003400  -0.004000  -0.001000  -0.003600  -0.002800  -0.000800 
340  -0.016800  -0.006200   0.016600   0.006200   0.002000  -0.001400   0.006000   0.009600  -0.004000  -0.002000  -0.004400   0.001600  -0.006000 
341  -0.009400  -0.007200   0.012600  -0.000200  -0.001400   0.001200   0.003000   0.003600  -0.007600   0.000800  -0.007200  -0.003200   0.011800 
342  -0.006800   0.003400   0.006000  -0.004400  -0.009200  -0.003800  -0.003400   0.004800  -0.007600   0.002600  -0.011400   0.001800   0.008800 
343  -0.006200   0.001600   0.006200   0.004200   0.002200  -0.005600  -0.000000   0.013000  -0.010200   0.003600  -0.006400  -0.006000   0.001800 
344  -0.003600   0.001600   0.008800  -0.009600  -0.001400  -0.005400   0.000800   0.012400  -0.018200   0.006800  -0.007000  -0.002400   0.007400 
345  -0.006600   0.002800   0.012400  -0.008200   0.008600  -0.002200  -0.000000   0.016200  -0.017000  -0.002800  -0.003200  -0.002000   0.004800 
346  -0.004800   0.010000   0.003600  -0.003000   0.005800  -0.002600  -0.000200   0.015200  -0.021600  -0.008000  -0.010800  -0.002000   0.003600 
347  -0.007400   0.012400   0.003600  -0.013000   0.006400   0.000800  -0.008400   0.009600  -0.017600  -0.006600  -0.004800  -0.009600   0.004800 
348  -0.000200   0.007400   0.011800  -0.018800  -0.003400  -0.002600  -0.010800   0.007800  -0.026200  -0.006800  -0.009000  -0.006800   0.000200 
349  -0.001400   0.004200   0.013600  -0.026600  -0.004200  -0.004600  -0.006400   0.007200  -0.018800  -0.012400  -0.007800  -0.005800  -0.000800 
350  -0.014800   0.009200   0.009800  -0.019600   0.000400  -0.009800  -0.010200   0.002200  -0.014200  -0.008600  -0.008800   0.004600   0.000200 
351  -0.010800   0.014400   0.006400  -0.020200  -0.002200  -0.001800  -0.015000   0.002800  -0.012200  -0.014200  -0.013800   0.002400   0.000000 
352   0.009600   0.016400   0.013000  -0.009200  -0.003800   0.003800  -0.008600   0.003800  -0.021000  -0.019400  -0.010600  -0.008400   0.002800 
353   0.004600   0.015200   0.012800  -0.025400  -0.009600  -0.009800  -0.018200   0.000200  -0.024800  -0.026000  -0.020800  -0.008400  -0.004600 
354   0.005000   0.017000   0.007800  -0.012200  -0.004400  -0.001000  -0.022800  -0.001400  -0.024200  -0.028400  -0.008800  -0.007800   0.002200 
355   0.014600   0.010800   0.001800  -0.016000  -0.003000   0.001000  -0.022200   0.005600  -0.019400  -0.025400  -0.014400  -0.006600   0.008200 
356   0.012200   0.019800   0.002400  -0.017400  -0.003000  -0.002400  -0.015800  -0.000000  -0.010200  -0.022800  -0.015400  -0.006400   0.005600 
357   0.016000   0.016200  -0.000200  -0.018600  -0.005200   0.001200  -0.013200  -0.003800  -0.011800  -0.030400  -0.016000  -0.001200   0.008800 
358   0.016600   0.011000  -0.000600  -0.023600  -0.002400  -0.002200  -0.015800  -0.000600  -0.012200  -0.027200  -0.013200   0.004400   0.007600 
359   0.005800   0.015400  -0.007200  -0.018000  -0.003600  -0.006800  -0.020000   0.003200  -0.000600  -0.020800  -0.013800  -0.002800   0.009400 
360   0.001800   0.017200  -0.010600  -0.021000  -0.006600  -0.007000  -0.011800   0.002400  -0.006200  -0.014800  -0.004200  -0.009600   0.001800 
361   0.003200   0.009000  -0.013800  -0.011600  -0.008200  -0.007200  -0.006200  -0.003200   0.000400  -0.006400   0.001000  -0.005800  -0.002000 
362   0.002800   0.003400  -0.010000  -0.010200  -0.006600   0.000600  -0.002400  -0.007800  -0.007000  -0.014200   0.005600  -0.000600  -0.005800 
363   0.008800   0.002400  -0.010400  -0.006000  -0.012000  -0.000800  -0.001800  -0.019600  -0.008200  -0.024200   0.004600   0.000400  -0.015000 
364   0.014200   0.004400   0.005400  -0.003000  -0.007400  -0.001600  -0.002200  -0.012600  -0.007000  -0.021400   0.007000  -0.005200  -0.016800 
365   0.017000   0.005400   0.014200   0.004000  -0.014600   0.004400   0.009200  -0.021800  -0.013600  -0.030200  -0.001200  -0.002800  -0.012400 
366   0.016000   0.012200   0.011600   0.013200  -0.010000  -0.000800   0.006000  -0.011000  -0.016600  -0.031200  -0.004200  -0.007200  -0.005800 
367   0.015400  -0.002000   0.012600   0.008400  -0.016000  -0.006400  -0.010000  -0.014000  -0.016800  -0.026600  -0.001800  -0.010000  -0.008000 
368   0.009200  -0.002000   0.015000   0.009000  -0.004000  -0.003800  -0.003200  -0.010600  -0.013200  -0.021000  -0.010200  -0.000200  -0.004400 
369   0.016000  -0.007000   0.017600   0.005000  -0.003000   0.000600  -0.010600  -0.006200  -0.012400  -0.019400  -0.004000  -0.001600  -0.004200 
370   0.022600  -0.000600   0.015000   0.016200  -0.004200  -0.002400  -0.013600  -0.002800  -0.010400  -0.013400  -0.013000   0.002800  -0.002000 
371   0.013000   0.001600   0.019800   0.015200  -0.000600  -0.006200   0.001600  -0.010200  -0.003000  -0.017400  -0.002800  -0.001000  -0.008200 
372   0.015200   0.004200   0.017000  -0.000800  -0.009400  -0.009200  -0.000600  -0.002000  -0.003000  -0.018200   0.004600  -0.003800  -0.002800 
373   0.006000   0.007600   0.016800   0.000400  -0.012200  -0.008000   0.004800  -0.001800   0.001000  -0.009800  -0.001000  -0.012000  -0.007200 
374   0.005600   0.005400   0.010000   0.001000  -0.003600  -0.010200  -0.005800   0.007000  -0.002600  -0.003000   0.001600  -0.005600  -0.009800 
375   0.003200   0.009000   0.004200  -0.004800   0.005800  -0.014600   0.001200   0.010600  -0.003600   0.004400   0.002800  -0.012800   0.000800 
376   0.002200   0.023000   0.014000  -0.007200  -0.006200  -0.017200  -0.007600   0.016800  -0.001000  -0.005200  -0.002000  -0.006800   0.004600 
377  -0.001600   0.008800   0.009200  -0.005200  -0.017800  -0.017400  -0.002800   0.007600   0.007200  -0.002400  -0.010200  -0.000600   0.004400 
378   0.001800   0.008200  -0.004600  -0.003600  -0.014600  -0.021000  -0.007200   0.008200   0.009800   0.008000  -0.005400   0.006200  -0.002000 
379   0.000800   0.007600   0.001000   0.001000  -0.017800  -0.014400  -0.000800   0.005400   0.007200  -0.004600  -0.016200   0.001200   0.002000 
380  -0.001200   0.007800  -0.005800  -0.004200  -0.025600  -0.014000   0.007800   0.015800   0.006000  -0.003400  -0.008800   0.002800   0.009000 
381  -0.004800   0.005800   0.000000  -0.002600  -0.016800  -0.014600   0.006000   0.009600  -0.009200   0.010600  -0.008200  -0.004800   0.009000 
382  -0.009600   0.009000   0.003600  -0.008400  -0.019600  -0.009600   0.007600   0.009600   0.003400   0.015200  -0.010400  -0.000200   0.011600 
383  -0.010200   0.006800  -0.004000  -0.010200  -0.016400  -0.005400   0.002000   0.008400   0.003400   0.014600  -0.006200  -0.002600   0.012600 
384  -0.003200  -0.001400  -0.006600  -0.010400  -0.007800  -0.008000   0.003000   0.007000   0.004000   0.016800  -0.019200  -0.000600   0.016000 
385  -0.006800   0.005000  -0.007400  -0.002400  -0.010800  -0.005800  -0.001000   0.008800  -0.000600   0.013600  -0.024400  -0.010400   0.014000 
386  -0.007800   0.005600  -0.011200   0.005400  -0.003400  -0.006800   0.008600   0.007000  -0.002800   0.007200  -0.017600  -0.006200   0.015000 
387  -0.008600   0.006200  -0.005000   0.006800   0.001000  -0.005000   0.004000   0.004600  -0.011000   0.021200  -0.027000  -0.016400   0.017200 
388  -0.010000   0.006400  -0.011400   0.010800  -0.005000   0.005000  -0.005800   0.015000  -0.001200   0.018800  -0.016800  -0.012000   0.014200 
389  -0.002000   0.007600  -0.016000   0.006600  -0.003600   0.007200  -0.011400   0.009200  -0.010400   0.021200  -0.019000  -0.008400   0.014000 
390  -0.002400   0.007000  -0.007400   0.007400   0.005800   0.010600  -0.012000   0.002600  -0.007400   0.015400  -0.023200  -0.004000   0.006400 
391  -0.000400   0.005400  -0.017000   0.000200   0.005000   0.002200  -0.015400   0.001400  -0.004200   0.011400  -0.019800  -0.008400   0.004400 
392   0.003800  -0.011800  -0.013800  -0.003400  -0.003600  -0.004200  -0.013200   0.000000  -0.004000   0.010600  -0.022400  -0.004800   0.000200 
393   0.007600  -0.005800  -0.005400  -0.003800   0.000600   0.004800  -0.002200  -0.000400  -0.000600   0.012400  -0.019400  -0.006000  -0.004200 
394  -0.005800  -0.002200  -0.006200  -0.000400  -0.003000   0.003600  -0.006800  -0.003200   0.000600  -0.002000  -0.008400  -0.003800  -0.001400 
395  -0.005400  -0.004400  -0.008000  -0.003000   0.001800   0.004600  -0.001600  -0.003000  -0.005800   0.000800  -0.009000  -0.012400  -0.001000 
396  -0.007800  -0.009600  -0.007000  -0.001400   0.004800  -0.001600  -0.011400  -0.011800  -0.004400   0.003400  -0.008600  -0.011400   0.003200 
397  -0.006600  -0.010800  -0.010000  -0.002600   0.001200  -0.004800  -0.009600  -0.005200  -0.005200  -0.006200  -0.009800  -0.012600  -0.001000 
398  -0.003600  -0.015400  -0.004800  -0.010600   0.004200   0.006800  -0.004800  -0.004000  -0.006600   0.003800  -0.018800  -0.011600   0.006000 
399  -0.008600  -0.006200  -0.007000  -0.010000   0.004200   0.003800  -0.007400   0.004800  -0.003200  -0.004400  -0.018400  -0.008800   0.002000 
400  -0.004600  -0.007200  -0.003400  -0.013600   0.013800   0.010800  -0.006400   0.001800   0.000200  -0.010400  -0.024400  -0.008800   0.002000 
401  -0.006200  -0.002000  -0.002600  -0.003000  -0.001400  -0.000200  -0.001600  -0.004400  -0.000000  -0.005800  -0.013400  -0.013400   0.002000 
402  -0.009400   0.006800   0.002000  -0.005000  -0.000600   0.006000   0.002400  -0.003200   0.004000  -0.003200  -0.018400  -0.016600   0.009400 
403  -0.009000   0.000600  -0.008200  -0.016800  -0.006600   0.007200   0.000200  -0.009000   0.004800  -0.007800  -0.021200  -0.010600   0.005800 
404  -0.004000  -0.003400  -0.007400  -0.003200   0.001200   0.009400   0.002800  -0.002400   0.008000  -0.008600  -0.011800  -0.010200  -0.002600 
405  -0.003600   0.003800  -0.009600  -0.013000   0.005600  -0.001600   0.009000  -0.002000   0.016200  -0.015000  -0.009000  -0.014400   0.000800 
406   0.002800   0.001200  -0.009400  -0.008600   0.009200  -0.007400   0.011600  -0.010400   0.008400  -0.008000  -0.005200  -0.013200   0.004800 
407  -0.000800  -0.000400  -0.008400  -0.016400   0.007000  -0.013600   0.015000  -0.002400   0.013600  -0.007800  -0.004200  -0.014200   0.009400 
408  -0.003000  -0.001200  -0.006200  -0.014800   0.007600  -0.017000   0.021400  -0.001600  -0.000800  -0.010800  -0.001400  -0.008600   0.011600 
409   0.000600  -0.009600  -0.007000   0.001400   0.013000  -0.021000   0.025400  -0.006000  -0.004800  -0.011400  -0.007800  -0.007200   0.008800 
410  -0.010200   0.000400  -0.008400  -0.004200   0.004400  -0.026400   0.023800  -0.013000  -0.005600  -0.011800  -0.011800  -0.010600   0.001000 
411  -0.005600  -0.001200  -0.007600  -0.007600   0.008800  -0.023400   0.024000  -0.008800  -0.009000  -0.003800  -0.011000   0.000600  -0.002200 
412  -0.001000   0.000600  -0.006800   0.002000   0.014000  -0.023000   0.021200  -0.014200  -0.012000   0.002200  -0.009400  -0.006600  -0.001600 
413   0.001000   0.006000  -0.016600  -0.004200   0.015400  -0.015600   0.017400  -0.004400  -0.004200   0.011200  -0.003800  -0.005000  -0.003400 
414   0.001600   0.001600  -0.015800   0.000600   0.014800  -0.011200   0.020000  -0.008200   0.003600   0.009600  -0.002600  -0.000800  -0.004000 
415   0.004000   0.003400  -0.014200   0.004000   0.011200  -0.017400   0.015200  -0.006400   0.001200   0.010600  -0.001600   0.001600  -0.005000 
416   0.005600   0.009600  -0.021000   0.006200   0.004200  -0.016800   0.015800  -0.003800   0.001400   0.014800   0.003600  -0.000800   0.000200 
417   0.014400   0.009800  -0.019200   0.014800   0.011600  -0.007400   0.005600  -0.010000  -0.007200   0.011200   0.004000  -0.007600   0.000600 
418   0.007200   0.008400  -0.017200   0.007800   0.021000  -0.003600   0.008000  -0.004000   0.001600   0.019000   0.004800  -0.017800   0.005800 
419   0.000800   0.014400  -0.007800   0.009200   0.015600  -0.007800   0.003000  -0.003000   0.004800   0.018000   0.013800  -0.018200   0.004400 
420  -0.005600   0.020000  -0.006000   0.005800   0.015400  -0.006800   0.007800  -0.001200   0.005200   0.023800   0.003400  -0.020200   0.013200 
421  -0.009200   0.015800  -0.002200  -0.004400   0.016000  -0.010600   0.009800   0.010800   0.007800   0.020000   0.008600  -0.016400  -0.002600 
422  -0.003400   0.012600  -0.004200  -0.005800   0.014800  -0.000000   0.006800   0.008600  -0.002600   0.021200   0.012600  -0.017600  -0.009400 
423  -0.005200   0.017600  -0.004200  -0.002200   0.012800   0.011600  -0.001400   0.007600  -0.002600   0.015800   0.014800  -0.016000  -0.004400 
424  -0.011600   0.015400  -0.010000  -0.007200   0.010600   0.010000   0.001800   0.012800   0.000400   0.007400   0.008000  -0.013400   0.001600 
425  -0.010400   0.013600  -0.009000  -0.006400   0.008000   0.009400  -0.000600   0.009400  -0.002600   0.012400   0.009600  -0.023200   0.006000 
426  -0.011800   0.012200  -0.010800  -0.007800  -0.000400   0.009200   0.004600   0.014400  -0.004200  -0.000200   0.014600  -0.021800   0.004400 
427  -0.011000   0.004400  -0.005600  -0.002800  -0.012200   0.019600  -0.006600   0.022800  -0.004000   0.009600   0.005400  -0.020200   0.007800 
428  -0.003800  -0.005200  -0.007400  -0.002600  -0.012200   0.022000  -0.011200   0.018600  -0.005200   0.013400   0.009000  -0.020600   0.008600 
429  -0.004800  -0.009000  -0.004600  -0.007000  -0.021600   0.023200  -0.004200   0.022000  -0.003800   0.006400   0.007000  -0.021200   0.015000 
430  -0.009800  -0.012200  -0.001000  -0.005600  -0.019200   0.018000  -0.000600   0.025000  -0.006400   0.005200   0.005400  -0.025800   0.012400 
431  -0.009800  -0.004800  -0.000600  -0.006200  -0.013600   0.015600   0.000800   0.025000  -0.017000   0.006200   0.006400  -0.020600   0.015200 
432  -0.008600  -0.010600  -0.005600  -0.005200  -0.007600   0.018200   0.002600   0.022200  -0.019000  -0.000200   0.001400  -0.027000   0.017200 
433  -0.001800  -0.009600  -0.001600  -0.010600  -0.003000   0.019600   0.003200   0.015400  -0.022200  -0.000200   0.004000  -0.031000   0.015600 
434  -0.003400   0.000200  -0.007200  -0.009800   0.001400   0.019600   0.003200   0.015000  -0.029400   0.001200   0.002200  -0.029000   0.013200 
435   0.001000   0.003000   0.005200  -0.008600  -0.000200   0.024600   0.003600   0.003600  -0.030400   0.006000   0.000400  -0.027600   0.011400 
436   0.000600   0.007000  -0.002200  -0.006200  -0.007000   0.019000   0.004200   0.006000  -0.029600  -0.002400  -0.004600  -0.024800   0.014400 
437   0.003200   0.005800   0.005400  -0.009200  -0.002000   0.025200   0.005400   0.004600  -0.023800   0.008000  -0.010000  -0.015400   0.012600 
438   0.001800   0.008400   0.006000  -0.016400  -0.006200   0.026200  -0.000600   0.001800  -0.026400   0.014000  -0.010800  -0.015200   0.006400 
439  -0.001800   0.007400   0.007000  -0.008800  -0.000600   0.029000  -0.003800  -0.004000  -0.029000   0.012400  -0.016200  -0.011000   0.016600 
440  -0.002200   0.007000  -0.005000  -0.015800   0.000200   0.032800   0.002000  -0.017200  -0.034400   0.008000  -0.020400  -0.011400   0.009000 
441   0.012000   0.001600  -0.008800  -0.007400  -0.000800   0.024800   0.007400  -0.015000  -0.027400   0.003800  -0.018000  -0.016000   0.007200 
442   0.006000   0.004000  -0.011800  -0.010200  -0.000200   0.022400   0.013600  -0.020400  -0.014800   0.005600  -0.009800  -0.012000   0.002800 
443   0.002800   0.007200  -0.006800  -0.009800   0.002400   0.014200   0.006000  -0.016400  -0.017400   0.007400  -0.013200  -0.008800   0.003000 
444  -0.005600   0.008800  -0.018800  -0.010200  -0.005800   0.007000   0.006400  -0.021800  -0.015600   0.005200  -0.005400  -0.012400  -0.001400 
445  -0.002600   0.009200  -0.020400  -0.012200  -0.008400   0.007400   0.006400  -0.021200  -0.016000   0.006200  -0.004600  -0.011200  -0.002400 
446  -0.005200   0.018800  -0.016400  -0.013000  -0.006200   0.001000  -0.002800  -0.013000  -0.012600   0.005200  -0.002400  -0.010000  -0.009000 
447   0.005000   0.009800  -0.018200  -0.018400  -0.007600   0.004200   0.004200  -0.007400  -0.013400  -0.003600  -0.003400  -0.004000  -0.008600 
448   0.010600   0.000600  -0.020400  -0.020600   0.005800  -0.002800   0.006200  -0.003600  -0.011800   0.003200  -0.002600  -0.001600  -0.004600 
449   0.014200  -0.004000  -0.020400  -0.014200  -0.002200   0.000400   0.000200  -0.006000  -0.007600  -0.001200   0.003000  -0.004200  -0.004800 
450   0.011800  -0.003200  -0.025400  -0.010200  -0.005200  -0.010400   0.008400  -0.004000   0.005600  -0.004000   0.001000  -0.003400  -0.003200 
451   0.012400  -0.000600  -0.019400  -0.001000  -0.008600  -0.009200   0.008800   0.005800   0.007400  -0.005600   0.002000  -0.000200  -0.002000 
452   0.003800   0.004400  -0.007400  -0.001800  -0.003200  -0.006800   0.008800   0.003600   0.008800  -0.008200  -0.009000   0.003600  -0.003600 
453   0.008800   0.002400  -0.010200   0.001200  -0.012200  -0.002000   0.011000   0.011400  -0.002600  -0.001600  -0.006800   0.006200  -0.012800 
454   0.013000  -0.002600  -0.009200  -0.003000  -0.006600  -0.005600   0.010400   0.008600   0.001400  -0.002000  -0.008200   0.005200  -0.014000 
455   0.003000   0.008600  -0.011000  -0.003000  -0.007800  -0.002200   0.006000   0.013800   0.000800  -0.003000  -0.019800  -0.000400  -0.008800 
456  -0.001600   0.007600  -0.006000  -0.002200  -0.017000  -0.012200   0.014800   0.020000  -0.001600   0.006200  -0.023000  -0.004400  -0.001600 
457  -0.002600   0.006000  -0.018200   0.002200  -0.009000  -0.010000   0.012600   0.011000  -0.002400   0.008400  -0.020800  -0.003800   0.007600 
458   0.000200   0.005600  -0.016000   0.006200  -0.009800  -0.009400   0.011400   0.001200  -0.006200   0.005600  -0.009400   0.000800   0.008400 
459  -0.007200   0.014000  -0.010000   0.010000  -0.009200  -0.010200   0.008800   0.003600   0.001000  -0.003200  -0.007600   0.001800   0.007000 
460  -0.006800   0.012400  -0.016000   0.008200  -0.001600  -0.009800   0.005000   0.002600   0.004800  -0.002000  -0.002200   0.005200   0.002600 
461  -0.008600   0.011200  -0.016400   0.017000   0.004200  -0.004600   0.006200  -0.002200   0.008400  -0.006200   0.004000   0.001600  -0.002200 
462  -0.009600   0.015200  -0.012000   0.018800   0.000600  -0.003800   0.004800  -0.006800   0.000800  -0.006800   0.008600  -0.006600   0.005000 
463   0.004200   0.014600  -0.008800   0.023800   0.007200  -0.003400  -0.003800  -0.012000   0.002600  -0.012600   0.006800  -0.010200   0.004600 
464   0.003200   0.020600  -0.010600   0.018600   0.007000   0.000400  -0.001200  -0.013000  -0.001000  -0.006400   0.011600  -0.009800  -0.001600 
465   0.000400   0.014400  -0.002000   0.013200   0.006400  -0.006200  -0.003600  -0.010800   0.006000   0.002800   0.008800  -0.010600   0.000800 
466   0.009000   0.011800  -0.000400   0.013800   0.012400  -0.007800  -0.005600  -0.015200   0.003800  -0.001600   0.004200  -0.009600  -0.004400 
467   0.016200   0.021400   0.006600   0.012400   0.009200  -0.008800  -0.012600  -0.006800   0.000800   0.005200  -0.001600  -0.006600  -0.011200 
468   0.011000   0.012200   0.000600   0.006400  -0.005600  -0.004200  -0.005000   0.000800  -0.000000   0.001400  -0.000400   0.003000  -0.004400 
469   0.015400   0.014400   0.005000   0.003600  -0.008600  -0.003600   0.003800   0.001600   0.004800   0.006200  -0.009000  -0.003000   0.000800 
470   0.009200   0.012600   0.000600   0.009600   0.000200  -0.006800   0.005600   0.001600   0.000000   0.003800  -0.012800  -0.003200   0.004400 
471   0.007200   0.011800   0.003200  -0.000400   0.002400  -0.004800   0.015200   0.002600   0.003200   0.003200  -0.004800  -0.007400   0.007800 
472   0.007600   0.006200   0.007800   0.006400   0.003400  -0.010400   0.018400   0.011800  -0.004800   0.012600  -0.009400  -0.002600   0.005200 
473   0.000200   0.007400   0.007800   0.001800  -0.006600  -0.011600   0.009600   0.015600  -0.009400   0.019000  -0.014400  -0.002000  -0.002400 
474   0.000200   0.003000   0.005600  -0.003000  -0.009400  -0.012000   0.011000   0.005800  -0.015200   0.020000  -0.018400  -0.000800  -0.003800 
475   0.000800   0.009600  -0.001800   0.000800  -0.006000  -0.003200   0.014000   0.004400  -0.008200   0.016200  -0.019600  -0.003000  -0.003400 
476   0.000400   0.005000  -0.004600   0.001200  -0.009600  -0.001200   0.010400   0.009600   0.001600   0.023400  -0.016400  -0.003200  -0.005800 
477   0.006600   0.006800  -0.006800   0.004400  -0.021400  -0.007200   0.004000   0.001000  -0.000000   0.018200  -0.013400  -0.012600  -0.005200 
478   0.005800   0.007200  -0.012600   0.009600  -0.017000   0.002800   0.001800   0.001800   0.000200   0.025800  -0.005200  -0.008400  -0.002600 
479   0.003800  -0.000200  -0.018000   0.009600  -0.014200  -0.003400  -0.001400   0.006600  -0.002000   0.029400  -0.002000  -0.006600  -0.006200 
480   0.007800   0.000000  -0.011200   0.003800  -0.019600  -0.000800  -0.004400   0.010200  -0.000600   0.027000  -0.000600   0.002200   0.003200 
481   0.003800  -0.003000  -0.005400   0.007600  -0.006400  -0.004400  -0.011600   0.013800  -0.003600   0.026000  -0.001600   0.008200   0.002400 
482   0.005400  -0.006600  -0.013800   0.011600  -0.000200  -0.000600  -0.011800   0.008400  -0.018400   0.018600  -0.008400   0.009800   0.006800 
483   0.005400  -0.015800  -0.001400   0.023000   0.007000   0.005400  -0.011800   0.008600  -0.006000   0.016800  -0.014000   0.007000  -0.000200 
484   0.001800  -0.003600   0.001400   0.010000   0.003000   0.006200  -0.016800   0.007800  -0.008200   0.007200  -0.010800   0.006200  -0.000400 
485   0.013800  -0.009800  -0.002000   0.018200   0.008600   0.002400  -0.014200   0.005600  -0.002200   0.008800  -0.003400   0.004600  -0.004800 
486   0.010200  -0.008200  -0.001200   0.021200   0.011800   0.009600  -0.008000  -0.005000   0.001800   0.011600  -0.007800   0.004200  -0.006000 
487   0.005000  -0.005600   0.001800   0.015400   0.009400   0.009600  -0.004000  -0.000800  -0.003600   0.016200  -0.003000  -0.003600  -0.004600 
488   0.000400  -0.010600   0.011800   0.008800   0.008600   0.005600  -0.005600  -0.013000   0.006200   0.017000   0.010800  -0.004000  -0.001000 
489   0.009200  -0.005400   0.008200   0.004400   0.009400  -0.003600  -0.008200  -0.008800   0.001200   0.011200  -0.000800  -0.002600  -0.012200 
490   0.012400  -0.008200   0.000800  -0.000800   0.004200  -0.006400   0.002800  -0.010000   0.004800   0.007400   0.006200  -0.000600  -0.009000 
491   0.009000  -0.012200   0.001400  -0.010000   0.013600  -0.002600   0.006000  -0.010400   0.013800   0.007400   0.003200  -0.004600  -0.008800 
492   0.009600  -0.006200  -0.006600  -0.011600   0.017000  -0.001800   0.008600  -0.013400   0.006400   0.005000  -0.003600  -0.006200  -0.018800 
493   0.011600  -0.009000  -0.011800  -0.010200   0.015400  -0.000800   0.007800  -0.010000   0.005400   0.009400  -0.002000  -0.004400  -0.023000 
494   0.011200  -0.009200  -0.014000  -0.010600   0.017600   0.009000   0.009800  -0.008600   0.002000   0.008600   0.007600  -0.002200  -0.015600 
495   0.014400  -0.008400  -0.011200  -0.018400   0.022400   0.003600   0.005400  -0.006200   0.002800   0.004000   0.000400  -0.012200  -0.017600 
496   0.014400  -0.006800  -0.012800  -0.013600   0.020400  -0.000600   0.004600  -0.002600  -0.005400   0.005800   0.003000  -0.012000  -0.018600 
497   0.003600  -0.006200  -0.017000  -0.007800   0.019400   0.007000   0.014800  -0.007600  -0.006800  -0.006400   0.004600  -0.010800  -0.020000 
498   0.008800  -0.011800  -0.020200  -0.003400   0.014600   0.010800   0.007800  -0.017800  -0.009400  -0.004600   0.004200  -0.016800  -0.023600 
499   0.016600  -0.014800  -0.016400  -0.000800   0.008200   0.003200   0.012200  -0.017200  -0.002600   0.002600   0.006200  -0.005600  -0.019800 
