0   0.530712
1   0.522582
2   0.519106
3   0.515494
4   0.511802
5   0.508358
6   0.504664
7   0.500924
8   0.497134
9   0.493284
10   0.489408
11   0.485896
12   0.481966
13   0.478256
14   0.474328
15   0.470858
16   0.466930
17   0.463216
18   0.459482
19   0.455886
20   0.452032
21   0.448574
22   0.444868
23   0.440784
24   0.436878
25   0.432982
26   0.429150
27   0.424830
28   0.421112
29   0.416928
30   0.412642
31   0.408290
32   0.404052
33   0.399560
34   0.394940
35   0.390400
36   0.385822
37   0.381524
38   0.377134
39   0.372868
40   0.368676
41   0.364776
42   0.360636
43   0.356704
44   0.352506
45   0.348696
46   0.344478
47   0.340422
48   0.336248
49   0.332142
50   0.328240
51   0.324298
52   0.320474
53   0.316714
54   0.312776
55   0.309224
56   0.305084
57   0.301156
58   0.297270
59   0.293470
60   0.289588
61   0.285806
62   0.282136
63   0.278316
64   0.274856
65   0.271146
66   0.267616
67   0.263990
68   0.260228
69   0.256398
70   0.252546
71   0.248864
72   0.244940
73   0.241278
74   0.237496
75   0.233758
76   0.229828
77   0.226244
78   0.222482
79   0.218508
80   0.214622
81   0.211028
82   0.207354
83   0.203536
84   0.199892
85   0.196232
86   0.192782
87   0.188874
88   0.184964
89   0.181452
90   0.178086
91   0.174630
92   0.171086
93   0.167320
94   0.164024
95   0.160558
96   0.157454
97   0.153786
98   0.151122
99   0.147908
100   0.144672
101   0.141666
102   0.138804
103   0.135938
104   0.133448
105   0.130706
106   0.128266
107   0.125794
108   0.123222
109   0.120808
110   0.118230
111   0.115832
112   0.113718
113   0.111482
114   0.109500
115   0.107438
116   0.105414
117   0.103422
118   0.101750
119   0.099808
120   0.097904
121   0.096128
122   0.094472
123   0.092734
124   0.090922
125   0.089028
126   0.087250
127   0.085574
128   0.084018
129   0.082240
130   0.080662
131   0.079394
132   0.077620
133   0.076022
134   0.074350
135   0.072918
136   0.071506
137   0.069792
138   0.068294
139   0.066982
140   0.065522
141   0.064292
142   0.062914
143   0.061680
144   0.060452
145   0.059154
146   0.057804
147   0.056218
148   0.054714
149   0.053434
150   0.051914
151   0.050434
152   0.048980
153   0.047580
154   0.046114
155   0.044960
156   0.043438
157   0.042184
158   0.040558
159   0.038920
160   0.037150
161   0.035492
162   0.033614
163   0.031944
164   0.030124
165   0.028624
166   0.027140
167   0.025754
168   0.024410
169   0.022862
170   0.021592
171   0.020162
172   0.018938
173   0.017386
174   0.016088
175   0.014714
176   0.013436
177   0.012146
178   0.010630
179   0.009340
180   0.008284
181   0.007176
182   0.006012
183   0.005012
184   0.003982
185   0.003036
186   0.002082
187   0.000914
188  -0.000106
189  -0.001084
190  -0.002270
191  -0.003272
192  -0.004384
193  -0.005538
194  -0.006650
195  -0.007796
196  -0.008822
197  -0.009856
198  -0.010782
199  -0.011864
200  -0.012972
201  -0.014090
202  -0.015168
203  -0.016070
204  -0.017258
205  -0.018400
206  -0.019514
207  -0.020734
208  -0.022024
209  -0.023044
210  -0.024128
211  -0.025320
212  -0.026390
213  -0.027500
214  -0.028644
215  -0.029574
216  -0.030656
217  -0.031384
218  -0.032360
219  -0.033404
220  -0.034588
221  -0.035604
222  -0.036796
223  -0.037764
224  -0.038742
225  -0.039990
226  -0.041342
227  -0.042588
228  -0.043684
229  -0.044870
230  -0.046058
231  -0.047004
232  -0.048164
233  -0.048940
234  -0.049844
235  -0.050776
236  -0.051324
237  -0.051956
238  -0.052816
239  -0.053376
240  -0.054196
241  -0.054800
242  -0.055262
243  -0.055898
244  -0.056406
245  -0.056974
246  -0.057598
247  -0.058316
248  -0.058896
249  -0.059714
250  -0.060070
251  -0.060830
252  -0.061382
253  -0.062002
254  -0.062552
255  -0.063396
256  -0.063914
257  -0.064538
258  -0.065136
259  -0.065784
260  -0.066466
261  -0.067350
262  -0.068196
263  -0.068824
264  -0.069788
265  -0.070502
266  -0.071476
267  -0.072188
268  -0.073010
269  -0.073812
270  -0.074354
271  -0.075138
272  -0.075950
273  -0.076428
274  -0.077120
275  -0.077442
276  -0.077986
277  -0.078520
278  -0.078706
279  -0.079040
280  -0.079398
281  -0.079620
282  -0.079854
283  -0.080038
284  -0.080598
285  -0.081194
286  -0.081708
287  -0.082280
288  -0.082614
289  -0.083062
290  -0.083364
291  -0.083726
292  -0.083926
293  -0.084384
294  -0.084716
295  -0.085050
296  -0.085272
297  -0.085690
298  -0.085650
299  -0.085990
300  -0.086044
301  -0.086032
302  -0.086282
303  -0.086158
304  -0.086550
305  -0.086428
306  -0.086536
307  -0.086650
308  -0.086400
309  -0.086578
310  -0.086488
311  -0.086504
312  -0.086128
313  -0.086072
314  -0.085860
315  -0.085672
316  -0.085370
317  -0.085416
318  -0.085444
319  -0.085500
320  -0.085616
321  -0.085740
322  -0.086016
323  -0.086192
324  -0.086590
325  -0.086922
326  -0.087142
327  -0.087324
328  -0.087690
329  -0.088032
330  -0.088168
331  -0.088512
332  -0.088818
333  -0.089006
334  -0.089372
335  -0.089556
336  -0.089620
337  -0.089862
338  -0.090258
339  -0.090106
340  -0.090358
341  -0.090688
342  -0.091034
343  -0.091120
344  -0.091622
345  -0.091928
346  -0.092400
347  -0.092906
348  -0.093322
349  -0.093832
350  -0.094090
351  -0.094560
352  -0.094624
353  -0.094852
354  -0.095000
355  -0.095218
356  -0.095398
357  -0.095580
358  -0.095666
359  -0.096020
360  -0.096164
361  -0.096414
362  -0.096548
363  -0.096518
364  -0.096646
365  -0.096826
366  -0.097024
367  -0.097112
368  -0.097156
369  -0.097266
370  -0.097518
371  -0.097650
372  -0.097740
373  -0.097860
374  -0.097870
375  -0.097778
376  -0.097864
377  -0.098032
378  -0.098026
379  -0.098104
380  -0.098088
381  -0.098192
382  -0.098190
383  -0.098230
384  -0.098224
385  -0.098310
386  -0.098300
387  -0.098064
388  -0.098090
389  -0.097824
390  -0.097784
391  -0.097906
392  -0.097872
393  -0.097944
394  -0.098128
395  -0.098248
396  -0.098438
397  -0.098358
398  -0.098460
399  -0.098480
400  -0.098610
401  -0.098420
402  -0.098470
403  -0.098326
404  -0.098068
405  -0.098160
406  -0.098066
407  -0.098102
408  -0.097996
409  -0.097960
410  -0.098180
411  -0.098248
412  -0.098232
413  -0.098364
414  -0.098342
415  -0.098380
416  -0.098740
417  -0.098838
418  -0.098974
419  -0.099230
420  -0.099710
421  -0.099974
422  -0.100350
423  -0.100570
424  -0.101258
425  -0.101512
426  -0.101854
427  -0.102254
428  -0.102732
429  -0.103130
430  -0.103466
431  -0.103980
432  -0.104146
433  -0.104404
434  -0.104482
435  -0.104768
436  -0.105266
437  -0.105256
438  -0.105578
439  -0.105636
440  -0.105948
441  -0.106368
442  -0.106664
443  -0.107046
444  -0.107304
445  -0.107446
446  -0.107936
447  -0.108070
448  -0.108438
449  -0.108994
450  -0.109406
451  -0.109948
452  -0.110302
453  -0.110684
454  -0.111452
455  -0.112004
456  -0.112652
457  -0.113046
458  -0.113550
459  -0.113880
460  -0.114408
461  -0.115112
462  -0.115624
463  -0.116154
464  -0.116918
465  -0.117408
466  -0.117988
467  -0.118698
468  -0.119348
469  -0.120206
470  -0.120778
471  -0.121354
472  -0.122036
473  -0.122682
474  -0.123396
475  -0.124050
476  -0.124704
477  -0.125402
478  -0.126002
479  -0.126830
480  -0.127396
481  -0.128174
482  -0.128764
483  -0.129576
484  -0.130538
485  -0.131120
486  -0.131890
487  -0.132562
488  -0.133294
489  -0.134162
490  -0.134722
491  -0.135268
492  -0.136020
493  -0.136438
494  -0.137052
495  -0.137480
496  -0.138100
497  -0.138566
498  -0.139018
499  -0.139364
500  -0.139836
-499  -0.140416
-498  -0.140780
-497  -0.140920
-496  -0.141432
-495  -0.141616
-494  -0.142148
-493  -0.142488
-492  -0.142634
-491  -0.143044
-490  -0.143328
-489  -0.143496
-488  -0.143758
-487  -0.143820
-486  -0.143944
-485  -0.144068
-484  -0.144152
-483  -0.143994
-482  -0.144018
-481  -0.144008
-480  -0.143752
-479  -0.143558
-478  -0.143232
-477  -0.143160
-476  -0.142678
-475  -0.142502
-474  -0.142292
-473  -0.141884
-472  -0.141566
-471  -0.140920
-470  -0.140564
-469  -0.140212
-468  -0.139670
-467  -0.138756
-466  -0.138218
-465  -0.137386
-464  -0.136822
-463  -0.135940
-462  -0.135108
-461  -0.134150
-460  -0.133088
-459  -0.132368
-458  -0.131520
-457  -0.130532
-456  -0.129654
-455  -0.128724
-454  -0.127930
-453  -0.126984
-452  -0.125904
-451  -0.124970
-450  -0.124066
-449  -0.122918
-448  -0.121772
-447  -0.120696
-446  -0.119494
-445  -0.118426
-444  -0.117514
-443  -0.116714
-442  -0.115912
-441  -0.115046
-440  -0.114290
-439  -0.113072
-438  -0.112140
-437  -0.111172
-436  -0.110178
-435  -0.109578
-434  -0.108440
-433  -0.107810
-432  -0.106980
-431  -0.106080
-430  -0.105154
-429  -0.104190
-428  -0.103312
-427  -0.102016
-426  -0.101204
-425  -0.100280
-424  -0.099212
-423  -0.098436
-422  -0.097700
-421  -0.096618
-420  -0.095818
-419  -0.094878
-418  -0.093972
-417  -0.092826
-416  -0.092050
-415  -0.090720
-414  -0.089596
-413  -0.088052
-412  -0.086888
-411  -0.085616
-410  -0.084396
-409  -0.083294
-408  -0.082140
-407  -0.080958
-406  -0.079854
-405  -0.078342
-404  -0.077216
-403  -0.076204
-402  -0.075088
-401  -0.074056
-400  -0.072836
-399  -0.071858
-398  -0.071086
-397  -0.070212
-396  -0.069090
-395  -0.068028
-394  -0.066978
-393  -0.066060
-392  -0.064910
-391  -0.063736
-390  -0.062734
-389  -0.061610
-388  -0.060236
-387  -0.059412
-386  -0.058174
-385  -0.056964
-384  -0.055808
-383  -0.054544
-382  -0.053210
-381  -0.051788
-380  -0.050264
-379  -0.048938
-378  -0.047532
-377  -0.046066
-376  -0.044558
-375  -0.043288
-374  -0.042202
-373  -0.040798
-372  -0.039612
-371  -0.038264
-370  -0.037156
-369  -0.035768
-368  -0.034432
-367  -0.033118
-366  -0.031794
-365  -0.030390
-364  -0.028962
-363  -0.027482
-362  -0.026090
-361  -0.024798
-360  -0.023520
-359  -0.021902
-358  -0.020658
-357  -0.019130
-356  -0.017624
-355  -0.016300
-354  -0.014658
-353  -0.013120
-352  -0.011756
-351  -0.010132
-350  -0.008310
-349  -0.006846
-348  -0.005298
-347  -0.003824
-346  -0.001992
-345  -0.000260
-344   0.001672
-343   0.003350
-342   0.005260
-341   0.007308
-340   0.009054
-339   0.010954
-338   0.012990
-337   0.014738
-336   0.016612
-335   0.018570
-334   0.020694
-333   0.022962
-332   0.025024
-331   0.027154
-330   0.029102
-329   0.031470
-328   0.033400
-327   0.035372
-326   0.037430
-325   0.039492
-324   0.041672
-323   0.043662
-322   0.045782
-321   0.047852
-320   0.049838
-319   0.051776
-318   0.053966
-317   0.055908
-316   0.057892
-315   0.059982
-314   0.062044
-313   0.063818
-312   0.065616
-311   0.067606
-310   0.069478
-309   0.071700
-308   0.073698
-307   0.075928
-306   0.078236
-305   0.080508
-304   0.082752
-303   0.085108
-302   0.087522
-301   0.089938
-300   0.092538
-299   0.094996
-298   0.097314
-297   0.099664
-296   0.102092
-295   0.104644
-294   0.107042
-293   0.109408
-292   0.111882
-291   0.113918
-290   0.116566
-289   0.118710
-288   0.121228
-287   0.123594
-286   0.126066
-285   0.128282
-284   0.130736
-283   0.132612
-282   0.135076
-281   0.137132
-280   0.139264
-279   0.141300
-278   0.143482
-277   0.145730
-276   0.147778
-275   0.150236
-274   0.152630
-273   0.155100
-272   0.157316
-271   0.160002
-270   0.162126
-269   0.164538
-268   0.166632
-267   0.169062
-266   0.170908
-265   0.173246
-264   0.175684
-263   0.178134
-262   0.180524
-261   0.183106
-260   0.185380
-259   0.187930
-258   0.190518
-257   0.192964
-256   0.195504
-255   0.198002
-254   0.200412
-253   0.202746
-252   0.205136
-251   0.207504
-250   0.209712
-249   0.212092
-248   0.214320
-247   0.216730
-246   0.219226
-245   0.221604
-244   0.224002
-243   0.226138
-242   0.228640
-241   0.230880
-240   0.233118
-239   0.235304
-238   0.237674
-237   0.239942
-236   0.241882
-235   0.244276
-234   0.246446
-233   0.248882
-232   0.251376
-231   0.253486
-230   0.256040
-229   0.258490
-228   0.260744
-227   0.262830
-226   0.265164
-225   0.267454
-224   0.269806
-223   0.271828
-222   0.273962
-221   0.275990
-220   0.278006
-219   0.280260
-218   0.282400
-217   0.284622
-216   0.286702
-215   0.289180
-214   0.291270
-213   0.293600
-212   0.295708
-211   0.298062
-210   0.300490
-209   0.302948
-208   0.305454
-207   0.307526
-206   0.309834
-205   0.312062
-204   0.314424
-203   0.316760
-202   0.318982
-201   0.321214
-200   0.323010
-199   0.324756
-198   0.326654
-197   0.328376
-196   0.330378
-195   0.332028
-194   0.333970
-193   0.336090
-192   0.337916
-191   0.340256
-190   0.342498
-189   0.344664
-188   0.346834
-187   0.349054
-186   0.351160
-185   0.353120
-184   0.355408
-183   0.357486
-182   0.359578
-181   0.361578
-180   0.363538
-179   0.365548
-178   0.367530
-177   0.369634
-176   0.371566
-175   0.373558
-174   0.375286
-173   0.377012
-172   0.379018
-171   0.380840
-170   0.382554
-169   0.384582
-168   0.386402
-167   0.388164
-166   0.390036
-165   0.391984
-164   0.393626
-163   0.395634
-162   0.397332
-161   0.399016
-160   0.400956
-159   0.402728
-158   0.404562
-157   0.406484
-156   0.408218
-155   0.409954
-154   0.411740
-153   0.413678
-152   0.415514
-151   0.417278
-150   0.418974
-149   0.420790
-148   0.422448
-147   0.423850
-146   0.425364
-145   0.427002
-144   0.428598
-143   0.430088
-142   0.431536
-141   0.433116
-140   0.434408
-139   0.435838
-138   0.437146
-137   0.438398
-136   0.439570
-135   0.440970
-134   0.442048
-133   0.443270
-132   0.444686
-131   0.446216
-130   0.447590
-129   0.449082
-128   0.450586
-127   0.452218
-126   0.453854
-125   0.455068
-124   0.456508
-123   0.457710
-122   0.458892
-121   0.460116
-120   0.461150
-119   0.462138
-118   0.463424
-117   0.464376
-116   0.465634
-115   0.466780
-114   0.467778
-113   0.468940
-112   0.469820
-111   0.470572
-110   0.471474
-109   0.472110
-108   0.472790
-107   0.473794
-106   0.474368
-105   0.475064
-104   0.475688
-103   0.476588
-102   0.477232
-101   0.477876
-100   0.478650
-99   0.479320
-98   0.480242
-97   0.481420
-96   0.482252
-95   0.483382
-94   0.484554
-93   0.485376
-92   0.486290
-91   0.487046
-90   0.488066
-89   0.488834
-88   0.489580
-87   0.490290
-86   0.491262
-85   0.492010
-84   0.492744
-83   0.493386
-82   0.494226
-81   0.494574
-80   0.495374
-79   0.495904
-78   0.496492
-77   0.497114
-76   0.497526
-75   0.498010
-74   0.498182
-73   0.498744
-72   0.499160
-71   0.499448
-70   0.499506
-69   0.499722
-68   0.499756
-67   0.500038
-66   0.500096
-65   0.500280
-64   0.500358
-63   0.500560
-62   0.500738
-61   0.500924
-60   0.500982
-59   0.501246
-58   0.501460
-57   0.501832
-56   0.501990
-55   0.502238
-54   0.502468
-53   0.502644
-52   0.502680
-51   0.503078
-50   0.503260
-49   0.503828
-48   0.504338
-47   0.504638
-46   0.505040
-45   0.505638
-44   0.506144
-43   0.506548
-42   0.506878
-41   0.507346
-40   0.507850
-39   0.508368
-38   0.508696
-37   0.509324
-36   0.509864
-35   0.510738
-34   0.511016
-33   0.511530
-32   0.512086
-31   0.512800
-30   0.513234
-29   0.513920
-28   0.514444
-27   0.514790
-26   0.515304
-25   0.515604
-24   0.515976
-23   0.516472
-22   0.516864
-21   0.517066
-20   0.517530
-19   0.517896
-18   0.518318
-17   0.518834
-16   0.519246
-15   0.519748
-14   0.520264
-13   0.520662
-12   0.521360
-11   0.521846
-10   0.522224
-9   0.522464
-8   0.522874
-7   0.523268
-6   0.523686
-5   0.523948
-4   0.524390
-3   0.524870
-2   0.525128
-1   0.525126
