r MCS_10 MCS_20 MCS_40 MCS_80 MCS_160 MCS_320 MCS_640 MCS_1280 MCS_2560 MCS_5120 MCS_10240 MCS_20480 MCS_40960 
0   1.000000   1.000000   1.000000   1.000000   1.000000   1.000000   1.000000   1.000000   1.000000   1.000000   1.000000   1.000000   1.000000 
1   0.995000   0.995000   0.995000   0.995000   0.995000   0.995000   0.995000   0.995600   0.995800   0.995800   0.996800   0.997400   0.998200 
2   0.990200   0.990200   0.990200   0.990200   0.990200   0.990200   0.990200   0.991400   0.991800   0.991800   0.993600   0.994800   0.996400 
3   0.985400   0.985400   0.985400   0.985400   0.985400   0.985400   0.985400   0.987200   0.987800   0.987800   0.990400   0.992200   0.994600 
4   0.980600   0.980600   0.980600   0.980600   0.980600   0.980600   0.980600   0.983000   0.983800   0.983800   0.987200   0.989600   0.992800 
5   0.975800   0.975800   0.975800   0.975800   0.975800   0.975800   0.975800   0.978800   0.979800   0.980000   0.984000   0.987000   0.991000 
6   0.971000   0.971000   0.971000   0.971000   0.971000   0.971000   0.971000   0.974600   0.975800   0.976000   0.980800   0.984400   0.989200 
7   0.966200   0.966200   0.966200   0.966200   0.966200   0.966200   0.966200   0.970400   0.971800   0.972000   0.977600   0.981800   0.987400 
8   0.961400   0.961400   0.961400   0.961400   0.961400   0.961400   0.961400   0.966200   0.967800   0.968000   0.974400   0.979200   0.985600 
9   0.956600   0.956600   0.956600   0.956600   0.956600   0.956600   0.956600   0.962000   0.963800   0.964000   0.971200   0.976600   0.983800 
10   0.951800   0.951800   0.951800   0.951800   0.951800   0.951800   0.951800   0.957800   0.959800   0.960000   0.968000   0.974000   0.982000 
11   0.947000   0.947000   0.947000   0.947000   0.947000   0.947200   0.947000   0.953600   0.955800   0.956000   0.964800   0.971400   0.980200 
12   0.942200   0.942200   0.942200   0.942200   0.942200   0.942600   0.942200   0.949400   0.951800   0.952000   0.961600   0.968800   0.978400 
13   0.937400   0.937400   0.937400   0.937400   0.937400   0.938000   0.937400   0.945200   0.947800   0.948000   0.958400   0.966200   0.976600 
14   0.932600   0.932600   0.932600   0.932600   0.932600   0.933400   0.932600   0.941000   0.943800   0.944000   0.955200   0.963600   0.974800 
15   0.927800   0.927800   0.927800   0.927800   0.927800   0.928800   0.928000   0.936800   0.939800   0.940000   0.952000   0.961000   0.973000 
16   0.923000   0.923000   0.923200   0.923000   0.923000   0.924200   0.923400   0.932600   0.935800   0.936000   0.948800   0.958400   0.971200 
17   0.918200   0.918200   0.918600   0.918200   0.918200   0.919600   0.918800   0.928400   0.931800   0.932000   0.945600   0.955800   0.969400 
18   0.913400   0.913400   0.914000   0.913400   0.913400   0.915000   0.914200   0.924200   0.927800   0.928000   0.942400   0.953200   0.967600 
19   0.908600   0.908600   0.909400   0.908600   0.908600   0.910400   0.909600   0.920000   0.923800   0.924000   0.939200   0.950600   0.965800 
20   0.903800   0.903800   0.904800   0.903800   0.903800   0.905800   0.905000   0.915800   0.919800   0.920000   0.936000   0.948000   0.964000 
21   0.899000   0.899000   0.900200   0.899000   0.899000   0.901200   0.900400   0.911600   0.915800   0.916000   0.932800   0.945400   0.962200 
22   0.894200   0.894200   0.895600   0.894200   0.894200   0.896600   0.895800   0.907400   0.911800   0.912000   0.929600   0.942800   0.960400 
23   0.889400   0.889400   0.891000   0.889600   0.889400   0.892000   0.891200   0.903200   0.907800   0.908000   0.926400   0.940200   0.958600 
24   0.884600   0.884600   0.886400   0.885000   0.884600   0.887400   0.886600   0.899000   0.903800   0.904000   0.923200   0.937600   0.956800 
25   0.879800   0.879800   0.881800   0.880400   0.879800   0.882800   0.882000   0.894800   0.899800   0.900000   0.920000   0.935000   0.955000 
26   0.875000   0.875200   0.877200   0.875800   0.875000   0.878200   0.877400   0.890600   0.895800   0.896000   0.916800   0.932400   0.953200 
27   0.870200   0.870600   0.872600   0.871200   0.870200   0.873600   0.872800   0.886400   0.891800   0.892000   0.913600   0.929800   0.951400 
28   0.865600   0.866000   0.868000   0.866600   0.865400   0.869000   0.868200   0.882200   0.887800   0.888000   0.910400   0.927200   0.949600 
29   0.861000   0.861400   0.863400   0.862000   0.860600   0.864400   0.863600   0.878000   0.883800   0.884000   0.907200   0.924600   0.947800 
30   0.856400   0.856800   0.858800   0.857400   0.855800   0.859800   0.859000   0.873800   0.879800   0.880000   0.904000   0.922000   0.946000 
31   0.851800   0.852200   0.854200   0.852800   0.851000   0.855200   0.854400   0.869600   0.875800   0.876000   0.900800   0.919400   0.944200 
32   0.847200   0.847600   0.849600   0.848200   0.846200   0.850600   0.849800   0.865400   0.871800   0.872000   0.897600   0.916800   0.942400 
33   0.842600   0.843000   0.845000   0.843600   0.841400   0.846000   0.845200   0.861200   0.867800   0.868000   0.894400   0.914200   0.940600 
34   0.838000   0.838400   0.840400   0.839000   0.836600   0.841400   0.840600   0.857000   0.863800   0.864000   0.891200   0.911600   0.938800 
35   0.833400   0.833800   0.835800   0.834400   0.831800   0.836800   0.836000   0.852800   0.859800   0.860000   0.888000   0.909000   0.937000 
36   0.828800   0.829200   0.831200   0.829800   0.827000   0.832200   0.831400   0.848600   0.855800   0.856000   0.884800   0.906400   0.935200 
37   0.824200   0.824600   0.826600   0.825200   0.822600   0.827600   0.826800   0.844400   0.851800   0.852200   0.881600   0.903800   0.933400 
38   0.819600   0.820000   0.822000   0.820600   0.818200   0.823000   0.822200   0.840200   0.847800   0.848400   0.878400   0.901200   0.931600 
39   0.815000   0.815400   0.817400   0.816000   0.813800   0.818400   0.817600   0.836000   0.843800   0.844600   0.875200   0.898600   0.929800 
40   0.810400   0.810800   0.812800   0.811400   0.809400   0.813800   0.813000   0.831800   0.839800   0.840800   0.872000   0.896000   0.928000 
41   0.805800   0.806200   0.808200   0.806800   0.805000   0.809200   0.808400   0.827600   0.835800   0.837000   0.868800   0.893400   0.926200 
42   0.801200   0.801600   0.803600   0.802200   0.800600   0.804600   0.803800   0.823400   0.831800   0.833200   0.865600   0.890800   0.924400 
43   0.796600   0.797000   0.799000   0.797600   0.796200   0.800000   0.799400   0.819200   0.827800   0.829400   0.862400   0.888200   0.922600 
44   0.792000   0.792400   0.794400   0.793000   0.791800   0.795400   0.795000   0.815000   0.823800   0.825600   0.859200   0.885600   0.920800 
45   0.787400   0.787800   0.789800   0.788400   0.787400   0.791000   0.790600   0.810800   0.819800   0.821800   0.856000   0.883000   0.919000 
46   0.782800   0.783200   0.785200   0.783800   0.783000   0.786600   0.786200   0.806600   0.815800   0.818000   0.852800   0.880400   0.917200 
47   0.778200   0.778600   0.780600   0.779200   0.778600   0.782200   0.781800   0.802400   0.811800   0.814200   0.849600   0.877800   0.915400 
48   0.773600   0.774000   0.776000   0.774600   0.774200   0.777800   0.777400   0.798200   0.807800   0.810400   0.846400   0.875200   0.913600 
49   0.769000   0.769400   0.771400   0.770000   0.769800   0.773400   0.773000   0.794000   0.803800   0.806600   0.843200   0.872600   0.911800 
50   0.764400   0.764800   0.766800   0.765400   0.765400   0.769000   0.768600   0.789800   0.799800   0.802800   0.840000   0.870000   0.910000 
51   0.759800   0.760200   0.762200   0.760800   0.761000   0.764600   0.764200   0.785600   0.795800   0.799000   0.836800   0.867400   0.908200 
52   0.755200   0.755600   0.757600   0.756200   0.756600   0.760200   0.760000   0.781400   0.791800   0.795200   0.833600   0.864800   0.906400 
53   0.750600   0.751000   0.753000   0.751600   0.752200   0.755800   0.755800   0.777200   0.787800   0.791400   0.830400   0.862200   0.904600 
54   0.746000   0.746400   0.748400   0.747000   0.747800   0.751400   0.751600   0.773000   0.783800   0.787600   0.827200   0.859600   0.902800 
55   0.741400   0.741800   0.743800   0.742400   0.743400   0.747000   0.747400   0.768800   0.779800   0.783800   0.824000   0.857000   0.901000 
56   0.736800   0.737200   0.739200   0.737800   0.739000   0.742600   0.743200   0.764600   0.775800   0.780000   0.820800   0.854400   0.899200 
57   0.732200   0.732600   0.734600   0.733200   0.734600   0.738200   0.739000   0.760400   0.771800   0.776200   0.817600   0.851800   0.897400 
58   0.727600   0.728000   0.730000   0.728600   0.730200   0.733800   0.734800   0.756200   0.767800   0.772400   0.814400   0.849200   0.895600 
59   0.723000   0.723400   0.725400   0.724000   0.725800   0.729400   0.730800   0.752000   0.763800   0.768600   0.811200   0.846600   0.893800 
60   0.718400   0.718800   0.720800   0.719600   0.721400   0.725200   0.726800   0.747800   0.759800   0.764800   0.808200   0.844000   0.892000 
61   0.713800   0.714200   0.716200   0.715200   0.717000   0.721000   0.722800   0.743800   0.755800   0.761000   0.805200   0.841400   0.890200 
62   0.709200   0.709600   0.711600   0.710800   0.712600   0.716800   0.718800   0.739800   0.751800   0.757200   0.802200   0.838800   0.888400 
63   0.704600   0.705000   0.707000   0.706400   0.708200   0.712600   0.714800   0.735800   0.747800   0.753400   0.799200   0.836200   0.886600 
64   0.700000   0.700400   0.702400   0.702000   0.703800   0.708400   0.710800   0.731800   0.743800   0.749600   0.796200   0.833600   0.884800 
65   0.695400   0.695800   0.697800   0.697600   0.699400   0.704200   0.706800   0.727800   0.739800   0.745800   0.793200   0.831000   0.883000 
66   0.690800   0.691200   0.693200   0.693200   0.695000   0.700000   0.702800   0.723800   0.735800   0.742000   0.790200   0.828400   0.881200 
67   0.686200   0.686600   0.688800   0.688800   0.690600   0.695800   0.698800   0.719800   0.731800   0.738200   0.787200   0.825800   0.879400 
68   0.681600   0.682000   0.684400   0.684400   0.686200   0.691600   0.694800   0.715800   0.727800   0.734400   0.784200   0.823200   0.877600 
69   0.677000   0.677400   0.680000   0.680000   0.681800   0.687400   0.690800   0.711800   0.723800   0.730600   0.781200   0.820600   0.875800 
70   0.672400   0.672800   0.675600   0.675600   0.677400   0.683200   0.686800   0.707800   0.719800   0.726800   0.778200   0.818000   0.874000 
71   0.667800   0.668200   0.671200   0.671200   0.673000   0.679000   0.682800   0.703800   0.715800   0.723000   0.775200   0.815400   0.872200 
72   0.663200   0.664000   0.667000   0.666800   0.668600   0.674800   0.678800   0.699800   0.711800   0.719200   0.772200   0.812800   0.870400 
73   0.658800   0.659800   0.662800   0.662400   0.664200   0.670600   0.674800   0.695800   0.707800   0.715400   0.769200   0.810200   0.868600 
74   0.654400   0.655600   0.658600   0.658000   0.659800   0.666400   0.670800   0.691800   0.703800   0.711600   0.766200   0.807600   0.866800 
75   0.650000   0.651400   0.654400   0.653600   0.655400   0.662200   0.667000   0.687800   0.699800   0.707800   0.763200   0.805000   0.865000 
76   0.645800   0.647200   0.650200   0.649200   0.651000   0.658000   0.663200   0.683800   0.695800   0.704000   0.760200   0.802400   0.863200 
77   0.641600   0.643000   0.646000   0.644800   0.646800   0.653800   0.659400   0.680000   0.691800   0.700200   0.757200   0.799800   0.861400 
78   0.637400   0.638800   0.641800   0.640600   0.642600   0.649600   0.655600   0.676200   0.687800   0.696400   0.754200   0.797200   0.859600 
79   0.633200   0.634600   0.637600   0.636400   0.638400   0.645400   0.651800   0.672400   0.683800   0.692600   0.751200   0.794600   0.857800 
80   0.629000   0.630400   0.633400   0.632200   0.634200   0.641200   0.648000   0.668600   0.679800   0.688800   0.748200   0.792000   0.856000 
81   0.624800   0.626200   0.629200   0.628000   0.630000   0.637000   0.644200   0.664800   0.675800   0.685000   0.745200   0.789400   0.854200 
82   0.620600   0.622000   0.625000   0.623800   0.625800   0.632800   0.640400   0.661000   0.671800   0.681200   0.742200   0.786800   0.852400 
83   0.616400   0.617800   0.620800   0.619600   0.621600   0.628600   0.636600   0.657200   0.667800   0.677400   0.739200   0.784200   0.850600 
84   0.612200   0.613600   0.616600   0.615400   0.617400   0.624400   0.632800   0.653400   0.663800   0.673600   0.736200   0.781600   0.848800 
85   0.608000   0.609400   0.612400   0.611200   0.613200   0.620200   0.629000   0.649600   0.659800   0.669800   0.733200   0.779000   0.847000 
86   0.603800   0.605200   0.608200   0.607000   0.609000   0.616000   0.625200   0.645800   0.655800   0.666000   0.730200   0.776400   0.845200 
87   0.599600   0.601000   0.604000   0.602800   0.605000   0.611800   0.621400   0.642000   0.651800   0.662200   0.727200   0.773800   0.843400 
88   0.595400   0.596800   0.599800   0.598600   0.601000   0.608000   0.617600   0.638200   0.647800   0.658400   0.724200   0.771200   0.841600 
89   0.591200   0.592600   0.595600   0.594400   0.597000   0.604200   0.613800   0.634400   0.643800   0.654600   0.721200   0.768600   0.839800 
90   0.587000   0.588400   0.591400   0.590200   0.593000   0.600400   0.610000   0.630600   0.639800   0.650800   0.718200   0.766000   0.838000 
91   0.582800   0.584200   0.587200   0.586000   0.589000   0.596600   0.606200   0.626800   0.635800   0.647000   0.715200   0.763400   0.836200 
92   0.578800   0.580000   0.583000   0.581800   0.585000   0.592800   0.602400   0.623000   0.631800   0.643200   0.712200   0.760800   0.834400 
93   0.574800   0.575800   0.578800   0.577600   0.581000   0.589000   0.598600   0.619200   0.627800   0.639400   0.709200   0.758200   0.832600 
94   0.570800   0.571600   0.574600   0.573400   0.577000   0.585200   0.594800   0.615400   0.623800   0.635600   0.706200   0.755600   0.830800 
95   0.566800   0.567600   0.570400   0.569200   0.573000   0.581400   0.591200   0.611600   0.619800   0.631800   0.703200   0.753000   0.829000 
96   0.562800   0.563600   0.566400   0.565000   0.569000   0.577600   0.587600   0.607800   0.615800   0.628000   0.700200   0.750400   0.827200 
97   0.558800   0.559600   0.562400   0.560800   0.565000   0.573800   0.584000   0.604000   0.611800   0.624200   0.697200   0.747800   0.825400 
98   0.554800   0.555600   0.558400   0.556600   0.561000   0.570000   0.580400   0.600200   0.607800   0.620400   0.694200   0.745200   0.823600 
99   0.550800   0.551600   0.554400   0.552400   0.557000   0.566200   0.576800   0.596400   0.603800   0.616600   0.691200   0.742600   0.821800 
100   0.546800   0.547600   0.550400   0.548400   0.553000   0.562400   0.573200   0.592600   0.599800   0.612800   0.688200   0.740000   0.820000 
101   0.542800   0.543600   0.546400   0.544400   0.549000   0.558600   0.569600   0.588800   0.595800   0.609000   0.685200   0.737400   0.818200 
102   0.538800   0.539600   0.542400   0.540400   0.545000   0.554800   0.566000   0.585000   0.591800   0.605200   0.682200   0.734800   0.816400 
103   0.534800   0.535600   0.538400   0.536400   0.541000   0.551000   0.562400   0.581200   0.587800   0.601400   0.679200   0.732200   0.814600 
104   0.530800   0.531600   0.534400   0.532400   0.537000   0.547200   0.558800   0.577600   0.583800   0.597600   0.676400   0.729600   0.812800 
105   0.526800   0.527600   0.530400   0.528400   0.533000   0.543400   0.555200   0.574000   0.579800   0.593800   0.673600   0.727000   0.811000 
106   0.522800   0.523600   0.526400   0.524400   0.529000   0.539600   0.551600   0.570400   0.575800   0.590000   0.670800   0.724400   0.809200 
107   0.518800   0.519600   0.522400   0.520400   0.525200   0.535800   0.548000   0.566800   0.571800   0.586200   0.668000   0.721800   0.807400 
108   0.514800   0.515600   0.518400   0.516400   0.521400   0.532200   0.544400   0.563200   0.567800   0.582400   0.665200   0.719200   0.805600 
109   0.510800   0.511600   0.514600   0.512400   0.517600   0.528600   0.540800   0.559600   0.563800   0.578600   0.662400   0.716600   0.803800 
110   0.506800   0.507600   0.510800   0.508600   0.513800   0.525000   0.537200   0.556000   0.559800   0.574800   0.659600   0.714000   0.802000 
111   0.502800   0.503600   0.507000   0.504800   0.510000   0.521400   0.533600   0.552400   0.555800   0.571000   0.656800   0.711400   0.800200 
112   0.498800   0.499600   0.503200   0.501000   0.506200   0.517800   0.530000   0.548800   0.551800   0.567200   0.654000   0.708800   0.798600 
113   0.494800   0.495600   0.499400   0.497200   0.502400   0.514200   0.526400   0.545200   0.548000   0.563400   0.651200   0.706200   0.797000 
114   0.490800   0.491600   0.495600   0.493400   0.498800   0.510600   0.522800   0.541600   0.544200   0.559600   0.648400   0.703600   0.795400 
115   0.487000   0.487800   0.491800   0.489600   0.495200   0.507000   0.519200   0.538000   0.540400   0.555800   0.645600   0.701000   0.793800 
116   0.483200   0.484000   0.488200   0.486000   0.491600   0.503400   0.515600   0.534400   0.536600   0.552000   0.642800   0.698400   0.792200 
117   0.479400   0.480200   0.484600   0.482400   0.488000   0.499800   0.512000   0.530800   0.532800   0.548200   0.640000   0.695800   0.790600 
118   0.475600   0.476400   0.481000   0.478800   0.484400   0.496200   0.508400   0.527200   0.529000   0.544400   0.637200   0.693200   0.789000 
119   0.471800   0.472600   0.477400   0.475200   0.480800   0.492600   0.504800   0.523600   0.525200   0.540600   0.634400   0.690600   0.787400 
120   0.468000   0.468800   0.473800   0.471600   0.477200   0.489000   0.501200   0.520000   0.521400   0.536800   0.631600   0.688000   0.785800 
121   0.464200   0.465000   0.470200   0.468000   0.473600   0.485400   0.497600   0.516400   0.517600   0.533000   0.628800   0.685400   0.784200 
122   0.460400   0.461200   0.466600   0.464400   0.470000   0.481800   0.494000   0.512800   0.514000   0.529200   0.626000   0.682800   0.782600 
123   0.456600   0.457400   0.463000   0.460800   0.466400   0.478200   0.490400   0.509200   0.510400   0.525400   0.623200   0.680200   0.781000 
124   0.452800   0.453600   0.459400   0.457200   0.462800   0.474800   0.486800   0.505600   0.506800   0.521600   0.620400   0.677600   0.779400 
125   0.449000   0.449800   0.455800   0.453600   0.459200   0.471400   0.483200   0.502000   0.503200   0.517800   0.617600   0.675000   0.777800 
126   0.445200   0.446000   0.452200   0.450000   0.455800   0.468000   0.479600   0.498400   0.499600   0.514000   0.614800   0.672400   0.776200 
127   0.441400   0.442400   0.448600   0.446400   0.452400   0.464600   0.476000   0.494800   0.496000   0.510200   0.612200   0.669800   0.774600 
128   0.437600   0.438800   0.445000   0.442800   0.449000   0.461200   0.472400   0.491200   0.492400   0.506400   0.609600   0.667200   0.773000 
129   0.434000   0.435200   0.441600   0.439200   0.445600   0.457800   0.468800   0.487600   0.488800   0.502600   0.607000   0.664600   0.771400 
130   0.430400   0.431800   0.438200   0.435600   0.442200   0.454400   0.465200   0.484000   0.485200   0.498800   0.604400   0.662000   0.769800 
131   0.426800   0.428400   0.434800   0.432200   0.438800   0.451000   0.461600   0.480600   0.481600   0.495000   0.601800   0.659400   0.768200 
132   0.423400   0.425000   0.431400   0.428800   0.435400   0.447600   0.458000   0.477200   0.478000   0.491200   0.599200   0.656800   0.766600 
133   0.420000   0.421600   0.428000   0.425400   0.432000   0.444200   0.454400   0.473800   0.474400   0.487400   0.596600   0.654200   0.765000 
134   0.416600   0.418200   0.424600   0.422000   0.428600   0.440800   0.451000   0.470400   0.470800   0.483600   0.594000   0.651800   0.763400 
135   0.413200   0.414800   0.421200   0.418600   0.425400   0.437400   0.447600   0.467000   0.467200   0.479800   0.591400   0.649400   0.761800 
136   0.409800   0.411400   0.417800   0.415200   0.422200   0.434000   0.444400   0.463800   0.463600   0.476000   0.588800   0.647000   0.760200 
137   0.406400   0.408000   0.414400   0.411800   0.419000   0.430600   0.441000   0.460600   0.460000   0.472200   0.586200   0.644600   0.758600 
138   0.403000   0.404600   0.411000   0.408400   0.415800   0.427200   0.437600   0.457400   0.456400   0.468400   0.583600   0.642200   0.757000 
139   0.399600   0.401200   0.407600   0.405000   0.412600   0.423800   0.434200   0.454400   0.452800   0.464600   0.581000   0.639800   0.755400 
140   0.396200   0.397800   0.404200   0.401600   0.409400   0.420400   0.431000   0.451200   0.449200   0.460800   0.578400   0.637400   0.753800 
141   0.392800   0.394400   0.400800   0.398200   0.406200   0.417000   0.427800   0.448000   0.445600   0.457000   0.575800   0.635000   0.752200 
142   0.389400   0.391000   0.397400   0.394800   0.403000   0.413600   0.424600   0.444800   0.442000   0.453200   0.573200   0.632600   0.750600 
143   0.386000   0.387600   0.394000   0.391400   0.399800   0.410200   0.421400   0.441600   0.438600   0.449400   0.570600   0.630200   0.749000 
144   0.382600   0.384200   0.390400   0.388000   0.396600   0.407000   0.418200   0.438400   0.435200   0.445600   0.568000   0.627800   0.747400 
145   0.379200   0.380800   0.386800   0.384800   0.393400   0.403800   0.415000   0.435200   0.431800   0.441800   0.565400   0.625400   0.745800 
146   0.375800   0.377400   0.383200   0.381600   0.390200   0.400600   0.411800   0.432000   0.428400   0.438000   0.562800   0.623000   0.744200 
147   0.372400   0.374000   0.379600   0.378400   0.387000   0.397400   0.408600   0.428800   0.425000   0.434200   0.560200   0.620600   0.742600 
148   0.369000   0.370600   0.376000   0.375200   0.383800   0.394200   0.405400   0.425600   0.421600   0.430400   0.557600   0.618200   0.741000 
149   0.365600   0.367200   0.372400   0.372000   0.380600   0.391400   0.402200   0.422400   0.418200   0.426600   0.555000   0.615800   0.739400 
150   0.362200   0.363800   0.368800   0.368800   0.377200   0.388600   0.399000   0.419200   0.414800   0.422800   0.552400   0.613400   0.737800 
151   0.359000   0.360400   0.365400   0.365600   0.373800   0.385800   0.395800   0.416000   0.411400   0.419200   0.549800   0.611000   0.736200 
152   0.355800   0.356800   0.362000   0.362400   0.370600   0.383200   0.392600   0.412800   0.408000   0.415600   0.547200   0.608600   0.734600 
153   0.352600   0.353200   0.358600   0.359000   0.367600   0.380600   0.389400   0.409600   0.404600   0.412000   0.544600   0.606200   0.733000 
154   0.349400   0.349600   0.355200   0.355600   0.364600   0.378000   0.386200   0.406400   0.401200   0.408400   0.542000   0.603800   0.731400 
155   0.346200   0.346000   0.351800   0.352200   0.361600   0.375400   0.383000   0.403200   0.397800   0.404800   0.539400   0.601400   0.729800 
156   0.342800   0.342400   0.348400   0.348800   0.358600   0.372800   0.379800   0.400200   0.394400   0.401200   0.536800   0.599000   0.728200 
157   0.339400   0.339000   0.345000   0.345400   0.355600   0.370200   0.376600   0.397200   0.391000   0.397600   0.534200   0.596600   0.726600 
158   0.336000   0.335600   0.341600   0.342000   0.352600   0.367600   0.373400   0.394200   0.387600   0.394000   0.531600   0.594200   0.725000 
159   0.332600   0.332200   0.338200   0.338600   0.349600   0.364800   0.370200   0.391200   0.384200   0.390400   0.529000   0.591800   0.723400 
160   0.329200   0.328800   0.334800   0.335200   0.346600   0.362000   0.367000   0.388200   0.380800   0.386800   0.526400   0.589400   0.721800 
161   0.325800   0.325400   0.331400   0.331800   0.343600   0.359200   0.363800   0.385200   0.377400   0.383400   0.523800   0.587000   0.720200 
162   0.322400   0.322000   0.328000   0.328400   0.340600   0.356400   0.360600   0.382200   0.374000   0.380000   0.521200   0.584600   0.718600 
163   0.319000   0.318600   0.324600   0.325000   0.337600   0.353600   0.357400   0.379200   0.370600   0.376800   0.518600   0.582200   0.717000 
164   0.315600   0.315200   0.321200   0.321600   0.334600   0.351000   0.354200   0.376400   0.367200   0.373600   0.516000   0.579800   0.715400 
165   0.312200   0.311800   0.317800   0.318200   0.331600   0.348200   0.351000   0.373800   0.363800   0.370400   0.513400   0.577400   0.713800 
166   0.309200   0.308400   0.314400   0.315000   0.328600   0.345400   0.347800   0.371200   0.360400   0.367200   0.510800   0.575000   0.712200 
167   0.306200   0.305200   0.311000   0.311800   0.325600   0.342600   0.344600   0.368600   0.357000   0.364000   0.508200   0.572600   0.710600 
168   0.303400   0.302200   0.307600   0.308600   0.322600   0.339800   0.341400   0.366000   0.353600   0.360800   0.505600   0.570200   0.709000 
169   0.300600   0.299200   0.304200   0.305400   0.319600   0.337200   0.338200   0.363400   0.350400   0.357600   0.503000   0.567800   0.707400 
170   0.297800   0.296200   0.301000   0.302400   0.316600   0.334600   0.335000   0.360800   0.347400   0.354400   0.500400   0.565400   0.705800 
171   0.295000   0.293400   0.297800   0.299400   0.313800   0.332000   0.331800   0.358200   0.344400   0.351400   0.497800   0.563000   0.704200 
172   0.292200   0.290600   0.294800   0.296400   0.310800   0.329400   0.328600   0.355600   0.341400   0.348400   0.495200   0.560600   0.702600 
173   0.289400   0.288000   0.291800   0.293400   0.307800   0.326800   0.325400   0.353000   0.338400   0.345400   0.492600   0.558200   0.701000 
174   0.286800   0.285200   0.288800   0.290600   0.304800   0.324200   0.322200   0.350400   0.335400   0.342400   0.490000   0.555800   0.699400 
175   0.284000   0.282400   0.285800   0.287800   0.301800   0.321600   0.319000   0.347800   0.332600   0.339600   0.487400   0.553400   0.697800 
176   0.281200   0.279600   0.282800   0.285000   0.299000   0.319000   0.315800   0.345200   0.329800   0.336800   0.484800   0.551000   0.696200 
177   0.278400   0.276800   0.279800   0.282400   0.296200   0.316400   0.312800   0.342600   0.327000   0.334000   0.482400   0.548600   0.694600 
178   0.275800   0.274000   0.277000   0.279800   0.293400   0.313800   0.309800   0.340000   0.324200   0.331200   0.480000   0.546200   0.693000 
179   0.273200   0.271200   0.274200   0.277400   0.290600   0.311200   0.307000   0.337400   0.321400   0.328400   0.477600   0.543800   0.691400 
180   0.270800   0.268400   0.271600   0.274800   0.287800   0.308600   0.304200   0.334800   0.318800   0.325600   0.475400   0.541400   0.689800 
181   0.268400   0.265600   0.268800   0.272200   0.285000   0.306000   0.301400   0.332200   0.316200   0.322800   0.473200   0.539000   0.688200 
182   0.266000   0.263200   0.266000   0.269600   0.282200   0.303800   0.298600   0.329600   0.313600   0.320000   0.471000   0.536600   0.686600 
183   0.263600   0.260800   0.263400   0.267000   0.279600   0.301600   0.296000   0.327000   0.311000   0.317200   0.468800   0.534200   0.685000 
184   0.261200   0.258400   0.260800   0.264400   0.277000   0.299400   0.293400   0.324400   0.308400   0.314400   0.466600   0.532000   0.683400 
185   0.258800   0.256000   0.258200   0.261800   0.274600   0.297200   0.290800   0.321800   0.305800   0.311800   0.464400   0.529800   0.681800 
186   0.256400   0.253600   0.255600   0.259400   0.272200   0.295000   0.288200   0.319200   0.303200   0.309200   0.462200   0.527600   0.680200 
187   0.254000   0.251200   0.253000   0.257200   0.270000   0.292800   0.285600   0.316600   0.300600   0.306600   0.460000   0.525400   0.678600 
188   0.251600   0.248800   0.250400   0.255000   0.267800   0.290600   0.283000   0.314000   0.298200   0.304000   0.457800   0.523200   0.677000 
189   0.249200   0.246400   0.247800   0.252800   0.265600   0.288400   0.280400   0.311400   0.295600   0.301400   0.455600   0.521000   0.675400 
190   0.247000   0.244000   0.245200   0.250600   0.263400   0.286200   0.277800   0.308800   0.293200   0.298800   0.453400   0.518800   0.673800 
191   0.244800   0.241600   0.242800   0.248400   0.261200   0.284000   0.275000   0.306200   0.290800   0.296200   0.451200   0.516600   0.672200 
192   0.242600   0.239200   0.240400   0.246200   0.259000   0.281800   0.272200   0.303800   0.288400   0.293600   0.449000   0.514400   0.670600 
193   0.240400   0.236800   0.238200   0.244000   0.256800   0.279600   0.269400   0.301400   0.286000   0.291000   0.446800   0.512200   0.669000 
194   0.238200   0.234400   0.236000   0.241800   0.254600   0.277400   0.266800   0.299000   0.283600   0.288400   0.444600   0.510000   0.667400 
195   0.236200   0.232200   0.233800   0.239600   0.252400   0.275200   0.264200   0.296600   0.281200   0.285800   0.442400   0.507800   0.665800 
196   0.234200   0.230000   0.231800   0.237400   0.250200   0.273000   0.261600   0.294200   0.278800   0.283200   0.440200   0.505600   0.664200 
197   0.232200   0.227800   0.229800   0.235200   0.248000   0.270800   0.259200   0.291800   0.276600   0.280600   0.438000   0.503400   0.662600 
198   0.230200   0.225800   0.227800   0.233000   0.245800   0.268600   0.257000   0.289400   0.274400   0.278200   0.435800   0.501200   0.661000 
199   0.228200   0.223800   0.226000   0.230800   0.243600   0.266400   0.254800   0.287000   0.272200   0.275800   0.433600   0.499000   0.659400 
200   0.226200   0.221800   0.224200   0.228600   0.241400   0.264200   0.252600   0.284600   0.270000   0.273400   0.431400   0.496800   0.657800 
201   0.224200   0.219800   0.222400   0.226400   0.239200   0.262000   0.250400   0.282400   0.267800   0.271000   0.429200   0.494600   0.656400 
202   0.222200   0.217800   0.220600   0.224200   0.237000   0.259800   0.248200   0.280200   0.265600   0.268600   0.427000   0.492400   0.655000 
203   0.220200   0.216000   0.218800   0.222000   0.234800   0.257600   0.246000   0.278200   0.263400   0.266200   0.424800   0.490200   0.653600 
204   0.218200   0.214200   0.217000   0.219800   0.232600   0.255400   0.243800   0.276200   0.261200   0.263800   0.422800   0.488000   0.652200 
205   0.216200   0.212400   0.215200   0.217600   0.230400   0.253200   0.241600   0.274200   0.259200   0.261400   0.420800   0.485800   0.650800 
206   0.214200   0.210600   0.213400   0.215400   0.228200   0.251000   0.239600   0.272200   0.257200   0.259000   0.418800   0.483600   0.649400 
207   0.212200   0.208800   0.211600   0.213200   0.226000   0.248800   0.237800   0.270200   0.255200   0.256600   0.416800   0.481400   0.648000 
208   0.210200   0.207000   0.209800   0.211000   0.223800   0.246600   0.236000   0.268200   0.253200   0.254200   0.414800   0.479200   0.646600 
209   0.208400   0.205200   0.208000   0.209000   0.221600   0.244600   0.234200   0.266200   0.251400   0.251800   0.412800   0.477000   0.645200 
210   0.206600   0.203400   0.206200   0.207000   0.219400   0.242800   0.232400   0.264200   0.249600   0.249400   0.410800   0.474800   0.643800 
211   0.204800   0.201600   0.204400   0.205000   0.217200   0.241000   0.230600   0.262200   0.247800   0.247000   0.408800   0.472600   0.642400 
212   0.203000   0.199800   0.202600   0.203000   0.215200   0.239200   0.228800   0.260200   0.246000   0.244800   0.406800   0.470400   0.641000 
213   0.201200   0.198000   0.200800   0.201000   0.213400   0.237400   0.227000   0.258200   0.244200   0.242600   0.404800   0.468200   0.639600 
214   0.199400   0.196200   0.199000   0.199000   0.211600   0.235600   0.225200   0.256200   0.242400   0.240400   0.402800   0.466000   0.638200 
215   0.197600   0.194400   0.197200   0.197000   0.210000   0.233800   0.223400   0.254200   0.240600   0.238400   0.401000   0.463800   0.636800 
216   0.195800   0.192600   0.195400   0.195000   0.208600   0.232000   0.221600   0.252200   0.238800   0.236400   0.399200   0.461600   0.635400 
217   0.194000   0.190800   0.193600   0.193000   0.207200   0.230200   0.219800   0.250200   0.237000   0.234600   0.397400   0.459400   0.634000 
218   0.192200   0.189000   0.191800   0.191000   0.205800   0.228400   0.218000   0.248200   0.235200   0.233000   0.395600   0.457200   0.632600 
219   0.190400   0.187200   0.190000   0.189200   0.204400   0.226600   0.216200   0.246200   0.233400   0.231400   0.393800   0.455000   0.631200 
220   0.188600   0.185400   0.188200   0.187400   0.202800   0.224800   0.214400   0.244200   0.231600   0.229800   0.392000   0.452800   0.629800 
221   0.186800   0.183600   0.186400   0.185600   0.201200   0.223000   0.212600   0.242200   0.229800   0.228000   0.390200   0.450600   0.628400 
222   0.185000   0.181800   0.184600   0.183800   0.199600   0.221200   0.210800   0.240200   0.228000   0.226200   0.388400   0.448400   0.627000 
223   0.183200   0.180200   0.183000   0.182000   0.198000   0.219600   0.209200   0.238200   0.226200   0.224400   0.386600   0.446200   0.625600 
224   0.181400   0.178600   0.181400   0.180200   0.196400   0.218000   0.207600   0.236200   0.224400   0.222600   0.384800   0.444000   0.624200 
225   0.179600   0.177000   0.179800   0.178400   0.194800   0.216400   0.206000   0.234200   0.222600   0.221000   0.383000   0.441800   0.622800 
226   0.177800   0.175400   0.178200   0.176800   0.193200   0.215000   0.204400   0.232200   0.220800   0.219400   0.381200   0.439600   0.621400 
227   0.176000   0.173800   0.176600   0.175400   0.191600   0.213600   0.202800   0.230200   0.219000   0.217800   0.379400   0.437400   0.620000 
228   0.174200   0.172200   0.175000   0.174000   0.190000   0.212200   0.201000   0.228200   0.217200   0.216200   0.377600   0.435200   0.618600 
229   0.172400   0.170600   0.173600   0.172600   0.188400   0.210800   0.199200   0.226200   0.215600   0.214600   0.375800   0.433000   0.617200 
230   0.170800   0.169000   0.172200   0.171200   0.187000   0.209400   0.197600   0.224200   0.214000   0.213000   0.374000   0.430800   0.615800 
231   0.169400   0.167400   0.170800   0.169800   0.185600   0.208000   0.196000   0.222200   0.212400   0.211400   0.372200   0.428600   0.614400 
232   0.168000   0.165800   0.169400   0.168600   0.184200   0.206600   0.194400   0.220200   0.210800   0.209800   0.370400   0.426400   0.613000 
233   0.166600   0.164400   0.168000   0.167400   0.182800   0.205200   0.192800   0.218400   0.209200   0.208200   0.368600   0.424200   0.611600 
234   0.165600   0.163000   0.166600   0.166200   0.181400   0.203800   0.191200   0.216600   0.207600   0.206600   0.366800   0.422000   0.610200 
235   0.164600   0.161600   0.165200   0.165000   0.180000   0.202400   0.189600   0.215000   0.206000   0.205000   0.365000   0.419800   0.608800 
236   0.163600   0.160200   0.163800   0.163800   0.178600   0.200800   0.188000   0.213400   0.204400   0.203400   0.363200   0.417600   0.607400 
237   0.162600   0.159000   0.162400   0.162600   0.177200   0.199200   0.186400   0.211800   0.203000   0.201800   0.361400   0.415400   0.606000 
238   0.161600   0.158000   0.161000   0.161400   0.175800   0.197800   0.184800   0.210200   0.201800   0.200200   0.359600   0.413200   0.604600 
239   0.160600   0.157000   0.159800   0.160200   0.174400   0.196400   0.183200   0.208600   0.200600   0.198600   0.357800   0.411000   0.603200 
240   0.159600   0.156000   0.158600   0.158800   0.173000   0.195200   0.181600   0.207000   0.199400   0.197000   0.356000   0.408800   0.601800 
241   0.158600   0.154800   0.157600   0.157400   0.171600   0.194000   0.180000   0.205400   0.198200   0.195400   0.354200   0.406600   0.600400 
242   0.157600   0.153600   0.156600   0.156200   0.170200   0.192800   0.178600   0.203800   0.197000   0.193800   0.352400   0.404400   0.599000 
243   0.156400   0.152400   0.155600   0.155200   0.168800   0.191600   0.177200   0.202200   0.195800   0.192400   0.350600   0.402200   0.597600 
244   0.155200   0.151200   0.154600   0.154200   0.167600   0.190400   0.175800   0.200600   0.194600   0.191000   0.348800   0.400000   0.596200 
245   0.154000   0.150000   0.153600   0.153200   0.166400   0.189200   0.174600   0.199000   0.193400   0.189600   0.347000   0.397800   0.594800 
246   0.152800   0.148800   0.152600   0.152200   0.165200   0.188200   0.173400   0.197400   0.192200   0.188200   0.345200   0.395600   0.593400 
247   0.151600   0.147600   0.151600   0.151200   0.164000   0.187200   0.172200   0.195800   0.191000   0.186800   0.343400   0.393400   0.592000 
248   0.150400   0.146400   0.150600   0.150200   0.162800   0.186200   0.171000   0.194200   0.190000   0.185400   0.341600   0.391200   0.590600 
249   0.149200   0.145200   0.149600   0.149200   0.161600   0.185200   0.169800   0.192800   0.189000   0.184000   0.339800   0.389000   0.589200 
250   0.148000   0.144200   0.148600   0.148200   0.160400   0.184200   0.168600   0.191400   0.188000   0.182600   0.338000   0.386800   0.587800 
251   0.146800   0.143200   0.147600   0.147200   0.159200   0.183200   0.167400   0.190000   0.187000   0.181200   0.336200   0.384600   0.586400 
252   0.145800   0.142200   0.146800   0.146200   0.158000   0.182200   0.166200   0.188600   0.186000   0.179800   0.334600   0.382400   0.585000 
253   0.144800   0.141200   0.146000   0.145200   0.156800   0.181200   0.165000   0.187200   0.185000   0.178400   0.333000   0.380200   0.583600 
254   0.143800   0.140200   0.145200   0.144200   0.155600   0.180200   0.163800   0.185800   0.184000   0.177000   0.331400   0.378000   0.582200 
255   0.142800   0.139200   0.144400   0.143200   0.154400   0.179200   0.162600   0.184400   0.183000   0.175600   0.329800   0.375800   0.580800 
256   0.141800   0.138200   0.143600   0.142200   0.153400   0.178200   0.161400   0.183000   0.182000   0.174200   0.328200   0.373600   0.579400 
257   0.140800   0.137200   0.142800   0.141200   0.152400   0.177200   0.160200   0.181600   0.181200   0.172800   0.326600   0.371400   0.578000 
258   0.139800   0.136200   0.142000   0.140200   0.151400   0.176200   0.159000   0.180200   0.180400   0.171400   0.325000   0.369200   0.576600 
259   0.138800   0.135200   0.141200   0.139200   0.150400   0.175200   0.157800   0.178800   0.179600   0.170000   0.323400   0.367000   0.575200 
260   0.137800   0.134200   0.140400   0.138200   0.149400   0.174200   0.156600   0.177400   0.178800   0.168600   0.321800   0.364800   0.573800 
261   0.136800   0.133200   0.139600   0.137200   0.148600   0.173200   0.155600   0.176000   0.178000   0.167200   0.320200   0.362600   0.572400 
262   0.135800   0.132200   0.138800   0.136400   0.147800   0.172200   0.154600   0.174800   0.177200   0.165800   0.318600   0.360400   0.571000 
263   0.134800   0.131200   0.138000   0.135600   0.147000   0.171400   0.153600   0.173600   0.176400   0.164400   0.317000   0.358200   0.569600 
264   0.133800   0.130200   0.137200   0.134800   0.146200   0.170600   0.152600   0.172400   0.175600   0.163000   0.315400   0.356000   0.568200 
265   0.132800   0.129200   0.136400   0.134000   0.145400   0.169800   0.151600   0.171200   0.174800   0.161600   0.313800   0.353800   0.566800 
266   0.131800   0.128400   0.135600   0.133200   0.144600   0.169000   0.150600   0.170000   0.174000   0.160200   0.312200   0.351600   0.565400 
267   0.130800   0.127600   0.134800   0.132400   0.143800   0.168200   0.149600   0.168800   0.173400   0.159000   0.310600   0.349400   0.564000 
268   0.129800   0.126800   0.134200   0.131600   0.143000   0.167400   0.148600   0.167600   0.172800   0.157800   0.309000   0.347200   0.562600 
269   0.128800   0.126200   0.133600   0.130800   0.142200   0.166600   0.147800   0.166400   0.172200   0.156800   0.307400   0.345000   0.561200 
270   0.128200   0.125600   0.133000   0.130000   0.141400   0.165800   0.147000   0.165200   0.171600   0.156000   0.305800   0.342800   0.559800 
271   0.127600   0.125000   0.132400   0.129200   0.140600   0.165000   0.146200   0.164000   0.171000   0.155200   0.304200   0.340600   0.558400 
272   0.127000   0.124400   0.132000   0.128400   0.139800   0.164200   0.145400   0.163000   0.170400   0.154400   0.302600   0.338400   0.557000 
273   0.126400   0.123800   0.131600   0.127600   0.139200   0.163400   0.144600   0.162000   0.170000   0.153600   0.301200   0.336200   0.555600 
274   0.125800   0.123200   0.131200   0.126800   0.138600   0.162600   0.143800   0.161000   0.169600   0.152800   0.299800   0.334000   0.554200 
275   0.125200   0.122600   0.130800   0.126000   0.138000   0.161800   0.143000   0.160200   0.169200   0.152000   0.298400   0.331800   0.552800 
276   0.124600   0.122000   0.130400   0.125200   0.137400   0.161000   0.142200   0.159400   0.168800   0.151200   0.297000   0.329600   0.551400 
277   0.124200   0.121400   0.130000   0.124400   0.136800   0.160200   0.141400   0.158600   0.168400   0.150400   0.295600   0.327400   0.550000 
278   0.123800   0.120800   0.129600   0.123600   0.136200   0.159400   0.140800   0.157800   0.168000   0.149800   0.294200   0.325200   0.548600 
279   0.123400   0.120400   0.129200   0.123000   0.135600   0.158800   0.140200   0.157200   0.167600   0.149000   0.292800   0.323000   0.547200 
280   0.123000   0.120000   0.128800   0.122400   0.135200   0.158200   0.139600   0.156600   0.167200   0.148200   0.291200   0.320800   0.545800 
281   0.122600   0.119600   0.128400   0.121800   0.135000   0.157600   0.139000   0.156000   0.166800   0.147400   0.289600   0.318600   0.544400 
282   0.122200   0.119200   0.128000   0.121200   0.134800   0.157200   0.138400   0.155400   0.166600   0.146400   0.288200   0.316400   0.543000 
283   0.121800   0.118800   0.127600   0.120600   0.134600   0.156800   0.137800   0.154800   0.166400   0.145600   0.286800   0.314200   0.541600 
284   0.121400   0.118400   0.127200   0.120000   0.134400   0.156400   0.137200   0.154200   0.166200   0.144800   0.285400   0.312000   0.540200 
285   0.121000   0.118000   0.126800   0.119400   0.134200   0.156000   0.136600   0.153600   0.166000   0.144000   0.284000   0.309800   0.538800 
286   0.120600   0.117600   0.126400   0.118800   0.134000   0.155800   0.136000   0.153000   0.165800   0.143200   0.282600   0.307600   0.537400 
287   0.120200   0.117200   0.126000   0.118200   0.133800   0.155600   0.135600   0.152400   0.165600   0.142400   0.281200   0.305400   0.536000 
288   0.119800   0.116800   0.125600   0.117800   0.133600   0.155400   0.135200   0.151800   0.165400   0.141600   0.279800   0.303200   0.534600 
289   0.119400   0.116400   0.125200   0.117400   0.133400   0.155200   0.134800   0.151200   0.165200   0.140800   0.278400   0.301000   0.533200 
290   0.119000   0.116000   0.124800   0.117000   0.133400   0.155000   0.134400   0.150800   0.165000   0.140000   0.277000   0.298800   0.531800 
291   0.118600   0.115600   0.124400   0.116600   0.133400   0.154800   0.134000   0.150400   0.164800   0.139200   0.275600   0.296600   0.530400 
292   0.118200   0.115200   0.124000   0.116200   0.133400   0.154600   0.133600   0.150000   0.164600   0.138400   0.274200   0.294400   0.529000 
293   0.117800   0.114800   0.123600   0.115800   0.133400   0.154600   0.133200   0.149600   0.164400   0.137600   0.272800   0.292200   0.527600 
294   0.117400   0.114400   0.123200   0.115400   0.133400   0.154600   0.132800   0.149200   0.164200   0.136800   0.271400   0.290000   0.526200 
295   0.117000   0.114000   0.122800   0.115000   0.133400   0.154600   0.132400   0.148800   0.164000   0.136000   0.270000   0.287800   0.524800 
296   0.116600   0.113600   0.122400   0.114600   0.133400   0.154600   0.132000   0.148400   0.163800   0.135200   0.268600   0.285600   0.523400 
297   0.116200   0.113200   0.122000   0.114200   0.133400   0.154600   0.131600   0.148000   0.163600   0.134400   0.267200   0.283600   0.522000 
298   0.115800   0.112800   0.121600   0.113800   0.133400   0.154600   0.131200   0.147600   0.163400   0.133600   0.265800   0.281600   0.520600 
299   0.115400   0.112400   0.121200   0.113600   0.133400   0.154600   0.130800   0.147200   0.163200   0.132800   0.264400   0.279600   0.519200 
300   0.115000   0.112000   0.120800   0.113400   0.133400   0.154600   0.130600   0.146800   0.163000   0.132000   0.263000   0.277600   0.517800 
301   0.114600   0.111600   0.120400   0.113200   0.133400   0.154600   0.130400   0.146400   0.163000   0.131200   0.261600   0.275600   0.516400 
302   0.114200   0.111200   0.120000   0.113000   0.133400   0.154600   0.130200   0.146000   0.163000   0.130400   0.260200   0.273600   0.515000 
303   0.113800   0.110800   0.119600   0.112800   0.133400   0.154600   0.130000   0.145400   0.163000   0.129600   0.258800   0.271600   0.513600 
304   0.113400   0.110400   0.119200   0.112600   0.133400   0.154600   0.129800   0.145000   0.163000   0.128800   0.257400   0.269600   0.512200 
305   0.113000   0.110000   0.118800   0.112600   0.133200   0.154600   0.129600   0.144600   0.163000   0.128200   0.256000   0.267600   0.510800 
306   0.112600   0.109600   0.118400   0.112600   0.133200   0.154600   0.129400   0.144200   0.163200   0.127600   0.254600   0.265600   0.509400 
307   0.112200   0.109200   0.118000   0.112800   0.133200   0.154400   0.129200   0.143800   0.163400   0.127000   0.253400   0.263600   0.508000 
308   0.111800   0.108800   0.117600   0.113000   0.133200   0.154400   0.129000   0.143400   0.163600   0.126400   0.252200   0.261600   0.506600 
309   0.111400   0.108400   0.117200   0.113200   0.133200   0.154400   0.128800   0.143000   0.163600   0.125800   0.251000   0.259600   0.505200 
310   0.111000   0.108000   0.116800   0.113400   0.133200   0.154400   0.128600   0.142600   0.163800   0.125200   0.249800   0.257600   0.503800 
311   0.110600   0.107600   0.116400   0.113600   0.133200   0.154400   0.128400   0.142200   0.164200   0.124600   0.248600   0.255600   0.502400 
312   0.110200   0.107200   0.116000   0.113800   0.133200   0.154400   0.128200   0.141800   0.164600   0.124000   0.247400   0.253800   0.501000 
313   0.109800   0.106800   0.115600   0.114000   0.133200   0.154400   0.128000   0.141400   0.165000   0.123400   0.246200   0.252000   0.499600 
314   0.109400   0.106400   0.115200   0.114200   0.133200   0.154400   0.127600   0.141000   0.165400   0.122800   0.245000   0.250200   0.498400 
315   0.109000   0.106000   0.115000   0.114400   0.133200   0.154400   0.127400   0.140600   0.165800   0.122400   0.243800   0.248400   0.497200 
316   0.108600   0.105800   0.114800   0.114600   0.133200   0.154400   0.127200   0.140200   0.166200   0.122000   0.242600   0.246600   0.496000 
317   0.108200   0.105600   0.114600   0.114800   0.133200   0.154400   0.127000   0.139800   0.166800   0.121600   0.241400   0.244800   0.494800 
318   0.107800   0.105400   0.114200   0.115000   0.133200   0.154400   0.126800   0.139800   0.167400   0.121200   0.240200   0.243000   0.493600 
319   0.107400   0.105200   0.113800   0.115200   0.133200   0.154400   0.126600   0.139800   0.168000   0.120800   0.239000   0.241200   0.492400 
320   0.107000   0.105000   0.113400   0.115400   0.133400   0.154400   0.126400   0.139800   0.168600   0.120400   0.237800   0.239400   0.491200 
321   0.106400   0.104800   0.113000   0.115600   0.133600   0.154400   0.126400   0.139800   0.169200   0.120000   0.236600   0.237600   0.490000 
322   0.106000   0.104600   0.112600   0.115800   0.133800   0.154400   0.126400   0.140000   0.169800   0.119600   0.235400   0.235800   0.488800 
323   0.105600   0.104400   0.112200   0.115800   0.134000   0.154400   0.126400   0.140200   0.170400   0.119200   0.234200   0.234000   0.487800 
324   0.105000   0.104400   0.111800   0.116000   0.134200   0.154400   0.126400   0.140400   0.171000   0.118800   0.233000   0.232200   0.486800 
325   0.104600   0.104400   0.111400   0.116200   0.134400   0.154400   0.126400   0.140600   0.171600   0.118200   0.231800   0.230400   0.485800 
326   0.104200   0.104400   0.111200   0.116400   0.134600   0.154400   0.126400   0.141000   0.172200   0.117600   0.230600   0.228600   0.484800 
327   0.103800   0.104200   0.111000   0.116600   0.134800   0.154400   0.126200   0.141400   0.172800   0.117000   0.229600   0.226800   0.483800 
328   0.103400   0.104000   0.110800   0.116800   0.135000   0.154400   0.126000   0.141800   0.173600   0.116600   0.228600   0.225000   0.482800 
329   0.103000   0.103600   0.110600   0.117000   0.135200   0.154400   0.125800   0.142200   0.174400   0.116200   0.227600   0.223200   0.481800 
330   0.102800   0.103400   0.110400   0.117200   0.135400   0.154200   0.125600   0.142600   0.175200   0.115800   0.226800   0.221400   0.480800 
331   0.102600   0.103200   0.110400   0.117400   0.135600   0.154000   0.125400   0.143000   0.176000   0.115400   0.226000   0.219600   0.479800 
332   0.102400   0.103000   0.110400   0.117600   0.135800   0.153600   0.125200   0.143400   0.176800   0.115000   0.225200   0.217800   0.478800 
333   0.102000   0.102800   0.110400   0.117800   0.136000   0.153200   0.125000   0.143800   0.177600   0.114600   0.224400   0.216000   0.477800 
334   0.101600   0.102800   0.110400   0.118000   0.136000   0.152800   0.124800   0.144400   0.178400   0.114200   0.223600   0.214400   0.476800 
335   0.101200   0.102800   0.110400   0.118200   0.136000   0.152400   0.124600   0.145000   0.179200   0.113800   0.222800   0.212800   0.475800 
336   0.100800   0.102800   0.110600   0.118400   0.136000   0.152000   0.124400   0.145600   0.180000   0.113400   0.222000   0.211200   0.474800 
337   0.100400   0.102600   0.110800   0.118600   0.136000   0.151600   0.124200   0.146400   0.180800   0.113000   0.221200   0.209600   0.473800 
338   0.100200   0.102400   0.110800   0.118800   0.136000   0.151200   0.124000   0.147400   0.181600   0.112600   0.220400   0.208000   0.472800 
339   0.100000   0.102200   0.110800   0.119000   0.136000   0.150800   0.123800   0.148400   0.182400   0.112200   0.219600   0.206400   0.471800 
340   0.099800   0.102000   0.110800   0.119200   0.136000   0.150400   0.123600   0.149400   0.183400   0.111800   0.218800   0.204800   0.470800 
341   0.099600   0.101800   0.110800   0.119400   0.136000   0.150000   0.123400   0.150400   0.184400   0.111400   0.218000   0.203200   0.469800 
342   0.099400   0.101800   0.110800   0.119400   0.136000   0.149800   0.123400   0.151400   0.185400   0.111000   0.217200   0.201600   0.468800 
343   0.099400   0.101800   0.111000   0.119200   0.136000   0.149600   0.123400   0.152400   0.186400   0.110600   0.216400   0.200000   0.467800 
344   0.099600   0.101800   0.111200   0.119000   0.136000   0.149400   0.123400   0.153400   0.187400   0.110200   0.215600   0.198400   0.466800 
345   0.099600   0.101800   0.111400   0.118800   0.136000   0.149200   0.123400   0.154400   0.188400   0.109800   0.214800   0.196800   0.465800 
346   0.099600   0.101800   0.111600   0.118600   0.136000   0.149000   0.123400   0.155400   0.189400   0.109400   0.214000   0.195200   0.464800 
347   0.099600   0.101800   0.111800   0.118200   0.136000   0.148800   0.123400   0.156400   0.190400   0.109200   0.213200   0.193600   0.463800 
348   0.099800   0.101800   0.112000   0.117800   0.136000   0.148600   0.123400   0.157400   0.191200   0.109000   0.212400   0.192000   0.462800 
349   0.099800   0.101800   0.112000   0.117400   0.136000   0.148400   0.123400   0.158400   0.192000   0.108800   0.211600   0.190400   0.461800 
350   0.099800   0.101800   0.112000   0.117000   0.136000   0.148200   0.123400   0.159400   0.192800   0.108600   0.210800   0.188800   0.460800 
351   0.099800   0.101800   0.112000   0.116600   0.136000   0.148000   0.123400   0.160400   0.193600   0.108400   0.210000   0.187400   0.459800 
352   0.099800   0.101800   0.111800   0.116200   0.136000   0.147800   0.123400   0.161400   0.194400   0.108200   0.209200   0.186000   0.458800 
353   0.099800   0.101800   0.111600   0.116000   0.136000   0.147600   0.123600   0.162400   0.195200   0.108000   0.208400   0.184600   0.457800 
354   0.099800   0.101800   0.111400   0.116000   0.136000   0.147400   0.123800   0.163400   0.196000   0.107800   0.207600   0.183200   0.456800 
355   0.099800   0.101800   0.111400   0.116000   0.136000   0.147200   0.124200   0.164200   0.196800   0.107600   0.206800   0.181800   0.455800 
356   0.099800   0.101800   0.111400   0.116000   0.135800   0.147000   0.124600   0.165000   0.197600   0.107400   0.206000   0.180400   0.454800 
357   0.099800   0.101800   0.111400   0.116000   0.135600   0.146800   0.125000   0.165800   0.198400   0.107200   0.205200   0.179000   0.453800 
358   0.099800   0.101800   0.111400   0.116000   0.135400   0.146600   0.125400   0.166600   0.199200   0.107000   0.204400   0.177600   0.452800 
359   0.099800   0.101800   0.111400   0.116000   0.135200   0.146400   0.125800   0.167400   0.200000   0.106800   0.203600   0.176200   0.451800 
360   0.099800   0.101800   0.111400   0.116000   0.134800   0.146200   0.126400   0.168200   0.200800   0.106400   0.202800   0.174800   0.450800 
361   0.099800   0.101800   0.111400   0.116000   0.134400   0.146000   0.127200   0.169000   0.201600   0.106000   0.202000   0.173400   0.449800 
362   0.099800   0.101800   0.111400   0.116000   0.134000   0.145800   0.128000   0.169800   0.202400   0.105600   0.201200   0.172000   0.448800 
363   0.099800   0.101800   0.111400   0.116000   0.133800   0.145600   0.128800   0.170600   0.203200   0.105200   0.200400   0.170600   0.447800 
364   0.099800   0.101800   0.111400   0.116000   0.133600   0.145400   0.129600   0.171400   0.204000   0.104800   0.199600   0.169200   0.446800 
365   0.099800   0.101800   0.111400   0.116000   0.133400   0.145200   0.130400   0.172200   0.204800   0.104400   0.198800   0.167800   0.445800 
366   0.099800   0.101800   0.111400   0.116000   0.133200   0.145000   0.131200   0.173000   0.205600   0.104000   0.198000   0.166400   0.444800 
367   0.099800   0.101800   0.111400   0.116000   0.133000   0.144800   0.132000   0.173800   0.206400   0.103600   0.197200   0.165000   0.443800 
368   0.099800   0.101800   0.111400   0.116000   0.132800   0.144600   0.132800   0.174600   0.207200   0.103200   0.196400   0.163600   0.442800 
369   0.099800   0.101800   0.111400   0.116000   0.132600   0.144600   0.133600   0.175400   0.208000   0.102800   0.195600   0.162200   0.441800 
370   0.099800   0.101800   0.111400   0.116000   0.132400   0.144600   0.134400   0.176200   0.208800   0.102400   0.194800   0.160800   0.440800 
371   0.099800   0.101800   0.111400   0.116000   0.132200   0.144600   0.135200   0.177000   0.209600   0.102000   0.194000   0.159400   0.439800 
372   0.099800   0.101800   0.111400   0.116000   0.132000   0.144600   0.136000   0.177800   0.210400   0.101600   0.193200   0.158000   0.438800 
373   0.099800   0.101800   0.111400   0.116000   0.132000   0.144600   0.137000   0.178600   0.211200   0.101200   0.192400   0.156600   0.437800 
374   0.099800   0.101800   0.111400   0.116000   0.132000   0.144600   0.138000   0.179400   0.211800   0.100800   0.191600   0.155200   0.436800 
375   0.099800   0.101800   0.111400   0.116000   0.132000   0.144600   0.139000   0.180200   0.212400   0.100400   0.190800   0.153800   0.435800 
376   0.099800   0.101800   0.111400   0.116000   0.132000   0.144600   0.139800   0.181000   0.213000   0.100000   0.190000   0.152400   0.434800 
377   0.099800   0.101800   0.111400   0.116000   0.132000   0.144600   0.140600   0.181800   0.213600   0.099600   0.189200   0.151000   0.433800 
378   0.099800   0.101800   0.111400   0.116000   0.132000   0.144800   0.141400   0.182600   0.214400   0.099200   0.188400   0.149600   0.432800 
379   0.099800   0.101800   0.111400   0.116000   0.132000   0.145200   0.142000   0.183400   0.215200   0.098800   0.187600   0.148200   0.431800 
380   0.099800   0.101800   0.111400   0.116000   0.132000   0.145600   0.142600   0.184200   0.215800   0.098400   0.186800   0.146800   0.430800 
381   0.099800   0.101800   0.111400   0.116200   0.132000   0.146000   0.143200   0.185000   0.216400   0.098000   0.186000   0.145400   0.429800 
382   0.099800   0.101800   0.111400   0.116400   0.132000   0.146400   0.144000   0.185800   0.217000   0.097600   0.185400   0.144000   0.429000 
383   0.099800   0.101800   0.111400   0.116600   0.132000   0.146800   0.144800   0.186600   0.217600   0.097200   0.184800   0.142600   0.428200 
384   0.099800   0.101800   0.111400   0.116800   0.132000   0.147200   0.145600   0.187400   0.218200   0.096800   0.184200   0.141200   0.427400 
385   0.099800   0.102000   0.111400   0.117000   0.132000   0.147600   0.146400   0.188200   0.218800   0.096400   0.183600   0.139800   0.426600 
386   0.099800   0.102200   0.111600   0.117200   0.132000   0.148000   0.147200   0.189000   0.219400   0.096000   0.183000   0.138400   0.425800 
387   0.099800   0.102400   0.111800   0.117400   0.132000   0.148400   0.148000   0.189800   0.220000   0.095600   0.182400   0.137000   0.425000 
388   0.100000   0.102600   0.112000   0.117600   0.132000   0.148800   0.148800   0.190600   0.220600   0.095200   0.182000   0.135600   0.424200 
389   0.100200   0.102800   0.112200   0.117800   0.132000   0.149200   0.149600   0.191400   0.221200   0.094800   0.181600   0.134200   0.423400 
390   0.100400   0.103000   0.112400   0.118000   0.132000   0.149600   0.150400   0.192000   0.221800   0.094400   0.181200   0.132800   0.422600 
391   0.100600   0.103200   0.112600   0.118200   0.132000   0.150400   0.151200   0.192600   0.222400   0.094000   0.180600   0.131400   0.421800 
392   0.100800   0.103400   0.112800   0.118400   0.132000   0.151200   0.152000   0.193200   0.223000   0.093600   0.180000   0.130000   0.421000 
393   0.101000   0.103600   0.113000   0.118600   0.132000   0.152000   0.152800   0.193800   0.223600   0.093200   0.179400   0.128600   0.420200 
394   0.101400   0.103800   0.113200   0.118800   0.132000   0.152600   0.153400   0.194200   0.224200   0.092800   0.178800   0.127200   0.419400 
395   0.101800   0.104000   0.113400   0.119000   0.132000   0.153200   0.154000   0.194600   0.224800   0.092400   0.178200   0.125800   0.418600 
396   0.102200   0.104400   0.113600   0.119200   0.132200   0.153800   0.154600   0.195000   0.225400   0.092000   0.177600   0.124400   0.417800 
397   0.102600   0.104800   0.113800   0.119400   0.132400   0.154400   0.155200   0.195400   0.226000   0.091800   0.177000   0.123000   0.417000 
398   0.103000   0.105200   0.114000   0.119600   0.132600   0.155000   0.155800   0.195600   0.226800   0.091600   0.176400   0.121600   0.416200 
399   0.103400   0.105600   0.114200   0.119800   0.132800   0.155600   0.156400   0.195800   0.227600   0.091400   0.175800   0.120200   0.415400 
400   0.103800   0.106000   0.114600   0.120000   0.133000   0.156200   0.157000   0.196000   0.228400   0.091200   0.175200   0.118800   0.414600 
401   0.104200   0.106400   0.115000   0.120200   0.133200   0.156600   0.157600   0.196200   0.229200   0.091000   0.174600   0.117400   0.413800 
402   0.104600   0.106800   0.115400   0.120400   0.133400   0.157000   0.158000   0.196400   0.230200   0.090800   0.174000   0.116000   0.413000 
403   0.105000   0.107200   0.115800   0.120600   0.133600   0.157400   0.158400   0.196600   0.231200   0.090600   0.173400   0.114600   0.412200 
404   0.105400   0.107600   0.116200   0.120800   0.133800   0.157800   0.158800   0.196800   0.232200   0.090400   0.172800   0.113200   0.411400 
405   0.105800   0.108000   0.116600   0.121000   0.134000   0.158200   0.159200   0.197000   0.233200   0.090200   0.172200   0.111800   0.410600 
406   0.106200   0.108400   0.117000   0.121200   0.134400   0.158600   0.159600   0.197200   0.234200   0.090000   0.171600   0.110400   0.409800 
407   0.106600   0.108800   0.117400   0.121400   0.134800   0.159200   0.160000   0.197400   0.235200   0.089800   0.171000   0.109000   0.409000 
408   0.107000   0.109200   0.117800   0.121600   0.135200   0.159800   0.160400   0.197600   0.236200   0.089600   0.170400   0.107800   0.408200 
409   0.107400   0.109600   0.118200   0.121800   0.135600   0.160400   0.160800   0.197800   0.237200   0.089800   0.169800   0.106800   0.407400 
410   0.107800   0.110000   0.118600   0.122000   0.136000   0.161000   0.161200   0.198000   0.238200   0.090000   0.169200   0.105800   0.406600 
411   0.108200   0.110400   0.119000   0.122400   0.136400   0.161600   0.161600   0.198200   0.239200   0.090200   0.168600   0.104800   0.405800 
412   0.108600   0.110800   0.119400   0.122800   0.137000   0.162200   0.162000   0.198400   0.240200   0.090400   0.168000   0.103800   0.405000 
413   0.109000   0.111200   0.119800   0.123200   0.137600   0.162800   0.162400   0.198600   0.241200   0.090600   0.167400   0.102800   0.404200 
414   0.109400   0.111600   0.120200   0.123600   0.138200   0.163200   0.162800   0.198800   0.242200   0.090800   0.166800   0.101800   0.403400 
415   0.109800   0.112000   0.120600   0.124000   0.138600   0.163600   0.163200   0.199000   0.243200   0.091000   0.166200   0.100800   0.402600 
416   0.110200   0.112400   0.121000   0.124400   0.139000   0.163800   0.163600   0.199200   0.244200   0.091200   0.165600   0.099800   0.401800 
417   0.110600   0.112800   0.121400   0.124800   0.139400   0.164200   0.164000   0.199400   0.245200   0.091400   0.165000   0.098800   0.401000 
418   0.111000   0.113200   0.121800   0.125000   0.139800   0.164600   0.164400   0.199600   0.246200   0.091600   0.164400   0.097800   0.400200 
419   0.111400   0.113600   0.122200   0.125200   0.140200   0.165000   0.164800   0.200000   0.247200   0.091800   0.163800   0.096800   0.399400 
420   0.111800   0.114000   0.122600   0.125400   0.140600   0.165400   0.165200   0.200400   0.248200   0.092000   0.163200   0.095800   0.398600 
421   0.112200   0.114400   0.123000   0.125600   0.141000   0.165800   0.165800   0.200800   0.249200   0.092200   0.162600   0.094800   0.397800 
422   0.112600   0.114800   0.123400   0.125600   0.141400   0.166200   0.166400   0.201200   0.250200   0.092400   0.162000   0.093800   0.397000 
423   0.113000   0.115200   0.123800   0.125600   0.141800   0.166600   0.167000   0.201600   0.251200   0.092600   0.161400   0.092800   0.396200 
424   0.113400   0.115600   0.124200   0.125600   0.142200   0.167000   0.167600   0.202000   0.252200   0.092800   0.160800   0.091800   0.395400 
425   0.113800   0.116000   0.124400   0.125600   0.142600   0.167400   0.168200   0.202400   0.253000   0.093000   0.160200   0.091000   0.394600 
426   0.114200   0.116400   0.124600   0.125600   0.143000   0.167800   0.168800   0.202800   0.253800   0.093200   0.159600   0.090200   0.393800 
427   0.114600   0.116800   0.125000   0.125800   0.143400   0.168200   0.169400   0.203200   0.254600   0.093400   0.159000   0.089400   0.393000 
428   0.115200   0.117000   0.125400   0.126000   0.143800   0.168600   0.170000   0.203600   0.255400   0.093600   0.158600   0.088600   0.392200 
429   0.115400   0.117200   0.125800   0.126200   0.144200   0.169000   0.170600   0.204000   0.256200   0.093800   0.158200   0.087800   0.391400 
430   0.115600   0.117400   0.126200   0.126400   0.144600   0.169400   0.171200   0.204400   0.257000   0.094000   0.157800   0.087000   0.390600 
431   0.115800   0.117400   0.126400   0.126600   0.145000   0.169800   0.171800   0.204800   0.257800   0.094000   0.157400   0.086200   0.389800 
432   0.116000   0.117400   0.126600   0.126800   0.145400   0.170200   0.172400   0.205200   0.258600   0.094000   0.157000   0.085400   0.389000 
433   0.116200   0.117400   0.126800   0.127000   0.145800   0.170600   0.173000   0.205600   0.259400   0.094000   0.156600   0.084600   0.388200 
434   0.116400   0.117400   0.127000   0.127200   0.146200   0.171000   0.173600   0.206200   0.260200   0.094000   0.156200   0.084000   0.387400 
435   0.116600   0.117400   0.127200   0.127400   0.146600   0.171400   0.174200   0.206800   0.261000   0.094000   0.155800   0.083400   0.386600 
436   0.116800   0.117200   0.127400   0.127800   0.147000   0.171800   0.174600   0.207400   0.261600   0.094000   0.155400   0.082800   0.385800 
437   0.117000   0.117000   0.127600   0.128200   0.147400   0.172200   0.175000   0.208000   0.262200   0.094000   0.155000   0.082200   0.385000 
438   0.117200   0.116800   0.127800   0.128600   0.147800   0.172600   0.175200   0.208600   0.262800   0.094000   0.154600   0.081800   0.384200 
439   0.117400   0.116600   0.127800   0.129000   0.148200   0.173000   0.175400   0.209200   0.263400   0.094000   0.154200   0.081400   0.383600 
440   0.117600   0.116600   0.127800   0.129400   0.148600   0.173400   0.175600   0.209800   0.264000   0.094000   0.153800   0.081000   0.383000 
441   0.117800   0.116600   0.127800   0.129800   0.149000   0.173800   0.175800   0.210400   0.264600   0.094000   0.153400   0.080600   0.382400 
442   0.118000   0.116600   0.127800   0.130200   0.149400   0.174200   0.176000   0.211000   0.265200   0.094000   0.153000   0.080200   0.381800 
443   0.118200   0.116600   0.127800   0.130600   0.149800   0.174600   0.176200   0.211600   0.265800   0.093800   0.152600   0.079800   0.381200 
444   0.118400   0.116600   0.127800   0.131000   0.150200   0.174800   0.176400   0.212200   0.266400   0.093600   0.152200   0.079400   0.380800 
445   0.118600   0.116600   0.127800   0.131400   0.150600   0.175000   0.176600   0.212800   0.267000   0.093400   0.151800   0.079000   0.380400 
446   0.119000   0.116600   0.127800   0.131800   0.151000   0.175200   0.176800   0.213400   0.267600   0.093200   0.151400   0.078600   0.380000 
447   0.119400   0.116600   0.127800   0.132200   0.151200   0.175400   0.177000   0.214000   0.268200   0.093000   0.151000   0.078200   0.379600 
448   0.119800   0.116800   0.128000   0.132400   0.151400   0.175600   0.177200   0.214600   0.268800   0.093000   0.150600   0.077800   0.379200 
449   0.120200   0.117000   0.128200   0.132600   0.151600   0.175800   0.177400   0.215200   0.269400   0.093000   0.150200   0.077400   0.378800 
450   0.120600   0.117200   0.128400   0.132800   0.151800   0.176000   0.177600   0.215800   0.270000   0.093000   0.149800   0.077000   0.378400 
451   0.121000   0.117400   0.128600   0.133000   0.152200   0.176200   0.177800   0.216400   0.270600   0.093000   0.149400   0.076600   0.378000 
452   0.121400   0.117600   0.129000   0.133200   0.152600   0.176400   0.178000   0.217000   0.271200   0.093000   0.149000   0.076200   0.377600 
453   0.121800   0.117800   0.129400   0.133400   0.153000   0.176600   0.178200   0.217400   0.271800   0.093000   0.148600   0.075800   0.377200 
454   0.122200   0.118000   0.129800   0.133600   0.153400   0.176800   0.178400   0.217800   0.272400   0.093000   0.148200   0.075400   0.376800 
455   0.122600   0.118600   0.130200   0.133800   0.153600   0.177000   0.178600   0.218200   0.273000   0.093000   0.147800   0.075000   0.376400 
456   0.123000   0.119200   0.130600   0.134200   0.153800   0.177200   0.178800   0.218600   0.273600   0.093000   0.147600   0.074600   0.376000 
457   0.123400   0.119800   0.131000   0.134600   0.154000   0.177400   0.178800   0.219000   0.274200   0.093000   0.147400   0.074200   0.375600 
458   0.123800   0.120400   0.131400   0.135000   0.154200   0.177600   0.178800   0.219400   0.274800   0.093000   0.147200   0.073800   0.375200 
459   0.124400   0.121000   0.131800   0.135400   0.154400   0.177800   0.178800   0.219800   0.275200   0.093000   0.147000   0.073400   0.374800 
460   0.125000   0.121600   0.132200   0.135800   0.154600   0.178000   0.178800   0.220200   0.275600   0.093000   0.146800   0.073000   0.374400 
461   0.125600   0.122200   0.132600   0.136200   0.154800   0.178200   0.179000   0.220600   0.276000   0.093000   0.146600   0.072600   0.374000 
462   0.126200   0.122800   0.133000   0.136600   0.155000   0.178400   0.179200   0.221000   0.276400   0.093000   0.146400   0.072200   0.373600 
463   0.126800   0.123400   0.133400   0.137000   0.155200   0.178400   0.179400   0.221400   0.276800   0.093200   0.146200   0.071800   0.373200 
464   0.127400   0.124000   0.133600   0.137400   0.155200   0.178400   0.179600   0.221800   0.277200   0.093400   0.146000   0.071400   0.372800 
465   0.128000   0.124600   0.133800   0.137800   0.155200   0.178200   0.179800   0.222200   0.277600   0.093600   0.145800   0.071000   0.372400 
466   0.128600   0.125200   0.134000   0.138200   0.155200   0.178000   0.180000   0.222600   0.278000   0.093800   0.145600   0.070600   0.372000 
467   0.129200   0.125800   0.134200   0.138600   0.155200   0.177800   0.180200   0.223000   0.278400   0.094000   0.145400   0.070200   0.371600 
468   0.129800   0.126400   0.134400   0.139000   0.155400   0.177600   0.180400   0.223400   0.278800   0.094200   0.145200   0.069800   0.371200 
469   0.130400   0.127000   0.134400   0.139400   0.155600   0.177400   0.180600   0.223800   0.279200   0.094400   0.145000   0.069400   0.370800 
470   0.131000   0.127600   0.134400   0.140000   0.155800   0.177200   0.180800   0.224200   0.279400   0.094600   0.144800   0.069000   0.370400 
471   0.131400   0.128200   0.134400   0.140600   0.156000   0.177000   0.181000   0.224600   0.279600   0.094800   0.144600   0.068600   0.370000 
472   0.131800   0.128600   0.134600   0.141200   0.156000   0.176800   0.181200   0.225000   0.279800   0.095000   0.144400   0.068200   0.369600 
473   0.132200   0.129000   0.134800   0.141400   0.156000   0.176600   0.181400   0.225400   0.280000   0.095200   0.144200   0.067800   0.369200 
474   0.132600   0.129400   0.135000   0.141600   0.156000   0.176400   0.181600   0.225600   0.280200   0.095400   0.144000   0.067400   0.368800 
475   0.133000   0.129800   0.135200   0.141800   0.156000   0.176200   0.181800   0.225800   0.280400   0.095600   0.143800   0.067000   0.368400 
476   0.133400   0.130000   0.135400   0.142000   0.155800   0.176000   0.182000   0.226000   0.280600   0.095800   0.143600   0.066600   0.368000 
477   0.133800   0.130200   0.135600   0.142200   0.155600   0.175800   0.182200   0.226200   0.280800   0.096000   0.143400   0.066200   0.367600 
478   0.134200   0.130400   0.135800   0.142400   0.155400   0.175600   0.182400   0.226400   0.281000   0.096200   0.143200   0.066000   0.367200 
479   0.134600   0.130600   0.136000   0.142600   0.155200   0.175400   0.182600   0.226600   0.281200   0.096400   0.143000   0.065800   0.366800 
480   0.135000   0.130800   0.136200   0.142800   0.155000   0.175200   0.182800   0.226800   0.281400   0.096600   0.142800   0.065600   0.366400 
481   0.135400   0.131000   0.136400   0.143000   0.154800   0.175000   0.183000   0.227000   0.281600   0.096800   0.142600   0.065400   0.366000 
482   0.135600   0.131200   0.136600   0.143200   0.154600   0.174800   0.183200   0.227200   0.281800   0.097000   0.142400   0.065200   0.365600 
483   0.135800   0.131400   0.136800   0.143400   0.154400   0.174600   0.183400   0.227400   0.282000   0.097000   0.142200   0.065000   0.365200 
484   0.136000   0.131600   0.136800   0.143600   0.154200   0.174400   0.183600   0.227600   0.282200   0.097000   0.142000   0.064800   0.364800 
485   0.136200   0.131800   0.136800   0.143600   0.154000   0.174200   0.183800   0.227800   0.282400   0.097000   0.141800   0.064800   0.364400 
486   0.136400   0.131800   0.136800   0.143600   0.153800   0.174000   0.184000   0.228000   0.282600   0.097000   0.141600   0.064800   0.364000 
487   0.136600   0.131800   0.136800   0.143600   0.153600   0.173800   0.184200   0.228200   0.282800   0.097000   0.141400   0.064800   0.363600 
488   0.136800   0.131800   0.136800   0.143600   0.153400   0.173600   0.184400   0.228400   0.283000   0.097000   0.141200   0.064800   0.363200 
489   0.136800   0.131800   0.136800   0.143600   0.153200   0.173400   0.184600   0.228600   0.283200   0.097000   0.141000   0.064800   0.362800 
490   0.136800   0.131800   0.136800   0.143600   0.153000   0.173200   0.184800   0.228800   0.283400   0.096800   0.140800   0.064800   0.362400 
491   0.136800   0.131800   0.136800   0.143600   0.152800   0.173000   0.185000   0.229000   0.283600   0.096600   0.140600   0.064800   0.362000 
492   0.136800   0.131800   0.136800   0.143600   0.152600   0.172800   0.185200   0.229200   0.283800   0.096400   0.140400   0.064800   0.361800 
493   0.136800   0.131800   0.136800   0.143600   0.152400   0.172600   0.185400   0.229200   0.284000   0.096200   0.140200   0.064800   0.361600 
494   0.136800   0.131800   0.136800   0.143600   0.152400   0.172600   0.185600   0.229200   0.284200   0.096000   0.140200   0.064800   0.361400 
495   0.136800   0.131800   0.136800   0.143600   0.152400   0.172600   0.185800   0.229200   0.284200   0.095800   0.140200   0.064800   0.361200 
496   0.136800   0.131800   0.136800   0.143600   0.152400   0.172600   0.186000   0.229200   0.284200   0.095600   0.140200   0.064800   0.361000 
497   0.136800   0.131800   0.136800   0.143600   0.152400   0.172600   0.186200   0.229200   0.284200   0.095400   0.140200   0.064800   0.360800 
498   0.136800   0.131800   0.136800   0.143600   0.152400   0.172600   0.186400   0.229200   0.284200   0.095200   0.140200   0.064800   0.360600 
499   0.136800   0.131800   0.136800   0.143600   0.152400   0.172600   0.186400   0.229200   0.284200   0.095000   0.140200   0.064800   0.360400 
