0   0.339906
1   0.338062
2   0.336058
3   0.334104
4   0.331936
5   0.329810
6   0.327536
7   0.325404
8   0.323250
9   0.321312
10   0.319328
11   0.317516
12   0.315780
13   0.314142
14   0.312550
15   0.310974
16   0.309562
17   0.307946
18   0.306640
19   0.305248
20   0.303974
21   0.302666
22   0.301490
23   0.300446
24   0.299398
25   0.298212
26   0.297136
27   0.296038
28   0.294988
29   0.293930
30   0.292842
31   0.291660
32   0.290494
33   0.289396
34   0.288136
35   0.286822
36   0.285612
37   0.284466
38   0.283372
39   0.282376
40   0.281454
41   0.280606
42   0.279820
43   0.279056
44   0.278156
45   0.277376
46   0.276642
47   0.275846
48   0.275000
49   0.274072
50   0.273258
51   0.272440
52   0.271634
53   0.270890
54   0.270094
55   0.269256
56   0.268388
57   0.267460
58   0.266542
59   0.265614
60   0.264632
61   0.263726
62   0.262784
63   0.261878
64   0.260930
65   0.260068
66   0.259208
67   0.258386
68   0.257498
69   0.256684
70   0.255832
71   0.255066
72   0.254216
73   0.253438
74   0.252566
75   0.251776
76   0.251018
77   0.250258
78   0.249512
79   0.248818
80   0.248132
81   0.247532
82   0.246888
83   0.246268
84   0.245710
85   0.245196
86   0.244604
87   0.244058
88   0.243482
89   0.242996
90   0.242542
91   0.242086
92   0.241618
93   0.241120
94   0.240478
95   0.239884
96   0.239298
97   0.238776
98   0.238158
99   0.237564
100   0.236934
101   0.236186
102   0.235526
103   0.234992
104   0.234416
105   0.233846
106   0.233288
107   0.232822
108   0.232210
109   0.231634
110   0.230928
111   0.230066
112   0.229350
113   0.228534
114   0.227718
115   0.227044
116   0.226340
117   0.225604
118   0.224920
119   0.224084
120   0.223344
121   0.222636
122   0.222092
123   0.221396
124   0.220604
125   0.219796
126   0.219074
127   0.218186
128   0.217442
129   0.216384
130   0.215306
131   0.214282
132   0.213278
133   0.212454
134   0.211454
135   0.210468
136   0.209542
137   0.208650
138   0.207776
139   0.206958
140   0.206200
141   0.205368
142   0.204582
143   0.203822
144   0.203062
145   0.202300
146   0.201448
147   0.200560
148   0.199676
149   0.198780
150   0.197942
151   0.196964
152   0.195952
153   0.194920
154   0.193894
155   0.192990
156   0.192144
157   0.191438
158   0.190776
159   0.190210
160   0.189504
161   0.188918
162   0.188236
163   0.187520
164   0.186748
165   0.186004
166   0.185200
167   0.184280
168   0.183356
169   0.182218
170   0.181080
171   0.179824
172   0.178558
173   0.177174
174   0.175696
175   0.174146
176   0.172470
177   0.170636
178   0.168648
179   0.166648
180   0.164612
181   0.162654
182   0.160600
183   0.158542
184   0.156376
185   0.154074
186   0.151666
187   0.149132
188   0.146604
189   0.144198
190   0.141722
191   0.139408
192   0.137122
193   0.134836
194   0.132564
195   0.130208
196   0.127786
197   0.125394
198   0.123106
199   0.120942
200   0.118628
201   0.116444
202   0.114570
203   0.112522
204   0.110764
205   0.108862
206   0.106920
207   0.104986
208   0.102892
209   0.101032
210   0.099106
211   0.097044
212   0.094974
213   0.092652
214   0.090466
215   0.088286
216   0.085994
217   0.083730
218   0.081606
219   0.079640
220   0.077598
221   0.075446
222   0.073508
223   0.071564
224   0.069670
225   0.067662
226   0.065690
227   0.063798
228   0.061794
229   0.059772
230   0.057678
231   0.055728
232   0.053672
233   0.051644
234   0.049766
235   0.048176
236   0.046468
237   0.044822
238   0.042980
239   0.041392
240   0.039782
241   0.038294
242   0.036576
243   0.034956
244   0.033414
245   0.032002
246   0.030548
247   0.029152
248   0.027876
249   0.026576
250   0.025242
251   0.023932
252   0.022674
253   0.021378
254   0.020174
255   0.018932
256   0.017790
257   0.016580
258   0.015338
259   0.014284
260   0.013402
261   0.012562
262   0.011822
263   0.011072
264   0.010216
265   0.009502
266   0.008734
267   0.008020
268   0.007214
269   0.006488
270   0.005786
271   0.005168
272   0.004522
273   0.003958
274   0.003312
275   0.002552
276   0.001820
277   0.001126
278   0.000326
279  -0.000412
280  -0.001144
281  -0.001856
282  -0.002454
283  -0.003286
284  -0.004074
285  -0.004730
286  -0.005514
287  -0.006288
288  -0.007218
289  -0.008044
290  -0.008794
291  -0.009582
292  -0.010558
293  -0.011408
294  -0.012312
295  -0.013022
296  -0.013686
297  -0.014204
298  -0.014760
299  -0.015210
300  -0.015708
301  -0.016164
302  -0.016624
303  -0.017004
304  -0.017410
305  -0.017874
306  -0.018316
307  -0.018814
308  -0.019382
309  -0.019912
310  -0.020516
311  -0.021182
312  -0.021810
313  -0.022326
314  -0.022866
315  -0.023406
316  -0.023952
317  -0.024458
318  -0.024996
319  -0.025584
320  -0.026320
321  -0.026948
322  -0.027606
323  -0.028230
324  -0.028900
325  -0.029550
326  -0.030242
327  -0.030914
328  -0.031630
329  -0.032280
330  -0.032972
331  -0.033480
332  -0.033944
333  -0.034510
334  -0.035028
335  -0.035454
336  -0.035864
337  -0.036322
338  -0.036702
339  -0.037028
340  -0.037322
341  -0.037608
342  -0.037830
343  -0.038104
344  -0.038464
345  -0.038782
346  -0.039174
347  -0.039518
348  -0.039798
349  -0.040110
350  -0.040362
351  -0.040686
352  -0.041014
353  -0.041438
354  -0.041846
355  -0.042304
356  -0.042748
357  -0.043168
358  -0.043488
359  -0.043866
360  -0.044148
361  -0.044298
362  -0.044372
363  -0.044512
364  -0.044736
365  -0.044854
366  -0.045008
367  -0.045278
368  -0.045632
369  -0.045912
370  -0.046238
371  -0.046614
372  -0.046950
373  -0.047364
374  -0.047682
375  -0.048066
376  -0.048606
377  -0.049216
378  -0.049758
379  -0.050232
380  -0.050746
381  -0.051114
382  -0.051468
383  -0.051918
384  -0.052242
385  -0.052542
386  -0.052870
387  -0.053182
388  -0.053364
389  -0.053650
390  -0.053918
391  -0.054264
392  -0.054508
393  -0.054760
394  -0.054988
395  -0.055316
396  -0.055724
397  -0.056166
398  -0.056582
399  -0.057004
400  -0.057520
401  -0.057986
402  -0.058456
403  -0.058924
404  -0.059394
405  -0.059638
406  -0.059934
407  -0.060228
408  -0.060492
409  -0.060750
410  -0.060932
411  -0.061150
412  -0.061320
413  -0.061572
414  -0.061778
415  -0.061976
416  -0.062202
417  -0.062396
418  -0.062646
419  -0.062900
420  -0.063164
421  -0.063430
422  -0.063728
423  -0.063980
424  -0.064220
425  -0.064396
426  -0.064560
427  -0.064678
428  -0.064834
429  -0.064986
430  -0.065052
431  -0.065130
432  -0.065234
433  -0.065318
434  -0.065384
435  -0.065392
436  -0.065562
437  -0.065640
438  -0.065688
439  -0.065780
440  -0.065864
441  -0.065868
442  -0.065854
443  -0.065882
444  -0.065870
445  -0.065928
446  -0.066000
447  -0.066092
448  -0.066164
449  -0.066230
450  -0.066264
451  -0.066400
452  -0.066470
453  -0.066498
454  -0.066594
455  -0.066718
456  -0.066894
457  -0.067012
458  -0.067196
459  -0.067324
460  -0.067438
461  -0.067480
462  -0.067388
463  -0.067324
464  -0.067144
465  -0.066926
466  -0.066716
467  -0.066388
468  -0.066086
469  -0.065854
470  -0.065496
471  -0.065096
472  -0.064650
473  -0.064238
474  -0.063746
475  -0.063214
476  -0.062642
477  -0.062050
478  -0.061380
479  -0.060764
480  -0.060264
481  -0.059746
482  -0.059326
483  -0.058876
484  -0.058474
485  -0.058050
486  -0.057594
487  -0.057052
488  -0.056586
489  -0.056048
490  -0.055514
491  -0.054788
492  -0.054040
493  -0.052972
494  -0.051974
495  -0.051054
496  -0.050152
497  -0.049144
498  -0.048256
499  -0.047172
500  -0.046068
-499  -0.045016
-498  -0.043998
-497  -0.042894
-496  -0.041924
-495  -0.040890
-494  -0.040032
-493  -0.039210
-492  -0.038300
-491  -0.037302
-490  -0.036378
-489  -0.035468
-488  -0.034610
-487  -0.033772
-486  -0.032838
-485  -0.032120
-484  -0.031320
-483  -0.030386
-482  -0.029350
-481  -0.028208
-480  -0.027252
-479  -0.026384
-478  -0.025488
-477  -0.024592
-476  -0.023594
-475  -0.022664
-474  -0.021662
-473  -0.020740
-472  -0.019886
-471  -0.018936
-470  -0.017958
-469  -0.017030
-468  -0.016204
-467  -0.015384
-466  -0.014664
-465  -0.013958
-464  -0.013250
-463  -0.012614
-462  -0.011942
-461  -0.011340
-460  -0.010686
-459  -0.009978
-458  -0.009280
-457  -0.008572
-456  -0.007798
-455  -0.007160
-454  -0.006454
-453  -0.005780
-452  -0.005018
-451  -0.004338
-450  -0.003770
-449  -0.003130
-448  -0.002402
-447  -0.001584
-446  -0.000948
-445  -0.000262
-444   0.000318
-443   0.000830
-442   0.001324
-441   0.001768
-440   0.002260
-439   0.002738
-438   0.003094
-437   0.003370
-436   0.003606
-435   0.003776
-434   0.004050
-433   0.004410
-432   0.004732
-431   0.005040
-430   0.005440
-429   0.005832
-428   0.006334
-427   0.006936
-426   0.007442
-425   0.008084
-424   0.008718
-423   0.009450
-422   0.010080
-421   0.010928
-420   0.011770
-419   0.012416
-418   0.013074
-417   0.013846
-416   0.014578
-415   0.015312
-414   0.015940
-413   0.016578
-412   0.017128
-411   0.017748
-410   0.018472
-409   0.019086
-408   0.019678
-407   0.020358
-406   0.021044
-405   0.021876
-404   0.022764
-403   0.023660
-402   0.024624
-401   0.025698
-400   0.026860
-399   0.027932
-398   0.029202
-397   0.030422
-396   0.031804
-395   0.033132
-394   0.034642
-393   0.036068
-392   0.037248
-391   0.038504
-390   0.039710
-389   0.040750
-388   0.041852
-387   0.042968
-386   0.044026
-385   0.045044
-384   0.046184
-383   0.047404
-382   0.048588
-381   0.049726
-380   0.050898
-379   0.051934
-378   0.052924
-377   0.053780
-376   0.054724
-375   0.055566
-374   0.056544
-373   0.057462
-372   0.058396
-371   0.059298
-370   0.060330
-369   0.061414
-368   0.062572
-367   0.063680
-366   0.064808
-365   0.065694
-364   0.066518
-363   0.067394
-362   0.068266
-361   0.069052
-360   0.069786
-359   0.070670
-358   0.071600
-357   0.072452
-356   0.073414
-355   0.074292
-354   0.075124
-353   0.075932
-352   0.076710
-351   0.077534
-350   0.078360
-349   0.079258
-348   0.080092
-347   0.080912
-346   0.081804
-345   0.082706
-344   0.083422
-343   0.084104
-342   0.084830
-341   0.085532
-340   0.086158
-339   0.086964
-338   0.087616
-337   0.088398
-336   0.088994
-335   0.089624
-334   0.090186
-333   0.090846
-332   0.091330
-331   0.091868
-330   0.092280
-329   0.092640
-328   0.093012
-327   0.093412
-326   0.093696
-325   0.093996
-324   0.094240
-323   0.094444
-322   0.094580
-321   0.094756
-320   0.095056
-319   0.095388
-318   0.095710
-317   0.096042
-316   0.096342
-315   0.096570
-314   0.096786
-313   0.096978
-312   0.097198
-311   0.097346
-310   0.097640
-309   0.097992
-308   0.098258
-307   0.098598
-306   0.098970
-305   0.099400
-304   0.099956
-303   0.100440
-302   0.100946
-301   0.101438
-300   0.101966
-299   0.102414
-298   0.102838
-297   0.103360
-296   0.103910
-295   0.104462
-294   0.104992
-293   0.105474
-292   0.105952
-291   0.106396
-290   0.106846
-289   0.107228
-288   0.107708
-287   0.108180
-286   0.108498
-285   0.108786
-284   0.109056
-283   0.109322
-282   0.109630
-281   0.109980
-280   0.110196
-279   0.110474
-278   0.110868
-277   0.111334
-276   0.111690
-275   0.112122
-274   0.112666
-273   0.113152
-272   0.113614
-271   0.114028
-270   0.114462
-269   0.114946
-268   0.115442
-267   0.115884
-266   0.116326
-265   0.116886
-264   0.117364
-263   0.117766
-262   0.118236
-261   0.118544
-260   0.118966
-259   0.119370
-258   0.119864
-257   0.120362
-256   0.120766
-255   0.121424
-254   0.121880
-253   0.122440
-252   0.122854
-251   0.123222
-250   0.123654
-249   0.124168
-248   0.124642
-247   0.125234
-246   0.125788
-245   0.126330
-244   0.126796
-243   0.127262
-242   0.127740
-241   0.128272
-240   0.128752
-239   0.129306
-238   0.129876
-237   0.130540
-236   0.131346
-235   0.132080
-234   0.132638
-233   0.133312
-232   0.133868
-231   0.134488
-230   0.135170
-229   0.135866
-228   0.136586
-227   0.137208
-226   0.137840
-225   0.138396
-224   0.138936
-223   0.139410
-222   0.139852
-221   0.140256
-220   0.140718
-219   0.141200
-218   0.141676
-217   0.142212
-216   0.142720
-215   0.143132
-214   0.143428
-213   0.143958
-212   0.144558
-211   0.145104
-210   0.145758
-209   0.146408
-208   0.146998
-207   0.147592
-206   0.148330
-205   0.149094
-204   0.149746
-203   0.150254
-202   0.150832
-201   0.151418
-200   0.151950
-199   0.152396
-198   0.153006
-197   0.153618
-196   0.154416
-195   0.155170
-194   0.155862
-193   0.156562
-192   0.157130
-191   0.157710
-190   0.158426
-189   0.159234
-188   0.160182
-187   0.161016
-186   0.161770
-185   0.162540
-184   0.163348
-183   0.164164
-182   0.164944
-181   0.165682
-180   0.166438
-179   0.167374
-178   0.168352
-177   0.169130
-176   0.169970
-175   0.170716
-174   0.171526
-173   0.172320
-172   0.173078
-171   0.173836
-170   0.174684
-169   0.175532
-168   0.176134
-167   0.176798
-166   0.177578
-165   0.178152
-164   0.178866
-163   0.179610
-162   0.180370
-161   0.181054
-160   0.181862
-159   0.182712
-158   0.183526
-157   0.184276
-156   0.185062
-155   0.185818
-154   0.186412
-153   0.187106
-152   0.187720
-151   0.188310
-150   0.188868
-149   0.189536
-148   0.190142
-147   0.190640
-146   0.191282
-145   0.191920
-144   0.192526
-143   0.193142
-142   0.193806
-141   0.194434
-140   0.195134
-139   0.195690
-138   0.196170
-137   0.196758
-136   0.197414
-135   0.198116
-134   0.198906
-133   0.199652
-132   0.200380
-131   0.201070
-130   0.201886
-129   0.202634
-128   0.203490
-127   0.204372
-126   0.205210
-125   0.206058
-124   0.206960
-123   0.207902
-122   0.208914
-121   0.209908
-120   0.210990
-119   0.211944
-118   0.212888
-117   0.213848
-116   0.214730
-115   0.215668
-114   0.216722
-113   0.217768
-112   0.218792
-111   0.219840
-110   0.220822
-109   0.221768
-108   0.222652
-107   0.223670
-106   0.224686
-105   0.225660
-104   0.226684
-103   0.227686
-102   0.228592
-101   0.229464
-100   0.230282
-99   0.231060
-98   0.231822
-97   0.232624
-96   0.233366
-95   0.234298
-94   0.235250
-93   0.236240
-92   0.237340
-91   0.238478
-90   0.239656
-89   0.240906
-88   0.242262
-87   0.243474
-86   0.244772
-85   0.245992
-84   0.247288
-83   0.248610
-82   0.249870
-81   0.251200
-80   0.252696
-79   0.254112
-78   0.255502
-77   0.256866
-76   0.258236
-75   0.259750
-74   0.261260
-73   0.262880
-72   0.264470
-71   0.266074
-70   0.267662
-69   0.269140
-68   0.270536
-67   0.271846
-66   0.273168
-65   0.274474
-64   0.275876
-63   0.277172
-62   0.278474
-61   0.279754
-60   0.280896
-59   0.282100
-58   0.283206
-57   0.284422
-56   0.285414
-55   0.286484
-54   0.287522
-53   0.288502
-52   0.289466
-51   0.290478
-50   0.291456
-49   0.292496
-48   0.293654
-47   0.294724
-46   0.295766
-45   0.296750
-44   0.297722
-43   0.298776
-42   0.299890
-41   0.301022
-40   0.302162
-39   0.303124
-38   0.304128
-37   0.305284
-36   0.306400
-35   0.307686
-34   0.309050
-33   0.310214
-32   0.311212
-31   0.312204
-30   0.313272
-29   0.314252
-28   0.315280
-27   0.316212
-26   0.317068
-25   0.317880
-24   0.318810
-23   0.319714
-22   0.320546
-21   0.321386
-20   0.322192
-19   0.323012
-18   0.323864
-17   0.324704
-16   0.325690
-15   0.326700
-14   0.327640
-13   0.328592
-12   0.329638
-11   0.330558
-10   0.331508
-9   0.332470
-8   0.333408
-7   0.334314
-6   0.335190
-5   0.335974
-4   0.336778
-3   0.337526
-2   0.338322
-1   0.339126
