0   0.050410
1   0.049784
2   0.049046
3   0.048508
4   0.047878
5   0.047190
6   0.046490
7   0.045840
8   0.045260
9   0.044698
10   0.044072
11   0.043390
12   0.042756
13   0.042086
14   0.041404
15   0.040706
16   0.040118
17   0.039470
18   0.039008
19   0.038568
20   0.038080
21   0.037566
22   0.037068
23   0.036568
24   0.036090
25   0.035806
26   0.035546
27   0.035226
28   0.034878
29   0.034616
30   0.034274
31   0.033900
32   0.033584
33   0.033288
34   0.032934
35   0.032502
36   0.032232
37   0.031934
38   0.031620
39   0.031332
40   0.031046
41   0.030798
42   0.030612
43   0.030432
44   0.030308
45   0.030120
46   0.029702
47   0.029202
48   0.028708
49   0.028076
50   0.027414
51   0.026762
52   0.026002
53   0.025270
54   0.024506
55   0.023752
56   0.022990
57   0.022112
58   0.021266
59   0.020324
60   0.019352
61   0.018236
62   0.017204
63   0.016232
64   0.015342
65   0.014456
66   0.013440
67   0.012398
68   0.011368
69   0.010212
70   0.009190
71   0.008122
72   0.007216
73   0.006278
74   0.005536
75   0.004758
76   0.004092
77   0.003482
78   0.002856
79   0.002306
80   0.001690
81   0.001084
82   0.000354
83  -0.000352
84  -0.001206
85  -0.001896
86  -0.002610
87  -0.003182
88  -0.003584
89  -0.004148
90  -0.004872
91  -0.005512
92  -0.006284
93  -0.006964
94  -0.007700
95  -0.008452
96  -0.009264
97  -0.010192
98  -0.011160
99  -0.011818
100  -0.012580
101  -0.013342
102  -0.014144
103  -0.014908
104  -0.015708
105  -0.016226
106  -0.016722
107  -0.017290
108  -0.017884
109  -0.018502
110  -0.019010
111  -0.019530
112  -0.019938
113  -0.020210
114  -0.020696
115  -0.021252
116  -0.021954
117  -0.022504
118  -0.023108
119  -0.023594
120  -0.024136
121  -0.024816
122  -0.025580
123  -0.026252
124  -0.026920
125  -0.027470
126  -0.028068
127  -0.028850
128  -0.029710
129  -0.030460
130  -0.031230
131  -0.031992
132  -0.032750
133  -0.033522
134  -0.034300
135  -0.035152
136  -0.035980
137  -0.037052
138  -0.037930
139  -0.038728
140  -0.039382
141  -0.040090
142  -0.040892
143  -0.041504
144  -0.042346
145  -0.043086
146  -0.043838
147  -0.044562
148  -0.045206
149  -0.045862
150  -0.046540
151  -0.047132
152  -0.047650
153  -0.048118
154  -0.048614
155  -0.049150
156  -0.049768
157  -0.050276
158  -0.050764
159  -0.051240
160  -0.051784
161  -0.052330
162  -0.052872
163  -0.053458
164  -0.054112
165  -0.054820
166  -0.055686
167  -0.056608
168  -0.057432
169  -0.058312
170  -0.059212
171  -0.060102
172  -0.061016
173  -0.062002
174  -0.062934
175  -0.063876
176  -0.064806
177  -0.065658
178  -0.066492
179  -0.067248
180  -0.067998
181  -0.068846
182  -0.069738
183  -0.070568
184  -0.071324
185  -0.072200
186  -0.073130
187  -0.074168
188  -0.075124
189  -0.076066
190  -0.077080
191  -0.078012
192  -0.078846
193  -0.079732
194  -0.080578
195  -0.081390
196  -0.082180
197  -0.083032
198  -0.084002
199  -0.085024
200  -0.086126
201  -0.087144
202  -0.088238
203  -0.089200
204  -0.090176
205  -0.091028
206  -0.091812
207  -0.092490
208  -0.093066
209  -0.093688
210  -0.094286
211  -0.094994
212  -0.095862
213  -0.096582
214  -0.097294
215  -0.098016
216  -0.098780
217  -0.099470
218  -0.100070
219  -0.100568
220  -0.101050
221  -0.101530
222  -0.102070
223  -0.102546
224  -0.103050
225  -0.103546
226  -0.104026
227  -0.104522
228  -0.105074
229  -0.105594
230  -0.106042
231  -0.106474
232  -0.106854
233  -0.107336
234  -0.107754
235  -0.108206
236  -0.108592
237  -0.109028
238  -0.109428
239  -0.109764
240  -0.109968
241  -0.110084
242  -0.110156
243  -0.110480
244  -0.110658
245  -0.110728
246  -0.111004
247  -0.111204
248  -0.111262
249  -0.111356
250  -0.111388
251  -0.111338
252  -0.111338
253  -0.111276
254  -0.111220
255  -0.111210
256  -0.111098
257  -0.111154
258  -0.111254
259  -0.111450
260  -0.111520
261  -0.111658
262  -0.111642
263  -0.111692
264  -0.111848
265  -0.111940
266  -0.112008
267  -0.112024
268  -0.112120
269  -0.112326
270  -0.112464
271  -0.112672
272  -0.112852
273  -0.113126
274  -0.113336
275  -0.113450
276  -0.113450
277  -0.113560
278  -0.113808
279  -0.114130
280  -0.114386
281  -0.114710
282  -0.115044
283  -0.115354
284  -0.115668
285  -0.116022
286  -0.116452
287  -0.116874
288  -0.117320
289  -0.117974
290  -0.118712
291  -0.119376
292  -0.120128
293  -0.120814
294  -0.121432
295  -0.122012
296  -0.122636
297  -0.123164
298  -0.123784
299  -0.124328
300  -0.124828
301  -0.125300
302  -0.125760
303  -0.126182
304  -0.126580
305  -0.127222
306  -0.127830
307  -0.128508
308  -0.129286
309  -0.129950
310  -0.130614
311  -0.131092
312  -0.131572
313  -0.132086
314  -0.132436
315  -0.132752
316  -0.133034
317  -0.133276
318  -0.133504
319  -0.133876
320  -0.134288
321  -0.134788
322  -0.135296
323  -0.135924
324  -0.136396
325  -0.136910
326  -0.137516
327  -0.138000
328  -0.138654
329  -0.139082
330  -0.139432
331  -0.139900
332  -0.140304
333  -0.140776
334  -0.141246
335  -0.141694
336  -0.142006
337  -0.142514
338  -0.142976
339  -0.143328
340  -0.143696
341  -0.143918
342  -0.144118
343  -0.144504
344  -0.144784
345  -0.145036
346  -0.145152
347  -0.145328
348  -0.145746
349  -0.146032
350  -0.146350
351  -0.146568
352  -0.146832
353  -0.147060
354  -0.147316
355  -0.147666
356  -0.148128
357  -0.148836
358  -0.149486
359  -0.150178
360  -0.150960
361  -0.151570
362  -0.152236
363  -0.152994
364  -0.153900
365  -0.154874
366  -0.155968
367  -0.156742
368  -0.157596
369  -0.158566
370  -0.159448
371  -0.160288
372  -0.161014
373  -0.161770
374  -0.162454
375  -0.163338
376  -0.164230
377  -0.165250
378  -0.166246
379  -0.167074
380  -0.167788
381  -0.168588
382  -0.169258
383  -0.169852
384  -0.170444
385  -0.171008
386  -0.171598
387  -0.172108
388  -0.172596
389  -0.173060
390  -0.173592
391  -0.174102
392  -0.174568
393  -0.175040
394  -0.175572
395  -0.176010
396  -0.176446
397  -0.176798
398  -0.177250
399  -0.177742
400  -0.178340
401  -0.178902
402  -0.179456
403  -0.179940
404  -0.180438
405  -0.180988
406  -0.181494
407  -0.181850
408  -0.182276
409  -0.182768
410  -0.183186
411  -0.183448
412  -0.183648
413  -0.183908
414  -0.184210
415  -0.184646
416  -0.185288
417  -0.185900
418  -0.186634
419  -0.187282
420  -0.187680
421  -0.188030
422  -0.188344
423  -0.188656
424  -0.188974
425  -0.189148
426  -0.189438
427  -0.189692
428  -0.189952
429  -0.190154
430  -0.190360
431  -0.190654
432  -0.190872
433  -0.191106
434  -0.191428
435  -0.191808
436  -0.192086
437  -0.192438
438  -0.192838
439  -0.193172
440  -0.193208
441  -0.193284
442  -0.193288
443  -0.193390
444  -0.193480
445  -0.193638
446  -0.193832
447  -0.194040
448  -0.194232
449  -0.194336
450  -0.194460
451  -0.194324
452  -0.194146
453  -0.194006
454  -0.193870
455  -0.193818
456  -0.193772
457  -0.193786
458  -0.193646
459  -0.193452
460  -0.193214
461  -0.193056
462  -0.192922
463  -0.192698
464  -0.192506
465  -0.192498
466  -0.192414
467  -0.192452
468  -0.192500
469  -0.192522
470  -0.192534
471  -0.192366
472  -0.192380
473  -0.192412
474  -0.192490
475  -0.192566
476  -0.192620
477  -0.192776
478  -0.193008
479  -0.193312
480  -0.193478
481  -0.193722
482  -0.193868
483  -0.194072
484  -0.194264
485  -0.194482
486  -0.194892
487  -0.195436
488  -0.195898
489  -0.196178
490  -0.196482
491  -0.196754
492  -0.197014
493  -0.197270
494  -0.197494
495  -0.197690
496  -0.197930
497  -0.197948
498  -0.198052
499  -0.198038
500  -0.197738
-499  -0.197430
-498  -0.197076
-497  -0.196536
-496  -0.195838
-495  -0.195090
-494  -0.194396
-493  -0.193582
-492  -0.192912
-491  -0.192124
-490  -0.191338
-489  -0.190386
-488  -0.189388
-487  -0.188394
-486  -0.187482
-485  -0.186458
-484  -0.185318
-483  -0.184306
-482  -0.183294
-481  -0.182452
-480  -0.181556
-479  -0.180524
-478  -0.179680
-477  -0.178674
-476  -0.177806
-475  -0.176930
-474  -0.176242
-473  -0.175666
-472  -0.175152
-471  -0.174684
-470  -0.174224
-469  -0.173798
-468  -0.173372
-467  -0.172972
-466  -0.172580
-465  -0.172244
-464  -0.171878
-463  -0.171594
-462  -0.171338
-461  -0.171232
-460  -0.171236
-459  -0.171176
-458  -0.171162
-457  -0.171200
-456  -0.171370
-455  -0.171570
-454  -0.171860
-453  -0.172116
-452  -0.172376
-451  -0.172570
-450  -0.172752
-449  -0.172882
-448  -0.172880
-447  -0.172882
-446  -0.173048
-445  -0.173164
-444  -0.173190
-443  -0.173384
-442  -0.173442
-441  -0.173480
-440  -0.173510
-439  -0.173496
-438  -0.173456
-437  -0.173712
-436  -0.173812
-435  -0.173950
-434  -0.174070
-433  -0.174198
-432  -0.174300
-431  -0.174308
-430  -0.174362
-429  -0.174640
-428  -0.174862
-427  -0.174992
-426  -0.175158
-425  -0.175088
-424  -0.175064
-423  -0.174990
-422  -0.174920
-421  -0.174778
-420  -0.174476
-419  -0.174218
-418  -0.173890
-417  -0.173306
-416  -0.172714
-415  -0.172100
-414  -0.171430
-413  -0.170804
-412  -0.170134
-411  -0.169472
-410  -0.168846
-409  -0.168232
-408  -0.167630
-407  -0.167104
-406  -0.166658
-405  -0.166262
-404  -0.165782
-403  -0.165288
-402  -0.164792
-401  -0.164352
-400  -0.163838
-399  -0.163344
-398  -0.162670
-397  -0.161898
-396  -0.161096
-395  -0.160198
-394  -0.159440
-393  -0.158640
-392  -0.157814
-391  -0.156730
-390  -0.155660
-389  -0.154732
-388  -0.153728
-387  -0.152706
-386  -0.151606
-385  -0.150492
-384  -0.149446
-383  -0.148540
-382  -0.147606
-381  -0.146632
-380  -0.145724
-379  -0.144700
-378  -0.143790
-377  -0.142794
-376  -0.141612
-375  -0.140564
-374  -0.139312
-373  -0.138122
-372  -0.136904
-371  -0.135852
-370  -0.134680
-369  -0.133578
-368  -0.132644
-367  -0.131796
-366  -0.130928
-365  -0.129888
-364  -0.128852
-363  -0.127756
-362  -0.126772
-361  -0.125618
-360  -0.124622
-359  -0.123618
-358  -0.122570
-357  -0.121366
-356  -0.120222
-355  -0.119026
-354  -0.117814
-353  -0.116704
-352  -0.115626
-351  -0.114564
-350  -0.113444
-349  -0.112256
-348  -0.111046
-347  -0.109914
-346  -0.108788
-345  -0.107564
-344  -0.106376
-343  -0.104956
-342  -0.103650
-341  -0.102232
-340  -0.100884
-339  -0.099580
-338  -0.098206
-337  -0.096740
-336  -0.095334
-335  -0.094000
-334  -0.092598
-333  -0.091298
-332  -0.090150
-331  -0.088888
-330  -0.087664
-329  -0.086342
-328  -0.085106
-327  -0.083914
-326  -0.082676
-325  -0.081560
-324  -0.080434
-323  -0.079408
-322  -0.078238
-321  -0.077100
-320  -0.076098
-319  -0.075014
-318  -0.074044
-317  -0.073028
-316  -0.072078
-315  -0.071092
-314  -0.070186
-313  -0.069210
-312  -0.068202
-311  -0.067222
-310  -0.066384
-309  -0.065492
-308  -0.064628
-307  -0.063758
-306  -0.062840
-305  -0.061806
-304  -0.060854
-303  -0.059904
-302  -0.058884
-301  -0.058064
-300  -0.057322
-299  -0.056612
-298  -0.056012
-297  -0.055474
-296  -0.054810
-295  -0.054288
-294  -0.053762
-293  -0.053294
-292  -0.052976
-291  -0.052644
-290  -0.052300
-289  -0.051978
-288  -0.051586
-287  -0.051182
-286  -0.050772
-285  -0.050408
-284  -0.049892
-283  -0.049514
-282  -0.049018
-281  -0.048646
-280  -0.048232
-279  -0.047978
-278  -0.047680
-277  -0.047328
-276  -0.046978
-275  -0.046744
-274  -0.046496
-273  -0.046296
-272  -0.046054
-271  -0.045848
-270  -0.045628
-269  -0.045300
-268  -0.044972
-267  -0.044788
-266  -0.044576
-265  -0.044422
-264  -0.044284
-263  -0.044098
-262  -0.043846
-261  -0.043612
-260  -0.043406
-259  -0.043254
-258  -0.043176
-257  -0.042990
-256  -0.042752
-255  -0.042462
-254  -0.042200
-253  -0.041990
-252  -0.041772
-251  -0.041544
-250  -0.041350
-249  -0.041084
-248  -0.040884
-247  -0.040678
-246  -0.040418
-245  -0.040098
-244  -0.039696
-243  -0.039396
-242  -0.039112
-241  -0.038792
-240  -0.038478
-239  -0.038176
-238  -0.037922
-237  -0.037702
-236  -0.037428
-235  -0.037192
-234  -0.036928
-233  -0.036738
-232  -0.036524
-231  -0.036248
-230  -0.035936
-229  -0.035688
-228  -0.035338
-227  -0.035032
-226  -0.034704
-225  -0.034406
-224  -0.034192
-223  -0.033890
-222  -0.033612
-221  -0.033310
-220  -0.033076
-219  -0.032730
-218  -0.032384
-217  -0.032176
-216  -0.031926
-215  -0.031570
-214  -0.031274
-213  -0.031042
-212  -0.030912
-211  -0.030698
-210  -0.030516
-209  -0.030270
-208  -0.030222
-207  -0.030110
-206  -0.030016
-205  -0.029844
-204  -0.029668
-203  -0.029492
-202  -0.029116
-201  -0.028728
-200  -0.028276
-199  -0.027800
-198  -0.027212
-197  -0.026638
-196  -0.026018
-195  -0.025442
-194  -0.024914
-193  -0.024486
-192  -0.023884
-191  -0.023416
-190  -0.022754
-189  -0.022146
-188  -0.021468
-187  -0.020714
-186  -0.020018
-185  -0.019234
-184  -0.018448
-183  -0.017760
-182  -0.017020
-181  -0.016366
-180  -0.015614
-179  -0.014924
-178  -0.014152
-177  -0.013338
-176  -0.012428
-175  -0.011602
-174  -0.010774
-173  -0.009926
-172  -0.009140
-171  -0.008444
-170  -0.007870
-169  -0.007200
-168  -0.006536
-167  -0.005950
-166  -0.005260
-165  -0.004676
-164  -0.003990
-163  -0.003256
-162  -0.002690
-161  -0.002194
-160  -0.001556
-159  -0.000896
-158  -0.000270
-157   0.000290
-156   0.000874
-155   0.001438
-154   0.002046
-153   0.002716
-152   0.003500
-151   0.004296
-150   0.005054
-149   0.005868
-148   0.006650
-147   0.007436
-146   0.008214
-145   0.008922
-144   0.009586
-143   0.010198
-142   0.010876
-141   0.011570
-140   0.012156
-139   0.012796
-138   0.013446
-137   0.014100
-136   0.014634
-135   0.015210
-134   0.015770
-133   0.016366
-132   0.016986
-131   0.017710
-130   0.018424
-129   0.019148
-128   0.019928
-127   0.020700
-126   0.021366
-125   0.021962
-124   0.022604
-123   0.023254
-122   0.024030
-121   0.024762
-120   0.025332
-119   0.025908
-118   0.026518
-117   0.027176
-116   0.027812
-115   0.028544
-114   0.029304
-113   0.029994
-112   0.030718
-111   0.031294
-110   0.031886
-109   0.032438
-108   0.033022
-107   0.033534
-106   0.034096
-105   0.034750
-104   0.035312
-103   0.035884
-102   0.036492
-101   0.037104
-100   0.037694
-99   0.038210
-98   0.038706
-97   0.039244
-96   0.039678
-95   0.040054
-94   0.040444
-93   0.040828
-92   0.041136
-91   0.041538
-90   0.042036
-89   0.042450
-88   0.042884
-87   0.043328
-86   0.043770
-85   0.044244
-84   0.044690
-83   0.045024
-82   0.045486
-81   0.045974
-80   0.046552
-79   0.047038
-78   0.047704
-77   0.048202
-76   0.048802
-75   0.049324
-74   0.049842
-73   0.050386
-72   0.050960
-71   0.051526
-70   0.052206
-69   0.052816
-68   0.053310
-67   0.053716
-66   0.054012
-65   0.054318
-64   0.054674
-63   0.055008
-62   0.055454
-61   0.055824
-60   0.056090
-59   0.056426
-58   0.056810
-57   0.057004
-56   0.057144
-55   0.057324
-54   0.057496
-53   0.057582
-52   0.057694
-51   0.057744
-50   0.057978
-49   0.058078
-48   0.058328
-47   0.058644
-46   0.058954
-45   0.059286
-44   0.059584
-43   0.059746
-42   0.059960
-41   0.060240
-40   0.060572
-39   0.060890
-38   0.061112
-37   0.061252
-36   0.061360
-35   0.061472
-34   0.061604
-33   0.061784
-32   0.061884
-31   0.061910
-30   0.061872
-29   0.061872
-28   0.061890
-27   0.061696
-26   0.061380
-25   0.061010
-24   0.060602
-23   0.060146
-22   0.059730
-21   0.059388
-20   0.059006
-19   0.058730
-18   0.058426
-17   0.058260
-16   0.057966
-15   0.057610
-14   0.057092
-13   0.056666
-12   0.056372
-11   0.056050
-10   0.055712
-9   0.055268
-8   0.054862
-7   0.054340
-6   0.053950
-5   0.053380
-4   0.052858
-3   0.052304
-2   0.051618
-1   0.050980
