0   0.962268
1   0.960486
2   0.958786
3   0.956994
4   0.955294
5   0.953472
6   0.951602
7   0.949744
8   0.947834
9   0.945962
10   0.944158
11   0.942388
12   0.940692
13   0.938832
14   0.936982
15   0.935110
16   0.933266
17   0.931332
18   0.929454
19   0.927612
20   0.925570
21   0.923560
22   0.921564
23   0.919598
24   0.917610
25   0.915424
26   0.913418
27   0.911348
28   0.909448
29   0.907580
30   0.905710
31   0.903778
32   0.901764
33   0.899706
34   0.897580
35   0.895410
36   0.893380
37   0.891358
38   0.889234
39   0.887116
40   0.884876
41   0.882736
42   0.880502
43   0.878142
44   0.875622
45   0.873054
46   0.870404
47   0.867782
48   0.865174
49   0.862556
50   0.860220
51   0.857702
52   0.855182
53   0.852510
54   0.849836
55   0.847204
56   0.844660
57   0.841884
58   0.839240
59   0.836682
60   0.834202
61   0.831808
62   0.829140
63   0.826430
64   0.823670
65   0.820978
66   0.818394
67   0.815708
68   0.813032
69   0.810222
70   0.807456
71   0.804678
72   0.802026
73   0.799198
74   0.796430
75   0.793404
76   0.790404
77   0.787614
78   0.784860
79   0.782224
80   0.779704
81   0.777240
82   0.774598
83   0.771916
84   0.769288
85   0.766614
86   0.763818
87   0.761030
88   0.758392
89   0.755990
90   0.753502
91   0.751130
92   0.748714
93   0.746544
94   0.744270
95   0.741892
96   0.739552
97   0.737152
98   0.734576
99   0.731944
100   0.729416
101   0.726718
102   0.723950
103   0.721088
104   0.718392
105   0.715834
106   0.713222
107   0.710400
108   0.707722
109   0.705352
110   0.702964
111   0.700626
112   0.698020
113   0.695288
114   0.692596
115   0.689790
116   0.686638
117   0.683620
118   0.680528
119   0.677500
120   0.674752
121   0.672030
122   0.669256
123   0.666302
124   0.663248
125   0.660152
126   0.656804
127   0.653650
128   0.650480
129   0.647528
130   0.644410
131   0.641422
132   0.638360
133   0.635232
134   0.631998
135   0.628756
136   0.625448
137   0.622048
138   0.618886
139   0.615554
140   0.612362
141   0.609360
142   0.606254
143   0.603118
144   0.599924
145   0.596542
146   0.593340
147   0.590066
148   0.586902
149   0.583566
150   0.579912
151   0.576264
152   0.572866
153   0.569466
154   0.565924
155   0.562546
156   0.559118
157   0.555594
158   0.552178
159   0.548848
160   0.545494
161   0.542284
162   0.538840
163   0.535410
164   0.531976
165   0.528468
166   0.525202
167   0.521778
168   0.518492
169   0.515192
170   0.512136
171   0.509076
172   0.506010
173   0.502752
174   0.499688
175   0.496694
176   0.493840
177   0.490784
178   0.487972
179   0.485098
180   0.482332
181   0.479844
182   0.477560
183   0.475372
184   0.473134
185   0.471070
186   0.468940
187   0.466842
188   0.465112
189   0.463260
190   0.461480
191   0.459588
192   0.457690
193   0.455840
194   0.453790
195   0.452042
196   0.450332
197   0.448670
198   0.447274
199   0.445792
200   0.444236
201   0.442684
202   0.441002
203   0.439520
204   0.438032
205   0.436504
206   0.434828
207   0.433304
208   0.431620
209   0.429880
210   0.428004
211   0.426420
212   0.424748
213   0.423134
214   0.421476
215   0.419798
216   0.418252
217   0.416816
218   0.415516
219   0.414106
220   0.412694
221   0.411186
222   0.409764
223   0.408334
224   0.406940
225   0.405630
226   0.404504
227   0.403522
228   0.402452
229   0.401372
230   0.400242
231   0.398976
232   0.397840
233   0.396830
234   0.395620
235   0.394378
236   0.393124
237   0.391716
238   0.390380
239   0.388812
240   0.387208
241   0.385630
242   0.383990
243   0.382386
244   0.380790
245   0.379212
246   0.377564
247   0.375924
248   0.374366
249   0.372856
250   0.371356
251   0.369774
252   0.368130
253   0.366638
254   0.365260
255   0.363974
256   0.362504
257   0.360986
258   0.359306
259   0.357784
260   0.356298
261   0.354934
262   0.353650
263   0.352254
264   0.350870
265   0.349602
266   0.348582
267   0.347572
268   0.346728
269   0.345852
270   0.345172
271   0.344524
272   0.343920
273   0.343470
274   0.343050
275   0.342598
276   0.342288
277   0.341936
278   0.341620
279   0.341396
280   0.341036
281   0.340582
282   0.340234
283   0.339920
284   0.339632
285   0.339430
286   0.339142
287   0.338764
288   0.338206
289   0.337524
290   0.336792
291   0.335922
292   0.334980
293   0.334184
294   0.333420
295   0.332654
296   0.332056
297   0.331456
298   0.330918
299   0.330304
300   0.329812
301   0.329394
302   0.328694
303   0.327950
304   0.327218
305   0.326604
306   0.325914
307   0.325442
308   0.325068
309   0.324556
310   0.324002
311   0.323324
312   0.322746
313   0.322196
314   0.321626
315   0.321160
316   0.320556
317   0.319982
318   0.319278
319   0.318602
320   0.317948
321   0.317326
322   0.316614
323   0.315986
324   0.315416
325   0.314686
326   0.314016
327   0.313354
328   0.312768
329   0.312208
330   0.311732
331   0.311114
332   0.310464
333   0.309716
334   0.309058
335   0.308306
336   0.307600
337   0.307000
338   0.306310
339   0.305620
340   0.304964
341   0.304264
342   0.303612
343   0.302902
344   0.302082
345   0.301184
346   0.300196
347   0.299148
348   0.298226
349   0.297200
350   0.296374
351   0.295338
352   0.294312
353   0.293274
354   0.292190
355   0.291208
356   0.290322
357   0.289320
358   0.288460
359   0.287552
360   0.286802
361   0.286060
362   0.285354
363   0.284786
364   0.284152
365   0.283528
366   0.282904
367   0.282092
368   0.281286
369   0.280536
370   0.279768
371   0.278950
372   0.278186
373   0.277512
374   0.276802
375   0.276046
376   0.275274
377   0.274468
378   0.273612
379   0.272822
380   0.272068
381   0.271468
382   0.270846
383   0.270098
384   0.269426
385   0.268990
386   0.268546
387   0.268016
388   0.267484
389   0.266956
390   0.266396
391   0.265828
392   0.265394
393   0.264956
394   0.264572
395   0.264206
396   0.263918
397   0.263634
398   0.263332
399   0.263028
400   0.262888
401   0.262674
402   0.262536
403   0.262404
404   0.262230
405   0.262240
406   0.262068
407   0.261814
408   0.261618
409   0.261560
410   0.261542
411   0.261316
412   0.260948
413   0.260662
414   0.260366
415   0.259828
416   0.259244
417   0.258642
418   0.257936
419   0.257236
420   0.256612
421   0.255930
422   0.255314
423   0.254770
424   0.254312
425   0.253650
426   0.252914
427   0.252286
428   0.251724
429   0.251288
430   0.250676
431   0.250058
432   0.249486
433   0.249032
434   0.248572
435   0.248114
436   0.247688
437   0.247112
438   0.246554
439   0.246136
440   0.245554
441   0.244946
442   0.244098
443   0.243290
444   0.242532
445   0.241828
446   0.241112
447   0.240398
448   0.239762
449   0.239164
450   0.238578
451   0.237776
452   0.236960
453   0.236150
454   0.235486
455   0.234786
456   0.234242
457   0.233856
458   0.233384
459   0.232906
460   0.232460
461   0.232070
462   0.231830
463   0.231614
464   0.231416
465   0.231116
466   0.231000
467   0.230832
468   0.230576
469   0.230482
470   0.230404
471   0.230334
472   0.230246
473   0.230200
474   0.230050
475   0.230060
476   0.229890
477   0.229802
478   0.229878
479   0.229788
480   0.229884
481   0.229976
482   0.229960
483   0.230018
484   0.229898
485   0.229722
486   0.229494
487   0.229428
488   0.229300
489   0.229314
490   0.229450
491   0.229790
492   0.229842
493   0.230138
494   0.230496
495   0.230792
496   0.231172
497   0.231334
498   0.231382
499   0.231452
500   0.231528
-499   0.231662
-498   0.231740
-497   0.231882
-496   0.232144
-495   0.232406
-494   0.232614
-493   0.232926
-492   0.233240
-491   0.233458
-490   0.233756
-489   0.234074
-488   0.234302
-487   0.234376
-486   0.234452
-485   0.234568
-484   0.234708
-483   0.234918
-482   0.235098
-481   0.235216
-480   0.235424
-479   0.235678
-478   0.236078
-477   0.236478
-476   0.236710
-475   0.237280
-474   0.237968
-473   0.238508
-472   0.239212
-471   0.239958
-470   0.240726
-469   0.241362
-468   0.242024
-467   0.242344
-466   0.242612
-465   0.242742
-464   0.242994
-463   0.243314
-462   0.243560
-461   0.243846
-460   0.244132
-459   0.244228
-458   0.244308
-457   0.244506
-456   0.244776
-455   0.245062
-454   0.245318
-453   0.245528
-452   0.245616
-451   0.245910
-450   0.246368
-449   0.246896
-448   0.247332
-447   0.248022
-446   0.248698
-445   0.249214
-444   0.249614
-443   0.249994
-442   0.250324
-441   0.250652
-440   0.250964
-439   0.251162
-438   0.251404
-437   0.251674
-436   0.251950
-435   0.252138
-434   0.252438
-433   0.252684
-432   0.252998
-431   0.253184
-430   0.253380
-429   0.253606
-428   0.253896
-427   0.254100
-426   0.254384
-425   0.254708
-424   0.255122
-423   0.255576
-422   0.256104
-421   0.256660
-420   0.257274
-419   0.257952
-418   0.258534
-417   0.258972
-416   0.259410
-415   0.259738
-414   0.260400
-413   0.261194
-412   0.261920
-411   0.262716
-410   0.263410
-409   0.264170
-408   0.264788
-407   0.265508
-406   0.266170
-405   0.266768
-404   0.267510
-403   0.268250
-402   0.268770
-401   0.269298
-400   0.269750
-399   0.270246
-398   0.270786
-397   0.271234
-396   0.271940
-395   0.272752
-394   0.273688
-393   0.274574
-392   0.275516
-391   0.276488
-390   0.277386
-389   0.278298
-388   0.279218
-387   0.280132
-386   0.281098
-385   0.282054
-384   0.283210
-383   0.284308
-382   0.285350
-381   0.286388
-380   0.287382
-379   0.288426
-378   0.289464
-377   0.290456
-376   0.291588
-375   0.292642
-374   0.293706
-373   0.294758
-372   0.295796
-371   0.296882
-370   0.298052
-369   0.299392
-368   0.300628
-367   0.302048
-366   0.303436
-365   0.304848
-364   0.306146
-363   0.307434
-362   0.308654
-361   0.309878
-360   0.310970
-359   0.312072
-358   0.313184
-357   0.314260
-356   0.315300
-355   0.316438
-354   0.317472
-353   0.318514
-352   0.319540
-351   0.320450
-350   0.321564
-349   0.322704
-348   0.323894
-347   0.325158
-346   0.326338
-345   0.327492
-344   0.328624
-343   0.329760
-342   0.330846
-341   0.331956
-340   0.333098
-339   0.334326
-338   0.335692
-337   0.337044
-336   0.338488
-335   0.339786
-334   0.340908
-333   0.342080
-332   0.343264
-331   0.344488
-330   0.345682
-329   0.346870
-328   0.348108
-327   0.349372
-326   0.350584
-325   0.351902
-324   0.353150
-323   0.354306
-322   0.355438
-321   0.356666
-320   0.357882
-319   0.359060
-318   0.360192
-317   0.361418
-316   0.362664
-315   0.363976
-314   0.365326
-313   0.366672
-312   0.368068
-311   0.369494
-310   0.370948
-309   0.372274
-308   0.373642
-307   0.374902
-306   0.376028
-305   0.377084
-304   0.377926
-303   0.378888
-302   0.380058
-301   0.381334
-300   0.382696
-299   0.383948
-298   0.385220
-297   0.386450
-296   0.387720
-295   0.389038
-294   0.390288
-293   0.391594
-292   0.392902
-291   0.394280
-290   0.395460
-289   0.396904
-288   0.398268
-287   0.399614
-286   0.400892
-285   0.402268
-284   0.403714
-283   0.405306
-282   0.406960
-281   0.408466
-280   0.410126
-279   0.411698
-278   0.413200
-277   0.414746
-276   0.416328
-275   0.417838
-274   0.419540
-273   0.421262
-272   0.422946
-271   0.424540
-270   0.426102
-269   0.427636
-268   0.429084
-267   0.430624
-266   0.432004
-265   0.433450
-264   0.434944
-263   0.436348
-262   0.437676
-261   0.438834
-260   0.440070
-259   0.441394
-258   0.442502
-257   0.443552
-256   0.444542
-255   0.445658
-254   0.446520
-253   0.447414
-252   0.448558
-251   0.449752
-250   0.450910
-249   0.452052
-248   0.453134
-247   0.454106
-246   0.455128
-245   0.456220
-244   0.457244
-243   0.458262
-242   0.459240
-241   0.460406
-240   0.461370
-239   0.462254
-238   0.463160
-237   0.463972
-236   0.464818
-235   0.465590
-234   0.466300
-233   0.467044
-232   0.467786
-231   0.468616
-230   0.469460
-229   0.470274
-228   0.471212
-227   0.472124
-226   0.473124
-225   0.474102
-224   0.475194
-223   0.476250
-222   0.477452
-221   0.478538
-220   0.479794
-219   0.481166
-218   0.482322
-217   0.483428
-216   0.484710
-215   0.486024
-214   0.487434
-213   0.488762
-212   0.490048
-211   0.491180
-210   0.492274
-209   0.493504
-208   0.494712
-207   0.496042
-206   0.497406
-205   0.498766
-204   0.500048
-203   0.501328
-202   0.502564
-201   0.503892
-200   0.505020
-199   0.506172
-198   0.507388
-197   0.508650
-196   0.509990
-195   0.511392
-194   0.512918
-193   0.514400
-192   0.515726
-191   0.517022
-190   0.518480
-189   0.519796
-188   0.521116
-187   0.522538
-186   0.524052
-185   0.525524
-184   0.526990
-183   0.528544
-182   0.530184
-181   0.531844
-180   0.533550
-179   0.535140
-178   0.536746
-177   0.538252
-176   0.539674
-175   0.541044
-174   0.542604
-173   0.544212
-172   0.545818
-171   0.547522
-170   0.549244
-169   0.551066
-168   0.553030
-167   0.554894
-166   0.556790
-165   0.558544
-164   0.560280
-163   0.561908
-162   0.563544
-161   0.565454
-160   0.567306
-159   0.569162
-158   0.571090
-157   0.573122
-156   0.575232
-155   0.577376
-154   0.579600
-153   0.581804
-152   0.583980
-151   0.586222
-150   0.588626
-149   0.591002
-148   0.593430
-147   0.595880
-146   0.598438
-145   0.600862
-144   0.603394
-143   0.606016
-142   0.608656
-141   0.611286
-140   0.613834
-139   0.616308
-138   0.618764
-137   0.621326
-136   0.623778
-135   0.626272
-134   0.628788
-133   0.631214
-132   0.633602
-131   0.636104
-130   0.638788
-129   0.641316
-128   0.643662
-127   0.646030
-126   0.648354
-125   0.650828
-124   0.652976
-123   0.655168
-122   0.657142
-121   0.659340
-120   0.661538
-119   0.663764
-118   0.666066
-117   0.668296
-116   0.670448
-115   0.672634
-114   0.674730
-113   0.677038
-112   0.679434
-111   0.681826
-110   0.684246
-109   0.686580
-108   0.688882
-107   0.691050
-106   0.693274
-105   0.695592
-104   0.697960
-103   0.700414
-102   0.702762
-101   0.705010
-100   0.707052
-99   0.709036
-98   0.711110
-97   0.713258
-96   0.715596
-95   0.718124
-94   0.720768
-93   0.723276
-92   0.725774
-91   0.728320
-90   0.730762
-89   0.733268
-88   0.735700
-87   0.738042
-86   0.740572
-85   0.742986
-84   0.745336
-83   0.747756
-82   0.749952
-81   0.752394
-80   0.754862
-79   0.757212
-78   0.759832
-77   0.762464
-76   0.765124
-75   0.767942
-74   0.770756
-73   0.773526
-72   0.776142
-71   0.778982
-70   0.781562
-69   0.784274
-68   0.786920
-67   0.789324
-66   0.791728
-65   0.794256
-64   0.796826
-63   0.799324
-62   0.801956
-61   0.804710
-60   0.807686
-59   0.810580
-58   0.813466
-57   0.816300
-56   0.819252
-55   0.822000
-54   0.824786
-53   0.827628
-52   0.830672
-51   0.833718
-50   0.836716
-49   0.839716
-48   0.842896
-47   0.845926
-46   0.849052
-45   0.852078
-44   0.854998
-43   0.857986
-42   0.860954
-41   0.863834
-40   0.866590
-39   0.869462
-38   0.872142
-37   0.874832
-36   0.877374
-35   0.880014
-34   0.882776
-33   0.885410
-32   0.887834
-31   0.890290
-30   0.892754
-29   0.895050
-28   0.897284
-27   0.899652
-26   0.902188
-25   0.904598
-24   0.906988
-23   0.909442
-22   0.911794
-21   0.914142
-20   0.916590
-19   0.919000
-18   0.921166
-17   0.923364
-16   0.925554
-15   0.927668
-14   0.929820
-13   0.931900
-12   0.933992
-11   0.936104
-10   0.938324
-9   0.940750
-8   0.943236
-7   0.945742
-6   0.948128
-5   0.950578
-4   0.952730
-3   0.955096
-2   0.957458
-1   0.959854
