r MCS_10 MCS_20 MCS_40 MCS_80 MCS_160 MCS_320 MCS_640 MCS_1280 MCS_2560 MCS_5120 MCS_10240 MCS_20480 MCS_40960 
0   1.000000   1.000000   1.000000   1.000000   1.000000   1.000000   1.000000   1.000000   1.000000   1.000000   1.000000   1.000000   1.000000 
1   0.995200   0.995200   0.995200   0.995200   0.995200   0.995400   0.995400   0.995600   0.996200   0.996400   0.996800   0.997000   0.998400 
2   0.991200   0.991200   0.991200   0.991200   0.991200   0.991600   0.991600   0.992000   0.993200   0.993600   0.994400   0.994800   0.997600 
3   0.987200   0.987200   0.987200   0.987200   0.987200   0.987800   0.987800   0.988400   0.990200   0.990800   0.992000   0.992600   0.996800 
4   0.983200   0.983200   0.983200   0.983200   0.983200   0.984000   0.984000   0.984800   0.987200   0.988000   0.989600   0.990400   0.996000 
5   0.979200   0.979200   0.979200   0.979200   0.979200   0.980200   0.980200   0.981200   0.984200   0.985200   0.987200   0.988200   0.995200 
6   0.975200   0.975200   0.975200   0.975200   0.975200   0.976400   0.976400   0.977600   0.981200   0.982400   0.984800   0.986000   0.994400 
7   0.971200   0.971200   0.971200   0.971200   0.971200   0.972600   0.972600   0.974000   0.978200   0.979600   0.982400   0.983800   0.993600 
8   0.967200   0.967200   0.967200   0.967200   0.967200   0.968800   0.968800   0.970400   0.975200   0.976800   0.980000   0.981600   0.992800 
9   0.963200   0.963200   0.963200   0.963200   0.963200   0.965000   0.965000   0.966800   0.972200   0.974000   0.977600   0.979400   0.992000 
10   0.959200   0.959200   0.959200   0.959200   0.959200   0.961200   0.961200   0.963200   0.969200   0.971200   0.975200   0.977200   0.991200 
11   0.955200   0.955200   0.955200   0.955200   0.955200   0.957400   0.957400   0.959600   0.966200   0.968400   0.972800   0.975000   0.990400 
12   0.951200   0.951200   0.951200   0.951200   0.951200   0.953600   0.953600   0.956000   0.963200   0.965600   0.970400   0.972800   0.989600 
13   0.947200   0.947200   0.947200   0.947200   0.947200   0.949800   0.949800   0.952400   0.960200   0.962800   0.968000   0.970600   0.988800 
14   0.943200   0.943200   0.943200   0.943200   0.943200   0.946000   0.946000   0.948800   0.957200   0.960000   0.965600   0.968400   0.988000 
15   0.939200   0.939200   0.939200   0.939200   0.939200   0.942200   0.942200   0.945200   0.954200   0.957200   0.963200   0.966200   0.987200 
16   0.935200   0.935200   0.935200   0.935200   0.935200   0.938400   0.938400   0.941600   0.951200   0.954400   0.960800   0.964000   0.986400 
17   0.931200   0.931200   0.931200   0.931200   0.931200   0.934600   0.934600   0.938000   0.948200   0.951600   0.958400   0.961800   0.985600 
18   0.927200   0.927200   0.927200   0.927200   0.927200   0.930800   0.930800   0.934400   0.945200   0.948800   0.956000   0.959600   0.984800 
19   0.923200   0.923200   0.923200   0.923200   0.923200   0.927000   0.927000   0.930800   0.942200   0.946000   0.953600   0.957400   0.984000 
20   0.919200   0.919200   0.919200   0.919200   0.919200   0.923200   0.923200   0.927200   0.939200   0.943200   0.951200   0.955200   0.983200 
21   0.915200   0.915200   0.915200   0.915200   0.915200   0.919400   0.919400   0.923600   0.936200   0.940400   0.948800   0.953000   0.982400 
22   0.911200   0.911200   0.911200   0.911200   0.911200   0.915600   0.915600   0.920000   0.933200   0.937600   0.946400   0.950800   0.981600 
23   0.907200   0.907200   0.907200   0.907200   0.907200   0.911800   0.911800   0.916400   0.930200   0.934800   0.944000   0.948600   0.980800 
24   0.903200   0.903200   0.903200   0.903200   0.903200   0.908000   0.908000   0.912800   0.927200   0.932000   0.941600   0.946400   0.980000 
25   0.899200   0.899200   0.899200   0.899200   0.899200   0.904200   0.904200   0.909200   0.924200   0.929200   0.939200   0.944200   0.979200 
26   0.895200   0.895200   0.895200   0.895200   0.895200   0.900400   0.900400   0.905600   0.921200   0.926400   0.936800   0.942000   0.978400 
27   0.891200   0.891200   0.891200   0.891200   0.891200   0.896600   0.896600   0.902000   0.918200   0.923600   0.934400   0.939800   0.977600 
28   0.887200   0.887200   0.887200   0.887200   0.887200   0.892800   0.892800   0.898600   0.915200   0.920800   0.932000   0.937600   0.976800 
29   0.883200   0.883400   0.883200   0.883200   0.883200   0.889000   0.889000   0.895200   0.912200   0.918000   0.929600   0.935400   0.976000 
30   0.879200   0.879600   0.879200   0.879200   0.879200   0.885200   0.885200   0.891800   0.909200   0.915200   0.927200   0.933200   0.975200 
31   0.875200   0.875800   0.875400   0.875200   0.875200   0.881400   0.881400   0.888400   0.906200   0.912400   0.924800   0.931000   0.974400 
32   0.871200   0.872000   0.871600   0.871200   0.871200   0.877600   0.877600   0.885000   0.903200   0.909600   0.922400   0.928800   0.973600 
33   0.867200   0.868200   0.867800   0.867200   0.867200   0.873800   0.873800   0.881600   0.900200   0.906800   0.920000   0.926600   0.972800 
34   0.863200   0.864400   0.864000   0.863200   0.863200   0.870000   0.870000   0.878200   0.897200   0.904000   0.917600   0.924400   0.972000 
35   0.859400   0.860600   0.860200   0.859200   0.859200   0.866200   0.866200   0.874800   0.894200   0.901200   0.915200   0.922200   0.971200 
36   0.855600   0.856800   0.856400   0.855200   0.855200   0.862400   0.862400   0.871400   0.891200   0.898400   0.912800   0.920000   0.970400 
37   0.851800   0.853000   0.852600   0.851200   0.851200   0.858600   0.858600   0.868000   0.888200   0.895600   0.910400   0.917800   0.969600 
38   0.848000   0.849200   0.848800   0.847200   0.847200   0.854800   0.854800   0.864600   0.885200   0.892800   0.908000   0.915600   0.968800 
39   0.844200   0.845400   0.845000   0.843200   0.843200   0.851000   0.851000   0.861200   0.882200   0.890000   0.905600   0.913400   0.968000 
40   0.840400   0.841600   0.841200   0.839200   0.839200   0.847200   0.847200   0.857800   0.879200   0.887200   0.903200   0.911200   0.967200 
41   0.836600   0.837800   0.837400   0.835200   0.835200   0.843400   0.843400   0.854400   0.876200   0.884400   0.900800   0.909000   0.966400 
42   0.832800   0.834000   0.833600   0.831400   0.831200   0.839600   0.839800   0.851000   0.873200   0.881600   0.898400   0.906800   0.965600 
43   0.829000   0.830200   0.829800   0.827600   0.827200   0.835800   0.836200   0.847600   0.870200   0.878800   0.896000   0.904600   0.964800 
44   0.825200   0.826400   0.826000   0.823800   0.823200   0.832000   0.832600   0.844200   0.867200   0.876000   0.893600   0.902400   0.964000 
45   0.821400   0.822600   0.822200   0.820000   0.819200   0.828200   0.829000   0.840800   0.864200   0.873200   0.891200   0.900200   0.963200 
46   0.817600   0.818800   0.818400   0.816200   0.815200   0.824400   0.825400   0.837400   0.861200   0.870400   0.888800   0.898000   0.962400 
47   0.813800   0.815000   0.814600   0.812400   0.811200   0.820600   0.821800   0.834000   0.858200   0.867600   0.886400   0.895800   0.961600 
48   0.810000   0.811200   0.810800   0.808600   0.807200   0.816800   0.818200   0.830600   0.855200   0.864800   0.884000   0.893600   0.960800 
49   0.806200   0.807400   0.807000   0.804800   0.803200   0.813000   0.814600   0.827200   0.852200   0.862000   0.881600   0.891400   0.960000 
50   0.802400   0.803600   0.803200   0.801000   0.799400   0.809200   0.811000   0.823800   0.849200   0.859200   0.879200   0.889200   0.959200 
51   0.798600   0.799800   0.799400   0.797200   0.795600   0.805400   0.807400   0.820400   0.846200   0.856400   0.876800   0.887000   0.958400 
52   0.794800   0.796000   0.795600   0.793400   0.791800   0.801600   0.804000   0.817000   0.843200   0.853600   0.874400   0.884800   0.957600 
53   0.791000   0.792200   0.791800   0.789600   0.788000   0.797800   0.800600   0.813600   0.840200   0.850800   0.872000   0.882600   0.956800 
54   0.787200   0.788400   0.788000   0.785800   0.784200   0.794000   0.797200   0.810200   0.837200   0.848000   0.869600   0.880400   0.956000 
55   0.783400   0.784600   0.784200   0.782000   0.780400   0.790200   0.794000   0.806800   0.834200   0.845200   0.867200   0.878200   0.955200 
56   0.779600   0.780800   0.780400   0.778200   0.776600   0.786400   0.790800   0.803400   0.831200   0.842400   0.864800   0.876000   0.954400 
57   0.775800   0.777000   0.776600   0.774400   0.772800   0.782600   0.787600   0.800000   0.828200   0.839600   0.862400   0.873800   0.953600 
58   0.772000   0.773200   0.772800   0.770600   0.769000   0.778800   0.784400   0.796600   0.825200   0.836800   0.860000   0.871600   0.952800 
59   0.768200   0.769400   0.769000   0.766800   0.765200   0.775000   0.781200   0.793200   0.822200   0.834000   0.857600   0.869400   0.952000 
60   0.764400   0.765600   0.765200   0.763000   0.761400   0.771200   0.778000   0.789800   0.819200   0.831200   0.855200   0.867200   0.951200 
61   0.760600   0.761800   0.761400   0.759200   0.757600   0.767600   0.774800   0.786400   0.816200   0.828400   0.852800   0.865000   0.950400 
62   0.756800   0.758000   0.757600   0.755400   0.753800   0.764000   0.771600   0.783000   0.813200   0.825600   0.850400   0.862800   0.949600 
63   0.753000   0.754200   0.753800   0.751600   0.750000   0.760400   0.768400   0.779600   0.810200   0.822800   0.848000   0.860600   0.948800 
64   0.749200   0.750400   0.750000   0.747800   0.746200   0.756800   0.765200   0.776200   0.807200   0.820000   0.845600   0.858400   0.948000 
65   0.745400   0.746600   0.746200   0.744000   0.742400   0.753200   0.762000   0.772800   0.804200   0.817200   0.843200   0.856200   0.947200 
66   0.741600   0.742800   0.742400   0.740200   0.738600   0.749600   0.758800   0.769400   0.801200   0.814400   0.840800   0.854000   0.946400 
67   0.737800   0.739000   0.738600   0.736400   0.734800   0.746000   0.755600   0.766000   0.798200   0.811600   0.838400   0.851800   0.945600 
68   0.734000   0.735200   0.734800   0.732600   0.731000   0.742400   0.752400   0.762600   0.795200   0.808800   0.836000   0.849600   0.944800 
69   0.730200   0.731400   0.731000   0.728800   0.727200   0.738800   0.749200   0.759200   0.792200   0.806000   0.833600   0.847400   0.944000 
70   0.726400   0.727600   0.727200   0.725000   0.723400   0.735200   0.746000   0.755800   0.789200   0.803200   0.831200   0.845200   0.943200 
71   0.722600   0.723800   0.723400   0.721200   0.719600   0.731600   0.742800   0.752400   0.786200   0.800400   0.828800   0.843000   0.942400 
72   0.718800   0.720000   0.719600   0.717400   0.715800   0.728000   0.739600   0.749000   0.783200   0.797600   0.826400   0.840800   0.941600 
73   0.715000   0.716200   0.716000   0.713600   0.712000   0.724400   0.736400   0.745600   0.780200   0.794800   0.824000   0.838600   0.940800 
74   0.711200   0.712400   0.712400   0.709800   0.708200   0.720800   0.733200   0.742200   0.777200   0.792000   0.821600   0.836400   0.940000 
75   0.707400   0.708600   0.708800   0.706000   0.704400   0.717200   0.730000   0.738800   0.774200   0.789200   0.819200   0.834200   0.939200 
76   0.703800   0.705000   0.705200   0.702200   0.700600   0.713800   0.726800   0.735400   0.771200   0.786400   0.816800   0.832000   0.938400 
77   0.700200   0.701400   0.701600   0.698400   0.696800   0.710400   0.723600   0.732000   0.768200   0.783600   0.814400   0.829800   0.937600 
78   0.696600   0.697800   0.698000   0.694600   0.693000   0.707200   0.720400   0.728600   0.765200   0.780800   0.812000   0.827600   0.936800 
79   0.693200   0.694200   0.694400   0.690800   0.689200   0.704000   0.717200   0.725400   0.762200   0.778200   0.809600   0.825400   0.936000 
80   0.689800   0.690600   0.690800   0.687000   0.685400   0.700800   0.714000   0.722200   0.759200   0.775600   0.807200   0.823200   0.935200 
81   0.686400   0.687000   0.687200   0.683200   0.681600   0.697600   0.710800   0.719000   0.756400   0.773000   0.804800   0.821000   0.934400 
82   0.683000   0.683400   0.683600   0.679600   0.677800   0.694400   0.707600   0.715800   0.753600   0.770400   0.802400   0.818800   0.933600 
83   0.679600   0.679800   0.680000   0.676000   0.674000   0.691200   0.704400   0.712600   0.750800   0.767800   0.800000   0.816600   0.932800 
84   0.676200   0.676400   0.676400   0.672400   0.670200   0.688000   0.701200   0.709400   0.748000   0.765200   0.797600   0.814600   0.932000 
85   0.672800   0.673000   0.672800   0.668800   0.666400   0.684800   0.698000   0.706200   0.745200   0.762600   0.795200   0.812600   0.931200 
86   0.669400   0.669600   0.669200   0.665200   0.662600   0.681600   0.694800   0.703000   0.742400   0.760000   0.792800   0.810600   0.930400 
87   0.666000   0.666200   0.665600   0.661600   0.658800   0.678400   0.691600   0.699800   0.739600   0.757600   0.790400   0.808600   0.929600 
88   0.662600   0.663000   0.662000   0.658000   0.655000   0.675200   0.688400   0.696600   0.737000   0.755000   0.788000   0.806600   0.928800 
89   0.659200   0.659800   0.658400   0.654400   0.651200   0.672000   0.685200   0.693400   0.734400   0.752400   0.785600   0.804600   0.928200 
90   0.655800   0.656600   0.654800   0.650800   0.647400   0.668800   0.682000   0.690400   0.731800   0.749800   0.783200   0.802600   0.927600 
91   0.652400   0.653400   0.651200   0.647200   0.643800   0.665600   0.678800   0.687400   0.729200   0.747200   0.780800   0.800600   0.927000 
92   0.649000   0.650200   0.647600   0.643600   0.640200   0.662400   0.675600   0.684400   0.726600   0.744600   0.778400   0.798600   0.926400 
93   0.645600   0.647000   0.644000   0.640000   0.636600   0.659200   0.672400   0.681400   0.724000   0.742000   0.776000   0.796600   0.925800 
94   0.642200   0.643800   0.640600   0.636400   0.633000   0.656000   0.669200   0.678400   0.721400   0.739400   0.773600   0.794600   0.925200 
95   0.638800   0.640600   0.637400   0.633000   0.629400   0.652800   0.666000   0.675400   0.718800   0.736800   0.771200   0.792600   0.924600 
96   0.635400   0.637400   0.634200   0.629800   0.625800   0.649600   0.662800   0.672400   0.716200   0.734200   0.768800   0.790600   0.924000 
97   0.632000   0.634200   0.631000   0.626600   0.622400   0.646400   0.659600   0.669400   0.713600   0.731600   0.766400   0.788600   0.923400 
98   0.628600   0.631000   0.627800   0.623400   0.619000   0.643200   0.656400   0.666600   0.711000   0.729000   0.764000   0.786600   0.922800 
99   0.625200   0.627800   0.624600   0.620200   0.615600   0.640000   0.653200   0.663800   0.708400   0.726400   0.761600   0.784600   0.922200 
100   0.621800   0.624600   0.621400   0.617000   0.612200   0.636800   0.650000   0.661000   0.705800   0.723800   0.759200   0.782600   0.921600 
101   0.618400   0.621400   0.618200   0.613800   0.608800   0.633600   0.646800   0.658200   0.703200   0.721200   0.756800   0.780600   0.921000 
102   0.615000   0.618200   0.615000   0.610600   0.605400   0.630400   0.643600   0.655400   0.700600   0.718600   0.754400   0.778600   0.920400 
103   0.611600   0.615000   0.611800   0.607400   0.602000   0.627200   0.640400   0.652600   0.698000   0.716000   0.752000   0.776600   0.919800 
104   0.608200   0.611800   0.608600   0.604200   0.598600   0.624000   0.637400   0.649800   0.695400   0.713400   0.749600   0.774600   0.919200 
105   0.604800   0.608600   0.605400   0.601000   0.595200   0.620800   0.634600   0.647000   0.693000   0.710800   0.747200   0.772600   0.918600 
106   0.601600   0.605400   0.602200   0.597800   0.591800   0.617600   0.631800   0.644200   0.690600   0.708200   0.744800   0.770600   0.918000 
107   0.598400   0.602200   0.599000   0.594600   0.588400   0.614600   0.629000   0.641400   0.688200   0.705600   0.742600   0.768600   0.917400 
108   0.595200   0.599000   0.595800   0.591400   0.585000   0.611600   0.626200   0.638600   0.685800   0.703000   0.740400   0.766600   0.916800 
109   0.592000   0.595800   0.592800   0.588200   0.581600   0.608600   0.623400   0.635800   0.683400   0.700400   0.738200   0.764600   0.916200 
110   0.588800   0.592600   0.589800   0.585200   0.578200   0.605600   0.620600   0.633000   0.681000   0.697800   0.736000   0.762600   0.915600 
111   0.585600   0.589400   0.587000   0.582200   0.574800   0.602600   0.617800   0.630200   0.678600   0.695200   0.733800   0.760600   0.915000 
112   0.582400   0.586200   0.584200   0.579400   0.571400   0.599600   0.615000   0.627400   0.676200   0.692600   0.731600   0.758600   0.914400 
113   0.579200   0.583000   0.581600   0.576600   0.568000   0.596600   0.612200   0.624600   0.673800   0.690000   0.729400   0.756600   0.913800 
114   0.576000   0.580000   0.579000   0.574000   0.564600   0.593600   0.609400   0.621800   0.671400   0.687400   0.727200   0.754600   0.913200 
115   0.572800   0.577000   0.576400   0.571400   0.561400   0.590600   0.606600   0.619000   0.669000   0.684800   0.725000   0.752600   0.912600 
116   0.569600   0.574000   0.573800   0.568800   0.558200   0.587600   0.603800   0.616200   0.666600   0.682200   0.722800   0.750600   0.912000 
117   0.566400   0.571000   0.571200   0.566200   0.555000   0.584600   0.601000   0.613400   0.664200   0.679600   0.720600   0.748600   0.911400 
118   0.563200   0.568000   0.568600   0.563600   0.552000   0.581600   0.598200   0.610600   0.661800   0.677000   0.718400   0.746600   0.910800 
119   0.560200   0.565000   0.566000   0.561000   0.549000   0.578600   0.595400   0.607800   0.659400   0.674400   0.716200   0.744600   0.910200 
120   0.557200   0.562000   0.563400   0.558400   0.546200   0.575800   0.592600   0.605000   0.657200   0.671800   0.714000   0.742600   0.909600 
121   0.554400   0.559200   0.560800   0.555800   0.543400   0.573000   0.589800   0.602200   0.655000   0.669200   0.711800   0.740600   0.909000 
122   0.551800   0.556400   0.558200   0.553200   0.540600   0.570200   0.587000   0.599600   0.652800   0.666600   0.709600   0.738600   0.908400 
123   0.549200   0.553800   0.555600   0.550600   0.537800   0.567400   0.584200   0.597000   0.650600   0.664000   0.707400   0.736600   0.907800 
124   0.546600   0.551200   0.553000   0.548200   0.535000   0.564800   0.581400   0.594400   0.648400   0.661400   0.705200   0.734600   0.907200 
125   0.544000   0.548600   0.550400   0.545800   0.532200   0.562200   0.578600   0.591800   0.646200   0.658800   0.703000   0.732600   0.906600 
126   0.541400   0.546000   0.547800   0.543400   0.529600   0.559600   0.575800   0.589200   0.644000   0.656200   0.700800   0.730600   0.906000 
127   0.538800   0.543400   0.545200   0.541000   0.527200   0.557000   0.573000   0.586600   0.641800   0.653600   0.698600   0.728600   0.905400 
128   0.536200   0.540800   0.542800   0.538600   0.524800   0.554400   0.570200   0.584000   0.639600   0.651000   0.696400   0.726600   0.904800 
129   0.533600   0.538400   0.540600   0.536200   0.522600   0.551800   0.567400   0.581400   0.637400   0.648400   0.694200   0.724600   0.904200 
130   0.531200   0.536000   0.538400   0.533800   0.520400   0.549200   0.564600   0.578800   0.635200   0.645800   0.692000   0.722600   0.903600 
131   0.528800   0.533600   0.536200   0.531400   0.518200   0.546600   0.561800   0.576200   0.633000   0.643200   0.689800   0.720600   0.903000 
132   0.526400   0.531200   0.534000   0.529000   0.516000   0.544200   0.559000   0.573600   0.630800   0.640800   0.687600   0.718600   0.902400 
133   0.524000   0.528800   0.531800   0.526600   0.513800   0.541800   0.556200   0.571000   0.628600   0.638600   0.685400   0.716600   0.901800 
134   0.521600   0.526400   0.529600   0.524200   0.511600   0.539400   0.553400   0.568400   0.626400   0.636200   0.683200   0.714600   0.901200 
135   0.519200   0.524000   0.527400   0.522000   0.509600   0.537000   0.550800   0.565800   0.624200   0.633800   0.681000   0.712600   0.900600 
136   0.516800   0.521600   0.525200   0.519800   0.507600   0.534600   0.548200   0.563200   0.622000   0.631400   0.678800   0.710600   0.900000 
137   0.514400   0.519200   0.523000   0.517600   0.505600   0.532200   0.545800   0.560800   0.619800   0.629000   0.676600   0.708600   0.899400 
138   0.512000   0.517000   0.520800   0.515400   0.503600   0.529800   0.543400   0.558400   0.617600   0.626600   0.674400   0.706600   0.898800 
139   0.509600   0.514800   0.518600   0.513200   0.501600   0.527400   0.541000   0.556000   0.615400   0.624200   0.672200   0.704600   0.898200 
140   0.507200   0.512600   0.516400   0.511000   0.499600   0.525000   0.538600   0.553600   0.613200   0.621800   0.670000   0.702600   0.897600 
141   0.504800   0.510400   0.514200   0.508800   0.497600   0.522600   0.536200   0.551200   0.611000   0.619400   0.667800   0.700600   0.897000 
142   0.502400   0.508200   0.512000   0.506600   0.495600   0.520200   0.533800   0.548800   0.608800   0.617000   0.665600   0.698600   0.896400 
143   0.500000   0.506000   0.510000   0.504400   0.493600   0.517800   0.531400   0.546400   0.606600   0.614600   0.663400   0.696600   0.895800 
144   0.497600   0.503800   0.508000   0.502200   0.491600   0.515400   0.529000   0.544000   0.604400   0.612200   0.661200   0.694600   0.895200 
145   0.495400   0.501600   0.506000   0.500000   0.489600   0.513000   0.526800   0.541600   0.602200   0.609800   0.659000   0.692600   0.894600 
146   0.493200   0.499400   0.504000   0.498000   0.487600   0.510600   0.524600   0.539200   0.600000   0.607400   0.656800   0.690600   0.894000 
147   0.491000   0.497400   0.502000   0.496000   0.485600   0.508200   0.522400   0.536800   0.597800   0.605000   0.654600   0.688600   0.893400 
148   0.488800   0.495400   0.500000   0.494000   0.483600   0.505800   0.520200   0.534400   0.595600   0.602600   0.652400   0.686600   0.892800 
149   0.486600   0.493400   0.498000   0.492000   0.481600   0.503400   0.518000   0.532000   0.593400   0.600200   0.650200   0.684600   0.892200 
150   0.484400   0.491400   0.496000   0.490000   0.479600   0.501000   0.516000   0.529600   0.591200   0.597800   0.648000   0.682600   0.891600 
151   0.482200   0.489400   0.494000   0.488000   0.477600   0.498600   0.514000   0.527200   0.589000   0.595400   0.645800   0.680600   0.891000 
152   0.480200   0.487400   0.492000   0.486000   0.475800   0.496400   0.512000   0.524800   0.586800   0.593000   0.643600   0.678600   0.890400 
153   0.478200   0.485400   0.490000   0.484000   0.474000   0.494200   0.510000   0.522600   0.584600   0.590600   0.641400   0.676600   0.889800 
154   0.476200   0.483400   0.488000   0.482000   0.472200   0.492000   0.508000   0.520400   0.582400   0.588200   0.639200   0.674600   0.889200 
155   0.474200   0.481400   0.486000   0.480000   0.470400   0.489800   0.506000   0.518200   0.580200   0.585800   0.637000   0.672600   0.888600 
156   0.472200   0.479600   0.484000   0.478000   0.468600   0.487600   0.504000   0.516000   0.578000   0.583400   0.634800   0.670600   0.888000 
157   0.470200   0.477800   0.482000   0.476000   0.466800   0.485400   0.502000   0.513800   0.576000   0.581000   0.632800   0.668600   0.887400 
158   0.468200   0.476000   0.480000   0.474000   0.465000   0.483200   0.500000   0.511600   0.574000   0.578600   0.630800   0.666600   0.886800 
159   0.466200   0.474200   0.478000   0.472000   0.463200   0.481200   0.498000   0.509600   0.572000   0.576200   0.628800   0.664600   0.886200 
160   0.464200   0.472400   0.476000   0.470000   0.461400   0.479200   0.496200   0.507600   0.570000   0.573800   0.626800   0.662600   0.885600 
161   0.462200   0.470600   0.474000   0.468000   0.459600   0.477400   0.494400   0.505600   0.568000   0.571400   0.624800   0.660600   0.885000 
162   0.460200   0.468800   0.472000   0.466000   0.457800   0.475600   0.492600   0.503800   0.566000   0.569000   0.622800   0.658600   0.884400 
163   0.458200   0.467000   0.470000   0.464000   0.456000   0.473800   0.490800   0.502000   0.564000   0.566600   0.620800   0.656600   0.883800 
164   0.456200   0.465200   0.468200   0.462000   0.454200   0.472000   0.489000   0.500400   0.562000   0.564200   0.618800   0.654600   0.883200 
165   0.454200   0.463400   0.466400   0.460000   0.452400   0.470200   0.487200   0.498800   0.560000   0.561800   0.616800   0.652600   0.882600 
166   0.452400   0.461600   0.464600   0.458000   0.450600   0.468400   0.485400   0.497200   0.558000   0.559400   0.614800   0.650600   0.882000 
167   0.450600   0.459800   0.462800   0.456200   0.448800   0.466800   0.483600   0.495600   0.556000   0.557000   0.612800   0.648800   0.881400 
168   0.448800   0.458000   0.461000   0.454400   0.447000   0.465200   0.481800   0.494000   0.554000   0.554600   0.610800   0.647000   0.880800 
169   0.447000   0.456200   0.459200   0.452600   0.445200   0.463600   0.480000   0.492400   0.552000   0.552400   0.608800   0.645200   0.880200 
170   0.445200   0.454400   0.457400   0.450800   0.443400   0.462000   0.478200   0.490800   0.550000   0.550200   0.606800   0.643400   0.879600 
171   0.443400   0.452600   0.455600   0.449000   0.441600   0.460400   0.476600   0.489200   0.548200   0.548000   0.604800   0.641600   0.879000 
172   0.441600   0.450800   0.454000   0.447200   0.439800   0.458800   0.475000   0.487600   0.546200   0.545800   0.602800   0.640000   0.878400 
173   0.439800   0.449000   0.452400   0.445600   0.438000   0.457200   0.473400   0.486000   0.544200   0.543600   0.600800   0.638400   0.877800 
174   0.438200   0.447400   0.450800   0.444000   0.436200   0.455600   0.471800   0.484400   0.542200   0.541400   0.598800   0.636800   0.877200 
175   0.436800   0.445800   0.449200   0.442400   0.434400   0.454000   0.470400   0.482800   0.540200   0.539200   0.596800   0.635200   0.876600 
176   0.435400   0.444200   0.447600   0.440800   0.432600   0.452400   0.469000   0.481200   0.538200   0.537000   0.594800   0.633600   0.876000 
177   0.434000   0.442600   0.446000   0.439200   0.430800   0.450800   0.467600   0.479600   0.536200   0.534800   0.592800   0.632000   0.875400 
178   0.432600   0.441000   0.444400   0.437600   0.429000   0.449200   0.466200   0.478000   0.534200   0.532600   0.590800   0.630400   0.874800 
179   0.431200   0.439400   0.442800   0.436000   0.427200   0.447600   0.464800   0.476400   0.532400   0.530400   0.588800   0.628800   0.874200 
180   0.429800   0.437800   0.441200   0.434400   0.425600   0.446000   0.463400   0.474800   0.530600   0.528200   0.586800   0.627200   0.873600 
181   0.428400   0.436200   0.439600   0.432800   0.424000   0.444400   0.462000   0.473200   0.528800   0.526000   0.584800   0.625800   0.873000 
182   0.427000   0.434600   0.438000   0.431200   0.422400   0.442800   0.460600   0.471600   0.527000   0.523800   0.583000   0.624400   0.872400 
183   0.425600   0.433000   0.436400   0.429600   0.420800   0.441200   0.459200   0.470000   0.525200   0.521600   0.581200   0.623000   0.871800 
184   0.424200   0.431400   0.434800   0.428000   0.419200   0.439600   0.458000   0.468400   0.523400   0.519400   0.579400   0.621600   0.871200 
185   0.422800   0.429800   0.433200   0.426400   0.417600   0.438000   0.456800   0.466800   0.521600   0.517200   0.577600   0.620200   0.870600 
186   0.421400   0.428200   0.431600   0.424800   0.416000   0.436400   0.455600   0.465200   0.519800   0.515000   0.575800   0.618800   0.870000 
187   0.420000   0.426800   0.430000   0.423200   0.414400   0.434800   0.454400   0.463600   0.518200   0.512800   0.574000   0.617400   0.869400 
188   0.418600   0.425400   0.428400   0.421600   0.413000   0.433200   0.453200   0.462000   0.516600   0.510600   0.572200   0.616000   0.868800 
189   0.417200   0.424000   0.426800   0.420000   0.411600   0.431600   0.452000   0.460400   0.515000   0.508400   0.570400   0.614600   0.868200 
190   0.415800   0.422600   0.425200   0.418400   0.410400   0.430000   0.451000   0.458800   0.513400   0.506200   0.568600   0.613200   0.867600 
191   0.414400   0.421200   0.423600   0.416800   0.409200   0.428400   0.450000   0.457200   0.511800   0.504000   0.566800   0.611800   0.867000 
192   0.413200   0.420000   0.422000   0.415200   0.408000   0.426800   0.449000   0.455600   0.510200   0.501800   0.565000   0.610400   0.866400 
193   0.412000   0.418800   0.420400   0.413600   0.406800   0.425400   0.448000   0.454000   0.508600   0.499600   0.563200   0.609000   0.865800 
194   0.410800   0.417600   0.418800   0.412000   0.405600   0.424000   0.447200   0.452400   0.507000   0.497400   0.561400   0.607600   0.865200 
195   0.409600   0.416400   0.417400   0.410400   0.404400   0.422600   0.446400   0.450800   0.505400   0.495200   0.559600   0.606200   0.864600 
196   0.408400   0.415200   0.416000   0.409000   0.403200   0.421200   0.445600   0.449200   0.503800   0.493000   0.557800   0.604800   0.864000 
197   0.407200   0.414000   0.414600   0.407600   0.402000   0.419800   0.444800   0.447600   0.502200   0.490800   0.556000   0.603400   0.863400 
198   0.406000   0.412800   0.413200   0.406200   0.400800   0.418400   0.444000   0.446000   0.500600   0.488600   0.554200   0.602000   0.862800 
199   0.404800   0.411600   0.411800   0.404800   0.399600   0.417400   0.443200   0.444400   0.499000   0.486400   0.552400   0.600600   0.862200 
200   0.403600   0.410400   0.410600   0.403400   0.398400   0.416400   0.442400   0.442800   0.497400   0.484200   0.550600   0.599200   0.861600 
201   0.402400   0.409200   0.409400   0.402000   0.397200   0.415400   0.441600   0.441400   0.495800   0.482000   0.548800   0.597800   0.861000 
202   0.401200   0.408000   0.408200   0.400600   0.396000   0.414400   0.440800   0.440200   0.494200   0.479800   0.547000   0.596400   0.860400 
203   0.400000   0.406800   0.407000   0.399200   0.394800   0.413400   0.440000   0.439000   0.492600   0.477600   0.545200   0.595000   0.859800 
204   0.398800   0.405600   0.405800   0.397800   0.393800   0.412400   0.439200   0.437800   0.491000   0.475400   0.543400   0.593600   0.859200 
205   0.397600   0.404400   0.404600   0.396400   0.392600   0.411400   0.438400   0.436600   0.489400   0.473200   0.541600   0.592200   0.858600 
206   0.396400   0.403200   0.403400   0.395000   0.391400   0.410400   0.437600   0.435400   0.487800   0.471200   0.539800   0.590800   0.858000 
207   0.395200   0.402000   0.402200   0.393600   0.390200   0.409600   0.437000   0.434200   0.486200   0.469200   0.538000   0.589400   0.857400 
208   0.394000   0.400800   0.401000   0.392200   0.389000   0.408800   0.436400   0.433000   0.484600   0.467200   0.536200   0.588000   0.856800 
209   0.392800   0.399600   0.399800   0.391000   0.387800   0.408000   0.435800   0.431800   0.483000   0.465400   0.534400   0.586600   0.856200 
210   0.391600   0.398400   0.398600   0.389800   0.386600   0.407200   0.435200   0.430600   0.481400   0.463600   0.532600   0.585200   0.855600 
211   0.390400   0.397200   0.397400   0.388600   0.385400   0.406400   0.434600   0.429400   0.479800   0.461800   0.530800   0.583800   0.855000 
212   0.389200   0.396000   0.396200   0.387400   0.384200   0.405600   0.434000   0.428200   0.478200   0.460000   0.529000   0.582400   0.854400 
213   0.388000   0.394800   0.395000   0.386400   0.383200   0.404800   0.433400   0.427000   0.476600   0.458200   0.527200   0.581000   0.853800 
214   0.386800   0.393600   0.393800   0.385400   0.382200   0.404000   0.432800   0.425800   0.475000   0.456400   0.525400   0.579600   0.853200 
215   0.385600   0.392400   0.392800   0.384400   0.381200   0.403200   0.432200   0.424600   0.473600   0.454600   0.523600   0.578200   0.852600 
216   0.384400   0.391200   0.391600   0.383600   0.380200   0.402400   0.431600   0.423400   0.472200   0.452800   0.521800   0.576800   0.852000 
217   0.383200   0.390200   0.390400   0.382600   0.379200   0.402000   0.431000   0.422200   0.471000   0.451000   0.520000   0.575400   0.851400 
218   0.382000   0.389200   0.389200   0.381600   0.378200   0.401600   0.430400   0.421000   0.469600   0.449000   0.518200   0.574000   0.850800 
219   0.381000   0.388200   0.388000   0.380600   0.377200   0.401200   0.429800   0.419800   0.468200   0.447200   0.516400   0.572600   0.850200 
220   0.379800   0.387200   0.387000   0.379600   0.376200   0.400800   0.429200   0.418600   0.466800   0.445400   0.514600   0.571200   0.849600 
221   0.378600   0.386200   0.386000   0.378600   0.375200   0.400400   0.428600   0.417600   0.465400   0.443600   0.512800   0.569800   0.849000 
222   0.377400   0.385200   0.385000   0.377600   0.374400   0.400200   0.428000   0.416600   0.464000   0.441800   0.511000   0.568400   0.848400 
223   0.376200   0.384200   0.384000   0.376800   0.373600   0.399800   0.427400   0.415600   0.462600   0.440000   0.509200   0.567000   0.847800 
224   0.375200   0.383200   0.383000   0.376000   0.373000   0.399400   0.426800   0.414600   0.461200   0.438200   0.507400   0.565600   0.847200 
225   0.374200   0.382200   0.382000   0.375200   0.372600   0.399000   0.426200   0.413600   0.459800   0.436400   0.505600   0.564200   0.846600 
226   0.373200   0.381200   0.381000   0.374600   0.372200   0.398600   0.425600   0.412600   0.458400   0.434600   0.503800   0.562800   0.846000 
227   0.372200   0.380200   0.380000   0.374000   0.371800   0.398200   0.425000   0.411600   0.457000   0.432800   0.502000   0.561400   0.845400 
228   0.371200   0.379200   0.379000   0.373400   0.371400   0.397800   0.424400   0.410600   0.455600   0.431000   0.500200   0.560000   0.844800 
229   0.370200   0.378200   0.378000   0.372800   0.371000   0.397400   0.423800   0.409800   0.454200   0.429200   0.498400   0.558600   0.844200 
230   0.369200   0.377200   0.377000   0.372200   0.370600   0.397000   0.423200   0.409000   0.452800   0.427400   0.496600   0.557200   0.843600 
231   0.368200   0.376200   0.376000   0.371600   0.370200   0.396800   0.422600   0.408200   0.451400   0.425600   0.494800   0.555800   0.843000 
232   0.367400   0.375200   0.375000   0.371000   0.370200   0.396400   0.422000   0.407400   0.450000   0.423800   0.493000   0.554400   0.842400 
233   0.366600   0.374200   0.374200   0.370600   0.370000   0.396000   0.421400   0.406600   0.448600   0.422000   0.491200   0.553000   0.841800 
234   0.365800   0.373200   0.373400   0.370200   0.369800   0.395600   0.420800   0.405800   0.447200   0.420200   0.489400   0.551600   0.841200 
235   0.365000   0.372200   0.372600   0.369800   0.369600   0.395200   0.420200   0.405200   0.445800   0.418400   0.487600   0.550200   0.840600 
236   0.364200   0.371200   0.372000   0.369400   0.369400   0.395000   0.419600   0.404600   0.444400   0.416600   0.485800   0.548800   0.840000 
237   0.363400   0.370400   0.371400   0.369000   0.369400   0.394800   0.419000   0.404000   0.442800   0.414800   0.484000   0.547400   0.839400 
238   0.362600   0.369600   0.370800   0.368600   0.369400   0.394600   0.418400   0.403400   0.441200   0.413000   0.482200   0.546000   0.838800 
239   0.361800   0.368800   0.370200   0.368200   0.369400   0.394400   0.417800   0.402800   0.439600   0.411200   0.480400   0.544600   0.838200 
240   0.361000   0.368000   0.369600   0.367800   0.369400   0.394200   0.417200   0.402200   0.438000   0.409400   0.478600   0.543200   0.837600 
241   0.360200   0.367400   0.369000   0.367400   0.369400   0.394000   0.417000   0.401600   0.436600   0.407600   0.476800   0.541800   0.837000 
242   0.359400   0.366800   0.368400   0.367000   0.369600   0.393800   0.416600   0.401000   0.435200   0.405800   0.475000   0.540400   0.836400 
243   0.358600   0.366400   0.368000   0.366600   0.369800   0.393600   0.416200   0.400600   0.433800   0.404200   0.473200   0.539000   0.835800 
244   0.357800   0.366000   0.367400   0.366400   0.370000   0.393400   0.415600   0.400000   0.432400   0.402600   0.471600   0.537600   0.835200 
245   0.357200   0.365600   0.367000   0.366200   0.370200   0.393200   0.415000   0.399400   0.431000   0.401000   0.469800   0.536200   0.834600 
246   0.357000   0.365400   0.366400   0.366000   0.370400   0.393000   0.414400   0.398800   0.429600   0.399400   0.468000   0.534800   0.834000 
247   0.356800   0.365200   0.365800   0.365800   0.370600   0.392800   0.413800   0.398400   0.428200   0.397800   0.466200   0.533400   0.833400 
248   0.356800   0.365000   0.365400   0.365600   0.370800   0.392600   0.413200   0.397800   0.426800   0.396200   0.464400   0.532000   0.832800 
249   0.356800   0.364600   0.365000   0.365400   0.371000   0.392400   0.412600   0.397200   0.425400   0.394600   0.462600   0.530600   0.832200 
250   0.356800   0.364200   0.364600   0.365400   0.371200   0.392200   0.412000   0.396600   0.424000   0.393000   0.460800   0.529200   0.831600 
251   0.356600   0.363800   0.364200   0.365400   0.371400   0.392000   0.411400   0.396000   0.422600   0.391400   0.459000   0.527800   0.831000 
252   0.356400   0.363600   0.364000   0.365400   0.371600   0.391800   0.410800   0.395400   0.421200   0.389800   0.457200   0.526400   0.830400 
253   0.356200   0.363400   0.363800   0.365400   0.371800   0.391600   0.410200   0.394800   0.419800   0.388200   0.455400   0.525000   0.829800 
254   0.356200   0.363400   0.363600   0.365200   0.372000   0.391400   0.409600   0.394200   0.418400   0.386600   0.453600   0.523600   0.829200 
255   0.356200   0.363400   0.363400   0.365000   0.372200   0.391200   0.409000   0.393600   0.417000   0.385000   0.451800   0.522200   0.828600 
256   0.356200   0.363400   0.363400   0.365000   0.372400   0.391000   0.408400   0.393000   0.415600   0.383600   0.450000   0.520800   0.828000 
257   0.356200   0.363400   0.363400   0.364800   0.372600   0.390800   0.408000   0.392400   0.414200   0.382200   0.448200   0.519400   0.827400 
258   0.356200   0.363400   0.363400   0.364600   0.373000   0.390600   0.407600   0.391800   0.412800   0.380800   0.446400   0.518000   0.826800 
259   0.356200   0.363400   0.363600   0.364400   0.373200   0.390400   0.407200   0.391200   0.411400   0.379400   0.444600   0.516600   0.826200 
260   0.356400   0.363600   0.363600   0.364400   0.373400   0.390200   0.406800   0.390600   0.410000   0.378000   0.442800   0.515200   0.825600 
261   0.356400   0.363600   0.363600   0.364400   0.373600   0.390000   0.406600   0.390000   0.408600   0.376600   0.441000   0.513800   0.825000 
262   0.356400   0.363600   0.363600   0.364400   0.373800   0.390000   0.406200   0.389400   0.407200   0.375200   0.439400   0.512400   0.824400 
263   0.356400   0.363600   0.363600   0.364400   0.374000   0.390200   0.405800   0.388800   0.405800   0.373800   0.437600   0.511200   0.823800 
264   0.356400   0.363800   0.363600   0.364400   0.374200   0.390400   0.405400   0.388200   0.404400   0.372400   0.435800   0.509800   0.823400 
265   0.356400   0.363800   0.363600   0.364400   0.374400   0.390600   0.405000   0.387600   0.403000   0.371000   0.434200   0.508400   0.823000 
266   0.356400   0.363800   0.363600   0.364400   0.374600   0.390800   0.404800   0.387000   0.401600   0.369600   0.432600   0.507000   0.822600 
267   0.356400   0.363800   0.363600   0.364400   0.374800   0.391000   0.404600   0.386400   0.400200   0.368600   0.431000   0.505600   0.822200 
268   0.356400   0.363800   0.363600   0.364400   0.375000   0.391200   0.404400   0.385800   0.398800   0.367600   0.429600   0.504200   0.821800 
269   0.356400   0.363800   0.363600   0.364400   0.375200   0.391600   0.404200   0.385200   0.397400   0.366600   0.428000   0.502800   0.821400 
270   0.356400   0.364000   0.363600   0.364400   0.375400   0.391800   0.404000   0.384600   0.396000   0.365600   0.426400   0.501400   0.821000 
271   0.356400   0.364200   0.363600   0.364400   0.375600   0.392000   0.403800   0.384000   0.394600   0.364600   0.424800   0.500000   0.820600 
272   0.356600   0.364400   0.363600   0.364400   0.375800   0.392200   0.403600   0.383400   0.393200   0.363600   0.423200   0.498600   0.820200 
273   0.356800   0.364600   0.363600   0.364400   0.376000   0.392400   0.403400   0.382800   0.391800   0.362600   0.421600   0.497200   0.819800 
274   0.357000   0.364800   0.363600   0.364400   0.376200   0.392600   0.403200   0.382200   0.390400   0.361600   0.420000   0.495800   0.819400 
275   0.357200   0.365000   0.363600   0.364400   0.376400   0.392800   0.403000   0.381600   0.389000   0.360600   0.418400   0.494400   0.819000 
276   0.357400   0.365200   0.363800   0.364400   0.376600   0.393000   0.402800   0.381000   0.387600   0.359600   0.416800   0.493000   0.818600 
277   0.357600   0.365400   0.364000   0.364400   0.376800   0.393200   0.402800   0.380400   0.386200   0.358600   0.415200   0.491600   0.818200 
278   0.357800   0.365600   0.364200   0.364400   0.377000   0.393400   0.402600   0.379800   0.384800   0.357600   0.413600   0.490200   0.817800 
279   0.358000   0.365800   0.364400   0.364400   0.377200   0.393600   0.402400   0.379200   0.383800   0.356600   0.412000   0.488800   0.817400 
280   0.358200   0.366000   0.364600   0.364400   0.377400   0.393800   0.402200   0.378400   0.382800   0.355600   0.410400   0.487400   0.817000 
281   0.358400   0.366200   0.364800   0.364400   0.377600   0.394000   0.402000   0.377600   0.381800   0.354600   0.408800   0.486000   0.816600 
282   0.358600   0.366400   0.365000   0.364400   0.378000   0.394200   0.401800   0.376800   0.380800   0.353600   0.407200   0.484600   0.816200 
283   0.358800   0.366600   0.365200   0.364400   0.378400   0.394400   0.401600   0.376000   0.379800   0.352600   0.405600   0.483200   0.815800 
284   0.359000   0.366800   0.365400   0.364600   0.378800   0.394600   0.401400   0.375200   0.378800   0.351400   0.404000   0.481800   0.815400 
285   0.359200   0.367000   0.365600   0.364800   0.379200   0.394800   0.401200   0.374400   0.377800   0.350200   0.402400   0.480400   0.815000 
286   0.359400   0.367200   0.365800   0.365000   0.379600   0.395000   0.401000   0.373600   0.376800   0.349000   0.400800   0.479000   0.814600 
287   0.359600   0.367400   0.366000   0.365200   0.380000   0.395200   0.400800   0.372800   0.375800   0.347800   0.399200   0.477600   0.814200 
288   0.359800   0.367600   0.366200   0.365400   0.380400   0.395400   0.400800   0.372000   0.374800   0.346600   0.397600   0.476200   0.813800 
289   0.360000   0.367800   0.366400   0.365600   0.380800   0.395600   0.400800   0.371200   0.373800   0.345400   0.396000   0.474800   0.813400 
290   0.360200   0.368000   0.366600   0.365600   0.381200   0.395800   0.400800   0.370400   0.372800   0.344200   0.394600   0.473400   0.813000 
291   0.360400   0.368200   0.366800   0.365600   0.381600   0.395800   0.400800   0.369600   0.371800   0.343000   0.393200   0.472000   0.812600 
292   0.360600   0.368400   0.366800   0.365600   0.382000   0.395800   0.400800   0.368800   0.370800   0.341800   0.391800   0.470600   0.812200 
293   0.360800   0.368400   0.366800   0.365600   0.382400   0.395800   0.400800   0.368000   0.369800   0.340600   0.390400   0.469200   0.811800 
294   0.361000   0.368400   0.366800   0.365600   0.382800   0.395800   0.400800   0.367200   0.368800   0.339400   0.389000   0.467800   0.811400 
295   0.361200   0.368400   0.366800   0.365600   0.383200   0.395800   0.400600   0.366400   0.367800   0.338200   0.387600   0.466400   0.811000 
296   0.361400   0.368400   0.366800   0.365600   0.383600   0.395600   0.400600   0.365600   0.366800   0.337000   0.386200   0.465000   0.810600 
297   0.361400   0.368400   0.366800   0.365600   0.384000   0.395400   0.400600   0.364800   0.365800   0.335800   0.384800   0.463600   0.810200 
298   0.361600   0.368400   0.366800   0.365600   0.384400   0.395200   0.400600   0.364000   0.364800   0.334600   0.383400   0.462200   0.809800 
299   0.361800   0.368400   0.366800   0.365600   0.384800   0.395000   0.400600   0.363200   0.363800   0.333400   0.382000   0.460800   0.809400 
300   0.362000   0.368200   0.366800   0.365600   0.385000   0.394800   0.400600   0.362400   0.362800   0.332200   0.380800   0.459400   0.809000 
301   0.362200   0.368200   0.366800   0.365600   0.385400   0.394600   0.400600   0.361800   0.361800   0.331000   0.379600   0.458000   0.808600 
302   0.362400   0.368200   0.366800   0.365600   0.385800   0.394400   0.400600   0.361200   0.360600   0.329800   0.378400   0.456600   0.808200 
303   0.362600   0.368200   0.366800   0.365600   0.386200   0.394400   0.400600   0.360600   0.359400   0.328600   0.377200   0.455200   0.807800 
304   0.362800   0.368200   0.366800   0.365600   0.386400   0.394400   0.400600   0.360000   0.358200   0.327400   0.376000   0.453800   0.807400 
305   0.363000   0.368200   0.366800   0.365600   0.386600   0.394400   0.400600   0.359400   0.357000   0.326200   0.374800   0.452400   0.807000 
306   0.363200   0.368200   0.366800   0.365600   0.386600   0.394400   0.400600   0.358800   0.355800   0.325000   0.373600   0.451000   0.806600 
307   0.363400   0.368200   0.366800   0.365600   0.386600   0.394400   0.400600   0.358200   0.354600   0.323800   0.372400   0.449600   0.806200 
308   0.363600   0.368200   0.366600   0.365600   0.386600   0.394400   0.400600   0.357600   0.353400   0.322600   0.371200   0.448200   0.805800 
309   0.363800   0.368200   0.366600   0.365600   0.386400   0.394400   0.400600   0.357000   0.352200   0.321400   0.370000   0.446800   0.805400 
310   0.363800   0.368200   0.366600   0.365600   0.386200   0.394400   0.400600   0.356400   0.351000   0.320400   0.368800   0.445400   0.805000 
311   0.363800   0.368200   0.366600   0.365400   0.386000   0.394400   0.400600   0.355800   0.349800   0.319200   0.367600   0.444200   0.804600 
312   0.363800   0.368200   0.366600   0.365400   0.385800   0.394200   0.400600   0.355200   0.348800   0.318000   0.366400   0.443000   0.804200 
313   0.363800   0.368200   0.366600   0.365400   0.385600   0.394000   0.400600   0.354600   0.347800   0.316800   0.365200   0.441800   0.803800 
314   0.363800   0.368200   0.366600   0.365400   0.385400   0.393800   0.400600   0.354000   0.346800   0.315600   0.364000   0.440600   0.803400 
315   0.363800   0.368200   0.366600   0.365400   0.385200   0.393600   0.400600   0.353400   0.345800   0.314400   0.362800   0.439400   0.803000 
316   0.363800   0.368200   0.366600   0.365400   0.385000   0.393400   0.400600   0.352600   0.344800   0.313200   0.361600   0.438200   0.802600 
317   0.363800   0.368200   0.366600   0.365400   0.384800   0.393200   0.400600   0.351800   0.343800   0.312000   0.360400   0.437000   0.802200 
318   0.363800   0.368200   0.366600   0.365200   0.384600   0.393000   0.400400   0.351000   0.343000   0.310800   0.359200   0.435800   0.801800 
319   0.363800   0.368200   0.366600   0.365000   0.384400   0.392800   0.400200   0.350200   0.342000   0.309600   0.358000   0.434600   0.801400 
320   0.363800   0.368200   0.366600   0.364800   0.384200   0.392600   0.400200   0.349400   0.341000   0.308400   0.356800   0.433400   0.801000 
321   0.363800   0.368200   0.366600   0.364600   0.384000   0.392400   0.400200   0.348600   0.340000   0.307200   0.355600   0.432200   0.800600 
322   0.363800   0.368200   0.366600   0.364400   0.383800   0.392200   0.400200   0.347800   0.339200   0.306000   0.354400   0.431000   0.800200 
323   0.363600   0.368200   0.366600   0.364200   0.383600   0.392000   0.400200   0.347000   0.338400   0.304800   0.353200   0.429800   0.799800 
324   0.363400   0.368200   0.366600   0.364000   0.383400   0.391800   0.400200   0.346400   0.337600   0.303600   0.352000   0.428600   0.799400 
325   0.363200   0.368200   0.366600   0.363800   0.383200   0.391600   0.400200   0.345800   0.336800   0.302400   0.350800   0.427400   0.799000 
326   0.363000   0.368200   0.366600   0.363600   0.383000   0.391400   0.400200   0.345200   0.336000   0.301200   0.349600   0.426200   0.798600 
327   0.362800   0.368200   0.366600   0.363400   0.382800   0.391200   0.400400   0.344600   0.335200   0.300000   0.348400   0.425000   0.798200 
328   0.362600   0.368200   0.366400   0.363200   0.382600   0.391000   0.400600   0.344000   0.334400   0.298800   0.347200   0.424000   0.797800 
329   0.362400   0.368000   0.366000   0.363000   0.382400   0.390800   0.400800   0.343400   0.333600   0.297800   0.346000   0.423000   0.797400 
330   0.362200   0.367800   0.365600   0.362800   0.382200   0.390600   0.401000   0.342800   0.332800   0.296800   0.344800   0.422000   0.797000 
331   0.362000   0.367600   0.365200   0.362600   0.382000   0.390400   0.401200   0.342200   0.332000   0.295800   0.343600   0.421000   0.796600 
332   0.361600   0.367400   0.364800   0.362400   0.381800   0.390200   0.401400   0.341400   0.331200   0.294800   0.342400   0.420000   0.796200 
333   0.361200   0.367200   0.364400   0.362200   0.381600   0.390000   0.401600   0.340600   0.330400   0.293800   0.341200   0.419000   0.795800 
334   0.360800   0.367000   0.364000   0.362000   0.381400   0.389800   0.401800   0.339800   0.329600   0.292800   0.340000   0.418000   0.795400 
335   0.360400   0.366600   0.363600   0.361800   0.381200   0.389600   0.402000   0.339000   0.328800   0.291800   0.338800   0.417000   0.795200 
336   0.360000   0.366200   0.363200   0.361600   0.381000   0.389400   0.402200   0.338400   0.328000   0.290800   0.337600   0.416000   0.795000 
337   0.359600   0.365800   0.362800   0.361400   0.380800   0.389200   0.402400   0.337800   0.327200   0.289800   0.336400   0.415000   0.794800 
338   0.359200   0.365400   0.362400   0.361000   0.380600   0.389000   0.402600   0.337200   0.326400   0.288800   0.335200   0.414000   0.794600 
339   0.358600   0.365000   0.361800   0.360800   0.380400   0.388800   0.402800   0.336800   0.325600   0.287800   0.334200   0.413000   0.794400 
340   0.358000   0.364600   0.361400   0.360600   0.380200   0.388600   0.403000   0.336400   0.324800   0.286800   0.333000   0.412000   0.794200 
341   0.357400   0.364200   0.361000   0.360200   0.380000   0.388200   0.403200   0.336000   0.324000   0.285800   0.331800   0.411000   0.794000 
342   0.356800   0.363800   0.360600   0.359800   0.379800   0.388000   0.403400   0.335600   0.323200   0.284800   0.330600   0.410000   0.793800 
343   0.356200   0.363400   0.360200   0.359400   0.379600   0.387800   0.403600   0.335200   0.322400   0.283800   0.329400   0.409000   0.793600 
344   0.355600   0.363000   0.359800   0.359000   0.379400   0.387600   0.403800   0.334800   0.321600   0.282800   0.328200   0.408000   0.793400 
345   0.355000   0.362600   0.359400   0.358600   0.379200   0.387600   0.403800   0.334400   0.321000   0.281800   0.327000   0.407000   0.793200 
346   0.354400   0.362200   0.359000   0.358200   0.379000   0.387600   0.403800   0.334000   0.320400   0.281000   0.325800   0.406000   0.793000 
347   0.353800   0.361400   0.358600   0.357800   0.378800   0.387600   0.403800   0.333600   0.319800   0.280200   0.324600   0.405000   0.792800 
348   0.353200   0.360800   0.358200   0.357400   0.378400   0.387600   0.403800   0.333200   0.319200   0.279400   0.323400   0.404000   0.792600 
349   0.352600   0.360200   0.357800   0.357000   0.378000   0.387600   0.403800   0.332800   0.318600   0.278600   0.322400   0.403000   0.792400 
350   0.352000   0.359600   0.357400   0.356600   0.377600   0.387400   0.403800   0.332400   0.318000   0.277800   0.321400   0.402000   0.792200 
351   0.351400   0.359000   0.357000   0.356200   0.377000   0.387200   0.403800   0.332000   0.317400   0.277000   0.320400   0.401000   0.792000 
352   0.350800   0.358400   0.356600   0.355800   0.376600   0.387000   0.403800   0.331600   0.316800   0.276200   0.319400   0.400000   0.791800 
353   0.350200   0.357800   0.356200   0.355400   0.376200   0.386800   0.403800   0.331200   0.316200   0.275400   0.318400   0.399000   0.791600 
354   0.349600   0.357200   0.355800   0.355000   0.375800   0.386600   0.403800   0.330800   0.315600   0.274600   0.317400   0.398000   0.791400 
355   0.348800   0.356600   0.355400   0.354600   0.375400   0.386400   0.403800   0.330400   0.315000   0.273800   0.316400   0.397000   0.791200 
356   0.348200   0.356000   0.355000   0.354200   0.375000   0.386200   0.403600   0.330000   0.314400   0.273200   0.315400   0.396000   0.791000 
357   0.347600   0.355400   0.354600   0.353800   0.374600   0.385800   0.403400   0.329600   0.313800   0.272600   0.314400   0.395000   0.790800 
358   0.347000   0.354800   0.354000   0.353400   0.374200   0.385400   0.403000   0.329200   0.313200   0.272000   0.313400   0.394000   0.790600 
359   0.346400   0.354200   0.353400   0.353000   0.373600   0.385000   0.402600   0.328800   0.312600   0.271400   0.312400   0.393000   0.790400 
360   0.345800   0.353600   0.352800   0.352600   0.373000   0.384600   0.402200   0.328400   0.312200   0.270800   0.311400   0.392000   0.790200 
361   0.345200   0.353000   0.352200   0.352200   0.372400   0.384200   0.401800   0.328000   0.311800   0.270200   0.310400   0.391000   0.790000 
362   0.344600   0.352400   0.351600   0.351600   0.371800   0.383800   0.401400   0.327600   0.311400   0.269600   0.309400   0.390000   0.789800 
363   0.344000   0.351800   0.351000   0.351000   0.371200   0.383600   0.401000   0.327200   0.311000   0.269000   0.308400   0.389000   0.789600 
364   0.343400   0.351200   0.350400   0.350400   0.370600   0.383200   0.400600   0.326800   0.310600   0.268400   0.307400   0.388000   0.789400 
365   0.342800   0.350600   0.349800   0.349800   0.370000   0.382800   0.400200   0.326400   0.310200   0.267800   0.306400   0.387200   0.789200 
366   0.342200   0.350000   0.349200   0.349200   0.369400   0.382400   0.399800   0.326000   0.309800   0.267200   0.305400   0.386200   0.789000 
367   0.341600   0.349400   0.348600   0.348600   0.368800   0.382000   0.399600   0.325600   0.309400   0.266600   0.304400   0.385200   0.788800 
368   0.341000   0.348800   0.348000   0.348000   0.368200   0.381600   0.399400   0.325000   0.309000   0.266000   0.303400   0.384200   0.788600 
369   0.340400   0.348200   0.347400   0.347400   0.367600   0.381200   0.399200   0.324600   0.308600   0.265400   0.302400   0.383200   0.788400 
370   0.339800   0.347600   0.346800   0.346800   0.367000   0.380800   0.399000   0.324200   0.308200   0.264800   0.301400   0.382200   0.788200 
371   0.339200   0.347000   0.346200   0.346000   0.366400   0.380400   0.398800   0.323800   0.307800   0.264200   0.300400   0.381200   0.788000 
372   0.338800   0.346400   0.345600   0.345200   0.365800   0.380000   0.398800   0.323400   0.307400   0.263600   0.299400   0.380200   0.787800 
373   0.338200   0.345800   0.345000   0.344400   0.365400   0.379600   0.398600   0.323000   0.307000   0.263000   0.298400   0.379200   0.787600 
374   0.337600   0.345200   0.344400   0.343600   0.365200   0.379200   0.398400   0.322600   0.306600   0.262400   0.297400   0.378400   0.787400 
375   0.337200   0.344800   0.343800   0.342800   0.364800   0.378800   0.398200   0.322200   0.306200   0.261800   0.296400   0.377600   0.787200 
376   0.336800   0.344200   0.343200   0.342000   0.364400   0.378400   0.398000   0.321800   0.305800   0.261200   0.295600   0.376800   0.787000 
377   0.336400   0.343600   0.342600   0.341200   0.363800   0.378000   0.397600   0.321400   0.305400   0.260600   0.294800   0.376000   0.786800 
378   0.336000   0.343000   0.342000   0.340400   0.363200   0.377600   0.397200   0.321000   0.305000   0.260000   0.294000   0.375200   0.786600 
379   0.335600   0.342600   0.341400   0.339600   0.362600   0.377200   0.396800   0.320600   0.304600   0.259400   0.293200   0.374400   0.786400 
380   0.335200   0.342200   0.340800   0.338800   0.362000   0.376800   0.396400   0.320200   0.304200   0.258800   0.292400   0.373600   0.786200 
381   0.334800   0.341800   0.340200   0.338000   0.361400   0.376400   0.396000   0.319800   0.303800   0.258200   0.291600   0.372800   0.786000 
382   0.334400   0.341400   0.339600   0.337200   0.360800   0.376000   0.395600   0.319400   0.303400   0.257600   0.291000   0.372000   0.785800 
383   0.333800   0.340800   0.339000   0.336600   0.360200   0.375600   0.395200   0.319000   0.303000   0.257000   0.290200   0.371200   0.785600 
384   0.333200   0.340200   0.338400   0.335800   0.359600   0.375400   0.394800   0.318600   0.302600   0.256600   0.289400   0.370400   0.785400 
385   0.332600   0.339600   0.337800   0.335000   0.359000   0.375200   0.394400   0.318200   0.302200   0.256200   0.288800   0.369600   0.785200 
386   0.332000   0.339000   0.337200   0.334200   0.358400   0.375000   0.394000   0.317800   0.301800   0.255800   0.288200   0.368800   0.785000 
387   0.331400   0.338400   0.336600   0.333400   0.357800   0.375000   0.393600   0.317600   0.301400   0.255400   0.287600   0.368000   0.784800 
388   0.330800   0.337800   0.336000   0.332600   0.357200   0.374800   0.393200   0.317600   0.301000   0.255000   0.287000   0.367200   0.784600 
389   0.330200   0.337200   0.335400   0.331800   0.356600   0.374600   0.392800   0.317400   0.300600   0.254600   0.286400   0.366400   0.784400 
390   0.329600   0.336600   0.334800   0.331000   0.356000   0.374400   0.392400   0.317200   0.300200   0.254400   0.285800   0.365600   0.784200 
391   0.329000   0.336000   0.334200   0.330200   0.355400   0.374200   0.392000   0.317000   0.299800   0.254200   0.285400   0.364800   0.784000 
392   0.328400   0.335400   0.333600   0.329400   0.354800   0.374000   0.391600   0.316800   0.299400   0.254000   0.285000   0.364000   0.783800 
393   0.327800   0.334800   0.333000   0.328600   0.354200   0.373800   0.391200   0.316600   0.299000   0.253800   0.284600   0.363200   0.783600 
394   0.327200   0.334400   0.332400   0.327800   0.353800   0.373600   0.391000   0.316600   0.298600   0.253600   0.284200   0.362400   0.783400 
395   0.326800   0.333800   0.331800   0.327000   0.353200   0.373400   0.390600   0.316600   0.298200   0.253400   0.284200   0.361800   0.783200 
396   0.326200   0.333200   0.331400   0.326200   0.352600   0.373200   0.390200   0.316600   0.297800   0.253200   0.284200   0.361200   0.783000 
397   0.325600   0.332600   0.330800   0.325400   0.352000   0.373000   0.389800   0.316600   0.297400   0.253000   0.284200   0.360600   0.782800 
398   0.325000   0.332000   0.330200   0.324600   0.351400   0.372800   0.389400   0.316600   0.297000   0.252800   0.284200   0.360000   0.782600 
399   0.324400   0.331400   0.329600   0.324000   0.350800   0.372600   0.389000   0.316600   0.296800   0.252600   0.284200   0.359400   0.782400 
400   0.323800   0.330800   0.329000   0.323400   0.350200   0.372400   0.388600   0.316600   0.296600   0.252400   0.284200   0.358800   0.782200 
401   0.323200   0.330200   0.328400   0.323200   0.349600   0.372200   0.388200   0.316600   0.296400   0.252200   0.284200   0.358200   0.782000 
402   0.322600   0.329600   0.327800   0.322800   0.349000   0.372000   0.387800   0.316600   0.296200   0.252000   0.284200   0.357600   0.781800 
403   0.322000   0.329000   0.327200   0.322400   0.348400   0.371800   0.387400   0.316600   0.296000   0.251800   0.284200   0.357000   0.781600 
404   0.321400   0.328600   0.326600   0.322000   0.347800   0.371600   0.387000   0.316600   0.295800   0.251600   0.284200   0.356400   0.781400 
405   0.321000   0.328200   0.326000   0.321600   0.347200   0.371400   0.386600   0.316600   0.295600   0.251400   0.284200   0.355800   0.781200 
406   0.320600   0.327800   0.325600   0.321200   0.346600   0.371200   0.386200   0.316600   0.295400   0.251400   0.284200   0.355200   0.781000 
407   0.320200   0.327400   0.325200   0.320800   0.346000   0.371000   0.385800   0.316600   0.295200   0.251000   0.284200   0.354600   0.780800 
408   0.319800   0.327000   0.324800   0.320400   0.345400   0.370800   0.385600   0.316600   0.295000   0.250600   0.284200   0.354000   0.780600 
409   0.319400   0.326600   0.324400   0.320000   0.344800   0.370400   0.385400   0.316600   0.294800   0.250200   0.284200   0.353400   0.780400 
410   0.319000   0.326200   0.324000   0.319600   0.344200   0.370000   0.385200   0.316600   0.294600   0.249800   0.284200   0.353000   0.780200 
411   0.318600   0.325800   0.323600   0.319200   0.343600   0.369600   0.385000   0.316600   0.294400   0.249400   0.284200   0.352800   0.780000 
412   0.318200   0.325400   0.323200   0.318800   0.343000   0.369200   0.384800   0.316600   0.294200   0.249000   0.284200   0.352400   0.779800 
413   0.317800   0.325000   0.322800   0.318400   0.342400   0.368800   0.384600   0.316600   0.294000   0.248600   0.284200   0.352000   0.779600 
414   0.317400   0.324600   0.322400   0.318000   0.341800   0.368400   0.384400   0.316600   0.293800   0.248200   0.284200   0.351600   0.779400 
415   0.317000   0.324200   0.322000   0.317600   0.341200   0.368000   0.384200   0.316600   0.293600   0.247800   0.284200   0.351200   0.779200 
416   0.316600   0.323800   0.321600   0.317200   0.340600   0.367600   0.384000   0.316600   0.293400   0.247400   0.284200   0.350800   0.779000 
417   0.316200   0.323400   0.321200   0.316800   0.340000   0.367200   0.383800   0.316600   0.293200   0.247000   0.284200   0.350400   0.778800 
418   0.315800   0.323000   0.320800   0.316400   0.339400   0.366800   0.383600   0.316600   0.293000   0.246600   0.284200   0.350000   0.778600 
419   0.315400   0.322600   0.320400   0.316000   0.338800   0.366400   0.383400   0.316600   0.292800   0.246200   0.284200   0.349600   0.778400 
420   0.315000   0.322200   0.320000   0.315600   0.338400   0.366200   0.383200   0.316600   0.292600   0.245800   0.284200   0.349200   0.778200 
421   0.314600   0.321800   0.319600   0.315200   0.338000   0.366000   0.383000   0.316600   0.292600   0.245400   0.284200   0.348800   0.778000 
422   0.314200   0.321400   0.319200   0.314800   0.337600   0.365800   0.382800   0.316600   0.292800   0.245000   0.284200   0.348400   0.777800 
423   0.313800   0.321000   0.318800   0.314400   0.337200   0.365600   0.382600   0.316600   0.293000   0.244600   0.284200   0.348000   0.777600 
424   0.313400   0.320600   0.318400   0.314000   0.336800   0.365400   0.382400   0.316600   0.293200   0.244200   0.284200   0.347600   0.777400 
425   0.313000   0.320200   0.318000   0.313600   0.336400   0.365200   0.382200   0.316600   0.293400   0.243800   0.284200   0.347200   0.777200 
426   0.312600   0.319800   0.317600   0.313200   0.336000   0.365000   0.382000   0.316600   0.293600   0.243400   0.284200   0.346800   0.777000 
427   0.312200   0.319400   0.317200   0.312800   0.335600   0.364800   0.381800   0.316600   0.293800   0.243000   0.284200   0.346400   0.776800 
428   0.311800   0.319000   0.316800   0.312400   0.335200   0.364600   0.381600   0.316600   0.294000   0.242600   0.284200   0.346000   0.776600 
429   0.311400   0.318600   0.316400   0.312000   0.334800   0.364400   0.381400   0.316600   0.294200   0.242400   0.284200   0.345600   0.776400 
430   0.311000   0.318200   0.316000   0.311600   0.334400   0.364200   0.381200   0.316600   0.294400   0.242200   0.284200   0.345200   0.776200 
431   0.310600   0.317800   0.315600   0.311200   0.334200   0.364000   0.381000   0.316600   0.294600   0.242000   0.284200   0.344800   0.776000 
432   0.310200   0.317400   0.315200   0.310800   0.334000   0.363800   0.380800   0.316600   0.295000   0.241800   0.284200   0.344400   0.775800 
433   0.309800   0.317000   0.314800   0.310400   0.333800   0.363600   0.380600   0.316600   0.295200   0.241600   0.284200   0.344000   0.775600 
434   0.309400   0.316600   0.314400   0.310000   0.333600   0.363400   0.380400   0.316600   0.295400   0.241400   0.284200   0.343600   0.775400 
435   0.309000   0.316200   0.313800   0.309400   0.333400   0.363200   0.380200   0.316600   0.295600   0.241200   0.284200   0.343200   0.775200 
436   0.308600   0.315800   0.313200   0.308800   0.333200   0.363000   0.380000   0.316600   0.295800   0.241200   0.284200   0.342800   0.775000 
437   0.308200   0.315400   0.312600   0.308200   0.333000   0.362800   0.379800   0.316600   0.296200   0.241000   0.284200   0.342400   0.774800 
438   0.307800   0.314800   0.312000   0.307600   0.332800   0.362600   0.379600   0.316600   0.296600   0.240800   0.284200   0.342200   0.774600 
439   0.307400   0.314200   0.311400   0.307000   0.332600   0.362400   0.379400   0.316600   0.297000   0.240600   0.284200   0.342200   0.774400 
440   0.307000   0.313600   0.311000   0.306400   0.332400   0.362200   0.379200   0.316600   0.297400   0.240400   0.284200   0.342200   0.774200 
441   0.306600   0.313000   0.310600   0.305800   0.332200   0.362000   0.379000   0.316800   0.297800   0.240200   0.284200   0.342200   0.774000 
442   0.306200   0.312400   0.310200   0.305200   0.332000   0.361600   0.378800   0.317000   0.298200   0.240000   0.284200   0.342200   0.773800 
443   0.305800   0.311800   0.309800   0.304600   0.331800   0.361200   0.378600   0.317200   0.298600   0.239800   0.284200   0.342200   0.773600 
444   0.305400   0.311200   0.309400   0.304000   0.331400   0.360800   0.378400   0.317600   0.299000   0.239600   0.284200   0.342200   0.773400 
445   0.304800   0.310600   0.309000   0.303400   0.331000   0.360400   0.378200   0.317800   0.299400   0.239400   0.284200   0.342200   0.773200 
446   0.304200   0.310000   0.308600   0.302800   0.330600   0.360000   0.377800   0.318000   0.299800   0.239200   0.284200   0.342200   0.773000 
447   0.303600   0.309400   0.308200   0.302200   0.330200   0.359600   0.377400   0.318200   0.300200   0.239000   0.284200   0.342200   0.772800 
448   0.303000   0.308800   0.307800   0.301600   0.329600   0.359200   0.377000   0.318400   0.300600   0.238800   0.284200   0.342000   0.772600 
449   0.302400   0.308200   0.307400   0.301000   0.329000   0.358800   0.376600   0.318600   0.301000   0.238600   0.284200   0.342000   0.772400 
450   0.302000   0.307600   0.307000   0.300400   0.328400   0.358400   0.376200   0.319000   0.301400   0.238400   0.284200   0.342000   0.772200 
451   0.301400   0.307200   0.306600   0.299800   0.327800   0.358000   0.375800   0.319400   0.301800   0.238200   0.284200   0.342000   0.772000 
452   0.301000   0.306800   0.306200   0.299200   0.327200   0.357600   0.375400   0.319800   0.302200   0.238000   0.284200   0.342000   0.771800 
453   0.300600   0.306400   0.305800   0.298600   0.326600   0.357200   0.375000   0.320200   0.302600   0.237800   0.284200   0.342000   0.771600 
454   0.300200   0.306000   0.305400   0.298000   0.326000   0.356800   0.374600   0.320600   0.303000   0.237600   0.284200   0.342000   0.771400 
455   0.299800   0.305600   0.305000   0.297400   0.325400   0.356400   0.374200   0.320800   0.303400   0.237400   0.284200   0.342000   0.771200 
456   0.299400   0.305200   0.304600   0.296800   0.324800   0.356000   0.373800   0.321000   0.303800   0.237200   0.284200   0.342000   0.771000 
457   0.299000   0.304800   0.304200   0.296200   0.324200   0.355600   0.373400   0.321200   0.304200   0.237000   0.284200   0.342000   0.770800 
458   0.298600   0.304400   0.303600   0.295400   0.323600   0.355200   0.373000   0.321600   0.304600   0.236800   0.284200   0.342000   0.770600 
459   0.298200   0.304000   0.303200   0.294600   0.323000   0.354800   0.372600   0.321800   0.305000   0.236600   0.284200   0.342000   0.770400 
460   0.297800   0.303600   0.302800   0.293800   0.322400   0.354200   0.372200   0.322000   0.305400   0.236400   0.284200   0.342000   0.770200 
461   0.297400   0.303200   0.302400   0.293200   0.321800   0.353600   0.371800   0.322200   0.305800   0.236200   0.284200   0.342000   0.770000 
462   0.297000   0.302800   0.302000   0.292600   0.321400   0.353000   0.371400   0.322400   0.306200   0.236000   0.284200   0.342000   0.769800 
463   0.296600   0.302400   0.301600   0.292000   0.321000   0.352400   0.371000   0.322600   0.306600   0.236000   0.284200   0.342000   0.769600 
464   0.296200   0.302000   0.301200   0.291400   0.320600   0.351800   0.370600   0.322800   0.307000   0.236000   0.284200   0.342000   0.769400 
465   0.295800   0.301600   0.300800   0.290800   0.320200   0.351200   0.370200   0.323000   0.307400   0.236000   0.284200   0.342000   0.769200 
466   0.295400   0.301200   0.300400   0.290200   0.319800   0.350600   0.369800   0.323200   0.307800   0.236000   0.284200   0.342000   0.769000 
467   0.295000   0.300800   0.300000   0.289600   0.319400   0.350000   0.369400   0.323400   0.308200   0.236000   0.284200   0.342000   0.768800 
468   0.294600   0.300400   0.299600   0.288800   0.319000   0.349400   0.369000   0.323600   0.308600   0.236000   0.284200   0.342000   0.768600 
469   0.294200   0.300000   0.299200   0.288200   0.318600   0.348800   0.368600   0.323800   0.309000   0.236000   0.284200   0.342000   0.768400 
470   0.293800   0.299600   0.298800   0.287600   0.318200   0.348200   0.368200   0.324000   0.309400   0.236000   0.284200   0.342000   0.768200 
471   0.293400   0.299200   0.298400   0.287000   0.317800   0.347600   0.367800   0.324000   0.309800   0.236000   0.284200   0.342000   0.768000 
472   0.293000   0.298800   0.298000   0.286600   0.317400   0.347000   0.367400   0.324200   0.310200   0.236000   0.284200   0.342000   0.767800 
473   0.292600   0.298400   0.297600   0.286200   0.317000   0.346400   0.367200   0.324400   0.310600   0.236000   0.284200   0.342000   0.767600 
474   0.292200   0.298000   0.297400   0.285800   0.316600   0.345800   0.366800   0.324600   0.311000   0.236000   0.284200   0.342000   0.767400 
475   0.291800   0.297600   0.297200   0.285400   0.316400   0.345000   0.366200   0.324800   0.311400   0.236000   0.284200   0.342000   0.767200 
476   0.291200   0.297200   0.297000   0.285000   0.316200   0.344400   0.365600   0.325000   0.311800   0.236000   0.284200   0.342000   0.767000 
477   0.290600   0.296600   0.296800   0.284600   0.316000   0.343800   0.365000   0.325400   0.312200   0.236000   0.284200   0.342000   0.767000 
478   0.290000   0.296000   0.296600   0.284200   0.315800   0.343200   0.364400   0.325600   0.312600   0.236000   0.284200   0.342000   0.767000 
479   0.289600   0.295400   0.296400   0.283800   0.315800   0.342600   0.363800   0.325800   0.313000   0.236000   0.284200   0.342000   0.767000 
480   0.289200   0.294800   0.296200   0.283400   0.315600   0.342000   0.363200   0.326000   0.313400   0.236000   0.284200   0.342000   0.767000 
481   0.288800   0.294400   0.296000   0.283000   0.315400   0.341400   0.362800   0.326200   0.313800   0.236000   0.284200   0.342000   0.767000 
482   0.288400   0.294000   0.295800   0.282600   0.315200   0.340800   0.362400   0.326400   0.314200   0.236000   0.284200   0.342000   0.767000 
483   0.288200   0.293600   0.295600   0.282200   0.315000   0.340200   0.362000   0.326600   0.314600   0.236000   0.284200   0.342000   0.767000 
484   0.288000   0.293400   0.295200   0.282000   0.314800   0.339800   0.361800   0.326800   0.315000   0.236000   0.284200   0.342000   0.767000 
485   0.287800   0.293400   0.294800   0.281800   0.314600   0.339400   0.361400   0.327000   0.315400   0.236000   0.284200   0.342000   0.767000 
486   0.287800   0.293200   0.294600   0.281600   0.314400   0.339000   0.361000   0.327200   0.315800   0.236000   0.284200   0.342000   0.767000 
487   0.287600   0.293000   0.294400   0.281400   0.314200   0.338600   0.360600   0.327200   0.316200   0.236000   0.284200   0.342000   0.767000 
488   0.287400   0.292800   0.294200   0.281200   0.314000   0.338200   0.360200   0.327200   0.316600   0.236000   0.284200   0.342000   0.767000 
489   0.287200   0.292600   0.294000   0.281400   0.313600   0.337800   0.359800   0.327200   0.317000   0.236000   0.284200   0.342000   0.767000 
490   0.287000   0.292400   0.293800   0.281400   0.313400   0.337400   0.359400   0.327200   0.317400   0.236000   0.284200   0.342000   0.767000 
491   0.286800   0.292200   0.293600   0.281400   0.313400   0.337000   0.359000   0.327200   0.317800   0.236000   0.284200   0.342000   0.767000 
492   0.286600   0.292000   0.293400   0.281400   0.313400   0.336800   0.358600   0.327200   0.318200   0.236000   0.284200   0.342000   0.767000 
493   0.286400   0.291800   0.293200   0.281400   0.313400   0.336400   0.358200   0.327200   0.318400   0.236000   0.284400   0.342000   0.767000 
494   0.286200   0.291600   0.293000   0.281400   0.313400   0.336000   0.357800   0.327200   0.318600   0.236000   0.284600   0.342000   0.767000 
495   0.286000   0.291400   0.292800   0.281400   0.313400   0.335800   0.357400   0.327200   0.318800   0.236000   0.284800   0.342000   0.767000 
496   0.285800   0.291200   0.292600   0.281400   0.313400   0.335600   0.357000   0.327200   0.319000   0.236000   0.285000   0.342000   0.767000 
497   0.285800   0.291000   0.292600   0.281400   0.313400   0.335400   0.356600   0.327200   0.319400   0.236000   0.285000   0.342000   0.767000 
498   0.285800   0.291000   0.292400   0.281400   0.313400   0.335200   0.356200   0.327200   0.319600   0.236000   0.285000   0.342000   0.767000 
499   0.285800   0.290800   0.292600   0.281400   0.313200   0.335000   0.355800   0.327200   0.319800   0.236000   0.285000   0.342000   0.767000 
