r MCS_10 MCS_20 MCS_40 MCS_80 MCS_160 MCS_320 MCS_640 MCS_1280 MCS_2560 MCS_5120 MCS_10240 MCS_20480 MCS_40960 
0   1.000000   1.000000   1.000000   1.000000   1.000000   1.000000   1.000000   1.000000   1.000000   1.000000   1.000000   1.000000   1.000000 
1   0.994800   0.996200   0.995400   0.994400   0.994200   0.995400   0.995800   0.994200   0.995400   0.994800   0.997000   0.998200   0.998600 
2   0.992400   0.993400   0.992800   0.991600   0.992000   0.992800   0.993200   0.992200   0.993000   0.992800   0.995600   0.997400   0.998000 
3   0.989400   0.990400   0.990000   0.988600   0.989000   0.989800   0.990400   0.989600   0.990200   0.990200   0.994000   0.996600   0.997200 
4   0.986400   0.987400   0.987000   0.985600   0.986200   0.986800   0.987600   0.986800   0.988000   0.987800   0.992400   0.995800   0.996400 
5   0.983400   0.984400   0.984000   0.982600   0.983200   0.983800   0.984800   0.984200   0.985200   0.985200   0.990800   0.995000   0.995600 
6   0.980400   0.981400   0.981000   0.979600   0.980200   0.980800   0.982000   0.981200   0.982400   0.982600   0.989200   0.994200   0.994800 
7   0.977600   0.978400   0.978000   0.976600   0.977200   0.977800   0.979200   0.978600   0.979600   0.980200   0.987600   0.993400   0.994000 
8   0.974600   0.975400   0.975000   0.973600   0.974200   0.974800   0.976400   0.975800   0.976800   0.977600   0.986000   0.992600   0.993200 
9   0.971600   0.972400   0.972000   0.970600   0.971200   0.971800   0.973600   0.973000   0.974000   0.975000   0.984400   0.991800   0.992400 
10   0.968600   0.969400   0.969000   0.967600   0.968400   0.968800   0.970800   0.970200   0.971200   0.972400   0.982800   0.991000   0.991600 
11   0.965600   0.966400   0.966000   0.964600   0.965400   0.965800   0.968000   0.967400   0.968400   0.969800   0.981200   0.990200   0.990800 
12   0.962600   0.963400   0.963000   0.961600   0.962400   0.962800   0.965200   0.964600   0.965600   0.967200   0.979600   0.989400   0.990000 
13   0.959600   0.960400   0.960000   0.958600   0.959400   0.959800   0.962400   0.961800   0.962800   0.964600   0.978000   0.988600   0.989200 
14   0.956600   0.957400   0.957000   0.955600   0.956400   0.956800   0.959600   0.959000   0.960000   0.962000   0.976400   0.987800   0.988400 
15   0.953600   0.954400   0.954000   0.952800   0.953400   0.953800   0.956800   0.956200   0.957200   0.959400   0.974800   0.987000   0.987600 
16   0.950600   0.951400   0.951000   0.949800   0.950400   0.950800   0.954000   0.953400   0.954400   0.956800   0.973200   0.986200   0.986800 
17   0.947600   0.948400   0.948000   0.946800   0.947400   0.947800   0.951200   0.950600   0.951600   0.954200   0.971600   0.985400   0.986000 
18   0.944600   0.945400   0.945000   0.943800   0.944400   0.944800   0.948400   0.947800   0.948800   0.951600   0.970000   0.984600   0.985200 
19   0.941600   0.942400   0.942000   0.940800   0.941400   0.941800   0.945600   0.945000   0.946000   0.949000   0.968400   0.983800   0.984400 
20   0.938600   0.939400   0.939000   0.937800   0.938400   0.938800   0.942800   0.942200   0.943200   0.946600   0.966800   0.983000   0.983600 
21   0.935600   0.936400   0.936000   0.934800   0.935400   0.935800   0.940000   0.939400   0.940400   0.944000   0.965200   0.982200   0.982800 
22   0.932600   0.933400   0.933000   0.931800   0.932400   0.932800   0.937200   0.936600   0.937600   0.941400   0.963600   0.981400   0.982000 
23   0.929600   0.930400   0.930000   0.928800   0.929400   0.929800   0.934400   0.933800   0.934800   0.938800   0.962000   0.980600   0.981200 
24   0.926600   0.927400   0.927000   0.925800   0.926400   0.926800   0.931600   0.931000   0.932000   0.936200   0.960400   0.979800   0.980400 
25   0.923600   0.924400   0.924000   0.922800   0.923400   0.923800   0.928800   0.928200   0.929200   0.933600   0.958800   0.979000   0.979600 
26   0.920600   0.921400   0.921000   0.919800   0.920400   0.920800   0.926000   0.925400   0.926400   0.931000   0.957200   0.978200   0.978800 
27   0.917600   0.918400   0.918000   0.916800   0.917400   0.917800   0.923200   0.922600   0.923600   0.928400   0.955600   0.977400   0.978000 
28   0.914600   0.915400   0.915000   0.913800   0.914600   0.914800   0.920400   0.919800   0.920800   0.925800   0.954000   0.976600   0.977200 
29   0.911600   0.912400   0.912000   0.910800   0.911400   0.911800   0.917600   0.917000   0.918000   0.923200   0.952400   0.975800   0.976400 
30   0.908600   0.909400   0.909000   0.907800   0.908400   0.908800   0.914800   0.914200   0.915200   0.920600   0.950800   0.975000   0.975600 
31   0.905600   0.906400   0.906000   0.904800   0.905400   0.905800   0.912000   0.911600   0.912400   0.918000   0.949200   0.974200   0.974800 
32   0.902600   0.903400   0.903000   0.901800   0.902600   0.902800   0.909200   0.908800   0.909600   0.915400   0.947600   0.973400   0.974000 
33   0.899600   0.900400   0.900000   0.899000   0.899600   0.899800   0.906400   0.906000   0.906800   0.912800   0.946000   0.972600   0.973200 
34   0.896600   0.897400   0.897000   0.896000   0.896600   0.896800   0.903600   0.903200   0.904000   0.910200   0.944400   0.971800   0.972400 
35   0.893600   0.894400   0.894000   0.893000   0.893600   0.893800   0.901000   0.900400   0.901200   0.907600   0.942800   0.971000   0.971600 
36   0.890600   0.891400   0.891000   0.890000   0.890600   0.890800   0.898200   0.897600   0.898400   0.905000   0.941200   0.970200   0.970800 
37   0.887600   0.888400   0.888000   0.887000   0.887600   0.887800   0.895400   0.894800   0.895600   0.902400   0.939600   0.969400   0.970000 
38   0.884600   0.885400   0.885000   0.884000   0.884600   0.884800   0.892600   0.892000   0.892800   0.899800   0.938000   0.968600   0.969200 
39   0.881600   0.882400   0.882000   0.881000   0.881600   0.881800   0.889800   0.889200   0.890000   0.897200   0.936400   0.967800   0.968400 
40   0.878600   0.879400   0.879000   0.878000   0.878600   0.878800   0.887000   0.886400   0.887200   0.894600   0.934800   0.967000   0.967600 
41   0.875600   0.876400   0.876000   0.875000   0.875600   0.875800   0.884200   0.883600   0.884400   0.892000   0.933200   0.966200   0.966800 
42   0.872600   0.873400   0.873000   0.872000   0.872600   0.872800   0.881400   0.880800   0.881600   0.889400   0.931600   0.965400   0.966000 
43   0.869600   0.870400   0.870000   0.869000   0.869600   0.870000   0.878600   0.878200   0.878800   0.886800   0.930000   0.964600   0.965200 
44   0.866600   0.867400   0.867000   0.866000   0.866600   0.867000   0.875800   0.875600   0.876000   0.884200   0.928400   0.963800   0.964400 
45   0.863600   0.864400   0.864000   0.863000   0.863600   0.864000   0.873000   0.873000   0.873200   0.881600   0.926800   0.963000   0.963600 
46   0.860600   0.861400   0.861000   0.860000   0.860600   0.861000   0.870200   0.870400   0.870400   0.879000   0.925200   0.962200   0.962800 
47   0.857600   0.858400   0.858000   0.857000   0.857600   0.858000   0.867400   0.867800   0.867600   0.876400   0.923600   0.961400   0.962000 
48   0.854600   0.855400   0.855000   0.854000   0.854600   0.855000   0.864800   0.865200   0.864800   0.873800   0.922000   0.960600   0.961200 
49   0.851600   0.852400   0.852000   0.851000   0.851600   0.852000   0.862000   0.862600   0.862000   0.871200   0.920400   0.959800   0.960400 
50   0.848600   0.849400   0.849000   0.848000   0.848600   0.849000   0.859200   0.860000   0.859200   0.868600   0.918800   0.959000   0.959600 
51   0.845600   0.846400   0.846000   0.845000   0.845600   0.846000   0.856400   0.857400   0.856400   0.866000   0.917200   0.958200   0.958800 
52   0.842600   0.843400   0.843000   0.842000   0.842600   0.843000   0.853600   0.854800   0.853600   0.863400   0.915600   0.957400   0.958000 
53   0.839600   0.840400   0.840000   0.839000   0.839600   0.840000   0.850800   0.852200   0.850800   0.861000   0.914000   0.956600   0.957200 
54   0.836600   0.837400   0.837000   0.836000   0.836600   0.837000   0.848000   0.849600   0.848000   0.858400   0.912400   0.955800   0.956400 
55   0.833600   0.834400   0.834000   0.833000   0.833600   0.834000   0.845200   0.847000   0.845200   0.855800   0.910800   0.955000   0.955600 
56   0.830600   0.831400   0.831000   0.830200   0.830600   0.831000   0.842400   0.844400   0.842400   0.853200   0.909200   0.954200   0.954800 
57   0.827600   0.828400   0.828000   0.827200   0.827600   0.828000   0.839600   0.841800   0.839600   0.850600   0.907600   0.953400   0.954000 
58   0.824600   0.825400   0.825000   0.824200   0.824600   0.825000   0.836800   0.839200   0.836800   0.848000   0.906000   0.952600   0.953200 
59   0.821600   0.822400   0.822000   0.821200   0.821600   0.822000   0.834000   0.836600   0.834000   0.845400   0.904400   0.951800   0.952400 
60   0.818600   0.819400   0.819000   0.818200   0.818600   0.819000   0.831200   0.834000   0.831200   0.842800   0.902800   0.951000   0.951600 
61   0.815600   0.816400   0.816000   0.815200   0.815600   0.816000   0.828400   0.831400   0.828400   0.840200   0.901200   0.950200   0.950800 
62   0.812600   0.813400   0.813000   0.812200   0.812600   0.813000   0.825600   0.828800   0.825600   0.837600   0.899600   0.949400   0.950000 
63   0.809600   0.810400   0.810000   0.809200   0.809600   0.810000   0.822800   0.826200   0.822800   0.835000   0.898000   0.948600   0.949200 
64   0.806600   0.807400   0.807000   0.806200   0.806600   0.807000   0.820000   0.823600   0.820000   0.832400   0.896400   0.947800   0.948400 
65   0.803600   0.804400   0.804200   0.803200   0.803600   0.804000   0.817200   0.821000   0.817200   0.829800   0.894800   0.947000   0.947600 
66   0.800600   0.801400   0.801200   0.800200   0.800600   0.801000   0.814400   0.818400   0.814400   0.827200   0.893200   0.946200   0.946800 
67   0.797600   0.798400   0.798200   0.797200   0.797600   0.798000   0.811600   0.815800   0.811600   0.824600   0.891600   0.945400   0.946000 
68   0.794600   0.795400   0.795200   0.794200   0.794600   0.795000   0.808800   0.813200   0.808800   0.822000   0.890000   0.944600   0.945200 
69   0.791600   0.792400   0.792200   0.791200   0.791600   0.792000   0.806000   0.810600   0.806000   0.819400   0.888400   0.943800   0.944400 
70   0.788600   0.789400   0.789200   0.788200   0.788600   0.789000   0.803200   0.808000   0.803200   0.816800   0.886800   0.943000   0.943600 
71   0.785600   0.786600   0.786200   0.785200   0.785600   0.786000   0.800400   0.805400   0.800400   0.814200   0.885200   0.942200   0.942800 
72   0.782600   0.783800   0.783200   0.782200   0.782600   0.783200   0.797600   0.802800   0.797600   0.811600   0.883600   0.941400   0.942000 
73   0.779600   0.781000   0.780200   0.779200   0.779600   0.780200   0.794800   0.800200   0.794800   0.809000   0.882000   0.940600   0.941200 
74   0.776600   0.778200   0.777200   0.776400   0.776600   0.777400   0.792000   0.797600   0.792000   0.806400   0.880400   0.939800   0.940400 
75   0.773600   0.775400   0.774200   0.773400   0.773600   0.774600   0.789200   0.795000   0.789200   0.803800   0.878800   0.939000   0.939600 
76   0.770600   0.772600   0.771400   0.770400   0.770600   0.771800   0.786400   0.792400   0.786400   0.801200   0.877200   0.938200   0.938800 
77   0.767800   0.769800   0.768600   0.767400   0.767600   0.769000   0.783600   0.789800   0.783600   0.798600   0.875600   0.937400   0.938000 
78   0.764800   0.767000   0.765800   0.764400   0.764600   0.766200   0.780800   0.787200   0.780800   0.796000   0.874000   0.936600   0.937200 
79   0.762000   0.764200   0.763000   0.761400   0.761600   0.763400   0.778000   0.784800   0.778000   0.793400   0.872400   0.935800   0.936400 
80   0.759200   0.761400   0.760200   0.758400   0.758600   0.760600   0.775200   0.782000   0.775200   0.790800   0.870800   0.935000   0.935600 
81   0.756400   0.758600   0.757400   0.755400   0.755600   0.757800   0.772400   0.779400   0.772400   0.788200   0.869200   0.934200   0.934800 
82   0.753800   0.755800   0.754600   0.752400   0.752600   0.755000   0.769600   0.776800   0.769600   0.785600   0.867800   0.933400   0.934000 
83   0.750800   0.753000   0.751800   0.749400   0.749600   0.752200   0.766800   0.774200   0.766800   0.783200   0.866400   0.932600   0.933200 
84   0.748000   0.750200   0.749000   0.746400   0.746600   0.749400   0.764000   0.771800   0.764000   0.780800   0.865000   0.931800   0.932400 
85   0.745200   0.747400   0.746200   0.743400   0.743600   0.746600   0.761200   0.769000   0.761200   0.778400   0.863600   0.931000   0.931600 
86   0.742400   0.744600   0.743400   0.740400   0.740600   0.743800   0.758400   0.766600   0.758400   0.776000   0.862200   0.930200   0.930800 
87   0.739600   0.741800   0.740600   0.737400   0.737600   0.741000   0.755600   0.764200   0.755600   0.773800   0.860800   0.929400   0.930000 
88   0.736800   0.739000   0.737800   0.734400   0.734600   0.738200   0.753000   0.761800   0.752800   0.771400   0.859400   0.928600   0.929200 
89   0.734000   0.736200   0.735000   0.731600   0.731600   0.735400   0.750400   0.759400   0.750000   0.769200   0.858000   0.927800   0.928400 
90   0.731200   0.733400   0.732200   0.728800   0.728600   0.732600   0.747800   0.757000   0.747200   0.767000   0.856600   0.927000   0.927600 
91   0.728600   0.730600   0.729400   0.726000   0.725600   0.729800   0.745200   0.754600   0.744400   0.764800   0.855200   0.926200   0.926800 
92   0.725800   0.727800   0.726600   0.723200   0.722600   0.727000   0.742600   0.752200   0.741600   0.762600   0.853800   0.925400   0.926000 
93   0.723000   0.725000   0.723800   0.720400   0.719600   0.724200   0.740000   0.749800   0.738800   0.760400   0.852400   0.924600   0.925200 
94   0.720200   0.722200   0.721000   0.717600   0.716600   0.721400   0.737400   0.747400   0.736000   0.758200   0.851000   0.923800   0.924400 
95   0.717400   0.719400   0.718200   0.714800   0.713600   0.718600   0.734800   0.745200   0.733200   0.756000   0.849600   0.923000   0.923600 
96   0.714600   0.716600   0.715400   0.712000   0.710600   0.715800   0.732200   0.742600   0.730400   0.753800   0.848200   0.922200   0.922800 
97   0.711800   0.713800   0.712600   0.709200   0.707600   0.713000   0.729600   0.740200   0.727600   0.751600   0.846800   0.921400   0.922000 
98   0.709000   0.711000   0.709800   0.706400   0.704600   0.710200   0.727000   0.737800   0.724800   0.749400   0.845400   0.920600   0.921200 
99   0.706200   0.708200   0.707000   0.703600   0.701600   0.707400   0.724400   0.735400   0.722000   0.747200   0.844000   0.919800   0.920400 
100   0.703400   0.705400   0.704200   0.700800   0.698600   0.704800   0.721800   0.733000   0.719200   0.745000   0.842600   0.919000   0.919600 
101   0.700600   0.702600   0.701400   0.698000   0.695600   0.702200   0.719200   0.730600   0.716400   0.742800   0.841200   0.918200   0.918800 
102   0.697800   0.699800   0.698600   0.695200   0.692600   0.699600   0.716600   0.728200   0.713600   0.740600   0.839800   0.917400   0.918000 
103   0.695000   0.697000   0.695800   0.692400   0.689800   0.697000   0.714000   0.725800   0.710800   0.738400   0.838400   0.916600   0.917200 
104   0.692200   0.694200   0.693000   0.689600   0.687000   0.694400   0.711400   0.723400   0.708200   0.736200   0.837000   0.915800   0.916400 
105   0.689400   0.691400   0.690200   0.686800   0.684200   0.691800   0.708800   0.721000   0.705400   0.734000   0.835600   0.915000   0.915600 
106   0.686600   0.688600   0.687400   0.684200   0.681400   0.689200   0.706200   0.718600   0.702600   0.731800   0.834200   0.914200   0.914800 
107   0.683800   0.685800   0.684600   0.681400   0.678600   0.686600   0.703600   0.716200   0.699800   0.729600   0.832800   0.913400   0.914000 
108   0.681000   0.683000   0.681800   0.678600   0.675800   0.684000   0.701000   0.713800   0.697000   0.727400   0.831400   0.912600   0.913200 
109   0.678200   0.680200   0.679000   0.675800   0.673000   0.681400   0.698400   0.711400   0.694200   0.725200   0.830000   0.911800   0.912400 
110   0.675400   0.677400   0.676200   0.673000   0.670200   0.678800   0.695800   0.709000   0.691400   0.723000   0.828600   0.911000   0.911600 
111   0.672600   0.674600   0.673400   0.670200   0.667400   0.676200   0.693200   0.706600   0.688600   0.720800   0.827200   0.910200   0.910800 
112   0.669800   0.671800   0.670600   0.667400   0.664600   0.673600   0.690600   0.704200   0.685800   0.718600   0.825800   0.909400   0.910000 
113   0.667000   0.669000   0.667800   0.664600   0.661800   0.671000   0.688000   0.701800   0.683000   0.716400   0.824400   0.908600   0.909200 
114   0.664200   0.666200   0.665000   0.661800   0.659000   0.668400   0.685400   0.699400   0.680200   0.714200   0.823000   0.907800   0.908400 
115   0.661400   0.663600   0.662200   0.659000   0.656400   0.665800   0.682800   0.697000   0.677400   0.712000   0.821600   0.907000   0.907600 
116   0.658600   0.660800   0.659400   0.656200   0.653800   0.663200   0.680200   0.694600   0.674600   0.709800   0.820200   0.906200   0.906800 
117   0.655800   0.658000   0.656600   0.653400   0.651200   0.660600   0.677600   0.692200   0.671800   0.707800   0.818800   0.905400   0.906000 
118   0.653000   0.655200   0.653800   0.650600   0.648600   0.658000   0.675000   0.689800   0.669000   0.705800   0.817400   0.904600   0.905200 
119   0.650200   0.652400   0.651000   0.647800   0.646000   0.655400   0.672400   0.687400   0.666200   0.703800   0.816000   0.903800   0.904400 
120   0.647400   0.649600   0.648400   0.645000   0.643400   0.652800   0.669800   0.685000   0.663400   0.701800   0.814600   0.903000   0.903600 
121   0.644600   0.646800   0.645800   0.642200   0.640800   0.650200   0.667200   0.682600   0.660600   0.699800   0.813200   0.902200   0.902800 
122   0.641800   0.644000   0.643000   0.639400   0.638200   0.647600   0.664600   0.680200   0.658000   0.697800   0.811800   0.901400   0.902000 
123   0.639000   0.641400   0.640400   0.636600   0.635600   0.645000   0.662000   0.677800   0.655400   0.695800   0.810400   0.900600   0.901200 
124   0.636200   0.638600   0.637800   0.634000   0.633000   0.642400   0.659400   0.675400   0.652800   0.693800   0.809000   0.899800   0.900400 
125   0.633400   0.635800   0.635200   0.631400   0.630400   0.639800   0.656800   0.673000   0.650000   0.691800   0.807600   0.899000   0.899600 
126   0.630800   0.633000   0.632600   0.628800   0.627800   0.637200   0.654200   0.670600   0.647400   0.689800   0.806200   0.898200   0.898800 
127   0.628000   0.630200   0.630000   0.626200   0.625200   0.634600   0.651600   0.668200   0.644800   0.687800   0.804800   0.897400   0.898000 
128   0.625400   0.627400   0.627400   0.623600   0.622600   0.632000   0.649000   0.665800   0.642200   0.685800   0.803400   0.896600   0.897200 
129   0.622800   0.624600   0.624800   0.620800   0.620000   0.629400   0.646400   0.663400   0.639600   0.683800   0.802000   0.895800   0.896400 
130   0.620200   0.621800   0.622200   0.618400   0.617400   0.626800   0.643800   0.661000   0.637000   0.681800   0.800600   0.895000   0.895600 
131   0.617600   0.619000   0.619600   0.615800   0.614800   0.624200   0.641200   0.658600   0.634400   0.679800   0.799400   0.894200   0.894800 
132   0.615000   0.616200   0.617000   0.613200   0.612200   0.621600   0.638600   0.656200   0.631800   0.677800   0.798000   0.893400   0.894000 
133   0.612400   0.613600   0.614400   0.610600   0.609600   0.619000   0.636000   0.653800   0.629200   0.675800   0.796600   0.892600   0.893200 
134   0.609800   0.611000   0.611800   0.608000   0.607000   0.616400   0.633400   0.651400   0.626600   0.673800   0.795200   0.891800   0.892400 
135   0.607200   0.608400   0.609200   0.605400   0.604400   0.613800   0.630800   0.649000   0.624000   0.671800   0.793800   0.891000   0.891600 
136   0.604600   0.605800   0.606600   0.603000   0.601800   0.611200   0.628200   0.646600   0.621600   0.669800   0.792400   0.890200   0.890800 
137   0.602000   0.603200   0.604000   0.600400   0.599200   0.608600   0.625600   0.644200   0.619200   0.667800   0.791000   0.889400   0.890000 
138   0.599400   0.600600   0.601400   0.597800   0.596600   0.606000   0.623200   0.641800   0.616800   0.665800   0.789600   0.888600   0.889200 
139   0.596800   0.598000   0.598800   0.595200   0.594000   0.603600   0.620600   0.639400   0.614400   0.663800   0.788200   0.887800   0.888400 
140   0.594200   0.595400   0.596200   0.592600   0.591400   0.601200   0.618000   0.637000   0.612000   0.661800   0.786800   0.887000   0.887600 
141   0.591600   0.592800   0.593600   0.590000   0.588800   0.599000   0.615400   0.634600   0.609600   0.659800   0.785400   0.886200   0.886800 
142   0.589000   0.590200   0.591000   0.587400   0.586200   0.596600   0.612800   0.632200   0.607200   0.657800   0.784000   0.885400   0.886000 
143   0.586400   0.587600   0.588400   0.585000   0.583600   0.594200   0.610200   0.629800   0.604800   0.656000   0.782600   0.884600   0.885200 
144   0.583800   0.585000   0.585800   0.582400   0.581000   0.591800   0.607600   0.627400   0.602400   0.654000   0.781200   0.883800   0.884400 
145   0.581200   0.582400   0.583400   0.579800   0.578400   0.589400   0.605000   0.625000   0.600000   0.652200   0.779800   0.883000   0.883600 
146   0.578600   0.579800   0.580800   0.577200   0.575800   0.587000   0.602400   0.622600   0.597600   0.650400   0.778400   0.882200   0.882800 
147   0.576000   0.577200   0.578200   0.574600   0.573200   0.584600   0.599800   0.620200   0.595200   0.648600   0.777000   0.881400   0.882000 
148   0.573400   0.574600   0.575600   0.572000   0.570600   0.582200   0.597200   0.617800   0.592800   0.646800   0.775600   0.880600   0.881200 
149   0.570800   0.572000   0.573000   0.569400   0.568000   0.579800   0.594600   0.615400   0.590400   0.645000   0.774200   0.879800   0.880400 
150   0.568200   0.569400   0.570400   0.566800   0.565400   0.577400   0.592000   0.613000   0.588000   0.643400   0.772800   0.879000   0.879600 
151   0.565600   0.566800   0.567800   0.564200   0.562800   0.575000   0.589400   0.610600   0.585600   0.641600   0.771400   0.878200   0.878800 
152   0.563000   0.564200   0.565200   0.561600   0.560200   0.572600   0.586800   0.608200   0.583200   0.639800   0.770000   0.877400   0.878000 
153   0.560400   0.561800   0.562600   0.559000   0.557600   0.570200   0.584200   0.605800   0.580800   0.638000   0.768600   0.876600   0.877200 
154   0.557800   0.559200   0.560000   0.556400   0.555000   0.567800   0.581600   0.603400   0.578400   0.636200   0.767200   0.875800   0.876400 
155   0.555200   0.556600   0.557400   0.553800   0.552400   0.565400   0.579000   0.601000   0.576000   0.634400   0.765800   0.875000   0.875600 
156   0.552600   0.554000   0.554800   0.551200   0.549800   0.563000   0.576400   0.598600   0.573600   0.632600   0.764400   0.874200   0.874800 
157   0.550000   0.551400   0.552200   0.548600   0.547400   0.560600   0.573800   0.596200   0.571200   0.631000   0.763000   0.873400   0.874000 
158   0.547400   0.548800   0.549600   0.546000   0.545000   0.558200   0.571200   0.593800   0.568800   0.629200   0.761600   0.872600   0.873200 
159   0.544800   0.546200   0.547000   0.543400   0.542600   0.555800   0.568600   0.591400   0.566400   0.627800   0.760200   0.871800   0.872400 
160   0.542200   0.543600   0.544400   0.541000   0.540200   0.553400   0.566000   0.589000   0.564000   0.626200   0.758800   0.871000   0.871600 
161   0.539600   0.541000   0.541800   0.538600   0.537800   0.551000   0.563600   0.586600   0.561600   0.624600   0.757400   0.870200   0.870800 
162   0.537000   0.538400   0.539200   0.535800   0.535400   0.548600   0.561200   0.584200   0.559200   0.623000   0.756000   0.869400   0.870000 
163   0.534400   0.535800   0.536600   0.533200   0.533000   0.546200   0.558800   0.581800   0.556800   0.621600   0.754800   0.868800   0.869200 
164   0.531800   0.533200   0.534000   0.530600   0.530600   0.543800   0.556400   0.579400   0.554400   0.620200   0.753600   0.868000   0.868400 
165   0.529200   0.530600   0.531400   0.528000   0.528200   0.541400   0.554000   0.577000   0.552000   0.618800   0.752400   0.867200   0.867600 
166   0.526600   0.528000   0.528800   0.525400   0.525800   0.539000   0.551600   0.574600   0.549600   0.617400   0.751200   0.866400   0.866800 
167   0.524000   0.525400   0.526200   0.522800   0.523400   0.536600   0.549200   0.572200   0.547200   0.616000   0.750000   0.865600   0.866000 
168   0.521400   0.522800   0.523600   0.520200   0.521000   0.534200   0.546800   0.569800   0.544800   0.614600   0.748800   0.864800   0.865200 
169   0.518800   0.520200   0.521000   0.517600   0.518600   0.531800   0.544400   0.567400   0.542400   0.613200   0.747600   0.864000   0.864400 
170   0.516200   0.517600   0.518400   0.515000   0.516200   0.529600   0.542000   0.565000   0.540000   0.611800   0.746400   0.863200   0.863600 
171   0.513600   0.515000   0.515800   0.512400   0.513800   0.527200   0.539600   0.562600   0.537600   0.610400   0.745200   0.862400   0.862800 
172   0.511000   0.512400   0.513200   0.509800   0.511400   0.524800   0.537400   0.560200   0.535200   0.609000   0.744000   0.861600   0.862000 
173   0.508400   0.509800   0.510600   0.507200   0.509000   0.522600   0.535000   0.557800   0.532800   0.607600   0.742800   0.860800   0.861200 
174   0.505800   0.507200   0.508000   0.504600   0.506600   0.520200   0.532600   0.555400   0.530400   0.606200   0.741600   0.860000   0.860400 
175   0.503200   0.504600   0.505400   0.502000   0.504200   0.517800   0.530200   0.553000   0.528000   0.604800   0.740400   0.859200   0.859600 
176   0.500600   0.502000   0.502800   0.499400   0.501800   0.515400   0.528000   0.550800   0.525600   0.603400   0.739200   0.858400   0.858800 
177   0.498000   0.499400   0.500200   0.497000   0.499400   0.513000   0.525600   0.548400   0.523200   0.602000   0.738000   0.857600   0.858000 
178   0.495400   0.496800   0.497600   0.494400   0.497000   0.510600   0.523200   0.546000   0.520800   0.600600   0.736800   0.856800   0.857200 
179   0.492800   0.494200   0.495000   0.491800   0.494600   0.508200   0.520800   0.543600   0.518400   0.599200   0.735800   0.856000   0.856400 
180   0.490200   0.491600   0.492400   0.489200   0.492200   0.505800   0.518400   0.541200   0.516000   0.597800   0.734600   0.855200   0.855600 
181   0.487600   0.489000   0.489800   0.486600   0.489800   0.503400   0.516000   0.538800   0.513600   0.596400   0.733400   0.854400   0.854800 
182   0.485000   0.486400   0.487200   0.484000   0.487400   0.501000   0.513600   0.536400   0.511200   0.595200   0.732200   0.853600   0.854000 
183   0.482400   0.483800   0.484600   0.481400   0.485000   0.498600   0.511200   0.534000   0.508800   0.593800   0.731000   0.852800   0.853200 
184   0.479800   0.481200   0.482000   0.479200   0.482600   0.496200   0.508800   0.531600   0.506400   0.592400   0.729800   0.852000   0.852400 
185   0.477200   0.478600   0.479400   0.476800   0.480200   0.493800   0.506400   0.529200   0.504000   0.591000   0.728600   0.851200   0.851600 
186   0.474600   0.476000   0.476800   0.474400   0.477800   0.491400   0.504000   0.526800   0.501600   0.589600   0.727400   0.850400   0.850800 
187   0.472000   0.473400   0.474200   0.472000   0.475400   0.489000   0.501600   0.524400   0.499200   0.588200   0.726200   0.849600   0.850000 
188   0.469400   0.470800   0.471600   0.469600   0.473000   0.486600   0.499200   0.522000   0.496800   0.586800   0.725000   0.848800   0.849200 
189   0.466800   0.468200   0.469000   0.467200   0.470600   0.484200   0.496800   0.519600   0.494400   0.585600   0.723800   0.848000   0.848400 
190   0.464200   0.465800   0.466400   0.464800   0.468200   0.481800   0.494400   0.517200   0.492000   0.584400   0.722600   0.847200   0.847600 
191   0.461600   0.463400   0.463800   0.462400   0.465800   0.479400   0.492000   0.514800   0.489600   0.583200   0.721400   0.846400   0.846800 
192   0.459000   0.461000   0.461200   0.460000   0.463400   0.477000   0.489600   0.512400   0.487200   0.582400   0.720200   0.845600   0.846000 
193   0.456400   0.458600   0.458600   0.457600   0.461000   0.474600   0.487200   0.510000   0.484800   0.581000   0.719000   0.844800   0.845200 
194   0.453800   0.456200   0.456000   0.455200   0.458600   0.472200   0.484800   0.507600   0.482400   0.580200   0.717800   0.844000   0.844400 
195   0.451400   0.453800   0.453600   0.452800   0.456200   0.469800   0.482400   0.505200   0.480000   0.579200   0.716600   0.843200   0.843600 
196   0.449000   0.451400   0.451000   0.450400   0.453800   0.467400   0.480000   0.502800   0.477800   0.578200   0.715400   0.842400   0.842800 
197   0.446600   0.449000   0.448400   0.448000   0.451400   0.465000   0.477600   0.500400   0.475600   0.577200   0.714200   0.841600   0.842000 
198   0.444200   0.446600   0.446000   0.445600   0.449000   0.462600   0.475200   0.498000   0.473400   0.576200   0.713000   0.840800   0.841200 
199   0.441800   0.444200   0.443600   0.443200   0.446600   0.460400   0.472800   0.495600   0.471200   0.575200   0.711800   0.840000   0.840400 
200   0.439400   0.441800   0.441200   0.440800   0.444200   0.458000   0.470400   0.493200   0.469000   0.574200   0.710600   0.839200   0.839800 
201   0.437000   0.439600   0.438800   0.438400   0.441800   0.455600   0.468000   0.490800   0.466800   0.573200   0.709400   0.838400   0.839200 
202   0.434600   0.437200   0.436400   0.436000   0.439400   0.453200   0.465600   0.488600   0.464800   0.572200   0.708200   0.837600   0.838600 
203   0.432200   0.434800   0.434000   0.433600   0.437000   0.450800   0.463200   0.486000   0.462800   0.571200   0.707000   0.836800   0.838000 
204   0.429800   0.432400   0.431600   0.431200   0.434600   0.448400   0.460800   0.483800   0.460800   0.570200   0.705800   0.836000   0.837400 
205   0.427400   0.430000   0.429200   0.428800   0.432200   0.446000   0.458400   0.481400   0.458800   0.569200   0.704600   0.835200   0.836800 
206   0.425000   0.427600   0.426800   0.426400   0.429800   0.443600   0.456000   0.479000   0.456800   0.568200   0.703400   0.834400   0.836200 
207   0.422600   0.425200   0.424400   0.424000   0.427400   0.441200   0.453600   0.476600   0.454800   0.567200   0.702200   0.833600   0.835600 
208   0.420200   0.422800   0.422000   0.421600   0.425000   0.438800   0.451200   0.474200   0.452800   0.566200   0.701000   0.832800   0.835000 
209   0.417800   0.420400   0.419600   0.419200   0.422600   0.436400   0.448800   0.471800   0.450800   0.565200   0.699800   0.832000   0.834400 
210   0.415400   0.418000   0.417200   0.416800   0.420200   0.434000   0.446400   0.469400   0.448800   0.564200   0.698600   0.831200   0.833800 
211   0.413000   0.415600   0.414800   0.414400   0.417800   0.431600   0.444000   0.467000   0.446800   0.563200   0.697400   0.830400   0.833200 
212   0.410600   0.413200   0.412400   0.412000   0.415400   0.429200   0.441600   0.464600   0.444800   0.562200   0.696000   0.829600   0.832600 
213   0.408200   0.410800   0.410000   0.409800   0.413000   0.426800   0.439200   0.462200   0.442800   0.561200   0.694800   0.828800   0.832000 
214   0.405800   0.408400   0.407600   0.407400   0.410600   0.424400   0.436800   0.459800   0.440800   0.560200   0.693600   0.828000   0.831400 
215   0.403400   0.406000   0.405200   0.405200   0.408200   0.422000   0.434400   0.457400   0.438800   0.559200   0.692400   0.827200   0.830800 
216   0.401000   0.403600   0.402800   0.402800   0.405800   0.419600   0.432000   0.455000   0.436800   0.558200   0.691200   0.826400   0.830200 
217   0.398600   0.401200   0.400400   0.400400   0.403400   0.417200   0.429600   0.452600   0.434800   0.557200   0.690000   0.825600   0.829600 
218   0.396200   0.398800   0.398000   0.398000   0.401400   0.414800   0.427400   0.450200   0.432800   0.556200   0.688800   0.824800   0.829000 
219   0.393800   0.396400   0.395600   0.395600   0.399200   0.412400   0.425200   0.447800   0.430800   0.555200   0.687600   0.824000   0.828400 
220   0.391400   0.394000   0.393200   0.393200   0.397000   0.410000   0.423000   0.445400   0.428800   0.554200   0.686400   0.823200   0.827800 
221   0.389000   0.391600   0.390800   0.390800   0.394800   0.407800   0.420800   0.443000   0.426800   0.553200   0.685200   0.822400   0.827200 
222   0.386600   0.389200   0.388400   0.388400   0.392600   0.405600   0.418800   0.440600   0.424800   0.552400   0.684000   0.821600   0.826600 
223   0.384200   0.386800   0.386000   0.386000   0.390400   0.403000   0.416800   0.438200   0.422800   0.551600   0.682800   0.820800   0.826000 
224   0.381800   0.384400   0.383600   0.383800   0.388200   0.400800   0.414800   0.435800   0.420800   0.550800   0.681600   0.820000   0.825400 
225   0.379400   0.382000   0.381200   0.381400   0.386000   0.398400   0.412800   0.433400   0.418800   0.550000   0.680400   0.819200   0.824800 
226   0.377000   0.379600   0.378800   0.379000   0.384000   0.396000   0.410800   0.431000   0.416800   0.549200   0.679200   0.818400   0.824200 
227   0.374600   0.377200   0.376400   0.376800   0.382000   0.393600   0.408800   0.428600   0.414800   0.548400   0.678000   0.817600   0.823600 
228   0.372200   0.374800   0.374000   0.374600   0.380000   0.391200   0.406800   0.426200   0.413000   0.547600   0.676800   0.816800   0.823000 
229   0.369800   0.372400   0.371600   0.372400   0.378000   0.388800   0.405000   0.423800   0.411000   0.546800   0.675600   0.816000   0.822400 
230   0.367600   0.370000   0.369200   0.370200   0.376000   0.386400   0.403200   0.421400   0.409200   0.546000   0.674400   0.815200   0.821800 
231   0.365400   0.367600   0.366800   0.368000   0.374000   0.384000   0.401400   0.419000   0.407200   0.545200   0.673200   0.814400   0.821200 
232   0.363200   0.365200   0.364400   0.365800   0.372000   0.381600   0.399600   0.416600   0.405600   0.544200   0.672000   0.813600   0.820600 
233   0.361000   0.362800   0.362000   0.363800   0.370000   0.379200   0.397800   0.414200   0.403600   0.543400   0.670800   0.812800   0.820000 
234   0.358800   0.360400   0.359600   0.361400   0.368000   0.376800   0.396000   0.411800   0.401800   0.542600   0.669600   0.812000   0.819400 
235   0.356600   0.358200   0.357400   0.359200   0.366000   0.374400   0.394200   0.409600   0.400000   0.541800   0.668600   0.811200   0.818800 
236   0.354400   0.356000   0.355200   0.357000   0.364000   0.372000   0.392400   0.407400   0.398400   0.541000   0.667600   0.810400   0.818200 
237   0.352200   0.353800   0.353000   0.355000   0.362000   0.369600   0.390600   0.405400   0.396800   0.540200   0.666600   0.809800   0.817600 
238   0.350200   0.351600   0.350800   0.353000   0.360000   0.367000   0.388800   0.403400   0.395200   0.539400   0.665600   0.809200   0.817000 
239   0.348200   0.349400   0.348600   0.351000   0.358000   0.364400   0.387000   0.401400   0.393600   0.538600   0.664600   0.808600   0.816400 
240   0.346400   0.347200   0.346400   0.349000   0.356000   0.361800   0.385200   0.399400   0.392000   0.537800   0.663600   0.808000   0.815800 
241   0.344200   0.345000   0.344200   0.347000   0.354000   0.359200   0.383400   0.397400   0.390400   0.537000   0.662600   0.807400   0.815200 
242   0.342200   0.342800   0.342000   0.345000   0.352000   0.356600   0.381800   0.395400   0.388800   0.536200   0.661600   0.806800   0.814600 
243   0.340200   0.340600   0.339800   0.343000   0.350000   0.354000   0.380000   0.393400   0.387200   0.535400   0.660600   0.806200   0.814000 
244   0.338200   0.338400   0.337600   0.341000   0.348000   0.351400   0.378200   0.391400   0.385600   0.534600   0.659600   0.805600   0.813400 
245   0.336200   0.336200   0.335400   0.339000   0.346000   0.348800   0.376400   0.389400   0.384000   0.533600   0.658600   0.805000   0.812800 
246   0.334200   0.334000   0.333200   0.337000   0.344200   0.346200   0.374600   0.387400   0.382400   0.532600   0.657600   0.804400   0.812200 
247   0.332200   0.331800   0.331000   0.335000   0.342200   0.343600   0.372800   0.385400   0.380800   0.531600   0.656600   0.803800   0.811600 
248   0.330200   0.329600   0.328800   0.333200   0.340200   0.341000   0.371000   0.383600   0.379200   0.530600   0.655600   0.803200   0.811000 
249   0.328200   0.327400   0.326600   0.331200   0.338200   0.338600   0.369200   0.381600   0.377600   0.529600   0.654600   0.802600   0.810400 
250   0.326200   0.325200   0.324600   0.329200   0.336200   0.336200   0.367400   0.379600   0.376000   0.528600   0.653600   0.802000   0.809800 
251   0.324200   0.323200   0.322600   0.327200   0.334200   0.333800   0.365600   0.377600   0.374400   0.527600   0.652600   0.801400   0.809200 
252   0.322200   0.321200   0.320600   0.325200   0.332200   0.331400   0.363800   0.375600   0.372800   0.526600   0.651600   0.800800   0.808600 
253   0.320200   0.319200   0.318600   0.323200   0.330200   0.329000   0.362000   0.373600   0.371200   0.525600   0.650600   0.800200   0.808000 
254   0.318200   0.317200   0.316600   0.321200   0.328200   0.326600   0.360200   0.371600   0.369600   0.524600   0.649600   0.799600   0.807400 
255   0.316200   0.315200   0.314600   0.319200   0.326200   0.324200   0.358400   0.369600   0.368000   0.523600   0.648600   0.799000   0.806800 
256   0.314200   0.313200   0.312600   0.317200   0.324200   0.321800   0.356600   0.367600   0.366400   0.522600   0.647600   0.798400   0.806200 
257   0.312200   0.311200   0.310600   0.315200   0.322200   0.319400   0.354800   0.365600   0.364800   0.521600   0.646600   0.797800   0.805600 
258   0.310200   0.309200   0.308600   0.313200   0.320200   0.317000   0.353000   0.363600   0.363200   0.520600   0.645600   0.797200   0.805000 
259   0.308200   0.307200   0.306600   0.311200   0.318200   0.314800   0.351200   0.361800   0.361600   0.519600   0.644600   0.796600   0.804400 
260   0.306200   0.305200   0.304600   0.309200   0.316200   0.312600   0.349400   0.360000   0.360000   0.518600   0.643600   0.796000   0.803800 
261   0.304200   0.303200   0.302600   0.307200   0.314200   0.310600   0.347600   0.358200   0.358400   0.517600   0.642600   0.795400   0.803200 
262   0.302200   0.301200   0.300600   0.305200   0.312200   0.308600   0.346000   0.356600   0.356800   0.516600   0.641600   0.794800   0.802600 
263   0.300400   0.299200   0.298600   0.303200   0.310200   0.306600   0.344200   0.354800   0.355200   0.515600   0.640600   0.794200   0.802000 
264   0.298400   0.297200   0.296600   0.301400   0.308200   0.304600   0.342600   0.353000   0.353600   0.514800   0.639600   0.793600   0.801400 
265   0.296400   0.295200   0.294600   0.299200   0.306200   0.302600   0.340800   0.351200   0.352000   0.514000   0.638600   0.793000   0.800800 
266   0.294400   0.293200   0.292600   0.297400   0.304200   0.300600   0.339200   0.349400   0.350400   0.513200   0.637600   0.792400   0.800200 
267   0.292400   0.291200   0.290600   0.295400   0.302200   0.298600   0.337600   0.347600   0.348800   0.512600   0.636600   0.791800   0.799600 
268   0.290400   0.289200   0.288600   0.293400   0.300200   0.296600   0.336000   0.345800   0.347200   0.511800   0.635600   0.791200   0.799000 
269   0.288400   0.287200   0.286600   0.291400   0.298200   0.294600   0.334400   0.344000   0.345600   0.511000   0.634800   0.790600   0.798400 
270   0.286400   0.285200   0.284600   0.289400   0.296200   0.292600   0.332800   0.342200   0.344000   0.510200   0.634000   0.790000   0.797800 
271   0.284400   0.283200   0.282600   0.287400   0.294000   0.290600   0.331200   0.340400   0.342400   0.509400   0.633200   0.789400   0.797200 
272   0.282400   0.281200   0.280600   0.285400   0.291800   0.288400   0.329600   0.338600   0.340800   0.508600   0.632400   0.788800   0.796600 
273   0.280400   0.279200   0.278600   0.283400   0.289600   0.286400   0.328000   0.336800   0.339200   0.507800   0.631600   0.788200   0.796000 
274   0.278400   0.277200   0.276600   0.281400   0.287400   0.284400   0.326400   0.335000   0.337600   0.507000   0.630800   0.787600   0.795400 
275   0.276400   0.275200   0.274600   0.279400   0.285200   0.282400   0.324800   0.333200   0.336000   0.506200   0.630000   0.787000   0.794800 
276   0.274400   0.273200   0.272600   0.277400   0.283000   0.280400   0.323200   0.331400   0.334400   0.505400   0.629200   0.786400   0.794200 
277   0.272400   0.271200   0.270600   0.275400   0.280800   0.278400   0.321600   0.329600   0.332800   0.504600   0.628400   0.785800   0.793600 
278   0.270400   0.269200   0.268600   0.273400   0.278600   0.276400   0.320000   0.327800   0.331200   0.503800   0.627600   0.785200   0.793000 
279   0.268400   0.267200   0.266600   0.271400   0.276400   0.274400   0.318400   0.326200   0.329800   0.503000   0.626800   0.784600   0.792400 
280   0.266400   0.265200   0.264600   0.269400   0.274200   0.272400   0.317000   0.324800   0.328400   0.502200   0.626000   0.784000   0.791800 
281   0.264400   0.263200   0.262600   0.267400   0.272200   0.270400   0.315600   0.323400   0.327000   0.501400   0.625200   0.783400   0.791200 
282   0.262400   0.261200   0.260600   0.265200   0.270000   0.268400   0.314200   0.322000   0.325600   0.500600   0.624400   0.782800   0.790600 
283   0.260400   0.259200   0.258600   0.263400   0.268000   0.266400   0.312800   0.320600   0.324200   0.499800   0.623600   0.782200   0.790000 
284   0.258400   0.257200   0.256600   0.261400   0.265600   0.264400   0.311400   0.319200   0.322800   0.499000   0.622800   0.781600   0.789400 
285   0.256400   0.255000   0.254600   0.259400   0.263400   0.262400   0.310000   0.317800   0.321400   0.498200   0.622000   0.781000   0.788800 
286   0.254400   0.253000   0.252600   0.257400   0.261200   0.260400   0.308600   0.316400   0.320200   0.497400   0.621200   0.780400   0.788400 
287   0.252400   0.251000   0.250600   0.255400   0.259000   0.258400   0.307200   0.315000   0.318800   0.496800   0.620400   0.779800   0.788000 
288   0.250400   0.249000   0.248600   0.253400   0.256800   0.256400   0.305800   0.313600   0.317600   0.496200   0.619600   0.779200   0.787600 
289   0.248400   0.247000   0.246600   0.251400   0.254600   0.254400   0.304400   0.312200   0.316400   0.495600   0.618800   0.778600   0.787200 
290   0.246400   0.245000   0.244600   0.249400   0.252400   0.252400   0.303200   0.310800   0.315200   0.495000   0.618000   0.778000   0.786800 
291   0.244400   0.243000   0.242600   0.247400   0.250200   0.250400   0.302000   0.309400   0.314000   0.494400   0.617200   0.777400   0.786400 
292   0.242400   0.241000   0.240600   0.245400   0.248000   0.248600   0.300800   0.308000   0.312800   0.493800   0.616400   0.776800   0.786000 
293   0.240400   0.239000   0.238600   0.243400   0.246000   0.246800   0.299600   0.306600   0.311600   0.493200   0.615600   0.776200   0.785600 
294   0.238400   0.237000   0.236600   0.241400   0.243800   0.245000   0.298400   0.305200   0.310400   0.492600   0.614800   0.775600   0.785400 
295   0.236400   0.235000   0.234600   0.239400   0.241600   0.243200   0.297200   0.303800   0.309200   0.492000   0.614000   0.775000   0.785000 
296   0.234400   0.233000   0.232600   0.237400   0.239400   0.241400   0.296000   0.302400   0.308000   0.491400   0.613200   0.774400   0.784800 
297   0.232400   0.231000   0.230600   0.235400   0.237400   0.239600   0.294800   0.301000   0.306800   0.490800   0.612400   0.773800   0.784600 
298   0.230400   0.229000   0.228600   0.233400   0.235200   0.237800   0.293600   0.299600   0.305600   0.490200   0.611600   0.773200   0.784400 
299   0.228400   0.227000   0.226600   0.231400   0.233000   0.236000   0.292400   0.298200   0.304400   0.489600   0.610800   0.772600   0.784200 
300   0.226400   0.225000   0.224600   0.229400   0.230800   0.234200   0.291200   0.296800   0.303200   0.489000   0.610000   0.772000   0.784000 
301   0.224400   0.223000   0.222600   0.227400   0.228600   0.232400   0.290000   0.295400   0.302000   0.488400   0.609200   0.771400   0.783800 
302   0.222400   0.221000   0.220600   0.225400   0.226400   0.230600   0.288800   0.294000   0.300800   0.487800   0.608400   0.770800   0.783600 
303   0.220400   0.219000   0.218600   0.223400   0.224200   0.228800   0.287600   0.292600   0.299600   0.487200   0.607800   0.770200   0.783400 
304   0.218400   0.217000   0.216600   0.221400   0.222000   0.227000   0.286400   0.291200   0.298400   0.486600   0.607200   0.769600   0.783200 
305   0.216400   0.215000   0.214600   0.219400   0.220000   0.225200   0.285000   0.289800   0.297200   0.486000   0.606600   0.769000   0.783000 
306   0.214400   0.213000   0.212600   0.217600   0.218200   0.223400   0.283600   0.288400   0.296000   0.485400   0.606000   0.768400   0.782800 
307   0.212400   0.211000   0.210600   0.215600   0.216400   0.221600   0.282200   0.287000   0.294800   0.484800   0.605400   0.767800   0.782600 
308   0.210400   0.209000   0.208600   0.213600   0.214600   0.219800   0.280800   0.285600   0.293600   0.484200   0.604800   0.767200   0.782400 
309   0.208400   0.207000   0.206600   0.211600   0.212800   0.218000   0.279400   0.284200   0.292400   0.483600   0.604200   0.766600   0.782200 
310   0.206400   0.205200   0.204600   0.209600   0.211000   0.216200   0.278000   0.282800   0.291200   0.483000   0.603600   0.766000   0.782000 
311   0.204600   0.203400   0.202800   0.207600   0.209200   0.214600   0.276600   0.281400   0.290000   0.482400   0.603000   0.765400   0.781800 
312   0.202600   0.201600   0.200800   0.205600   0.207400   0.213000   0.275200   0.280000   0.288800   0.481800   0.602400   0.764800   0.781600 
313   0.200800   0.199800   0.199000   0.203600   0.205600   0.211400   0.273800   0.278600   0.287600   0.481200   0.601800   0.764200   0.781400 
314   0.199000   0.198200   0.197200   0.201600   0.203800   0.209800   0.272600   0.277200   0.286400   0.480600   0.601200   0.763600   0.781200 
315   0.197200   0.196600   0.195400   0.199600   0.202000   0.208200   0.271400   0.275800   0.285200   0.480000   0.600600   0.763000   0.781000 
316   0.195400   0.195000   0.193600   0.197600   0.200400   0.206600   0.270200   0.274400   0.284000   0.479400   0.600000   0.762400   0.780800 
317   0.193800   0.193400   0.191600   0.195600   0.198600   0.205000   0.269000   0.273000   0.282800   0.478800   0.599400   0.761800   0.780600 
318   0.192200   0.191800   0.189600   0.193600   0.197000   0.203400   0.267800   0.271600   0.281600   0.478200   0.598800   0.761200   0.780400 
319   0.190600   0.190200   0.187600   0.191600   0.195400   0.201800   0.266600   0.270200   0.280400   0.477600   0.598400   0.760600   0.780200 
320   0.188800   0.188600   0.185600   0.189800   0.193800   0.200200   0.265400   0.268800   0.279400   0.477000   0.598000   0.760000   0.780000 
321   0.187400   0.187200   0.183600   0.188000   0.192200   0.198600   0.264200   0.267600   0.278400   0.476400   0.597600   0.759400   0.779800 
322   0.185800   0.185400   0.181600   0.186400   0.190600   0.197000   0.263000   0.266400   0.277400   0.475800   0.597200   0.758800   0.779600 
323   0.184000   0.183800   0.179800   0.184800   0.189000   0.195400   0.261800   0.265200   0.276400   0.475200   0.596800   0.758200   0.779400 
324   0.182400   0.182200   0.177800   0.183200   0.187400   0.193800   0.260600   0.264000   0.275400   0.474600   0.596400   0.757600   0.779200 
325   0.180800   0.180600   0.176000   0.181600   0.185800   0.192200   0.259400   0.262800   0.274400   0.474000   0.596000   0.757000   0.779000 
326   0.179200   0.179000   0.174200   0.180000   0.184200   0.190600   0.258200   0.261600   0.273400   0.473400   0.595600   0.756400   0.778800 
327   0.177600   0.177600   0.172400   0.178400   0.182600   0.189000   0.257000   0.260400   0.272400   0.472800   0.595200   0.755800   0.778600 
328   0.176000   0.176200   0.170800   0.176800   0.181000   0.187400   0.255800   0.259200   0.271400   0.472200   0.594800   0.755200   0.778400 
329   0.174400   0.174800   0.169200   0.175200   0.179400   0.185800   0.254600   0.258000   0.270400   0.471600   0.594400   0.754600   0.778200 
330   0.172800   0.173400   0.167600   0.173600   0.177800   0.184200   0.253400   0.256800   0.269400   0.471000   0.594000   0.754000   0.778000 
331   0.171400   0.172000   0.166000   0.172000   0.176200   0.182800   0.252200   0.255600   0.268400   0.470400   0.593600   0.753400   0.777800 
332   0.170000   0.170600   0.164600   0.170400   0.174600   0.181400   0.251000   0.254400   0.267400   0.469800   0.593200   0.752800   0.777600 
333   0.168600   0.169200   0.163200   0.168800   0.173000   0.180000   0.249800   0.253200   0.266400   0.469200   0.592800   0.752200   0.777400 
334   0.167200   0.167800   0.161800   0.167200   0.171400   0.178600   0.248800   0.252000   0.265400   0.468600   0.592400   0.751600   0.777200 
335   0.165800   0.166400   0.160400   0.165600   0.169800   0.177200   0.247400   0.250800   0.264400   0.468000   0.592000   0.751000   0.777000 
336   0.164400   0.165000   0.159000   0.163800   0.168200   0.175800   0.246200   0.249600   0.263400   0.467400   0.591600   0.750400   0.776800 
337   0.163000   0.163600   0.157600   0.162200   0.166600   0.174400   0.245000   0.248600   0.262400   0.466800   0.591200   0.749800   0.776600 
338   0.161600   0.162200   0.156200   0.160600   0.165000   0.173000   0.243800   0.247600   0.261400   0.466200   0.590800   0.749200   0.776400 
339   0.160200   0.160800   0.154800   0.159000   0.163400   0.171600   0.242600   0.246600   0.260400   0.465600   0.590400   0.748600   0.776200 
340   0.158800   0.159400   0.153400   0.157400   0.161800   0.170200   0.241400   0.245600   0.259400   0.465000   0.590000   0.748000   0.776000 
341   0.157400   0.158000   0.152000   0.155800   0.160200   0.168800   0.240400   0.244800   0.258400   0.464400   0.589600   0.747400   0.775800 
342   0.156200   0.156600   0.150600   0.154200   0.158600   0.167400   0.239200   0.243800   0.257400   0.463800   0.589200   0.746800   0.775600 
343   0.155000   0.155200   0.149200   0.152600   0.157000   0.166000   0.238000   0.242800   0.256400   0.463200   0.588800   0.746200   0.775400 
344   0.153800   0.153800   0.147800   0.151000   0.155400   0.164600   0.236800   0.241800   0.255400   0.462600   0.588400   0.745600   0.775200 
345   0.152600   0.152400   0.146400   0.149400   0.153800   0.163200   0.235600   0.240600   0.254400   0.462000   0.588000   0.745000   0.775000 
346   0.151400   0.151200   0.145000   0.147800   0.152200   0.161800   0.234400   0.239600   0.253400   0.461400   0.587600   0.744400   0.774800 
347   0.150200   0.150000   0.143600   0.146200   0.150600   0.160400   0.233200   0.238400   0.252600   0.460800   0.587200   0.743800   0.774600 
348   0.149000   0.148800   0.142200   0.144800   0.148800   0.159200   0.232000   0.237400   0.251800   0.460200   0.586800   0.743200   0.774400 
349   0.147800   0.147600   0.140800   0.143200   0.147200   0.158000   0.230800   0.236400   0.251200   0.459600   0.586400   0.742600   0.774200 
350   0.146800   0.146400   0.139400   0.141800   0.145600   0.156800   0.229600   0.235400   0.250600   0.459000   0.586000   0.742000   0.774000 
351   0.145600   0.145200   0.138000   0.140400   0.144000   0.155600   0.228400   0.234400   0.250000   0.458400   0.585600   0.741400   0.773800 
352   0.144600   0.144000   0.136600   0.139000   0.142400   0.154400   0.227400   0.233400   0.249400   0.457800   0.585200   0.740800   0.773600 
353   0.143800   0.142800   0.135200   0.137600   0.140800   0.153200   0.226200   0.232400   0.249000   0.457200   0.584800   0.740200   0.773400 
354   0.143000   0.142000   0.134200   0.136200   0.139200   0.152000   0.225000   0.231400   0.248600   0.456600   0.584400   0.739600   0.773200 
355   0.142200   0.141200   0.133200   0.135000   0.137600   0.150800   0.223800   0.230400   0.248200   0.456000   0.584000   0.739000   0.773000 
356   0.141400   0.140400   0.132200   0.133800   0.136200   0.149600   0.222600   0.229400   0.247800   0.455400   0.583600   0.738600   0.772800 
357   0.140600   0.139600   0.131200   0.132600   0.134600   0.148400   0.221400   0.228400   0.247400   0.454800   0.583200   0.738200   0.772600 
358   0.139800   0.138800   0.130200   0.131600   0.133000   0.147200   0.220200   0.227400   0.247000   0.454400   0.582800   0.737800   0.772400 
359   0.139000   0.138000   0.129200   0.130600   0.131400   0.146000   0.219000   0.226400   0.246600   0.454000   0.582400   0.737400   0.772200 
360   0.138200   0.137200   0.128200   0.129600   0.129800   0.144800   0.217800   0.225400   0.246200   0.453600   0.582000   0.737000   0.772000 
361   0.137400   0.136400   0.127200   0.128600   0.128200   0.143600   0.216600   0.224400   0.246000   0.453200   0.581600   0.736600   0.771800 
362   0.136600   0.135600   0.126200   0.127600   0.126600   0.142400   0.215400   0.223400   0.245600   0.452800   0.581200   0.736200   0.771600 
363   0.135800   0.134800   0.125200   0.126600   0.125200   0.141200   0.214200   0.222400   0.245200   0.452400   0.580800   0.735800   0.771400 
364   0.135000   0.134000   0.124200   0.125600   0.123600   0.140000   0.213000   0.221400   0.244800   0.452000   0.580400   0.735400   0.771200 
365   0.134200   0.133200   0.123200   0.124600   0.122200   0.138800   0.211800   0.220400   0.244600   0.451600   0.580000   0.735000   0.771000 
366   0.133400   0.132400   0.122200   0.123600   0.120800   0.137600   0.210600   0.219400   0.244400   0.451200   0.579600   0.734600   0.770800 
367   0.132600   0.131600   0.121200   0.122600   0.119400   0.136400   0.209400   0.218400   0.244400   0.450800   0.579200   0.734200   0.770600 
368   0.131800   0.130800   0.120200   0.121600   0.118000   0.135200   0.208200   0.217400   0.244400   0.450400   0.578800   0.733800   0.770400 
369   0.131000   0.130000   0.119200   0.120600   0.116600   0.134000   0.207000   0.216400   0.244400   0.450000   0.578400   0.733400   0.770200 
370   0.130200   0.129400   0.118200   0.119600   0.115200   0.133000   0.205800   0.215400   0.244400   0.449600   0.578000   0.733000   0.770000 
371   0.129400   0.128800   0.117200   0.118600   0.113800   0.132000   0.204600   0.214400   0.244400   0.449200   0.577600   0.732600   0.769800 
372   0.128600   0.128200   0.116200   0.117600   0.112600   0.131000   0.203400   0.213400   0.244400   0.448800   0.577200   0.732200   0.769600 
373   0.127800   0.127600   0.115200   0.116600   0.111400   0.130000   0.202200   0.212400   0.244400   0.448400   0.576800   0.731800   0.769400 
374   0.127000   0.127000   0.114200   0.115800   0.110200   0.129000   0.201000   0.211400   0.244400   0.448000   0.576400   0.731400   0.769200 
375   0.126200   0.126400   0.113200   0.115000   0.109000   0.128000   0.200000   0.210400   0.244400   0.447600   0.576000   0.731000   0.769000 
376   0.125400   0.125800   0.112200   0.114200   0.107800   0.127000   0.199200   0.209400   0.244400   0.447200   0.575600   0.730600   0.768800 
377   0.124800   0.125200   0.111200   0.113600   0.106600   0.126000   0.198400   0.208400   0.244400   0.446800   0.575200   0.730200   0.768600 
378   0.124200   0.124600   0.110200   0.113000   0.105400   0.125000   0.197600   0.207400   0.244400   0.446400   0.574800   0.729800   0.768400 
379   0.123600   0.124000   0.109200   0.112400   0.104200   0.124000   0.196800   0.206400   0.244400   0.446000   0.574400   0.729400   0.768200 
380   0.123000   0.123400   0.108400   0.111800   0.103200   0.123000   0.196000   0.205400   0.244400   0.445600   0.574000   0.729200   0.768000 
381   0.122400   0.122800   0.107600   0.111200   0.102000   0.122000   0.195200   0.204400   0.244400   0.445200   0.573600   0.729000   0.767800 
382   0.121800   0.122200   0.106800   0.110600   0.101000   0.121000   0.194400   0.203400   0.244400   0.444800   0.573200   0.728800   0.767600 
383   0.121200   0.121600   0.106000   0.110000   0.100000   0.120000   0.193600   0.202400   0.244400   0.444400   0.572800   0.728600   0.767400 
384   0.120600   0.121000   0.105400   0.109400   0.099200   0.119000   0.192800   0.201400   0.244400   0.444000   0.572400   0.728400   0.767200 
385   0.120000   0.120400   0.104800   0.108800   0.098200   0.118000   0.192000   0.200400   0.244400   0.443400   0.572000   0.728200   0.767000 
386   0.119400   0.119800   0.104200   0.108200   0.097200   0.117000   0.191200   0.199400   0.244400   0.443000   0.571600   0.728000   0.766800 
387   0.118800   0.119200   0.103400   0.107600   0.096200   0.116000   0.190400   0.198400   0.244400   0.442600   0.571200   0.727800   0.766600 
388   0.118200   0.118600   0.103000   0.107000   0.095400   0.115000   0.189600   0.197400   0.244400   0.442200   0.570800   0.727600   0.766400 
389   0.117600   0.118000   0.102200   0.106400   0.094600   0.114000   0.188800   0.196400   0.244400   0.441800   0.570400   0.727400   0.766200 
390   0.117000   0.117400   0.101600   0.105800   0.093800   0.113000   0.188000   0.195400   0.244400   0.441400   0.570000   0.727200   0.766000 
391   0.116400   0.116800   0.101000   0.105200   0.093000   0.112000   0.187200   0.194400   0.244400   0.441000   0.569600   0.727000   0.766000 
392   0.115800   0.116200   0.100400   0.104600   0.092200   0.111000   0.186600   0.193400   0.244400   0.440600   0.569200   0.726800   0.766000 
393   0.115200   0.115600   0.099800   0.104200   0.091400   0.110000   0.186000   0.192600   0.244400   0.440200   0.568800   0.726600   0.766000 
394   0.114600   0.115000   0.099200   0.103600   0.090600   0.109000   0.185400   0.191400   0.244400   0.439800   0.568400   0.726400   0.766000 
395   0.114000   0.114400   0.098600   0.103000   0.089800   0.108000   0.184800   0.191000   0.244400   0.439400   0.568000   0.726200   0.766000 
396   0.113400   0.113800   0.098000   0.102400   0.089000   0.107000   0.184200   0.190200   0.244400   0.439000   0.567800   0.726000   0.766000 
397   0.112800   0.113200   0.097400   0.101800   0.088200   0.106000   0.183600   0.189400   0.244400   0.438600   0.567600   0.725800   0.766000 
398   0.112200   0.112600   0.096800   0.101200   0.087400   0.105000   0.183200   0.188800   0.244400   0.438200   0.567400   0.725600   0.766000 
399   0.111600   0.112000   0.096200   0.100600   0.086600   0.104200   0.182800   0.188200   0.244400   0.437800   0.567200   0.725400   0.766000 
400   0.111000   0.111400   0.095600   0.100000   0.085800   0.103400   0.182400   0.187600   0.244400   0.437600   0.567000   0.725200   0.766000 
401   0.110400   0.110800   0.095000   0.099400   0.085000   0.102600   0.182000   0.187000   0.244400   0.437400   0.566800   0.725000   0.766000 
402   0.109800   0.110200   0.094400   0.098800   0.084200   0.101800   0.181600   0.186400   0.244400   0.437200   0.566600   0.724800   0.766000 
403   0.109200   0.109600   0.093800   0.098200   0.083400   0.101000   0.181200   0.186000   0.244400   0.437000   0.566400   0.724800   0.766000 
404   0.108600   0.109000   0.093200   0.097600   0.082600   0.100200   0.180800   0.185200   0.244400   0.436800   0.566200   0.724600   0.766000 
405   0.108000   0.108400   0.092600   0.097000   0.081800   0.099400   0.180400   0.184800   0.244400   0.436600   0.566000   0.724400   0.766000 
406   0.107400   0.107800   0.092000   0.096400   0.081000   0.098600   0.180000   0.184200   0.244400   0.436400   0.565800   0.724200   0.766000 
407   0.107000   0.107200   0.091400   0.095800   0.080200   0.097800   0.179600   0.183600   0.244400   0.436200   0.565600   0.724000   0.766000 
408   0.106600   0.106600   0.091000   0.095400   0.079400   0.097000   0.179400   0.183200   0.244400   0.436000   0.565400   0.723800   0.766000 
409   0.106200   0.106000   0.090400   0.095000   0.078800   0.096200   0.179200   0.182600   0.244400   0.435800   0.565200   0.723600   0.766000 
410   0.105800   0.105600   0.089800   0.094400   0.078200   0.095600   0.179000   0.182200   0.244400   0.435600   0.565000   0.723400   0.766000 
411   0.105400   0.105200   0.089200   0.094000   0.077600   0.095000   0.178800   0.181800   0.244400   0.435400   0.564800   0.723200   0.766000 
412   0.105000   0.104800   0.088600   0.093600   0.077000   0.094400   0.178600   0.181400   0.244400   0.435200   0.564600   0.723000   0.766000 
413   0.104600   0.104400   0.088000   0.093200   0.076400   0.093800   0.178400   0.181000   0.244400   0.435000   0.564400   0.722800   0.766000 
414   0.104200   0.104000   0.087400   0.092800   0.076000   0.093200   0.178200   0.180600   0.244400   0.434800   0.564200   0.722600   0.766000 
415   0.103800   0.103600   0.086800   0.092400   0.075400   0.092600   0.178000   0.180200   0.244400   0.434600   0.564000   0.722400   0.766000 
416   0.103400   0.103200   0.086200   0.092000   0.075000   0.092000   0.177800   0.179800   0.244400   0.434400   0.563800   0.722200   0.766000 
417   0.103000   0.102800   0.085600   0.091600   0.074600   0.091600   0.177600   0.179400   0.244400   0.434200   0.563600   0.722000   0.766000 
418   0.102600   0.102400   0.085000   0.091200   0.074200   0.091200   0.177400   0.179000   0.244400   0.434000   0.563400   0.721800   0.766000 
419   0.102200   0.102000   0.084400   0.090800   0.074000   0.090800   0.177200   0.178600   0.244400   0.433800   0.563200   0.721600   0.766000 
420   0.101800   0.101600   0.084000   0.090400   0.073400   0.090400   0.177000   0.178200   0.244400   0.433600   0.563000   0.721400   0.766000 
421   0.101600   0.101200   0.083600   0.090000   0.073200   0.090000   0.176800   0.177800   0.244400   0.433400   0.562800   0.721200   0.766000 
422   0.101400   0.100800   0.083200   0.089600   0.072800   0.089600   0.176600   0.177400   0.244400   0.433200   0.562600   0.721000   0.766000 
423   0.101200   0.100400   0.082800   0.089200   0.072400   0.089200   0.176400   0.176800   0.244400   0.433000   0.562400   0.720800   0.766000 
424   0.101000   0.100000   0.082400   0.088800   0.072000   0.088800   0.176200   0.176200   0.244400   0.432800   0.562200   0.720600   0.766000 
425   0.100800   0.099600   0.082200   0.088400   0.071600   0.088400   0.176000   0.175600   0.244400   0.432600   0.562000   0.720400   0.766000 
426   0.100800   0.099200   0.082000   0.088000   0.071200   0.088000   0.175800   0.175000   0.244400   0.432400   0.561800   0.720200   0.766000 
427   0.100400   0.099000   0.081800   0.087600   0.070800   0.087600   0.175600   0.174400   0.244400   0.432200   0.561600   0.720000   0.766000 
428   0.100400   0.098800   0.081600   0.087200   0.070600   0.087200   0.175400   0.173800   0.244400   0.432000   0.561400   0.719800   0.766000 
429   0.100200   0.098600   0.081400   0.086800   0.070400   0.086800   0.175200   0.173200   0.244400   0.431800   0.561200   0.719600   0.766000 
430   0.100000   0.098400   0.081200   0.086600   0.070200   0.086400   0.175000   0.172600   0.244400   0.431600   0.561000   0.719400   0.766000 
431   0.099800   0.098200   0.081000   0.086400   0.070000   0.086000   0.174800   0.172000   0.244400   0.431400   0.560800   0.719200   0.766000 
432   0.099600   0.098000   0.080800   0.086200   0.069800   0.085600   0.174800   0.171400   0.244400   0.431200   0.560600   0.719000   0.766000 
433   0.099400   0.097800   0.080600   0.086000   0.069600   0.085400   0.174800   0.170800   0.244400   0.431000   0.560400   0.718800   0.766000 
434   0.099200   0.097600   0.080400   0.085800   0.069400   0.085200   0.174800   0.170200   0.244400   0.430800   0.560200   0.718600   0.766000 
435   0.099000   0.097400   0.080200   0.085600   0.069200   0.085000   0.174800   0.169600   0.244400   0.430600   0.560000   0.718400   0.766000 
436   0.098800   0.097200   0.080000   0.085400   0.069200   0.084800   0.174800   0.169000   0.244400   0.430400   0.559800   0.718400   0.766000 
437   0.098600   0.097000   0.079800   0.085200   0.069000   0.084600   0.174800   0.168400   0.244600   0.430200   0.559600   0.718400   0.766000 
438   0.098400   0.096800   0.079600   0.085000   0.069000   0.084400   0.174800   0.167800   0.244800   0.430000   0.559400   0.718400   0.766000 
439   0.098200   0.096600   0.079400   0.084800   0.069000   0.084200   0.174800   0.167200   0.245000   0.429800   0.559200   0.718400   0.766000 
440   0.098000   0.096400   0.079200   0.084600   0.069000   0.084000   0.174800   0.166600   0.245200   0.429600   0.559000   0.718400   0.766000 
441   0.097800   0.096200   0.079000   0.084600   0.069000   0.083600   0.174800   0.166000   0.245400   0.429400   0.558800   0.718400   0.766000 
442   0.097600   0.096000   0.078800   0.084400   0.069000   0.083400   0.174800   0.165400   0.245600   0.429200   0.558600   0.718400   0.766000 
443   0.097400   0.095600   0.078600   0.084400   0.069000   0.083400   0.174800   0.164800   0.245800   0.429000   0.558400   0.718400   0.766000 
444   0.097400   0.095600   0.078400   0.084400   0.069000   0.083200   0.174800   0.164200   0.246000   0.428600   0.558200   0.718400   0.766000 
445   0.097400   0.095200   0.078200   0.084400   0.069000   0.083200   0.174800   0.163600   0.246200   0.428400   0.558000   0.718400   0.766000 
446   0.097400   0.095200   0.078000   0.084400   0.069000   0.083200   0.174800   0.163000   0.246400   0.428000   0.557800   0.718400   0.766000 
447   0.097400   0.095200   0.077800   0.084400   0.069000   0.083200   0.174800   0.162600   0.246600   0.427600   0.557600   0.718400   0.766000 
448   0.097400   0.095200   0.077600   0.084400   0.069000   0.083200   0.174800   0.162200   0.246800   0.427200   0.557400   0.718400   0.766000 
449   0.097400   0.095200   0.077600   0.084400   0.069000   0.083200   0.174800   0.162000   0.247000   0.426800   0.557200   0.718400   0.766000 
450   0.097400   0.095200   0.077600   0.084400   0.069000   0.083200   0.174800   0.161800   0.247200   0.426400   0.557000   0.718400   0.766000 
451   0.097400   0.095200   0.077600   0.084400   0.069000   0.083200   0.174800   0.161600   0.247400   0.426000   0.556800   0.718400   0.766000 
452   0.097400   0.095200   0.077600   0.084400   0.069000   0.083200   0.174800   0.161400   0.247600   0.425600   0.556600   0.718400   0.766000 
453   0.097400   0.095200   0.077600   0.084600   0.069200   0.083200   0.174800   0.161200   0.247800   0.425200   0.556400   0.718400   0.766000 
454   0.097400   0.095200   0.077600   0.084400   0.069200   0.083200   0.175000   0.161000   0.248000   0.424800   0.556200   0.718400   0.766000 
455   0.097400   0.095200   0.077600   0.084400   0.069400   0.083200   0.175000   0.160600   0.248200   0.424400   0.556000   0.718400   0.766000 
456   0.097400   0.095200   0.077600   0.084400   0.069600   0.083200   0.175000   0.160400   0.248400   0.424000   0.556000   0.718400   0.766000 
457   0.097400   0.095200   0.077600   0.084400   0.069800   0.083200   0.175000   0.160200   0.248600   0.423600   0.555800   0.718400   0.766000 
458   0.097400   0.095200   0.077600   0.084400   0.070000   0.083200   0.175000   0.160000   0.248800   0.423200   0.555800   0.718400   0.766000 
459   0.097400   0.095200   0.077600   0.084600   0.070200   0.083200   0.175000   0.159800   0.249000   0.422800   0.555800   0.718400   0.766000 
460   0.097400   0.095200   0.077600   0.084800   0.070400   0.083200   0.175000   0.159600   0.249200   0.422400   0.555800   0.718400   0.766000 
461   0.097400   0.095200   0.077600   0.085000   0.070600   0.083200   0.175000   0.159400   0.249400   0.422000   0.555800   0.718400   0.766000 
462   0.097400   0.095200   0.077600   0.085200   0.070800   0.083200   0.175000   0.159200   0.249600   0.421800   0.555800   0.718400   0.766000 
463   0.097400   0.095200   0.077600   0.085400   0.071000   0.083200   0.175000   0.159000   0.249800   0.421600   0.555800   0.718400   0.766000 
464   0.097400   0.095200   0.077600   0.085600   0.071200   0.083200   0.175000   0.158800   0.250000   0.421400   0.555800   0.718400   0.766000 
465   0.097400   0.095200   0.077600   0.085800   0.071400   0.083200   0.175000   0.158600   0.250200   0.421200   0.555800   0.718400   0.766000 
466   0.097400   0.095200   0.077600   0.086000   0.071600   0.083200   0.175000   0.158400   0.250400   0.421000   0.555800   0.718400   0.766000 
467   0.097400   0.095400   0.077600   0.086200   0.071800   0.083200   0.175000   0.158200   0.250600   0.420800   0.555800   0.718400   0.766000 
468   0.097400   0.095600   0.077800   0.086400   0.072000   0.083200   0.175000   0.158000   0.250800   0.420600   0.555800   0.718400   0.766000 
469   0.097400   0.095800   0.078000   0.086600   0.072200   0.083000   0.175000   0.157800   0.251000   0.420400   0.555800   0.718400   0.766000 
470   0.097400   0.096000   0.078200   0.086800   0.072400   0.082800   0.175000   0.157600   0.251200   0.420200   0.555800   0.718400   0.766000 
471   0.097600   0.096200   0.078400   0.087000   0.072600   0.082600   0.175000   0.157600   0.251400   0.420000   0.555800   0.718400   0.766000 
472   0.097800   0.096400   0.078600   0.087200   0.072600   0.082400   0.175000   0.157600   0.251600   0.419800   0.555800   0.718400   0.766000 
473   0.098000   0.096600   0.078600   0.087400   0.072800   0.082200   0.175000   0.157600   0.251800   0.419800   0.555800   0.718400   0.766000 
474   0.098200   0.097000   0.078600   0.087600   0.072800   0.082000   0.175000   0.157600   0.251800   0.419800   0.555800   0.718400   0.766000 
475   0.098400   0.097200   0.078800   0.087800   0.072800   0.081800   0.175000   0.157600   0.252000   0.419800   0.555800   0.718400   0.766000 
476   0.098600   0.097400   0.078800   0.088000   0.072800   0.081600   0.175000   0.157600   0.252200   0.420000   0.555800   0.718400   0.766000 
477   0.098600   0.097600   0.078800   0.088200   0.072800   0.081400   0.175000   0.157600   0.252400   0.420000   0.555800   0.718400   0.766000 
478   0.098600   0.097800   0.078800   0.088400   0.072800   0.081200   0.175000   0.157600   0.252600   0.420000   0.555800   0.718400   0.766000 
479   0.098600   0.098000   0.078800   0.088600   0.072800   0.081000   0.175000   0.157600   0.252800   0.420000   0.555800   0.718400   0.766000 
480   0.098600   0.098200   0.078800   0.088800   0.072800   0.080800   0.175000   0.157600   0.253000   0.420000   0.555800   0.718400   0.766000 
481   0.098600   0.098400   0.078800   0.089000   0.072800   0.080600   0.175000   0.157600   0.253200   0.420000   0.555600   0.718400   0.766000 
482   0.098600   0.098600   0.078800   0.089000   0.072800   0.080400   0.175000   0.157600   0.253400   0.420000   0.555600   0.718400   0.766000 
483   0.098600   0.098800   0.078800   0.089200   0.072800   0.080200   0.175000   0.157600   0.253600   0.420000   0.555600   0.718400   0.766000 
484   0.098600   0.098800   0.078800   0.089400   0.072800   0.080000   0.175000   0.157600   0.253800   0.420000   0.555600   0.718400   0.766000 
485   0.098600   0.099000   0.078800   0.089600   0.072800   0.079800   0.175000   0.157600   0.254000   0.420000   0.555600   0.718400   0.766000 
486   0.098600   0.099000   0.078800   0.089800   0.072800   0.079600   0.175000   0.157600   0.254200   0.420000   0.555600   0.718400   0.766000 
487   0.098600   0.099000   0.078800   0.090000   0.073000   0.079400   0.175000   0.157600   0.254400   0.420000   0.555600   0.718400   0.766000 
488   0.098600   0.099000   0.078800   0.090200   0.073000   0.079200   0.174800   0.157600   0.254400   0.420000   0.555600   0.718400   0.766000 
489   0.098600   0.099000   0.078800   0.090400   0.073000   0.079000   0.175000   0.157600   0.254400   0.420000   0.555600   0.718400   0.766000 
490   0.098600   0.099000   0.078800   0.090600   0.073000   0.078800   0.175000   0.157600   0.254400   0.420000   0.555600   0.718400   0.766000 
491   0.098600   0.099000   0.078800   0.090800   0.073000   0.078600   0.175000   0.157600   0.254400   0.420000   0.555600   0.718400   0.766000 
492   0.098600   0.099000   0.078800   0.091000   0.073000   0.078600   0.175000   0.157600   0.254400   0.420000   0.555600   0.718400   0.766000 
493   0.098600   0.099000   0.078800   0.091200   0.073000   0.078600   0.175000   0.157600   0.254400   0.420000   0.555600   0.718400   0.766000 
494   0.098600   0.099000   0.078800   0.091400   0.073000   0.078600   0.175000   0.157600   0.254400   0.420000   0.555600   0.718400   0.766000 
495   0.098600   0.099000   0.078800   0.091600   0.073000   0.078600   0.174800   0.157600   0.254400   0.420000   0.555600   0.718400   0.766000 
496   0.098600   0.099000   0.078800   0.091800   0.073000   0.078600   0.174600   0.157600   0.254400   0.420000   0.555600   0.718400   0.766000 
497   0.098400   0.099000   0.078800   0.091800   0.073000   0.078600   0.174600   0.157600   0.254400   0.420000   0.555600   0.718400   0.766000 
498   0.098400   0.099000   0.078800   0.091800   0.073000   0.078600   0.174600   0.157600   0.254400   0.420000   0.555600   0.718400   0.766000 
499   0.098400   0.099000   0.078800   0.091800   0.073000   0.078600   0.174600   0.157600   0.254400   0.420000   0.555600   0.718400   0.766000 
