0   0.323994
1   0.108154
2   0.091316
3   0.076880
4   0.063696
5   0.053238
6   0.044666
7   0.036844
8   0.032346
9   0.024146
10   0.021712
11   0.017334
12   0.013578
13   0.011712
14   0.008100
15   0.007798
16   0.005558
17   0.004346
18   0.002676
19   0.000680
20   0.001098
21   0.001178
22  -0.001320
23  -0.000322
24  -0.000934
25  -0.000822
26  -0.002514
27  -0.001748
28  -0.000308
29   0.001666
30   0.000240
31  -0.001460
32   0.000242
33   0.001568
34  -0.000424
35  -0.000116
36   0.001026
37   0.002584
38   0.001852
39   0.001258
40   0.001550
41   0.001156
42   0.001462
43   0.001002
44   0.000494
45   0.002522
46   0.001328
47   0.000258
48  -0.002300
49  -0.001558
50   0.000290
51  -0.000330
52  -0.001310
53   0.000746
54  -0.000456
55   0.001448
56  -0.000058
57   0.001556
58  -0.001008
59  -0.000842
60  -0.000960
61  -0.001740
62  -0.001584
63  -0.001242
64  -0.000302
65   0.001510
66   0.002434
67   0.000538
68  -0.001304
69  -0.001188
70  -0.000018
71  -0.000898
72   0.001896
73   0.001858
74  -0.001136
75  -0.000564
76   0.000014
77  -0.000700
78  -0.001244
79  -0.001934
80  -0.001366
81  -0.002142
82  -0.003124
83  -0.001396
84  -0.002494
85  -0.001638
86  -0.003320
87  -0.001266
88  -0.001740
89  -0.000190
90   0.000688
91  -0.000484
92   0.001130
93   0.000482
94   0.002432
95   0.001902
96   0.002130
97   0.003926
98   0.004216
99   0.002488
100   0.003122
101   0.003384
102   0.000682
103   0.002832
104   0.000774
105   0.000174
106   0.000188
107  -0.000302
108  -0.000348
109  -0.000746
110   0.001218
111   0.001972
112   0.001138
113   0.001170
114  -0.000568
115   0.001106
116   0.000692
117   0.000612
118  -0.000002
119   0.001836
120   0.002100
121   0.000134
122   0.001088
123  -0.000294
124   0.000810
125   0.000886
126   0.001784
127   0.001500
128   0.000982
129  -0.000520
130   0.002414
131   0.001798
132   0.000716
133  -0.000404
134   0.001178
135  -0.000518
136   0.001326
137   0.000324
138   0.001216
139   0.000856
140   0.002320
141   0.000328
142   0.001990
143  -0.000406
144  -0.000406
145   0.000008
146   0.000076
147  -0.001462
148  -0.000398
149  -0.000442
150  -0.000812
151  -0.000292
152  -0.001638
153  -0.000648
154  -0.000084
155  -0.001572
156  -0.002904
157  -0.000928
158  -0.001888
159   0.000520
160  -0.002140
161   0.000446
162   0.000648
163  -0.000448
164  -0.001218
165  -0.002338
166  -0.003134
167  -0.003656
168  -0.002382
169  -0.003622
170  -0.003446
171  -0.002746
172  -0.002212
173  -0.001894
174  -0.001474
175  -0.002168
176  -0.002870
177  -0.004696
178  -0.002942
179  -0.000500
180  -0.004072
181  -0.001902
182  -0.004364
183  -0.003864
184  -0.000904
185  -0.000024
186  -0.000868
187  -0.002946
188  -0.001996
189  -0.002106
190  -0.000622
191  -0.001054
192  -0.001680
193  -0.002142
194  -0.003572
195  -0.002634
196  -0.000670
197  -0.001556
198  -0.003288
199  -0.001450
200  -0.003240
201  -0.003032
202  -0.004190
203  -0.003522
204  -0.003150
205  -0.000966
206  -0.001562
207  -0.001214
208  -0.001204
209  -0.000814
210   0.000250
211  -0.002262
212  -0.001066
213  -0.001006
214  -0.000060
215  -0.001904
216  -0.000752
217  -0.000878
218  -0.001394
219  -0.001258
220  -0.001540
221  -0.003334
222  -0.002730
223  -0.002412
224  -0.000834
225  -0.001378
226  -0.001230
227  -0.002588
228  -0.002260
229   0.000132
230  -0.000218
231  -0.001226
232  -0.000696
233  -0.000598
234   0.001598
235   0.000218
236   0.003116
237   0.001336
238   0.001356
239   0.002060
240   0.001752
241  -0.000378
242   0.000314
243   0.001628
244   0.003742
245   0.000564
246  -0.001176
247  -0.001112
248  -0.001228
249  -0.001588
250  -0.000994
251  -0.001284
252  -0.002004
253  -0.000152
254  -0.001148
255  -0.001200
256   0.000728
257   0.000238
258   0.001338
259   0.000308
260   0.001898
261   0.002360
262   0.002994
263   0.003422
264   0.001962
265   0.000726
266   0.002228
267  -0.000180
268   0.000908
269   0.000150
270   0.000618
271  -0.001224
272   0.000230
273   0.000042
274   0.000108
275  -0.000306
276   0.002538
277   0.001508
278  -0.000402
279  -0.000116
280  -0.000622
281   0.002428
282  -0.000884
283   0.000486
284   0.001530
285  -0.000474
286   0.000868
287   0.000086
288  -0.000816
289  -0.001780
290  -0.001690
291  -0.000152
292  -0.001820
293  -0.002340
294  -0.000174
295  -0.001860
296  -0.000356
297  -0.000300
298  -0.001156
299  -0.000800
300  -0.001774
301   0.000096
302   0.000132
303  -0.000310
304  -0.001804
305  -0.000662
306  -0.001146
307   0.001142
308  -0.001084
309  -0.000124
310   0.000030
311  -0.001044
312  -0.000554
313  -0.002362
314  -0.001288
315  -0.002508
316  -0.003472
317  -0.001512
318  -0.003388
319  -0.001182
320  -0.002326
321  -0.004368
322  -0.003426
323  -0.003898
324  -0.003778
325  -0.003408
326  -0.002590
327  -0.001860
328  -0.000786
329   0.000014
330   0.000090
331   0.000320
332  -0.001084
333   0.000290
334  -0.001522
335   0.000320
336   0.000590
337   0.000978
338   0.001930
339  -0.001598
340   0.000362
341   0.000994
342  -0.000610
343   0.000678
344   0.001364
345   0.001580
346   0.001202
347   0.000440
348   0.001738
349   0.001930
350   0.002454
351   0.001322
352   0.002734
353   0.001660
354   0.000738
355  -0.001634
356  -0.001084
357  -0.000766
358  -0.000680
359   0.001106
360  -0.002696
361  -0.000286
362  -0.000446
363  -0.000170
364  -0.000250
365  -0.000548
366  -0.000588
367  -0.000488
368  -0.001880
369   0.000306
370   0.000082
371  -0.001640
372  -0.000050
373  -0.000446
374   0.000170
375   0.000088
376  -0.000738
377  -0.002072
378  -0.001054
379  -0.003156
380  -0.001214
381  -0.000120
382   0.002024
383   0.000276
384  -0.001688
385  -0.000238
386  -0.001086
387  -0.003062
388  -0.001264
389   0.000122
390  -0.001260
391  -0.001280
392  -0.002236
393  -0.001696
394  -0.001454
395  -0.002526
396   0.000120
397  -0.001284
398  -0.001928
399  -0.001676
400  -0.003290
401  -0.001954
402  -0.000614
403  -0.000876
404  -0.002236
405  -0.001062
406  -0.003176
407  -0.000804
408   0.000348
409   0.000048
410  -0.000540
411  -0.001524
412   0.000772
413   0.001506
414   0.001534
415   0.002888
416   0.001732
417   0.001802
418   0.000806
419   0.000748
420   0.000574
421   0.000300
422   0.001200
423   0.001206
424  -0.000326
425  -0.000254
426   0.000074
427   0.001094
428  -0.001938
429  -0.002956
430  -0.001148
431  -0.000982
432  -0.001014
433  -0.002468
434  -0.000926
435  -0.000754
436  -0.000402
437  -0.000106
438  -0.001150
439  -0.001806
440  -0.001996
441  -0.002134
442  -0.002586
443  -0.001060
444  -0.000682
445  -0.004050
446  -0.001402
447  -0.002910
448  -0.002178
449  -0.003428
450  -0.001332
451   0.001448
452  -0.000132
453  -0.001148
454  -0.001810
455  -0.001562
456  -0.000562
457   0.000706
458   0.000888
459   0.001698
460  -0.000034
461   0.001742
462   0.001016
463  -0.000320
464  -0.000788
465  -0.000710
466   0.000708
467   0.000236
468  -0.000638
469  -0.001532
470  -0.000772
471  -0.003192
472   0.000038
473   0.000098
474   0.000460
475   0.003126
476   0.001642
477   0.000220
478   0.001936
479   0.002926
480   0.003508
481   0.001318
482   0.003806
483   0.003642
484   0.002138
485   0.003710
486   0.000686
487  -0.000246
488  -0.000288
489  -0.002538
490  -0.001360
491  -0.001066
492   0.000066
493  -0.000674
494  -0.001020
495   0.001498
496  -0.002698
497  -0.002610
498  -0.000374
499  -0.001502
500  -0.001974
-499  -0.002038
-498  -0.000454
-497  -0.000418
-496   0.001070
-495  -0.000266
-494  -0.000998
-493  -0.000274
-492  -0.000648
-491   0.000056
-490  -0.000080
-489   0.000506
-488  -0.001606
-487  -0.001214
-486  -0.002114
-485  -0.001392
-484  -0.000716
-483  -0.000970
-482  -0.001396
-481  -0.002230
-480  -0.000512
-479  -0.000038
-478  -0.000818
-477  -0.000232
-476   0.000038
-475  -0.000572
-474  -0.000152
-473   0.000258
-472   0.001312
-471   0.001654
-470   0.002160
-469   0.001390
-468   0.001124
-467   0.002696
-466   0.000860
-465   0.000714
-464   0.000934
-463   0.001014
-462   0.002702
-461   0.000128
-460   0.003140
-459   0.001736
-458   0.000616
-457   0.001912
-456  -0.000256
-455   0.001364
-454  -0.001076
-453   0.000702
-452  -0.001382
-451  -0.000134
-450  -0.000564
-449  -0.000360
-448  -0.001572
-447   0.000698
-446  -0.000742
-445  -0.000380
-444  -0.000190
-443   0.000220
-442  -0.000300
-441   0.002082
-440  -0.001624
-439   0.000890
-438  -0.000346
-437   0.000958
-436   0.000188
-435   0.000002
-434  -0.002600
-433   0.000208
-432  -0.000294
-431   0.000200
-430   0.001292
-429   0.000976
-428   0.000172
-427   0.000768
-426  -0.000412
-425   0.000278
-424  -0.000886
-423  -0.000512
-422  -0.000898
-421   0.001368
-420   0.000630
-419  -0.000808
-418  -0.000876
-417  -0.000030
-416   0.000398
-415  -0.001972
-414  -0.002038
-413  -0.003180
-412  -0.003582
-411  -0.001342
-410  -0.003008
-409   0.000324
-408   0.001042
-407   0.001130
-406   0.001556
-405   0.000550
-404   0.000754
-403   0.001168
-402   0.002120
-401  -0.000820
-400   0.000496
-399   0.001072
-398   0.000176
-397  -0.000344
-396   0.000870
-395   0.001974
-394   0.001966
-393   0.002288
-392   0.001880
-391   0.001582
-390   0.000646
-389   0.000340
-388   0.000756
-387  -0.001080
-386   0.001044
-385   0.000814
-384   0.000346
-383   0.001130
-382  -0.000298
-381   0.000940
-380  -0.000900
-379  -0.000232
-378  -0.000484
-377   0.000620
-376  -0.000730
-375  -0.001058
-374  -0.000646
-373  -0.000814
-372  -0.000126
-371  -0.000996
-370  -0.000536
-369  -0.000944
-368   0.002168
-367  -0.000808
-366  -0.003284
-365  -0.001980
-364  -0.002804
-363  -0.001962
-362  -0.000400
-361   0.000610
-360  -0.000364
-359   0.001556
-358   0.000290
-357   0.001094
-356   0.002022
-355   0.000006
-354  -0.000330
-353   0.001090
-352  -0.000456
-351   0.000192
-350  -0.000352
-349   0.000126
-348  -0.000926
-347  -0.000404
-346  -0.001932
-345  -0.000508
-344  -0.000082
-343  -0.000522
-342  -0.001204
-341  -0.002134
-340  -0.001796
-339   0.000652
-338  -0.002730
-337  -0.000286
-336  -0.001438
-335  -0.000898
-334  -0.001962
-333  -0.001614
-332  -0.001850
-331  -0.001740
-330  -0.001452
-329  -0.000962
-328   0.001162
-327   0.000052
-326   0.000060
-325   0.001984
-324   0.003312
-323   0.001500
-322   0.002816
-321   0.001900
-320   0.003862
-319   0.003048
-318   0.001974
-317   0.003236
-316   0.001890
-315   0.003024
-314   0.002676
-313   0.003878
-312   0.004074
-311   0.004062
-310   0.002622
-309  -0.000056
-308  -0.000678
-307  -0.000308
-306   0.001740
-305   0.000752
-304   0.001884
-303   0.000210
-302   0.001628
-301  -0.001172
-300  -0.001198
-299  -0.001534
-298   0.000018
-297  -0.001534
-296  -0.001996
-295  -0.000842
-294  -0.001742
-293  -0.003840
-292  -0.001592
-291  -0.000178
-290  -0.001178
-289  -0.001282
-288  -0.000586
-287  -0.000488
-286   0.001760
-285   0.001684
-284   0.002612
-283   0.001932
-282   0.003266
-281   0.002418
-280   0.003250
-279   0.002942
-278   0.003202
-277   0.002174
-276   0.003802
-275   0.002704
-274   0.003052
-273   0.001224
-272   0.001902
-271   0.003058
-270   0.001010
-269  -0.001280
-268  -0.001696
-267  -0.000484
-266  -0.002064
-265   0.001052
-264  -0.001376
-263  -0.001076
-262  -0.000258
-261  -0.002120
-260  -0.000628
-259   0.000006
-258   0.000302
-257   0.001034
-256  -0.001842
-255   0.000362
-254  -0.002466
-253  -0.002564
-252  -0.002570
-251  -0.001068
-250  -0.002962
-249  -0.002032
-248  -0.001506
-247  -0.002148
-246  -0.002012
-245  -0.001276
-244  -0.002522
-243  -0.002244
-242  -0.001176
-241  -0.002366
-240  -0.002672
-239  -0.001572
-238  -0.000500
-237   0.000398
-236  -0.000794
-235  -0.001136
-234  -0.000676
-233   0.000008
-232  -0.000296
-231   0.001118
-230   0.000770
-229   0.002482
-228   0.002064
-227   0.001700
-226   0.001706
-225   0.002526
-224   0.001674
-223   0.001982
-222  -0.001308
-221  -0.000564
-220   0.000392
-219  -0.000190
-218   0.000918
-217   0.002080
-216   0.000364
-215   0.001230
-214   0.001250
-213   0.001718
-212   0.002364
-211   0.000696
-210   0.000596
-209  -0.001410
-208  -0.000932
-207   0.000908
-206  -0.000450
-205   0.001562
-204  -0.000046
-203   0.002144
-202   0.001952
-201  -0.000124
-200   0.002974
-199   0.002660
-198   0.002248
-197  -0.000300
-196   0.000822
-195  -0.000508
-194  -0.001864
-193  -0.000756
-192  -0.001866
-191  -0.002800
-190  -0.001818
-189  -0.002552
-188  -0.001872
-187  -0.000548
-186   0.000386
-185   0.000440
-184   0.000364
-183  -0.001224
-182   0.000220
-181  -0.001798
-180  -0.001276
-179  -0.000108
-178   0.000474
-177   0.000170
-176   0.000118
-175   0.001418
-174   0.001824
-173  -0.000178
-172   0.001306
-171  -0.000286
-170  -0.000016
-169   0.001326
-168  -0.001120
-167  -0.000994
-166   0.000810
-165   0.003046
-164   0.002836
-163   0.001822
-162   0.002972
-161   0.001306
-160   0.003728
-159   0.004188
-158   0.003184
-157   0.003344
-156   0.002430
-155   0.001002
-154   0.000294
-153   0.001426
-152   0.002426
-151   0.002670
-150   0.004506
-149   0.002824
-148   0.004168
-147   0.004474
-146   0.002566
-145   0.000704
-144   0.002032
-143   0.002090
-142   0.000874
-141   0.000866
-140   0.000858
-139   0.000556
-138   0.001562
-137   0.000668
-136  -0.001068
-135   0.000564
-134   0.001440
-133   0.000376
-132   0.001576
-131   0.001346
-130   0.002136
-129   0.000348
-128   0.000122
-127   0.000950
-126   0.002096
-125   0.001614
-124   0.002778
-123   0.002722
-122   0.001268
-121   0.002826
-120   0.001506
-119   0.001588
-118   0.000668
-117   0.002344
-116   0.001888
-115  -0.000822
-114   0.001620
-113   0.000538
-112   0.000744
-111   0.000562
-110  -0.003320
-109  -0.001962
-108  -0.000824
-107  -0.001598
-106  -0.000194
-105  -0.002512
-104  -0.000860
-103  -0.001728
-102  -0.000728
-101  -0.000898
-100  -0.000198
-99  -0.000398
-98  -0.000694
-97   0.000472
-96   0.001310
-95  -0.000350
-94   0.000650
-93  -0.000078
-92  -0.001564
-91  -0.001766
-90  -0.001408
-89  -0.001786
-88  -0.002854
-87  -0.000810
-86  -0.002380
-85  -0.001188
-84  -0.001258
-83  -0.002582
-82  -0.000426
-81  -0.001136
-80  -0.005316
-79  -0.001806
-78  -0.003146
-77  -0.003982
-76  -0.004842
-75  -0.005278
-74  -0.004044
-73  -0.005150
-72  -0.002456
-71  -0.003656
-70  -0.002248
-69  -0.004002
-68  -0.002642
-67  -0.000978
-66  -0.001682
-65   0.001722
-64   0.000606
-63  -0.000104
-62   0.000304
-61  -0.000040
-60  -0.001432
-59  -0.000616
-58  -0.000322
-57  -0.000054
-56  -0.001920
-55  -0.001590
-54  -0.001388
-53  -0.001476
-52  -0.001890
-51  -0.002338
-50  -0.001834
-49   0.001140
-48   0.000308
-47   0.001294
-46   0.000032
-45  -0.000504
-44   0.001348
-43   0.000446
-42  -0.001068
-41   0.000626
-40   0.000294
-39   0.001262
-38   0.001968
-37   0.000878
-36   0.001052
-35   0.000792
-34   0.001890
-33   0.002258
-32   0.001436
-31  -0.000714
-30  -0.000702
-29   0.000330
-28   0.001082
-27   0.000634
-26   0.002356
-25   0.003172
-24   0.002364
-23   0.004110
-22   0.005098
-21   0.005718
-20   0.006398
-19   0.006534
-18   0.008056
-17   0.007636
-16   0.007194
-15   0.009548
-14   0.009876
-13   0.011834
-12   0.013452
-11   0.017430
-10   0.021248
-9   0.028172
-8   0.032844
-7   0.038786
-6   0.046926
-5   0.054486
-4   0.065288
-3   0.076012
-2   0.091858
-1   0.109872
