r MCS_10 MCS_20 MCS_40 MCS_80 MCS_160 MCS_320 MCS_640 MCS_1280 MCS_2560 MCS_5120 MCS_10240 MCS_20480 MCS_40960 
0   1.000000   1.000000   1.000000   1.000000   1.000000   1.000000   1.000000   1.000000   1.000000   1.000000   1.000000   1.000000   1.000000 
1   0.906000   0.907800   0.902800   0.900000   0.904400   0.900600   0.903000   0.901200   0.909200   0.903600   0.900000   0.905600   0.895800 
2   0.858400   0.859600   0.851600   0.852200   0.855400   0.851400   0.852000   0.857000   0.862200   0.852800   0.853000   0.857400   0.847200 
3   0.813000   0.817800   0.807200   0.807000   0.809800   0.806200   0.808800   0.813400   0.816000   0.807200   0.808600   0.812200   0.800000 
4   0.773000   0.777000   0.767400   0.764000   0.768000   0.764400   0.768000   0.770000   0.771800   0.764200   0.767800   0.769200   0.757600 
5   0.736400   0.737600   0.728000   0.723200   0.726600   0.723000   0.726200   0.728200   0.731600   0.723000   0.728200   0.727400   0.715200 
6   0.701400   0.701800   0.690400   0.682800   0.689000   0.684200   0.686400   0.690000   0.692000   0.683800   0.690000   0.690800   0.674000 
7   0.666800   0.666400   0.654600   0.646800   0.653000   0.649200   0.649400   0.652400   0.655000   0.649400   0.655000   0.654600   0.636600 
8   0.634400   0.632200   0.620600   0.611200   0.616800   0.613400   0.614600   0.617200   0.619800   0.615800   0.620400   0.618400   0.601400 
9   0.603400   0.599800   0.588000   0.578800   0.583800   0.581000   0.581200   0.582600   0.585000   0.585600   0.587600   0.583400   0.565000 
10   0.577400   0.568200   0.557400   0.546800   0.552400   0.549600   0.550600   0.550200   0.553400   0.553200   0.554800   0.552000   0.533200 
11   0.549600   0.537600   0.528200   0.516400   0.523800   0.519800   0.521000   0.519800   0.523000   0.523400   0.527600   0.522000   0.501200 
12   0.521600   0.508400   0.498000   0.487800   0.494200   0.491600   0.494600   0.491800   0.493600   0.495200   0.500800   0.494200   0.471200 
13   0.496200   0.479200   0.467800   0.459600   0.467400   0.468200   0.466600   0.466600   0.465800   0.470600   0.473000   0.467200   0.441200 
14   0.471600   0.452600   0.439600   0.433800   0.441200   0.444800   0.442200   0.439800   0.437800   0.444800   0.449600   0.441400   0.414600 
15   0.445800   0.427000   0.412600   0.408000   0.419600   0.421000   0.420000   0.413600   0.411600   0.419200   0.426600   0.414800   0.389000 
16   0.421400   0.402400   0.387800   0.386000   0.398400   0.398800   0.397800   0.392000   0.387200   0.395600   0.405600   0.390200   0.365200 
17   0.399200   0.379200   0.363200   0.364400   0.377000   0.379600   0.377400   0.371400   0.362000   0.375000   0.384000   0.364800   0.339600 
18   0.376200   0.358600   0.341800   0.345400   0.356600   0.358200   0.358800   0.352400   0.339800   0.356000   0.365200   0.343600   0.318600 
19   0.356200   0.339400   0.321400   0.327400   0.337200   0.337600   0.340600   0.333600   0.317800   0.337800   0.347400   0.321800   0.299400 
20   0.335800   0.319600   0.302200   0.311400   0.320200   0.321000   0.323600   0.316400   0.298200   0.322200   0.331400   0.302200   0.281000 
21   0.316600   0.299800   0.282200   0.296000   0.302400   0.304600   0.307200   0.299400   0.280600   0.307000   0.314200   0.283200   0.263600 
22   0.298200   0.280600   0.264800   0.280000   0.285600   0.290400   0.290800   0.284600   0.264800   0.291600   0.299800   0.265200   0.245400 
23   0.282200   0.262200   0.247400   0.266800   0.269200   0.274800   0.275800   0.268800   0.247200   0.276000   0.284600   0.248600   0.229400 
24   0.266200   0.245200   0.231800   0.252400   0.252600   0.260400   0.260400   0.255400   0.230800   0.262600   0.269400   0.231600   0.215800 
25   0.251200   0.229800   0.215600   0.239200   0.238000   0.249200   0.247200   0.242400   0.215600   0.248800   0.255800   0.218400   0.202600 
26   0.235600   0.215800   0.200000   0.226200   0.225400   0.237400   0.233000   0.230800   0.201800   0.235600   0.242800   0.202200   0.189200 
27   0.222600   0.200400   0.186400   0.213200   0.213200   0.227200   0.220800   0.220600   0.187800   0.224200   0.232400   0.188000   0.177200 
28   0.208400   0.186000   0.172400   0.201400   0.199200   0.215800   0.208800   0.210400   0.176000   0.213000   0.222200   0.173800   0.165400 
29   0.194800   0.172000   0.160400   0.190600   0.187800   0.204600   0.199600   0.200600   0.165200   0.202200   0.210400   0.161200   0.154600 
30   0.181400   0.160800   0.147400   0.179000   0.179200   0.192800   0.189000   0.191400   0.156600   0.193000   0.200400   0.147800   0.142400 
31   0.169200   0.149200   0.134800   0.168800   0.170200   0.181400   0.178400   0.181800   0.148400   0.185800   0.192400   0.134600   0.131800 
32   0.157000   0.137400   0.122800   0.160200   0.162000   0.169800   0.166400   0.173200   0.142400   0.176000   0.181600   0.120600   0.122400 
33   0.146000   0.128200   0.114200   0.151200   0.155800   0.159000   0.154800   0.162400   0.135200   0.168200   0.172400   0.109400   0.113400 
34   0.136400   0.121200   0.103800   0.141800   0.148600   0.148600   0.145200   0.151600   0.129400   0.160400   0.163000   0.098000   0.103600 
35   0.128400   0.114600   0.094600   0.134400   0.142800   0.140000   0.137000   0.141600   0.123400   0.152200   0.156800   0.090200   0.093200 
36   0.118800   0.106400   0.088400   0.126000   0.137400   0.131600   0.126800   0.134800   0.118000   0.143200   0.149200   0.082200   0.086400 
37   0.111000   0.098000   0.081000   0.121000   0.132000   0.123800   0.119600   0.126400   0.112800   0.138000   0.142600   0.074200   0.079800 
38   0.103200   0.090000   0.073800   0.115000   0.126400   0.116800   0.112600   0.120200   0.106600   0.129800   0.135800   0.068400   0.073200 
39   0.096400   0.081600   0.068600   0.111200   0.121200   0.112000   0.101600   0.112600   0.102200   0.120200   0.129400   0.061000   0.066200 
40   0.089000   0.074600   0.063200   0.108200   0.113400   0.105600   0.092600   0.106800   0.097600   0.111200   0.125000   0.058000   0.059200 
41   0.078400   0.069200   0.058000   0.105000   0.107600   0.100000   0.087200   0.101600   0.095400   0.102400   0.121000   0.052800   0.055000 
42   0.071800   0.064600   0.052800   0.104200   0.101200   0.095600   0.079200   0.096000   0.091400   0.096800   0.117200   0.049400   0.047800 
43   0.066000   0.059400   0.049800   0.101600   0.093400   0.090200   0.073800   0.090400   0.089200   0.089400   0.113400   0.045000   0.042400 
44   0.061400   0.055400   0.045800   0.099600   0.085800   0.086400   0.070800   0.084600   0.087200   0.083600   0.108800   0.040000   0.037000 
45   0.053000   0.051200   0.043600   0.097400   0.078400   0.082200   0.068800   0.077800   0.083400   0.076000   0.104800   0.035800   0.030000 
46   0.047400   0.045800   0.041600   0.095600   0.072200   0.077600   0.066000   0.073600   0.078800   0.069600   0.100800   0.030800   0.021400 
47   0.043800   0.040200   0.039400   0.094600   0.064600   0.074600   0.064000   0.069600   0.077600   0.062600   0.098200   0.027000   0.015200 
48   0.039800   0.036400   0.038600   0.092800   0.057400   0.069600   0.062400   0.065200   0.076000   0.057400   0.095600   0.024800   0.010000 
49   0.036200   0.031400   0.036400   0.090600   0.051000   0.066800   0.061800   0.060400   0.073800   0.050200   0.092400   0.022200   0.004800 
50   0.032400   0.030800   0.034200   0.089000   0.043000   0.064600   0.059800   0.056400   0.071800   0.047600   0.090000   0.019800   0.001000 
51   0.029800   0.027200   0.032400   0.083400   0.038600   0.060200   0.060400   0.052200   0.068800   0.044200   0.087800   0.017600  -0.006000 
52   0.027600   0.027000   0.031000   0.078400   0.033400   0.058000   0.060400   0.048400   0.066200   0.040000   0.086200   0.015200  -0.008200 
53   0.026600   0.025600   0.028600   0.076000   0.031000   0.057200   0.058600   0.043400   0.064600   0.036400   0.084000   0.012600  -0.011400 
54   0.025800   0.023200   0.026800   0.070400   0.027000   0.055800   0.058200   0.039200   0.063400   0.032800   0.082400   0.010600  -0.013000 
55   0.023200   0.020200   0.026800   0.065800   0.022200   0.053600   0.056400   0.034600   0.063600   0.029000   0.080600   0.008400  -0.014800 
56   0.021400   0.018400   0.027000   0.061800   0.019200   0.051200   0.054200   0.029200   0.063400   0.026800   0.078200   0.006400  -0.019000 
57   0.021200   0.014200   0.025600   0.057600   0.017600   0.050800   0.051400   0.023600   0.061800   0.024400   0.075400   0.006600  -0.020400 
58   0.019200   0.013400   0.025400   0.055600   0.015000   0.050200   0.048800   0.020400   0.060000   0.019800   0.071200   0.003200  -0.022600 
59   0.019000   0.011000   0.028200   0.051600   0.012200   0.051000   0.045600   0.018000   0.058000   0.018200   0.069000   0.000400  -0.025000 
60   0.019400   0.009200   0.028400   0.048000   0.012600   0.052400   0.043400   0.012600   0.057600   0.014000   0.068000  -0.001400  -0.025400 
61   0.019800   0.008600   0.027600   0.042800   0.010200   0.049800   0.039200   0.008200   0.057400   0.014200   0.063800  -0.002800  -0.026200 
62   0.019600   0.007400   0.028000   0.039400   0.011000   0.047800   0.037400   0.003400   0.056600   0.011400   0.060800  -0.006000  -0.028600 
63   0.018400   0.004200   0.026000   0.033400   0.010600   0.047200   0.035800  -0.000200   0.059000   0.009000   0.057000  -0.007000  -0.030800 
64   0.019000   0.002200   0.025600   0.027200   0.009800   0.044200   0.034400  -0.002000   0.057200   0.005000   0.053400  -0.008400  -0.033000 
65   0.020000   0.000600   0.024400   0.022800   0.011400   0.041000   0.033200  -0.006800   0.055000   0.003200   0.051200  -0.009200  -0.035000 
66   0.019800  -0.000200   0.023000   0.018600   0.012200   0.039200   0.031600  -0.009200   0.054200   0.000000   0.049200  -0.009400  -0.034800 
67   0.022000  -0.001600   0.020400   0.016600   0.013400   0.035600   0.030000  -0.014600   0.052600  -0.002600   0.049000  -0.008000  -0.033600 
68   0.022600  -0.001000   0.018400   0.014400   0.014600   0.034000   0.027400  -0.016800   0.050000  -0.003800   0.048800  -0.008800  -0.033600 
69   0.021800  -0.001800   0.016200   0.011200   0.016400   0.033400   0.026400  -0.018400   0.046800  -0.006400   0.047800  -0.008600  -0.033000 
70   0.023000  -0.004200   0.015000   0.008400   0.020000   0.030600   0.025000  -0.019600   0.042800  -0.009000   0.045000  -0.009200  -0.031800 
71   0.022600  -0.003600   0.015600   0.006800   0.021600   0.028200   0.021000  -0.020400   0.040600  -0.011000   0.043600  -0.007000  -0.032200 
72   0.024000  -0.003000   0.015400   0.005400   0.021600   0.025200   0.019000  -0.021200   0.035600  -0.011000   0.042600  -0.004200  -0.033000 
73   0.023000  -0.005000   0.012600   0.003800   0.022800   0.022600   0.018000  -0.025000   0.031800  -0.012600   0.042600  -0.000600  -0.033600 
74   0.022200  -0.005200   0.012400   0.002600   0.024000   0.020000   0.015200  -0.029200   0.028400  -0.013200   0.041200   0.002400  -0.033200 
75   0.019200  -0.005400   0.013200   0.002400   0.024600   0.016600   0.013400  -0.033000   0.024200  -0.013200   0.041000   0.005000  -0.033600 
76   0.016600  -0.008200   0.014400   0.002600   0.022000   0.015600   0.012000  -0.036400   0.021000  -0.014000   0.041200   0.007000  -0.033400 
77   0.016000  -0.008000   0.015200   0.002000   0.020600   0.012200   0.010200  -0.041200   0.018400  -0.011800   0.039400   0.010400  -0.031200 
78   0.015800  -0.008800   0.015200   0.002200   0.019000   0.010800   0.009400  -0.043200   0.016600  -0.011000   0.040600   0.013400  -0.029800 
79   0.013000  -0.010000   0.016600   0.000800   0.018600   0.010800   0.008000  -0.045400   0.014800  -0.009400   0.039000   0.016200  -0.028000 
80   0.011400  -0.011600   0.018600   0.002000   0.017600   0.010400   0.006400  -0.044000   0.013200  -0.007600   0.042000   0.018400  -0.025400 
81   0.008400  -0.012800   0.017000   0.002400   0.019800   0.010400   0.006600  -0.043200   0.011600  -0.006400   0.042000   0.020400  -0.025800 
82   0.008800  -0.013000   0.016400   0.002200   0.021200   0.011800   0.007200  -0.043600   0.010600  -0.004000   0.044600   0.022400  -0.024800 
83   0.005200  -0.012600   0.016000   0.002200   0.018800   0.009200   0.006000  -0.040800   0.009600  -0.002400   0.045600   0.025000  -0.024800 
84   0.004000  -0.013800   0.015000   0.003600   0.017600   0.007000   0.006000  -0.040000   0.008600  -0.000400   0.046000   0.024800  -0.025800 
85   0.001800  -0.015000   0.012000   0.005000   0.017400   0.005600   0.005000  -0.037000   0.008400   0.002000   0.046400   0.025000  -0.025000 
86  -0.000600  -0.016400   0.008600   0.005800   0.017400   0.003400   0.004800  -0.035200   0.009600   0.003800   0.046200   0.026400  -0.025400 
87  -0.001000  -0.015400   0.007200   0.005400   0.017200   0.002000   0.003200  -0.032400   0.010000   0.004400   0.045400   0.026800  -0.025400 
88  -0.003000  -0.014800   0.004600   0.006200   0.015600   0.000000   0.002800  -0.031600   0.009600   0.005000   0.043200   0.027200  -0.025600 
89  -0.005200  -0.014600   0.002200   0.007000   0.014000  -0.004000   0.003000  -0.030000   0.008400   0.006000   0.042000   0.028600  -0.024800 
90  -0.008000  -0.013400   0.000600   0.007200   0.012800  -0.009000   0.004000  -0.026000   0.006400   0.006000   0.040000   0.030000  -0.024600 
91  -0.008800  -0.013800  -0.003000   0.007000   0.012800  -0.013600   0.003000  -0.024800   0.004200   0.009000   0.038400   0.031200  -0.024000 
92  -0.008400  -0.014800  -0.009400   0.006800   0.015000  -0.019400   0.002800  -0.020200   0.001600   0.009600   0.035200   0.032400  -0.022000 
93  -0.008000  -0.014400  -0.014400   0.005000   0.014000  -0.023600   0.004400  -0.017000  -0.000600   0.008400   0.032000   0.034600  -0.021400 
94  -0.008200  -0.016200  -0.017600   0.004400   0.015000  -0.030200   0.004200  -0.014600  -0.001200   0.009800   0.030800   0.034600  -0.021200 
95  -0.007000  -0.015200  -0.021800   0.002800   0.016600  -0.035400   0.004000  -0.013400  -0.002200   0.009600   0.029200   0.034800  -0.022600 
96  -0.007400  -0.012800  -0.024400   0.003000   0.017400  -0.038800   0.001800  -0.013400  -0.005400   0.010000   0.028200   0.032400  -0.022800 
97  -0.005200  -0.011200  -0.025200   0.003200   0.018600  -0.042800   0.001200  -0.011400  -0.006400   0.009400   0.027800   0.029400  -0.019800 
98  -0.003400  -0.010000  -0.027600   0.002400   0.020200  -0.046200  -0.002200  -0.010800  -0.006600   0.009600   0.026600   0.027600  -0.017800 
99  -0.002200  -0.008800  -0.028800   0.001600   0.020800  -0.049600  -0.004200  -0.010600  -0.008400   0.009000   0.026600   0.028000  -0.017200 
100  -0.000200  -0.007200  -0.030400   0.001600   0.020400  -0.053800  -0.008200  -0.011200  -0.007400   0.008800   0.024800   0.025800  -0.015200 
101   0.003000  -0.006200  -0.031000   0.001000   0.022000  -0.055800  -0.012000  -0.011400  -0.006200   0.008400   0.023200   0.026600  -0.013800 
102   0.003600  -0.003600  -0.030200   0.000200   0.023200  -0.057600  -0.013200  -0.010800  -0.004000   0.007800   0.023800   0.026400  -0.013200 
103   0.004600  -0.001400  -0.032400   0.000200   0.022200  -0.060200  -0.015600  -0.012800  -0.005200   0.007200   0.023200   0.026400  -0.013400 
104   0.005200   0.002600  -0.033800  -0.000200   0.021600  -0.061000  -0.018600  -0.014600  -0.004000   0.006600   0.021600   0.027000  -0.014000 
105   0.005400   0.004000  -0.032600   0.001000   0.021600  -0.060000  -0.019200  -0.014800  -0.004400   0.007200   0.019000   0.028200  -0.015000 
106   0.004800   0.006800  -0.031200   0.000600   0.021200  -0.058400  -0.019200  -0.012400  -0.004400   0.007600   0.017800   0.029400  -0.017200 
107   0.005400   0.010200  -0.029200   0.000800   0.021200  -0.059000  -0.021000  -0.011000  -0.004600   0.008600   0.017200   0.031800  -0.019200 
108   0.007400   0.013200  -0.028400   0.001600   0.020000  -0.058200  -0.023000  -0.011000  -0.005400   0.007000   0.017000   0.033200  -0.019000 
109   0.008600   0.016000  -0.029000   0.003000   0.020000  -0.058800  -0.023800  -0.011200  -0.004200   0.007200   0.015800   0.034200  -0.018800 
110   0.009400   0.017400  -0.029800   0.002200   0.018800  -0.057400  -0.024800  -0.011000  -0.005600   0.005200   0.016800   0.034600  -0.017800 
111   0.011000   0.019800  -0.030000   0.002200   0.015200  -0.056600  -0.023600  -0.011400  -0.005000   0.002600   0.017200   0.034600  -0.016600 
112   0.012200   0.021200  -0.029000   0.001600   0.013800  -0.055800  -0.024600  -0.011600  -0.006000  -0.001000   0.017200   0.034600  -0.014800 
113   0.014600   0.024000  -0.029200  -0.000400   0.013600  -0.054200  -0.026000  -0.011800  -0.008000  -0.004800   0.017200   0.032800  -0.017400 
114   0.017400   0.024000  -0.029200  -0.002200   0.013400  -0.051400  -0.025200  -0.013400  -0.008000  -0.005800   0.016000   0.032000  -0.018000 
115   0.018000   0.023400  -0.028200  -0.003200   0.011200  -0.048000  -0.023800  -0.014000  -0.008400  -0.008200   0.017000   0.029400  -0.019600 
116   0.018600   0.022800  -0.028200  -0.004200   0.010200  -0.046600  -0.023200  -0.014800  -0.010800  -0.013800   0.017200   0.025000  -0.020000 
117   0.018600   0.024200  -0.026600  -0.003400   0.006000  -0.044400  -0.023600  -0.015800  -0.011000  -0.017800   0.018000   0.022400  -0.019000 
118   0.019600   0.025600  -0.024400  -0.004600   0.003600  -0.044400  -0.021000  -0.016600  -0.010400  -0.019200   0.016800   0.020000  -0.016200 
119   0.018600   0.025800  -0.022600  -0.005400   0.003400  -0.041000  -0.020600  -0.018400  -0.011600  -0.021600   0.016200   0.017400  -0.012400 
120   0.017800   0.026200  -0.019600  -0.005800   0.001800  -0.040400  -0.019000  -0.019400  -0.010800  -0.024000   0.016400   0.013800  -0.012200 
121   0.016000   0.026800  -0.016200  -0.004600  -0.001600  -0.038400  -0.018600  -0.017400  -0.010200  -0.025800   0.016000   0.009800  -0.010000 
122   0.015200   0.026400  -0.015000  -0.005600  -0.005400  -0.037600  -0.018200  -0.017000  -0.009600  -0.027800   0.017200   0.007200  -0.009000 
123   0.016200   0.025400  -0.014200  -0.006400  -0.008400  -0.035200  -0.017800  -0.015600  -0.007200  -0.030000   0.018200   0.004200  -0.008600 
124   0.017000   0.025800  -0.011800  -0.006200  -0.013200  -0.035800  -0.015800  -0.015600  -0.005800  -0.031200   0.019200   0.001600  -0.007800 
125   0.018800   0.026000  -0.010800  -0.011000  -0.015400  -0.034600  -0.015000  -0.017000  -0.004200  -0.035200   0.018400  -0.000800  -0.008800 
126   0.018200   0.025600  -0.009000  -0.013000  -0.017800  -0.033000  -0.013400  -0.016600  -0.003000  -0.035600   0.018400  -0.003200  -0.009400 
127   0.018200   0.023400  -0.006800  -0.016000  -0.021000  -0.034400  -0.012800  -0.017800  -0.002200  -0.037600   0.018000  -0.004000  -0.010000 
128   0.018600   0.021200  -0.006800  -0.017800  -0.020800  -0.034400  -0.010800  -0.016400  -0.000000  -0.039600   0.016800  -0.005200  -0.012000 
129   0.018600   0.020200  -0.007000  -0.019000  -0.021000  -0.034600  -0.009800  -0.015800   0.001200  -0.039200   0.016400  -0.006400  -0.012200 
130   0.017600   0.019600  -0.006400  -0.022200  -0.021000  -0.034600  -0.005600  -0.014000   0.002800  -0.039200   0.016000  -0.006800  -0.014000 
131   0.017200   0.018200  -0.007800  -0.023200  -0.020000  -0.035400  -0.004400  -0.012200   0.004400  -0.037600   0.015200  -0.007200  -0.014200 
132   0.014000   0.019800  -0.008800  -0.023800  -0.020200  -0.035400  -0.002600  -0.010200   0.002800  -0.037600   0.015400  -0.009400  -0.014600 
133   0.012000   0.018400  -0.009200  -0.023600  -0.020000  -0.035600  -0.001000  -0.007600   0.002200  -0.036000   0.014600  -0.012400  -0.017000 
134   0.010800   0.017400  -0.011400  -0.025400  -0.019000  -0.035600   0.001200  -0.004000   0.001600  -0.035400   0.013000  -0.014800  -0.018200 
135   0.007600   0.017000  -0.012000  -0.026200  -0.016000  -0.034800   0.003800  -0.002200   0.001400  -0.034400   0.014600  -0.017000  -0.018800 
136   0.005000   0.015000  -0.011800  -0.026400  -0.014200  -0.035000   0.006200   0.001000   0.000800  -0.032800   0.015000  -0.017000  -0.021000 
137   0.002800   0.012200  -0.013400  -0.026600  -0.013200  -0.034000   0.006400   0.003000   0.000600  -0.028600   0.015400  -0.016400  -0.022200 
138  -0.000200   0.012000  -0.012800  -0.026400  -0.009000  -0.031400   0.009000   0.004200   0.001800  -0.025600   0.016200  -0.017800  -0.025000 
139  -0.003000   0.012000  -0.013800  -0.027000  -0.007800  -0.028800   0.010600   0.006400   0.002800  -0.024000   0.016400  -0.018000  -0.026000 
140  -0.006600   0.011000  -0.014400  -0.025400  -0.003600  -0.028000   0.011800   0.006400   0.002000  -0.023800   0.015400  -0.019400  -0.026800 
141  -0.008400   0.010200  -0.014800  -0.022800   0.000400  -0.025400   0.010000   0.008600   0.002000  -0.022800   0.015800  -0.019400  -0.028400 
142  -0.009000   0.009600  -0.014400  -0.019200   0.003400  -0.024000   0.012000   0.010800   0.003000  -0.023200   0.018200  -0.022000  -0.027000 
143  -0.011200   0.008400  -0.014000  -0.016800   0.005400  -0.024600   0.016000   0.010400   0.002000  -0.022800   0.020400  -0.024200  -0.026000 
144  -0.012000   0.008200  -0.012400  -0.012800   0.008400  -0.024000   0.018800   0.013400   0.001000  -0.021000   0.024000  -0.027800  -0.024800 
145  -0.014800   0.007800  -0.009600  -0.010400   0.009800  -0.022000   0.021400   0.015800  -0.000000  -0.020600   0.025800  -0.030200  -0.024200 
146  -0.016000   0.006800  -0.008000  -0.007600   0.012600  -0.020200   0.024600   0.015600  -0.001400  -0.020000   0.025200  -0.032200  -0.024200 
147  -0.017800   0.006200  -0.007600  -0.005200   0.013800  -0.018200   0.026800   0.016400  -0.004400  -0.019200   0.026000  -0.035800  -0.023400 
148  -0.017600   0.005400  -0.005400  -0.004800   0.015800  -0.015600   0.029000   0.015400  -0.006200  -0.020200   0.027000  -0.035600  -0.022200 
149  -0.015800   0.006000  -0.003200  -0.003800   0.016400  -0.013600   0.030000   0.017000  -0.007600  -0.024000   0.028600  -0.036200  -0.021400 
150  -0.015200   0.004600   0.000600  -0.001800   0.019200  -0.013200   0.029800   0.019000  -0.010200  -0.026200   0.031800  -0.036600  -0.021200 
151  -0.014000   0.004000   0.002400   0.000200   0.019800  -0.012400   0.028400   0.017800  -0.010800  -0.027200   0.030000  -0.037800  -0.019000 
152  -0.014600   0.005000   0.005200   0.002200   0.021200  -0.011000   0.029800   0.019600  -0.013800  -0.028800   0.030600  -0.038400  -0.015600 
153  -0.014600   0.004200   0.006400   0.005000   0.023000  -0.009600   0.030400   0.022600  -0.017000  -0.030400   0.031400  -0.037800  -0.012000 
154  -0.014600   0.004600   0.008400   0.007000   0.026400  -0.007600   0.030800   0.023200  -0.020400  -0.032000   0.029600  -0.036200  -0.008000 
155  -0.015600   0.004800   0.009000   0.009200   0.028600  -0.007600   0.029600   0.023000  -0.025200  -0.030600   0.029600  -0.036600  -0.003600 
156  -0.019200   0.004800   0.010800   0.011200   0.032000  -0.006200   0.028400   0.023600  -0.030000  -0.030200   0.029400  -0.034600   0.000400 
157  -0.020000   0.004800   0.014800   0.011000   0.031800  -0.003800   0.028200   0.024200  -0.034200  -0.030800   0.029000  -0.031800   0.004000 
158  -0.022000   0.008000   0.017200   0.011400   0.035400  -0.001200   0.027600   0.025600  -0.037800  -0.030600   0.029600  -0.030400   0.007800 
159  -0.023400   0.008200   0.018400   0.012600   0.037800   0.002800   0.027200   0.025600  -0.041400  -0.030000   0.029000  -0.027200   0.011400 
160  -0.022200   0.010400   0.021000   0.013000   0.042200   0.003400   0.025800   0.028200  -0.045000  -0.030000   0.026600  -0.024600   0.015800 
161  -0.020800   0.009400   0.022600   0.014000   0.044800   0.005600   0.025600   0.028600  -0.048800  -0.030400   0.027200  -0.022600   0.019200 
162  -0.019600   0.008800   0.022600   0.014600   0.047600   0.005800   0.022800   0.031200  -0.052400  -0.031600   0.024600  -0.020400   0.025000 
163  -0.020000   0.009200   0.021800   0.015600   0.051400   0.006200   0.021800   0.033200  -0.057800  -0.032400   0.022600  -0.017800   0.027400 
164  -0.018600   0.008600   0.020000   0.016400   0.053400   0.009000   0.020400   0.037800  -0.059600  -0.034200   0.022600  -0.015600   0.031800 
165  -0.018000   0.009000   0.016600   0.017600   0.055600   0.009600   0.017800   0.041600  -0.063000  -0.036200   0.023200  -0.013800   0.035400 
166  -0.016200   0.007800   0.015800   0.019400   0.059400   0.008800   0.014600   0.043400  -0.065400  -0.038200   0.024000  -0.012800   0.039800 
167  -0.012800   0.009800   0.013200   0.018800   0.063000   0.009400   0.012800   0.044400  -0.068000  -0.041000   0.024000  -0.013800   0.042000 
168  -0.012600   0.008800   0.011000   0.018600   0.064400   0.007600   0.011000   0.046600  -0.069600  -0.042000   0.022200  -0.013200   0.047800 
169  -0.010600   0.006400   0.009800   0.019000   0.066400   0.006200   0.010000   0.048000  -0.071000  -0.042000   0.021600  -0.014800   0.052200 
170  -0.009800   0.004800   0.009400   0.018600   0.069400   0.005200   0.009000   0.048000  -0.071400  -0.039800   0.020000  -0.016000   0.055800 
171  -0.009600   0.004800   0.009000   0.017000   0.071800   0.003600   0.008600   0.048600  -0.071800  -0.037800   0.023200  -0.017200   0.059000 
172  -0.009800   0.002200   0.005800   0.014000   0.076200   0.001800   0.007000   0.048400  -0.071600  -0.035000   0.024200  -0.018200   0.062400 
173  -0.009800  -0.001400   0.004000   0.012200   0.079200  -0.000800   0.005000   0.048600  -0.071600  -0.033600   0.025600  -0.021200   0.063800 
174  -0.009800  -0.004200   0.002200   0.010600   0.081200  -0.000400   0.004000   0.047200  -0.071600  -0.033800   0.025000  -0.023200   0.068400 
175  -0.008800  -0.006600   0.001600   0.011000   0.080800  -0.001400   0.005200   0.046400  -0.070600  -0.032800   0.027800  -0.023800   0.068800 
176  -0.009000  -0.010000  -0.001600   0.010800   0.083800  -0.002600   0.002200   0.046000  -0.069600  -0.031800   0.029600  -0.025400   0.069400 
177  -0.008400  -0.012400  -0.004400   0.009400   0.086000  -0.003000  -0.000400   0.047200  -0.071200  -0.030600   0.031400  -0.026400   0.070000 
178  -0.008400  -0.014600  -0.007000   0.008400   0.088000  -0.002600  -0.002800   0.046400  -0.070800  -0.029200   0.031600  -0.029400   0.072600 
179  -0.007600  -0.016600  -0.010200   0.008600   0.089000  -0.002600  -0.005000   0.046200  -0.071600  -0.028200   0.032200  -0.030800   0.073400 
180  -0.008200  -0.016800  -0.013600   0.008600   0.088600  -0.002000  -0.008200   0.047000  -0.071400  -0.025400   0.033400  -0.032600   0.074400 
181  -0.010200  -0.018600  -0.016600   0.007600   0.088000   0.000400  -0.009400   0.046800  -0.073000  -0.024200   0.033800  -0.032000   0.074000 
182  -0.013600  -0.019400  -0.019800   0.005400   0.087200   0.003400  -0.013000   0.048600  -0.071000  -0.023200   0.030800  -0.033600   0.074000 
183  -0.014600  -0.021000  -0.022000   0.005200   0.087000   0.006200  -0.017000   0.046600  -0.068800  -0.020400   0.030400  -0.035200   0.070800 
184  -0.017000  -0.021200  -0.023400   0.006800   0.083200   0.008000  -0.019200   0.046200  -0.069600  -0.018200   0.031600  -0.038000   0.068000 
185  -0.018400  -0.022200  -0.022600   0.007000   0.082200   0.009000  -0.025200   0.045400  -0.069800  -0.016000   0.031800  -0.041000   0.064400 
186  -0.018200  -0.023000  -0.022200   0.007800   0.081000   0.010400  -0.027600   0.045600  -0.070800  -0.015200   0.031800  -0.044800   0.061800 
187  -0.020000  -0.022400  -0.020600   0.007800   0.080600   0.012800  -0.029200   0.046000  -0.072200  -0.012200   0.031800  -0.049000   0.059800 
188  -0.020600  -0.022600  -0.020600   0.007400   0.079000   0.015000  -0.030800   0.044800  -0.070800  -0.010200   0.032600  -0.050600   0.056200 
189  -0.021000  -0.022800  -0.020200   0.005400   0.078600   0.016400  -0.032600   0.044200  -0.070400  -0.007200   0.034600  -0.051600   0.055000 
190  -0.021000  -0.025400  -0.018800   0.003000   0.076800   0.018200  -0.033800   0.044600  -0.071400  -0.002400   0.034400  -0.051000   0.054200 
191  -0.018800  -0.026800  -0.019200   0.000400   0.074000   0.021200  -0.035800   0.045200  -0.072000   0.002400   0.034000  -0.049600   0.053600 
192  -0.018000  -0.028400  -0.021400   0.000400   0.072200   0.022400  -0.037200   0.045800  -0.070000   0.004800   0.033400  -0.049600   0.054400 
193  -0.018400  -0.030400  -0.023800   0.001200   0.070000   0.023200  -0.037200   0.048200  -0.069600   0.007600   0.032800  -0.047800   0.055000 
194  -0.021000  -0.034600  -0.025800  -0.000600   0.067600   0.024600  -0.037200   0.050200  -0.069200   0.009600   0.033000  -0.047800   0.053400 
195  -0.020000  -0.037600  -0.025000  -0.000600   0.063200   0.026400  -0.037600   0.050600  -0.070400   0.011000   0.029800  -0.048000   0.053600 
196  -0.019200  -0.038800  -0.025600   0.000800   0.059400   0.028000  -0.037000   0.052800  -0.069400   0.012600   0.029000  -0.049000   0.052800 
197  -0.019000  -0.041600  -0.024600   0.001600   0.056000   0.029800  -0.036600   0.054400  -0.067800   0.013000   0.028200  -0.048200   0.053400 
198  -0.018800  -0.042600  -0.026800   0.002200   0.051000   0.031800  -0.035400   0.054800  -0.068400   0.013200   0.026400  -0.048400   0.053600 
199  -0.020400  -0.042000  -0.027200   0.002000   0.046800   0.034200  -0.035600   0.056000  -0.067400   0.015400   0.024400  -0.049800   0.052600 
200  -0.017800  -0.043200  -0.029200   0.003000   0.043200   0.036000  -0.034800   0.055000  -0.067800   0.016200   0.024600  -0.050000   0.053400 
201  -0.019200  -0.044200  -0.032000   0.004600   0.038800   0.038800  -0.034400   0.057200  -0.066800   0.016200   0.022600  -0.049200   0.053000 
202  -0.020800  -0.043800  -0.034200   0.007400   0.033600   0.039000  -0.032200   0.057000  -0.067800   0.017800   0.020800  -0.047000   0.052400 
203  -0.022200  -0.042600  -0.037200   0.010600   0.029000   0.039800  -0.030600   0.056600  -0.067600   0.019800   0.018000  -0.046200   0.050400 
204  -0.023400  -0.041800  -0.038800   0.015400   0.025600   0.041400  -0.029600   0.056000  -0.066800   0.022200   0.015600  -0.044200   0.047200 
205  -0.025000  -0.041800  -0.039800   0.018200   0.020000   0.043600  -0.028400   0.055000  -0.065400   0.023800   0.015400  -0.044000   0.046200 
206  -0.027000  -0.041600  -0.040200   0.019600   0.016000   0.045600  -0.026000   0.051800  -0.063400   0.025400   0.013400  -0.043000   0.045400 
207  -0.027400  -0.042400  -0.041600   0.019200   0.009800   0.045800  -0.025200   0.049400  -0.063000   0.026400   0.012800  -0.042600   0.045000 
208  -0.029200  -0.041600  -0.042200   0.020000   0.007200   0.046000  -0.025600   0.047600  -0.060000   0.027000   0.011000  -0.040800   0.044400 
209  -0.031000  -0.040200  -0.043600   0.020600   0.002200   0.042800  -0.025800   0.044400  -0.057200   0.027400   0.009000  -0.039000   0.045600 
210  -0.031200  -0.041000  -0.044800   0.018800  -0.002000   0.040800  -0.028200   0.040600  -0.054400   0.027600   0.006400  -0.036200   0.045800 
211  -0.031200  -0.040600  -0.045200   0.017600  -0.004800   0.040000  -0.028200   0.037200  -0.049800   0.024800   0.004800  -0.034600   0.045800 
212  -0.033000  -0.039400  -0.043200   0.017200  -0.008400   0.038800  -0.026800   0.035000  -0.044400   0.023400   0.002400  -0.035000   0.047000 
213  -0.032800  -0.037000  -0.043000   0.014400  -0.011200   0.039800  -0.027800   0.033600  -0.039800   0.024800   0.001400  -0.034000   0.045200 
214  -0.031200  -0.035600  -0.042200   0.013000  -0.012600   0.037600  -0.028800   0.032200  -0.036400   0.024200  -0.001000  -0.031800   0.044200 
215  -0.028800  -0.034800  -0.041600   0.009400  -0.015200   0.035000  -0.029800   0.031600  -0.031600   0.023400  -0.002800  -0.030200   0.045200 
216  -0.027800  -0.032800  -0.039400   0.006000  -0.017000   0.032400  -0.028600   0.030800  -0.027400   0.025200  -0.003400  -0.026800   0.046400 
217  -0.025800  -0.029600  -0.039600   0.004800  -0.019200   0.030400  -0.029200   0.029400  -0.025400   0.025600  -0.002400  -0.024600   0.044200 
218  -0.024400  -0.028600  -0.038200   0.002800  -0.020400   0.029400  -0.030200   0.027600  -0.025000   0.026600  -0.003400  -0.020400   0.042400 
219  -0.022800  -0.028200  -0.038000  -0.001400  -0.023200   0.030600  -0.032000   0.028200  -0.023200   0.029200  -0.005000  -0.019000   0.041400 
220  -0.021400  -0.028800  -0.035600  -0.003600  -0.025800   0.032400  -0.031200   0.026600  -0.021600   0.031400  -0.003200  -0.017400   0.041400 
221  -0.019400  -0.028600  -0.034400  -0.007200  -0.028600   0.033200  -0.032800   0.025400  -0.020400   0.034000  -0.001200  -0.016600   0.043400 
222  -0.018800  -0.027600  -0.030800  -0.009600  -0.031000   0.031600  -0.034200   0.027600  -0.018600   0.036600   0.001000  -0.014800   0.043800 
223  -0.016000  -0.025000  -0.028000  -0.012000  -0.031600   0.031600  -0.037400   0.027800  -0.018800   0.037800   0.000200  -0.013200   0.046200 
224  -0.016000  -0.024600  -0.028600  -0.014200  -0.035000   0.030800  -0.039800   0.027000  -0.018000   0.041400   0.001000  -0.012200   0.047400 
225  -0.014600  -0.023400  -0.028800  -0.014600  -0.035400   0.030400  -0.042200   0.027400  -0.020400   0.044400   0.001600  -0.012000   0.048600 
226  -0.011200  -0.021600  -0.029600  -0.015400  -0.036200   0.030200  -0.045000   0.027400  -0.021600   0.045800   0.003000  -0.010800   0.048200 
227  -0.009200  -0.021000  -0.029400  -0.015000  -0.036400   0.031600  -0.046800   0.029800  -0.021800   0.048800   0.005000  -0.011200   0.049200 
228  -0.008600  -0.019600  -0.029000  -0.015600  -0.037600   0.030200  -0.048600   0.030000  -0.021400   0.051800   0.007600  -0.009600   0.048000 
229  -0.007800  -0.018200  -0.028600  -0.015200  -0.036000   0.027800  -0.050200   0.033200  -0.020400   0.054000   0.008600  -0.007400   0.049400 
230  -0.007200  -0.016800  -0.028600  -0.017200  -0.035200   0.025400  -0.050800   0.034800  -0.020000   0.055400   0.010000  -0.007800   0.050600 
231  -0.004600  -0.018200  -0.028200  -0.016000  -0.036200   0.024200  -0.053000   0.036200  -0.020200   0.055600   0.009600  -0.007200   0.051000 
232  -0.003200  -0.017400  -0.026000  -0.017600  -0.036000   0.024800  -0.050400   0.039600  -0.020200   0.055400   0.013000  -0.006200   0.053200 
233  -0.005000  -0.014800  -0.025600  -0.019400  -0.035200   0.024000  -0.052000   0.040400  -0.019200   0.056600   0.014800  -0.007400   0.053800 
234  -0.006600  -0.014600  -0.026600  -0.017800  -0.035200   0.024000  -0.052400   0.043000  -0.017600   0.057000   0.017200  -0.007400   0.053800 
235  -0.008200  -0.014200  -0.027800  -0.019600  -0.033600   0.022600  -0.052600   0.043600  -0.016000   0.056600   0.018800  -0.007600   0.055400 
236  -0.008800  -0.014800  -0.028400  -0.022000  -0.033200   0.020600  -0.055200   0.046000  -0.015200   0.055400   0.018600  -0.009200   0.057000 
237  -0.008000  -0.015600  -0.032200  -0.023800  -0.033800   0.019400  -0.057600   0.045400  -0.015600   0.054200   0.018400  -0.009200   0.056400 
238  -0.008800  -0.017600  -0.034600  -0.025800  -0.034000   0.020400  -0.056200   0.046800  -0.015200   0.054600   0.018400  -0.010800   0.055800 
239  -0.009400  -0.019600  -0.037800  -0.026200  -0.036000   0.019200  -0.057600   0.046400  -0.013600   0.053000   0.019000  -0.011800   0.055200 
240  -0.011800  -0.020200  -0.039200  -0.026200  -0.036800   0.018200  -0.059400   0.045400  -0.013400   0.052600   0.018800  -0.013200   0.054400 
241  -0.014200  -0.021200  -0.041400  -0.025800  -0.036400   0.019400  -0.060000   0.045200  -0.011600   0.050200   0.018200  -0.012800   0.053200 
242  -0.015600  -0.020800  -0.043800  -0.024400  -0.035800   0.017800  -0.060800   0.044800  -0.010200   0.049600   0.016600  -0.015400   0.050400 
243  -0.018000  -0.020600  -0.046200  -0.023800  -0.036800   0.016600  -0.061400   0.043400  -0.010200   0.048600   0.017600  -0.018400   0.047800 
244  -0.020000  -0.021200  -0.049200  -0.023000  -0.038400   0.014600  -0.061600   0.042600  -0.008400   0.046800   0.018200  -0.021600   0.044200 
245  -0.022200  -0.022600  -0.052800  -0.022600  -0.038200   0.013000  -0.061800   0.043000  -0.009000   0.045600   0.019400  -0.023400   0.042000 
246  -0.024600  -0.025000  -0.054400  -0.020400  -0.038400   0.010400  -0.063000   0.041800  -0.008400   0.043800   0.019000  -0.025000   0.040400 
247  -0.028400  -0.028800  -0.056000  -0.018600  -0.040400   0.009800  -0.064400   0.041800  -0.007400   0.045200   0.017000  -0.027000   0.037200 
248  -0.031400  -0.031000  -0.057400  -0.018000  -0.041000   0.009600  -0.065200   0.038000  -0.006800   0.044200   0.017600  -0.030000   0.037200 
249  -0.034200  -0.032600  -0.056400  -0.016400  -0.041800   0.010400  -0.063800   0.036600  -0.006400   0.043000   0.015800  -0.030400   0.037400 
250  -0.037000  -0.034400  -0.055000  -0.016800  -0.040800   0.010000  -0.064000   0.036800  -0.007400   0.041200   0.016000  -0.030600   0.039000 
251  -0.038800  -0.036600  -0.054600  -0.015600  -0.039400   0.011200  -0.065000   0.035800  -0.009600   0.038400   0.016800  -0.031800   0.037800 
252  -0.040400  -0.038800  -0.053800  -0.015000  -0.036600   0.013400  -0.065200   0.035800  -0.009400   0.037800   0.016000  -0.033000   0.037200 
253  -0.042000  -0.040400  -0.052600  -0.015800  -0.034800   0.013600  -0.064800   0.034400  -0.008800   0.037200   0.013400  -0.033400   0.036600 
254  -0.042400  -0.041400  -0.053000  -0.014600  -0.035000   0.014400  -0.066800   0.035600  -0.007800   0.036200   0.011600  -0.033400   0.034600 
255  -0.044000  -0.042000  -0.053800  -0.014800  -0.034400   0.015000  -0.067600   0.037200  -0.007600   0.034800   0.009600  -0.034000   0.030000 
256  -0.043400  -0.042200  -0.051600  -0.012800  -0.034800   0.016200  -0.067800   0.037000  -0.006000   0.032200   0.009000  -0.035200   0.027400 
257  -0.043200  -0.041000  -0.052200  -0.012800  -0.033400   0.016200  -0.069000   0.038000  -0.006200   0.031800   0.007800  -0.034400   0.025400 
258  -0.040000  -0.041600  -0.052400  -0.014400  -0.032600   0.015600  -0.068800   0.038200  -0.006800   0.030400   0.004000  -0.034200   0.023600 
259  -0.037000  -0.040800  -0.051800  -0.015200  -0.031000   0.015400  -0.069000   0.036600  -0.004400   0.030400   0.003200  -0.032200   0.021800 
260  -0.036000  -0.040400  -0.050800  -0.017000  -0.030000   0.017400  -0.069800   0.036800  -0.003600   0.029800   0.002200  -0.033000   0.019000 
261  -0.035600  -0.038600  -0.050800  -0.018800  -0.029400   0.018000  -0.069600   0.037200  -0.000000   0.030200   0.002000  -0.030200   0.018200 
262  -0.034200  -0.039600  -0.051600  -0.020800  -0.026600   0.017800  -0.070600   0.039800   0.001400   0.028400   0.001600  -0.029600   0.015600 
263  -0.031600  -0.040000  -0.051000  -0.023600  -0.023600   0.018000  -0.070000   0.041600   0.004400   0.027600   0.001200  -0.029800   0.013800 
264  -0.030600  -0.037600  -0.050200  -0.025600  -0.021200   0.017400  -0.069800   0.042000   0.005200   0.026800   0.000600  -0.030600   0.011600 
265  -0.029600  -0.035400  -0.050000  -0.028000  -0.020000   0.019200  -0.068200   0.043000   0.006400   0.024400   0.000200  -0.031400   0.008600 
266  -0.026400  -0.037200  -0.049800  -0.029800  -0.019600   0.021400  -0.067200   0.044600   0.009000   0.022600  -0.000600  -0.031000   0.007400 
267  -0.023600  -0.036000  -0.050000  -0.031000  -0.020200   0.023600  -0.065600   0.045000   0.010800   0.021400  -0.001000  -0.031400   0.006000 
268  -0.022200  -0.033800  -0.050600  -0.032400  -0.020200   0.024600  -0.062400   0.046400   0.012800   0.020600  -0.001800  -0.030200   0.003800 
269  -0.022200  -0.031200  -0.049600  -0.032600  -0.020200   0.027800  -0.061200   0.046600   0.013400   0.019200  -0.001400  -0.030200   0.000200 
270  -0.022000  -0.030400  -0.049400  -0.034400  -0.020600   0.028400  -0.058800   0.046000   0.015400   0.018000  -0.002600  -0.031000  -0.000800 
271  -0.022200  -0.029200  -0.047000  -0.035600  -0.018400   0.028400  -0.057800   0.045800   0.016200   0.016800  -0.004800  -0.032000  -0.004200 
272  -0.022400  -0.029800  -0.045800  -0.037600  -0.019000   0.028200  -0.056000   0.046800   0.016600   0.016400  -0.007000  -0.033800  -0.005800 
273  -0.020200  -0.028600  -0.043800  -0.040400  -0.017600   0.029200  -0.052000   0.045200   0.017800   0.016400  -0.008000  -0.035000  -0.007200 
274  -0.019600  -0.029000  -0.043000  -0.042600  -0.016200   0.028600  -0.049200   0.045400   0.019000   0.014200  -0.007400  -0.037000  -0.008600 
275  -0.020400  -0.030800  -0.040600  -0.045000  -0.014600   0.026400  -0.046200   0.043800   0.021200   0.012800  -0.008000  -0.037600  -0.009400 
276  -0.020600  -0.030200  -0.038000  -0.046200  -0.014800   0.024400  -0.043800   0.041600   0.021600   0.012600  -0.006400  -0.037600  -0.009800 
277  -0.024600  -0.029200  -0.034800  -0.047200  -0.015400   0.023600  -0.041000   0.041200   0.022600   0.013400  -0.004200  -0.036400  -0.010800 
278  -0.025200  -0.028200  -0.030400  -0.049600  -0.014000   0.022200  -0.039200   0.042400   0.024200   0.015200  -0.002400  -0.035200  -0.011400 
279  -0.024400  -0.027400  -0.029000  -0.049200  -0.012200   0.019800  -0.037600   0.040600   0.025600   0.016200   0.000800  -0.034200  -0.012200 
280  -0.024400  -0.028200  -0.030200  -0.048800  -0.010200   0.018400  -0.034600   0.039400   0.026400   0.014400   0.003800  -0.033800  -0.012400 
281  -0.023600  -0.030800  -0.029200  -0.049800  -0.011000   0.017000  -0.031600   0.038800   0.026000   0.013400   0.004400  -0.033000  -0.012800 
282  -0.023600  -0.033000  -0.029200  -0.050800  -0.010200   0.016000  -0.028800   0.035800   0.024400   0.014400   0.004200  -0.033400  -0.012400 
283  -0.023400  -0.034800  -0.028600  -0.053800  -0.008400   0.014600  -0.025800   0.033600   0.022800   0.012200   0.004000  -0.034200  -0.011200 
284  -0.023800  -0.035000  -0.026600  -0.053200  -0.005000   0.013600  -0.024800   0.030800   0.022400   0.012400   0.004400  -0.032600  -0.011600 
285  -0.024000  -0.035600  -0.026000  -0.053200  -0.003000   0.012400  -0.021200   0.029600   0.021000   0.013600   0.005400  -0.031200  -0.010800 
286  -0.025200  -0.037400  -0.025000  -0.055600  -0.000400   0.012000  -0.020000   0.027400   0.019800   0.015000   0.006200  -0.032000  -0.011600 
287  -0.026800  -0.036800  -0.025200  -0.058800   0.001600   0.010600  -0.018000   0.024800   0.018000   0.013400   0.007400  -0.031600  -0.011200 
288  -0.030200  -0.038600  -0.024200  -0.061000   0.003200   0.009600  -0.015800   0.023600   0.016800   0.013800   0.007400  -0.033000  -0.009000 
289  -0.032600  -0.040600  -0.023800  -0.058400   0.004200   0.008600  -0.014200   0.021200   0.016200   0.013200   0.008600  -0.034200  -0.009000 
290  -0.036400  -0.040800  -0.022800  -0.057600   0.005000   0.005400  -0.011600   0.020000   0.014000   0.014400   0.008800  -0.034200  -0.006400 
291  -0.038400  -0.041200  -0.021800  -0.055000   0.005600   0.003200  -0.009800   0.019400   0.013200   0.014400   0.011400  -0.034000  -0.006000 
292  -0.040400  -0.041600  -0.021200  -0.051400   0.006400   0.001400  -0.008400   0.017000   0.012200   0.014800   0.011200  -0.034600  -0.006800 
293  -0.038600  -0.043800  -0.020400  -0.048400   0.005600  -0.002000  -0.008000   0.017600   0.012400   0.016000   0.011800  -0.033400  -0.005400 
294  -0.038800  -0.044000  -0.019600  -0.045600   0.003000  -0.005600  -0.007200   0.016600   0.012400   0.016400   0.012600  -0.033600  -0.004400 
295  -0.041400  -0.045200  -0.016600  -0.042600   0.000800  -0.008800  -0.007000   0.016000   0.014400   0.017600   0.011600  -0.033000  -0.002600 
296  -0.042400  -0.045600  -0.016600  -0.040000   0.001600  -0.010600  -0.007000   0.014400   0.015600   0.018600   0.013600  -0.034000  -0.003400 
297  -0.045400  -0.046400  -0.015800  -0.038800   0.001800  -0.015600  -0.009600   0.013200   0.015400   0.018400   0.015000  -0.033800  -0.001400 
298  -0.046600  -0.045600  -0.016400  -0.037200   0.001200  -0.019600  -0.009400   0.012200   0.015200   0.018200   0.015800  -0.034600  -0.004200 
299  -0.048600  -0.045400  -0.014600  -0.034800   0.001600  -0.022400  -0.011400   0.012000   0.018000   0.019400   0.019600  -0.033200  -0.002800 
300  -0.048200  -0.047400  -0.016200  -0.033800   0.001800  -0.023200  -0.011800   0.012600   0.019000   0.017200   0.023000  -0.032000   0.000600 
301  -0.049000  -0.047400  -0.015800  -0.032400   0.001400  -0.025400  -0.012600   0.010000   0.018200   0.015400   0.026200  -0.031400   0.003600 
302  -0.048800  -0.049200  -0.015400  -0.030800   0.002000  -0.025600  -0.011000   0.008200   0.018800   0.013800   0.029400  -0.029800   0.007200 
303  -0.046600  -0.049800  -0.014600  -0.028400   0.000600  -0.027400  -0.010800   0.007400   0.018800   0.013200   0.031200  -0.028200   0.008200 
304  -0.043400  -0.049600  -0.015400  -0.026200  -0.000800  -0.032000  -0.009800   0.006800   0.019800   0.010600   0.034000  -0.027200   0.011200 
305  -0.042800  -0.050200  -0.017600  -0.026000  -0.002400  -0.034800  -0.009000   0.006400   0.020200   0.005400   0.035800  -0.026600   0.010400 
306  -0.043200  -0.051000  -0.020200  -0.025800  -0.002000  -0.035600  -0.008400   0.006200   0.021800  -0.000800   0.037800  -0.027400   0.009400 
307  -0.043800  -0.050800  -0.022000  -0.028600  -0.003800  -0.036200  -0.008800   0.005800   0.021800  -0.006400   0.038800  -0.026200   0.008800 
308  -0.045200  -0.052400  -0.023400  -0.030000  -0.003800  -0.037800  -0.009200   0.004600   0.021800  -0.010600   0.037600  -0.025800   0.008200 
309  -0.045200  -0.051400  -0.025400  -0.033800  -0.004400  -0.037400  -0.009800   0.002000   0.024600  -0.013800   0.036200  -0.024600   0.008800 
310  -0.045800  -0.053000  -0.028200  -0.036400  -0.004600  -0.036200  -0.012000   0.001600   0.027000  -0.017800   0.033600  -0.023200   0.008400 
311  -0.047800  -0.053200  -0.031400  -0.039000  -0.005200  -0.037000  -0.011200   0.000400   0.028400  -0.021200   0.032800  -0.019600   0.006400 
312  -0.050800  -0.053000  -0.035600  -0.043200  -0.005600  -0.038400  -0.011800  -0.000600   0.029000  -0.022800   0.033000  -0.016200   0.004800 
313  -0.053000  -0.052400  -0.038600  -0.044400  -0.006200  -0.037000  -0.010400  -0.002200   0.029200  -0.025400   0.034400  -0.014400   0.003200 
314  -0.055600  -0.053000  -0.043200  -0.048200  -0.005800  -0.037600  -0.007800  -0.003400   0.028200  -0.030000   0.033400  -0.012200   0.002400 
315  -0.057000  -0.053400  -0.047600  -0.051800  -0.005200  -0.038400  -0.005800  -0.005200   0.029600  -0.033800   0.033000  -0.010600   0.000200 
316  -0.059400  -0.053200  -0.050600  -0.053000  -0.005200  -0.039400  -0.005400  -0.006600   0.030000  -0.037200   0.031200  -0.008600  -0.000200 
317  -0.061800  -0.053600  -0.052600  -0.052800  -0.003400  -0.039000  -0.003800  -0.007400   0.031800  -0.041200   0.029200  -0.008200  -0.003000 
318  -0.063400  -0.057400  -0.054800  -0.052200  -0.001800  -0.039600  -0.001800  -0.009800   0.034400  -0.042600   0.025000  -0.009400  -0.004000 
319  -0.065000  -0.058800  -0.057000  -0.054600  -0.001800  -0.039600  -0.000600  -0.008800   0.035800  -0.044600   0.023800  -0.010000  -0.006400 
320  -0.066200  -0.059200  -0.058400  -0.054200   0.000200  -0.041400  -0.000200  -0.009800   0.036000  -0.046200   0.020000  -0.012400  -0.005200 
321  -0.068200  -0.058200  -0.058600  -0.056400   0.001400  -0.042000   0.000000  -0.010200   0.039000  -0.047000   0.016600  -0.013000  -0.004400 
322  -0.068000  -0.056000  -0.062400  -0.058600   0.002000  -0.043400   0.003800  -0.012200   0.039600  -0.048200   0.013800  -0.014000  -0.002600 
323  -0.068000  -0.055000  -0.063600  -0.059400   0.004600  -0.044800   0.003800  -0.013000   0.041000  -0.049600   0.012400  -0.014000  -0.002000 
324  -0.066600  -0.055200  -0.063600  -0.059000   0.006800  -0.044200   0.002600  -0.013600   0.040400  -0.048600   0.008800  -0.013600   0.000600 
325  -0.066800  -0.054200  -0.063600  -0.058000   0.008600  -0.044000   0.003400  -0.015000   0.039000  -0.051400   0.006800  -0.015800   0.000400 
326  -0.065600  -0.053400  -0.063600  -0.058400   0.010000  -0.043200   0.004200  -0.016600   0.039000  -0.053000   0.004000  -0.015600   0.001400 
327  -0.063800  -0.052200  -0.065200  -0.058200   0.012400  -0.041600   0.004400  -0.018000   0.037800  -0.053800   0.001200  -0.017200   0.001800 
328  -0.060800  -0.050400  -0.067400  -0.057200   0.014800  -0.039800   0.006400  -0.022200   0.037200  -0.052200  -0.000800  -0.019800   0.002000 
329  -0.059000  -0.049600  -0.069000  -0.054800   0.015400  -0.039000   0.006200  -0.025200   0.035200  -0.051400  -0.003000  -0.022400   0.000400 
330  -0.055600  -0.049200  -0.070800  -0.052800   0.015800  -0.038400   0.007600  -0.027000   0.035000  -0.051800  -0.003200  -0.025000  -0.000200 
331  -0.055000  -0.048800  -0.072600  -0.049200   0.018400  -0.038400   0.007800  -0.028800   0.033600  -0.053200  -0.002200  -0.026200  -0.001600 
332  -0.053800  -0.046600  -0.072800  -0.045800   0.021000  -0.035400   0.008000  -0.030800   0.032800  -0.055200  -0.003600  -0.028600  -0.003200 
333  -0.053800  -0.045600  -0.073800  -0.042400   0.022600  -0.035000   0.009200  -0.030000   0.030600  -0.057000  -0.004200  -0.029400  -0.004600 
334  -0.052000  -0.044000  -0.074600  -0.037600   0.025400  -0.034400   0.010600  -0.028800   0.028000  -0.057200  -0.003200  -0.029400  -0.005200 
335  -0.051800  -0.042000  -0.072000  -0.037000   0.025200  -0.034600   0.011800  -0.027800   0.025200  -0.058200  -0.003000  -0.030000  -0.007000 
336  -0.051200  -0.042600  -0.070000  -0.034600   0.026800  -0.034600   0.011200  -0.025200   0.023200  -0.059400  -0.001400  -0.030400  -0.007600 
337  -0.051600  -0.042600  -0.067800  -0.032600   0.029600  -0.031800   0.012600  -0.022600   0.022600  -0.062600   0.000200  -0.032400  -0.006400 
338  -0.052000  -0.042400  -0.067000  -0.029800   0.033200  -0.030000   0.012200  -0.020400   0.020600  -0.065000   0.000600  -0.033400  -0.004600 
339  -0.050200  -0.043800  -0.065200  -0.027400   0.033800  -0.029400   0.012400  -0.017600   0.017400  -0.066800   0.002200  -0.034600  -0.003800 
340  -0.047200  -0.042600  -0.063600  -0.026400   0.034800  -0.027000   0.012200  -0.015400   0.016000  -0.066200   0.002800  -0.036600  -0.001400 
341  -0.044800  -0.044600  -0.061000  -0.025000   0.035600  -0.027200   0.012600  -0.013800   0.016200  -0.066200   0.004000  -0.036200   0.000200 
342  -0.042000  -0.043400  -0.059200  -0.023800   0.035600  -0.026800   0.012400  -0.013400   0.012800  -0.062200   0.005600  -0.035200   0.001600 
343  -0.040000  -0.042200  -0.055800  -0.022000   0.036600  -0.026000   0.015000  -0.010000   0.012600  -0.060000   0.007200  -0.037400   0.002800 
344  -0.038600  -0.040000  -0.053200  -0.020400   0.036200  -0.024400   0.014000  -0.006600   0.011800  -0.057800   0.010200  -0.036800   0.005200 
345  -0.037000  -0.039200  -0.049000  -0.017600   0.034400  -0.021800   0.012400  -0.002600   0.009400  -0.055000   0.011000  -0.036000   0.006800 
346  -0.033000  -0.038400  -0.045600  -0.015000   0.033600  -0.017600   0.013800  -0.003000   0.007200  -0.053000   0.011600  -0.035600   0.008000 
347  -0.031600  -0.036400  -0.042000  -0.012600   0.031800  -0.014400   0.012600   0.000200   0.004800  -0.052400   0.011400  -0.034000   0.010200 
348  -0.028600  -0.034800  -0.038600  -0.010600   0.031200  -0.011200   0.011600   0.002200   0.000800  -0.050800   0.012200  -0.032400   0.011800 
349  -0.024400  -0.033400  -0.038200  -0.010200   0.030000  -0.009000   0.011400   0.003000  -0.003400  -0.049600   0.011600  -0.031200   0.013000 
350  -0.022800  -0.030800  -0.035400  -0.010000   0.029200  -0.005800   0.012400   0.003400  -0.007400  -0.050000   0.012800  -0.029800   0.014400 
351  -0.022000  -0.026800  -0.034800  -0.011000   0.027200  -0.004000   0.012800   0.002200  -0.012400  -0.049400   0.011400  -0.026600   0.015200 
352  -0.019000  -0.024200  -0.032000  -0.012200   0.025400  -0.003000   0.010400  -0.000400  -0.014800  -0.050200   0.010800  -0.024400   0.016400 
353  -0.015200  -0.023600  -0.029200  -0.011200   0.024800  -0.003800   0.008400  -0.001200  -0.019000  -0.052000   0.009400  -0.022800   0.014800 
354  -0.013800  -0.022800  -0.028200  -0.011000   0.024800  -0.005200   0.007600  -0.004400  -0.021200  -0.054600   0.009000  -0.019800   0.016000 
355  -0.010200  -0.022200  -0.026400  -0.011000   0.027800  -0.005200   0.005000  -0.005600  -0.021200  -0.057200   0.008400  -0.020000   0.015400 
356  -0.009400  -0.022200  -0.025600  -0.011400   0.030400  -0.008600   0.004200  -0.007200  -0.022800  -0.059400   0.008000  -0.018200   0.014400 
357  -0.008000  -0.021600  -0.023800  -0.012000   0.032200  -0.010600   0.002800  -0.007200  -0.023800  -0.062000   0.007200  -0.018400   0.014000 
358  -0.007400  -0.023200  -0.022800  -0.010000   0.034400  -0.011800   0.000000  -0.009000  -0.024800  -0.065400   0.008600  -0.019200   0.011800 
359  -0.008000  -0.022200  -0.021600  -0.011200   0.035200  -0.013000  -0.001600  -0.010200  -0.025200  -0.069400   0.010200  -0.017400   0.011000 
360  -0.007200  -0.022000  -0.020600  -0.011800   0.036200  -0.013000  -0.003000  -0.010800  -0.026200  -0.071400   0.011000  -0.017000   0.010600 
361  -0.006600  -0.019400  -0.021400  -0.013800   0.035800  -0.017000  -0.004600  -0.011600  -0.024800  -0.073800   0.012000  -0.018000   0.012000 
362  -0.006800  -0.018800  -0.022000  -0.016200   0.038200  -0.020800  -0.005800  -0.011600  -0.022800  -0.073400   0.012600  -0.018000   0.013400 
363  -0.007400  -0.015200  -0.023200  -0.018400   0.038400  -0.023600  -0.006000  -0.010400  -0.021000  -0.072800   0.013400  -0.017600   0.012400 
364  -0.008400  -0.014400  -0.025600  -0.020000   0.039000  -0.025800  -0.006800  -0.011800  -0.019200  -0.070800   0.015000  -0.016600   0.011400 
365  -0.009000  -0.014000  -0.027000  -0.020600   0.038400  -0.027800  -0.008000  -0.010600  -0.017000  -0.069000   0.015800  -0.013800   0.011600 
366  -0.008800  -0.011800  -0.026600  -0.022200   0.037600  -0.031200  -0.010000  -0.008800  -0.014800  -0.067000   0.017600  -0.010200   0.010600 
367  -0.006800  -0.010600  -0.029000  -0.022000   0.037200  -0.034800  -0.009800  -0.007200  -0.009200  -0.066200   0.021400  -0.009200   0.009800 
368  -0.005200  -0.008400  -0.029800  -0.025600   0.036800  -0.037800  -0.009600  -0.007000  -0.006800  -0.067000   0.022200  -0.007200   0.007000 
369  -0.003200  -0.009200  -0.029800  -0.028000   0.035600  -0.040600  -0.011000  -0.006600  -0.005400  -0.066600   0.024200  -0.004600   0.005800 
370  -0.000800  -0.009400  -0.029400  -0.030800   0.033600  -0.044200  -0.011000  -0.007600  -0.002600  -0.066000   0.025800  -0.002600   0.004200 
371  -0.000800  -0.008200  -0.032800  -0.033200   0.032200  -0.045800  -0.010400  -0.006800  -0.000000  -0.063400   0.026400  -0.002200   0.004000 
372  -0.000000  -0.007600  -0.033800  -0.034600   0.031000  -0.046800  -0.009600  -0.004600   0.001000  -0.064400   0.029000   0.000400   0.003600 
373   0.000200  -0.007400  -0.032000  -0.036000   0.029000  -0.049600  -0.009000  -0.003600   0.004600  -0.062200   0.029600   0.000800   0.001600 
374  -0.000000  -0.006000  -0.032600  -0.038600   0.028200  -0.052600  -0.007600  -0.001600   0.006400  -0.063400   0.033200   0.000400   0.001000 
375  -0.001400  -0.005600  -0.033000  -0.040400   0.027600  -0.057000  -0.006600   0.000600   0.006600  -0.062600   0.035200  -0.000200   0.001800 
376   0.000200  -0.005400  -0.032000  -0.042400   0.025000  -0.061000  -0.007200   0.000400   0.006400  -0.061400   0.037200  -0.001000   0.003800 
377   0.002000  -0.005400  -0.029400  -0.043000   0.022200  -0.065800  -0.006600   0.000000   0.006000  -0.061200   0.038600  -0.000200   0.004400 
378   0.003000  -0.003400  -0.029800  -0.044400   0.019600  -0.066000  -0.006200   0.002400   0.006800  -0.063000   0.039200   0.001200   0.004200 
379   0.002400  -0.003400  -0.027800  -0.044600   0.016000  -0.066000  -0.005200   0.004000   0.006400  -0.063800   0.037000   0.003600   0.007000 
380   0.001800  -0.003200  -0.024200  -0.044600   0.012400  -0.067800  -0.005400   0.004800   0.005200  -0.064200   0.037000   0.004400   0.005600 
381   0.002800  -0.002400  -0.021800  -0.043200   0.009600  -0.067600  -0.004800   0.008000   0.005200  -0.066000   0.037000   0.005200   0.008600 
382   0.003400  -0.001200  -0.018400  -0.041200   0.004200  -0.067200  -0.004800   0.008600   0.005200  -0.067000   0.036400   0.004200   0.010000 
383   0.003800   0.001600  -0.014800  -0.039800   0.000000  -0.065800  -0.004200   0.009200   0.005200  -0.068000   0.036200   0.002600   0.013000 
384   0.004400   0.004000  -0.012600  -0.038000  -0.005200  -0.064800  -0.004200   0.010400   0.004400  -0.069200   0.036400   0.002200   0.016200 
385   0.002600   0.007000  -0.010000  -0.037400  -0.009800  -0.064600  -0.005000   0.011400   0.003800  -0.069200   0.035600   0.001200   0.021200 
386   0.001200   0.010200  -0.007000  -0.037600  -0.015800  -0.063200  -0.004800   0.011600   0.002200  -0.070400   0.036400   0.003000   0.025400 
387  -0.000000   0.013400  -0.006800  -0.036200  -0.021000  -0.059600  -0.003400   0.013000   0.002200  -0.069200   0.036400   0.003600   0.029600 
388  -0.001200   0.013200  -0.005000  -0.035800  -0.025800  -0.058400  -0.002800   0.013400   0.003200  -0.067600   0.036600   0.004400   0.033200 
389  -0.003400   0.012400  -0.005600  -0.035400  -0.030600  -0.056200   0.000600   0.016800   0.003600  -0.066000   0.037000   0.003200   0.035800 
390  -0.004600   0.012400  -0.005600  -0.032800  -0.035600  -0.054200   0.001800   0.017400   0.003200  -0.063000   0.035600   0.005200   0.036400 
391  -0.006800   0.013600  -0.005800  -0.029800  -0.039800  -0.051600   0.004400   0.018600   0.003000  -0.061400   0.033000   0.007200   0.039400 
392  -0.006600   0.014200  -0.004600  -0.027400  -0.040800  -0.048600   0.006600   0.021200   0.003000  -0.060400   0.030200   0.010200   0.041400 
393  -0.006800   0.013400  -0.004200  -0.024800  -0.044400  -0.046000   0.008200   0.023000   0.002800  -0.058800   0.027600   0.012400   0.043600 
394  -0.006200   0.012800  -0.003000  -0.024400  -0.046400  -0.043600   0.011000   0.021200   0.003000  -0.055200   0.027600   0.015400   0.046800 
395  -0.005200   0.010600  -0.001400  -0.021400  -0.048800  -0.041800   0.014200   0.019400   0.004200  -0.053600   0.026000   0.018200   0.051000 
396  -0.005600   0.010000   0.000000  -0.018200  -0.049600  -0.039800   0.016200   0.019000   0.004000  -0.051000   0.021800   0.019600   0.053200 
397  -0.005200   0.006400   0.000000  -0.016200  -0.049400  -0.036000   0.021400   0.017600   0.005200  -0.049200   0.020000   0.019600   0.054400 
398  -0.005200   0.005800   0.000600  -0.016400  -0.048600  -0.034200   0.024200   0.016400   0.006000  -0.049000   0.018800   0.020200   0.053200 
399  -0.005200   0.004200   0.001400  -0.017200  -0.049200  -0.033400   0.027600   0.015000   0.007000  -0.045200   0.016800   0.022000   0.052800 
400  -0.003400   0.003400   0.000600  -0.016800  -0.048600  -0.030600   0.031800   0.012400   0.008600  -0.041200   0.012400   0.022600   0.053200 
401  -0.002800   0.002000   0.003200  -0.016800  -0.049600  -0.028000   0.033800   0.010200   0.007800  -0.039000   0.008800   0.022400   0.053600 
402  -0.000200   0.001000   0.004600  -0.015600  -0.049800  -0.024800   0.034600   0.008000   0.006600  -0.035600   0.006800   0.022800   0.054200 
403   0.001000   0.001400   0.005800  -0.012800  -0.048600  -0.024200   0.036400   0.005400   0.006600  -0.033200   0.006200   0.023200   0.053200 
404   0.004800   0.003000   0.007400  -0.012600  -0.045800  -0.024600   0.034400   0.004200   0.007200  -0.029200   0.006600   0.024400   0.053200 
405   0.006400   0.003600   0.009400  -0.010800  -0.046000  -0.024000   0.034000   0.002200   0.009200  -0.026200   0.006000   0.026400   0.053800 
406   0.009600   0.005000   0.010600  -0.008600  -0.045800  -0.024000   0.034800   0.001400   0.012200  -0.026000   0.005400   0.027400   0.051000 
407   0.012800   0.007200   0.012000  -0.007600  -0.047000  -0.024200   0.037000   0.000000   0.011600  -0.027200   0.002800   0.027600   0.049600 
408   0.016400   0.008000   0.013400  -0.005600  -0.047400  -0.023000   0.039800   0.002200   0.012600  -0.027600   0.001600   0.028000   0.047200 
409   0.018400   0.008000   0.016000  -0.007200  -0.047600  -0.025400   0.042800   0.005600   0.012200  -0.027600  -0.000400   0.029400   0.044200 
410   0.020600   0.007800   0.018200  -0.005200  -0.046000  -0.026000   0.045600   0.007200   0.012200  -0.028400  -0.001600   0.029400   0.043000 
411   0.021800   0.009800   0.021000  -0.004600  -0.042800  -0.025600   0.047200   0.009200   0.013400  -0.029800  -0.002200   0.030400   0.041400 
412   0.021600   0.012000   0.024000  -0.006200  -0.040400  -0.027000   0.049000   0.011000   0.013000  -0.030800  -0.003800   0.030000   0.040600 
413   0.020200   0.014200   0.025200  -0.003000  -0.039000  -0.027400   0.050800   0.012000   0.014000  -0.029600  -0.001800   0.029000   0.038400 
414   0.019600   0.014800   0.027000  -0.002200  -0.037400  -0.029000   0.050800   0.013600   0.011800  -0.028200  -0.001800   0.030200   0.037000 
415   0.019200   0.015600   0.028600   0.000800  -0.037200  -0.028800   0.051600   0.015600   0.011800  -0.026800   0.000600   0.030400   0.036400 
416   0.018200   0.016400   0.030600   0.002800  -0.037800  -0.028000   0.053200   0.019800   0.012600  -0.024000  -0.000400   0.031200   0.037400 
417   0.019800   0.017000   0.031000   0.003800  -0.037200  -0.027800   0.053200   0.022600   0.012600  -0.021000  -0.000400   0.031200   0.037000 
418   0.019800   0.017000   0.030800   0.004000  -0.036600  -0.027800   0.054000   0.025200   0.014400  -0.022000  -0.001200   0.030600   0.039400 
419   0.020200   0.017200   0.029400   0.003000  -0.035200  -0.028600   0.055200   0.027400   0.015800  -0.023600  -0.003400   0.031000   0.040200 
420   0.020400   0.014800   0.025800   0.002000  -0.034800  -0.029200   0.055800   0.031400   0.014800  -0.024000  -0.003800   0.031600   0.040000 
421   0.019200   0.012800   0.023000   0.001800  -0.035600  -0.032200   0.055800   0.033200   0.014400  -0.022800  -0.005400   0.030200   0.042800 
422   0.020800   0.012200   0.021600   0.002000  -0.037000  -0.035000   0.056600   0.033000   0.013000  -0.023000  -0.006200   0.031600   0.044400 
423   0.021600   0.013000   0.021200   0.001800  -0.038400  -0.037600   0.056400   0.034200   0.013400  -0.024400  -0.005600   0.030800   0.044200 
424   0.021800   0.013800   0.018400   0.001400  -0.040800  -0.039800   0.057000   0.034400   0.012600  -0.026400  -0.005000   0.030600   0.044800 
425   0.020800   0.017000   0.017400   0.001400  -0.044000  -0.040200   0.055400   0.034600   0.012000  -0.026200  -0.005000   0.031400   0.047200 
426   0.021200   0.018200   0.017200  -0.000600  -0.045800  -0.040200   0.054200   0.033400   0.010600  -0.026600  -0.005600   0.031400   0.050600 
427   0.021000   0.018600   0.015800  -0.000000  -0.048400  -0.039600   0.053400   0.032800   0.010600  -0.029600  -0.004000   0.031000   0.051600 
428   0.021400   0.020000   0.013800  -0.002000  -0.050600  -0.038600   0.054200   0.032800   0.011400  -0.031600  -0.001200   0.030200   0.053000 
429   0.021000   0.019800   0.014200  -0.003200  -0.051600  -0.036200   0.053000   0.032600   0.011800  -0.034000   0.001200   0.029400   0.053800 
430   0.020800   0.018400   0.014000  -0.004800  -0.052200  -0.035000   0.050800   0.032400   0.011200  -0.033800   0.001600   0.029400   0.054400 
431   0.019400   0.016600   0.013800  -0.005800  -0.051400  -0.034000   0.050400   0.032400   0.010200  -0.034000   0.002400   0.028200   0.058000 
432   0.019200   0.015800   0.015200  -0.006200  -0.052200  -0.031600   0.050800   0.031600   0.009600  -0.035200   0.002600   0.027600   0.058800 
433   0.019800   0.014400   0.014400  -0.007400  -0.052200  -0.030000   0.049400   0.033000   0.007600  -0.035600   0.003600   0.026600   0.060800 
434   0.018400   0.012800   0.013000  -0.007800  -0.053800  -0.029000   0.049000   0.034800   0.004400  -0.036600   0.006200   0.028400   0.063000 
435   0.017600   0.013000   0.013600  -0.005200  -0.055000  -0.030800   0.046200   0.036400   0.003600  -0.037400   0.005800   0.029200   0.061200 
436   0.016600   0.012800   0.013400  -0.004800  -0.054600  -0.030600   0.045400   0.036800   0.001000  -0.036600   0.007400   0.031000   0.061200 
437   0.018600   0.012200   0.012600  -0.003600  -0.052000  -0.028800   0.043400   0.037400  -0.000400  -0.036400   0.007200   0.029400   0.059400 
438   0.018600   0.011600   0.014400  -0.004400  -0.047400  -0.027600   0.044600   0.038600  -0.002000  -0.035200   0.008200   0.027400   0.058600 
439   0.017800   0.011800   0.014600  -0.003200  -0.044600  -0.026000   0.045600   0.039000  -0.002800  -0.034800   0.006000   0.025600   0.057600 
440   0.016400   0.012200   0.015600  -0.003600  -0.044000  -0.024000   0.045600   0.037600  -0.004000  -0.034800   0.003200   0.024400   0.055600 
441   0.014000   0.011800   0.015200  -0.005000  -0.041600  -0.022000   0.044800   0.036800  -0.004400  -0.034600   0.001800   0.026800   0.053400 
442   0.012400   0.010400   0.014400  -0.004800  -0.038400  -0.021600   0.042800   0.035200  -0.003800  -0.032600   0.002800   0.027400   0.050400 
443   0.010200   0.008000   0.013800  -0.004400  -0.035600  -0.022800   0.040400   0.033200  -0.004000  -0.031600   0.002400   0.027600   0.046800 
444   0.007800   0.005200   0.013000  -0.003400  -0.033200  -0.022400   0.038200   0.030600  -0.004800  -0.032800   0.000600   0.028600   0.042600 
445   0.007200   0.003800   0.012600  -0.003200  -0.030000  -0.023400   0.036600   0.027800  -0.004000  -0.034800   0.001400   0.029600   0.039200 
446   0.004400   0.002400   0.008400  -0.001200  -0.027800  -0.025200   0.034600   0.024400  -0.004600  -0.037000  -0.001200   0.028400   0.036200 
447   0.002600   0.002400   0.007000  -0.001600  -0.026600  -0.026400   0.033000   0.021000  -0.005000  -0.039000  -0.002400   0.030800   0.033000 
448  -0.000200   0.002000   0.006800  -0.002000  -0.024200  -0.027600   0.030600   0.016600  -0.005000  -0.040000  -0.002200   0.031200   0.031000 
449  -0.001600   0.001800   0.007200  -0.003400  -0.022600  -0.028200   0.029400   0.014800  -0.005000  -0.042000  -0.003000   0.032000   0.029000 
450  -0.003800   0.000400   0.008200  -0.002800  -0.021000  -0.032800   0.029400   0.013000  -0.004600  -0.043800  -0.003200   0.031400   0.025000 
451  -0.005600  -0.001000   0.008400  -0.001800  -0.021000  -0.033800   0.028600   0.010200  -0.004800  -0.045600  -0.003400   0.030200   0.023600 
452  -0.006800  -0.001800   0.008400   0.000600  -0.019000  -0.036200   0.027200   0.006400  -0.006600  -0.045400  -0.002400   0.029800   0.018200 
453  -0.008000  -0.001800   0.008000   0.000200  -0.017000  -0.036800   0.026200   0.005000  -0.005600  -0.045600  -0.002600   0.028400   0.014600 
454  -0.007600  -0.003800   0.007200   0.001600  -0.015200  -0.037400   0.023400   0.004000  -0.004600  -0.044800  -0.001800   0.028200   0.008400 
455  -0.008200  -0.005200   0.007200   0.003000  -0.015200  -0.036600   0.022600   0.000600  -0.003600  -0.042800  -0.001800   0.027800   0.003400 
456  -0.010000  -0.004800   0.005600   0.004800  -0.016200  -0.035600   0.021800  -0.002600  -0.002600  -0.040600  -0.003200   0.027200  -0.002400 
457  -0.012400  -0.008800   0.002800   0.006400  -0.017400  -0.035200   0.022200  -0.004400  -0.002200  -0.037600  -0.004200   0.027600  -0.005000 
458  -0.012600  -0.011800   0.001200   0.008800  -0.017400  -0.034800   0.022200  -0.008000  -0.001400  -0.035600  -0.004200   0.028000  -0.008400 
459  -0.013600  -0.013200  -0.001800   0.006800  -0.018200  -0.033600   0.022800  -0.012400  -0.001600  -0.033600  -0.006000   0.028600  -0.010800 
460  -0.015200  -0.016200  -0.003400   0.006800  -0.019200  -0.031600   0.023200  -0.015000   0.000000  -0.034800  -0.008400   0.029600  -0.014600 
461  -0.016000  -0.019200  -0.004800   0.006400  -0.022000  -0.029800   0.024800  -0.017800   0.000800  -0.034200  -0.010800   0.031200  -0.019200 
462  -0.018400  -0.022200  -0.007600   0.005200  -0.022400  -0.029200   0.024400  -0.019400  -0.001200  -0.035200  -0.012000   0.031800  -0.019400 
463  -0.020600  -0.026200  -0.010200   0.002000  -0.024600  -0.027000   0.025200  -0.022800  -0.002200  -0.035200  -0.012000   0.032800  -0.022800 
464  -0.024600  -0.027200  -0.014000   0.002000  -0.025800  -0.025400   0.024200  -0.026000  -0.004200  -0.034400  -0.014600   0.031600  -0.024800 
465  -0.026000  -0.030400  -0.016000  -0.000200  -0.028600  -0.022600   0.025000  -0.027600  -0.005400  -0.034600  -0.016000   0.030000  -0.024800 
466  -0.027200  -0.032800  -0.019600   0.000600  -0.031800  -0.019600   0.025400  -0.029800  -0.005200  -0.035400  -0.017000   0.030400  -0.024200 
467  -0.029000  -0.036000  -0.022600   0.002800  -0.035400  -0.018800   0.029000  -0.031800  -0.005800  -0.035800  -0.018000   0.029600  -0.025400 
468  -0.028800  -0.038600  -0.024800   0.003000  -0.038800  -0.016000   0.029200  -0.033200  -0.007600  -0.035800  -0.020000   0.028000  -0.026200 
469  -0.027200  -0.041000  -0.026800   0.002600  -0.042000  -0.014600   0.030200  -0.033000  -0.008600  -0.036000  -0.019800   0.028800  -0.027200 
470  -0.026600  -0.042600  -0.029400   0.003600  -0.048000  -0.010800   0.030600  -0.033800  -0.009400  -0.034600  -0.020400   0.029400  -0.028400 
471  -0.025400  -0.043600  -0.031200   0.002000  -0.053000  -0.010200   0.031200  -0.033600  -0.010400  -0.030600  -0.021600   0.028000  -0.029400 
472  -0.026000  -0.043800  -0.033800   0.000600  -0.054600  -0.011600   0.033000  -0.035400  -0.009600  -0.027600  -0.022600   0.030200  -0.030000 
473  -0.025200  -0.045000  -0.035200   0.001000  -0.056400  -0.010800   0.035000  -0.038000  -0.009800  -0.025600  -0.024800   0.030000  -0.029800 
474  -0.024000  -0.044000  -0.038200   0.001200  -0.057600  -0.010600   0.036200  -0.040000  -0.010600  -0.024400  -0.026200   0.032800  -0.030600 
475  -0.023800  -0.045000  -0.039400  -0.001200  -0.057600  -0.006600   0.036800  -0.042400  -0.011400  -0.021600  -0.026200   0.034200  -0.031200 
476  -0.022600  -0.043600  -0.040000  -0.005000  -0.056000  -0.006200   0.036800  -0.044400  -0.011400  -0.020000  -0.029000   0.037400  -0.032600 
477  -0.022200  -0.043200  -0.040400  -0.007200  -0.054800  -0.004400   0.038400  -0.043600  -0.013000  -0.015600  -0.031600   0.039600  -0.031600 
478  -0.021800  -0.042000  -0.040000  -0.008800  -0.055200  -0.003200   0.040400  -0.043800  -0.014200  -0.014600  -0.035200   0.041800  -0.031800 
479  -0.022400  -0.044200  -0.041200  -0.011600  -0.055200  -0.001800   0.041600  -0.042400  -0.017200  -0.011400  -0.037200   0.043200  -0.032400 
480  -0.022800  -0.046600  -0.042600  -0.012000  -0.055600  -0.002000   0.045200  -0.042600  -0.018800  -0.009000  -0.039200   0.044200  -0.031800 
481  -0.024200  -0.048000  -0.042600  -0.014400  -0.059800   0.000400   0.047200  -0.040400  -0.021800  -0.007600  -0.041800   0.044000  -0.032400 
482  -0.026200  -0.047400  -0.044000  -0.012400  -0.064800   0.001000   0.048000  -0.040400  -0.024800  -0.004800  -0.045200   0.043200  -0.030800 
483  -0.028200  -0.046400  -0.043400  -0.010600  -0.067200   0.001200   0.048600  -0.039600  -0.025400  -0.001000  -0.046600   0.044800  -0.032600 
484  -0.028600  -0.047000  -0.043400  -0.010400  -0.071800   0.002000   0.047800  -0.037600  -0.027200   0.002200  -0.049800   0.045200  -0.032400 
485  -0.030000  -0.047200  -0.043000  -0.009400  -0.075000   0.005800   0.047600  -0.037200  -0.028400   0.005000  -0.052200   0.046200  -0.031800 
486  -0.032200  -0.047600  -0.043200  -0.009000  -0.078200   0.008400   0.048200  -0.038000  -0.030600   0.006400  -0.053400   0.046200  -0.031600 
487  -0.031800  -0.046000  -0.045200  -0.008000  -0.081000   0.009000   0.049200  -0.035400  -0.034000   0.007600  -0.057000   0.048200  -0.032800 
488  -0.034000  -0.045600  -0.046800  -0.007200  -0.080800   0.011600   0.051200  -0.034000  -0.036800   0.009000  -0.058400   0.049200  -0.032000 
489  -0.032200  -0.045000  -0.045800  -0.008200  -0.083800   0.014000   0.052200  -0.033000  -0.040800   0.011600  -0.060000   0.050200  -0.031400 
490  -0.030400  -0.044400  -0.046200  -0.009000  -0.084000   0.017600   0.051000  -0.030400  -0.046000   0.012000  -0.061600   0.052000  -0.030400 
491  -0.031000  -0.042800  -0.047000  -0.009400  -0.086400   0.020600   0.051600  -0.029400  -0.051200   0.013200  -0.060600   0.052200  -0.029200 
492  -0.029400  -0.041200  -0.048800  -0.011200  -0.087200   0.022200   0.052800  -0.026400  -0.055200   0.014200  -0.060000   0.053800  -0.027200 
493  -0.027800  -0.039000  -0.048000  -0.010800  -0.089600   0.022600   0.054000  -0.025600  -0.058800   0.014400  -0.059800   0.055400  -0.026400 
494  -0.027200  -0.037200  -0.048600  -0.012200  -0.090200   0.023000   0.055800  -0.022800  -0.061200   0.015200  -0.059800   0.056200  -0.025400 
495  -0.026400  -0.035400  -0.049400  -0.011200  -0.092600   0.025200   0.058200  -0.021200  -0.061800   0.017600  -0.060200   0.057000  -0.025000 
496  -0.026600  -0.032600  -0.049000  -0.011800  -0.095200   0.026200   0.058400  -0.019600  -0.062200   0.017800  -0.059000   0.059200  -0.024400 
497  -0.026200  -0.031000  -0.049400  -0.013600  -0.097000   0.026600   0.060200  -0.015800  -0.061800   0.018400  -0.057400   0.058400  -0.024600 
498  -0.025400  -0.033200  -0.048200  -0.014400  -0.098400   0.028200   0.059800  -0.014200  -0.061800   0.017400  -0.056800   0.059800  -0.024800 
499  -0.025800  -0.033000  -0.048400  -0.012600  -0.099200   0.027600   0.061000  -0.013400  -0.062200   0.018800  -0.058200   0.060600  -0.026400 
