0   0.699748
1   0.697864
2   0.696102
3   0.694394
4   0.692780
5   0.691336
6   0.689846
7   0.688426
8   0.686876
9   0.685352
10   0.683892
11   0.682296
12   0.680832
13   0.679214
14   0.677616
15   0.676076
16   0.674584
17   0.673080
18   0.671600
19   0.670184
20   0.668888
21   0.667428
22   0.665948
23   0.664462
24   0.662984
25   0.661556
26   0.660078
27   0.658672
28   0.657262
29   0.655826
30   0.654424
31   0.652968
32   0.651664
33   0.650368
34   0.649132
35   0.647918
36   0.646652
37   0.645454
38   0.644288
39   0.643062
40   0.641938
41   0.640858
42   0.639830
43   0.638834
44   0.637888
45   0.636940
46   0.636090
47   0.635262
48   0.634454
49   0.633664
50   0.632928
51   0.632202
52   0.631590
53   0.630982
54   0.630316
55   0.629636
56   0.629068
57   0.628454
58   0.627782
59   0.627130
60   0.626400
61   0.625734
62   0.625114
63   0.624406
64   0.623814
65   0.623070
66   0.622394
67   0.621714
68   0.621050
69   0.620400
70   0.619774
71   0.619238
72   0.618650
73   0.618184
74   0.617804
75   0.617360
76   0.616978
77   0.616488
78   0.615998
79   0.615442
80   0.614950
81   0.614398
82   0.613940
83   0.613394
84   0.612816
85   0.612286
86   0.611670
87   0.611044
88   0.610356
89   0.609716
90   0.608946
91   0.608358
92   0.607860
93   0.607228
94   0.606554
95   0.605934
96   0.605260
97   0.604642
98   0.603916
99   0.603128
100   0.602250
101   0.601242
102   0.600352
103   0.599374
104   0.598350
105   0.597400
106   0.596418
107   0.595558
108   0.594594
109   0.593688
110   0.592860
111   0.591994
112   0.591142
113   0.590232
114   0.589390
115   0.588576
116   0.587844
117   0.587082
118   0.586188
119   0.585282
120   0.584372
121   0.583446
122   0.582466
123   0.581694
124   0.580794
125   0.579912
126   0.578830
127   0.577674
128   0.576524
129   0.575488
130   0.574658
131   0.573880
132   0.573106
133   0.572262
134   0.571446
135   0.570602
136   0.569698
137   0.568848
138   0.567868
139   0.566810
140   0.565946
141   0.565086
142   0.564058
143   0.563106
144   0.562172
145   0.561458
146   0.560862
147   0.560396
148   0.559944
149   0.559504
150   0.559040
151   0.558558
152   0.558138
153   0.557632
154   0.557282
155   0.556788
156   0.556320
157   0.555912
158   0.555582
159   0.554974
160   0.554524
161   0.554010
162   0.553388
163   0.552918
164   0.552328
165   0.551814
166   0.551244
167   0.550670
168   0.550064
169   0.549310
170   0.548360
171   0.547458
172   0.546640
173   0.545602
174   0.544512
175   0.543322
176   0.542106
177   0.540720
178   0.539368
179   0.538000
180   0.536456
181   0.534930
182   0.533282
183   0.531908
184   0.530486
185   0.529166
186   0.527808
187   0.526392
188   0.525068
189   0.523748
190   0.522460
191   0.521280
192   0.519846
193   0.518566
194   0.517242
195   0.516082
196   0.514718
197   0.513520
198   0.512432
199   0.511364
200   0.510314
201   0.509244
202   0.508210
203   0.507230
204   0.506268
205   0.505288
206   0.504506
207   0.503562
208   0.502642
209   0.501624
210   0.500608
211   0.499424
212   0.498408
213   0.497462
214   0.496426
215   0.495440
216   0.494552
217   0.493746
218   0.492802
219   0.491840
220   0.490828
221   0.489832
222   0.488824
223   0.487836
224   0.486830
225   0.486014
226   0.485350
227   0.484564
228   0.483548
229   0.482602
230   0.481586
231   0.480598
232   0.479712
233   0.478832
234   0.477916
235   0.477076
236   0.476140
237   0.475282
238   0.474424
239   0.473422
240   0.472412
241   0.471386
242   0.470490
243   0.469546
244   0.468432
245   0.467410
246   0.466318
247   0.465180
248   0.464174
249   0.463224
250   0.462330
251   0.461360
252   0.460410
253   0.459444
254   0.458476
255   0.457662
256   0.456678
257   0.455746
258   0.454790
259   0.453862
260   0.452964
261   0.452088
262   0.451162
263   0.450240
264   0.449298
265   0.448334
266   0.447348
267   0.446350
268   0.445306
269   0.444124
270   0.442920
271   0.441702
272   0.440690
273   0.439610
274   0.438488
275   0.437364
276   0.436206
277   0.435194
278   0.434094
279   0.433012
280   0.431974
281   0.430956
282   0.429958
283   0.428940
284   0.427698
285   0.426342
286   0.425136
287   0.423722
288   0.422314
289   0.420926
290   0.419362
291   0.417656
292   0.416060
293   0.414358
294   0.412636
295   0.411052
296   0.409350
297   0.407736
298   0.406082
299   0.404346
300   0.402628
301   0.400908
302   0.399340
303   0.397874
304   0.396490
305   0.395122
306   0.393702
307   0.392406
308   0.391086
309   0.389634
310   0.388246
311   0.386956
312   0.385720
313   0.384316
314   0.382970
315   0.381456
316   0.380052
317   0.378848
318   0.377494
319   0.376126
320   0.374770
321   0.373382
322   0.372020
323   0.370810
324   0.369488
325   0.368166
326   0.366908
327   0.365690
328   0.364566
329   0.363460
330   0.362184
331   0.360868
332   0.359546
333   0.358174
334   0.356722
335   0.355228
336   0.353742
337   0.352360
338   0.350948
339   0.349332
340   0.347752
341   0.346140
342   0.344620
343   0.343160
344   0.341674
345   0.340304
346   0.338796
347   0.337296
348   0.335990
349   0.334656
350   0.333360
351   0.332370
352   0.331196
353   0.329952
354   0.328814
355   0.327588
356   0.326474
357   0.325164
358   0.323878
359   0.322836
360   0.321698
361   0.320518
362   0.319396
363   0.318406
364   0.317216
365   0.316246
366   0.315204
367   0.314094
368   0.312804
369   0.311596
370   0.310404
371   0.309264
372   0.308094
373   0.307010
374   0.305932
375   0.304912
376   0.303906
377   0.302858
378   0.301946
379   0.301000
380   0.300130
381   0.299432
382   0.298706
383   0.298034
384   0.297392
385   0.296740
386   0.296100
387   0.295512
388   0.295016
389   0.294508
390   0.294074
391   0.293708
392   0.293472
393   0.293206
394   0.292998
395   0.292756
396   0.292492
397   0.292216
398   0.292048
399   0.291950
400   0.291834
401   0.291788
402   0.291804
403   0.291660
404   0.291698
405   0.291802
406   0.292074
407   0.292392
408   0.292546
409   0.292726
410   0.292864
411   0.292992
412   0.293050
413   0.293118
414   0.293084
415   0.293316
416   0.293598
417   0.293688
418   0.293762
419   0.293716
420   0.293772
421   0.293830
422   0.293836
423   0.294000
424   0.294218
425   0.294348
426   0.294198
427   0.294148
428   0.294138
429   0.294026
430   0.293942
431   0.293872
432   0.293634
433   0.293378
434   0.293174
435   0.293134
436   0.293072
437   0.293058
438   0.293028
439   0.293062
440   0.293028
441   0.292874
442   0.292702
443   0.292634
444   0.292330
445   0.291950
446   0.291432
447   0.291050
448   0.290722
449   0.290544
450   0.290110
451   0.289754
452   0.289270
453   0.288716
454   0.287928
455   0.286988
456   0.286042
457   0.285048
458   0.284072
459   0.283096
460   0.282362
461   0.281738
462   0.280952
463   0.280388
464   0.279870
465   0.279094
466   0.278312
467   0.277570
468   0.276880
469   0.276244
470   0.275564
471   0.274972
472   0.274292
473   0.273782
474   0.273148
475   0.272628
476   0.272114
477   0.271510
478   0.270836
479   0.270202
480   0.269606
481   0.268966
482   0.268464
483   0.268168
484   0.267914
485   0.267726
486   0.267614
487   0.267388
488   0.267010
489   0.266678
490   0.266312
491   0.265916
492   0.265510
493   0.264996
494   0.264502
495   0.264028
496   0.263426
497   0.262884
498   0.262266
499   0.261506
500   0.261050
-499   0.260400
-498   0.259844
-497   0.259396
-496   0.259062
-495   0.258606
-494   0.257910
-493   0.257294
-492   0.256618
-491   0.256010
-490   0.255398
-489   0.254862
-488   0.254364
-487   0.253876
-486   0.253322
-485   0.252780
-484   0.252440
-483   0.252130
-482   0.251890
-481   0.251608
-480   0.251326
-479   0.250912
-478   0.250570
-477   0.250080
-476   0.249766
-475   0.249388
-474   0.248958
-473   0.248644
-472   0.248400
-471   0.248118
-470   0.247672
-469   0.247352
-468   0.247016
-467   0.246864
-466   0.246654
-465   0.246496
-464   0.246254
-463   0.246024
-462   0.245690
-461   0.245366
-460   0.245142
-459   0.244764
-458   0.244228
-457   0.243784
-456   0.243204
-455   0.242516
-454   0.241740
-453   0.241056
-452   0.240446
-451   0.239930
-450   0.239330
-449   0.238714
-448   0.238026
-447   0.237450
-446   0.237000
-445   0.236500
-444   0.236098
-443   0.235866
-442   0.235626
-441   0.235372
-440   0.235198
-439   0.235134
-438   0.235052
-437   0.234896
-436   0.234974
-435   0.234874
-434   0.234740
-433   0.234898
-432   0.234834
-431   0.234800
-430   0.234740
-429   0.234642
-428   0.234372
-427   0.234260
-426   0.234146
-425   0.233956
-424   0.233670
-423   0.233332
-422   0.232828
-421   0.232520
-420   0.232030
-419   0.231668
-418   0.231304
-417   0.230960
-416   0.230594
-415   0.230132
-414   0.229704
-413   0.229246
-412   0.228798
-411   0.228328
-410   0.228138
-409   0.227902
-408   0.227738
-407   0.227642
-406   0.227570
-405   0.227458
-404   0.227348
-403   0.227184
-402   0.226988
-401   0.226682
-400   0.226412
-399   0.226194
-398   0.226012
-397   0.225730
-396   0.225496
-395   0.225192
-394   0.224882
-393   0.224458
-392   0.224022
-391   0.223574
-390   0.223242
-389   0.222778
-388   0.222414
-387   0.221972
-386   0.221600
-385   0.221198
-384   0.220884
-383   0.220566
-382   0.220312
-381   0.219918
-380   0.219512
-379   0.219274
-378   0.219140
-377   0.218970
-376   0.218786
-375   0.218590
-374   0.218636
-373   0.218592
-372   0.218664
-371   0.218654
-370   0.218612
-369   0.218700
-368   0.218632
-367   0.218576
-366   0.218476
-365   0.218386
-364   0.218348
-363   0.218306
-362   0.218370
-361   0.218470
-360   0.218578
-359   0.218818
-358   0.219140
-357   0.219498
-356   0.219826
-355   0.220142
-354   0.220466
-353   0.220946
-352   0.221360
-351   0.221912
-350   0.222460
-349   0.222980
-348   0.223570
-347   0.224186
-346   0.224786
-345   0.225324
-344   0.225812
-343   0.226336
-342   0.226932
-341   0.227462
-340   0.228116
-339   0.228818
-338   0.229530
-337   0.230202
-336   0.230928
-335   0.231718
-334   0.232636
-333   0.233660
-332   0.234556
-331   0.235496
-330   0.236384
-329   0.237146
-328   0.237848
-327   0.238650
-326   0.239656
-325   0.240522
-324   0.241194
-323   0.241778
-322   0.242332
-321   0.242832
-320   0.243248
-319   0.243592
-318   0.243984
-317   0.244440
-316   0.245010
-315   0.245548
-314   0.246220
-313   0.246828
-312   0.247478
-311   0.248210
-310   0.248834
-309   0.249478
-308   0.250100
-307   0.250670
-306   0.251366
-305   0.252024
-304   0.252690
-303   0.253400
-302   0.254194
-301   0.254964
-300   0.255780
-299   0.256528
-298   0.257042
-297   0.257646
-296   0.258228
-295   0.258704
-294   0.259374
-293   0.259968
-292   0.260488
-291   0.261122
-290   0.261828
-289   0.262638
-288   0.263502
-287   0.264486
-286   0.265462
-285   0.266546
-284   0.267752
-283   0.268790
-282   0.269826
-281   0.270878
-280   0.271968
-279   0.273048
-278   0.274138
-277   0.275420
-276   0.276738
-275   0.277944
-274   0.279246
-273   0.280548
-272   0.281956
-271   0.283268
-270   0.284656
-269   0.286036
-268   0.287434
-267   0.288698
-266   0.290120
-265   0.291576
-264   0.292948
-263   0.294362
-262   0.295622
-261   0.296992
-260   0.298424
-259   0.299906
-258   0.301390
-257   0.302792
-256   0.304208
-255   0.305670
-254   0.306918
-253   0.308218
-252   0.309506
-251   0.310792
-250   0.312102
-249   0.313436
-248   0.314740
-247   0.316056
-246   0.317274
-245   0.318432
-244   0.319682
-243   0.320880
-242   0.322084
-241   0.323234
-240   0.324318
-239   0.325408
-238   0.326528
-237   0.327604
-236   0.328724
-235   0.329710
-234   0.330754
-233   0.331856
-232   0.333004
-231   0.334112
-230   0.335188
-229   0.336340
-228   0.337474
-227   0.338754
-226   0.339996
-225   0.341298
-224   0.342690
-223   0.344090
-222   0.345440
-221   0.346710
-220   0.348038
-219   0.349336
-218   0.350720
-217   0.352260
-216   0.353882
-215   0.355574
-214   0.357318
-213   0.358948
-212   0.360556
-211   0.362306
-210   0.363932
-209   0.365494
-208   0.367022
-207   0.368444
-206   0.369980
-205   0.371584
-204   0.373208
-203   0.374928
-202   0.376606
-201   0.378086
-200   0.379776
-199   0.381454
-198   0.383196
-197   0.384936
-196   0.386692
-195   0.388588
-194   0.390584
-193   0.392620
-192   0.394552
-191   0.396438
-190   0.398298
-189   0.400346
-188   0.402442
-187   0.404436
-186   0.406672
-185   0.408834
-184   0.410860
-183   0.412784
-182   0.414836
-181   0.416916
-180   0.418994
-179   0.421020
-178   0.423298
-177   0.425612
-176   0.427838
-175   0.430098
-174   0.432362
-173   0.434602
-172   0.436680
-171   0.438650
-170   0.440474
-169   0.442218
-168   0.443896
-167   0.445640
-166   0.447370
-165   0.448974
-164   0.450582
-163   0.452086
-162   0.453594
-161   0.455052
-160   0.456448
-159   0.457844
-158   0.459268
-157   0.460564
-156   0.461836
-155   0.463146
-154   0.464484
-153   0.465838
-152   0.467120
-151   0.468466
-150   0.469768
-149   0.471018
-148   0.472536
-147   0.474004
-146   0.475296
-145   0.476584
-144   0.477872
-143   0.479076
-142   0.480280
-141   0.481586
-140   0.482966
-139   0.484314
-138   0.485634
-137   0.486912
-136   0.488340
-135   0.489604
-134   0.490902
-133   0.492276
-132   0.493486
-131   0.494876
-130   0.496140
-129   0.497430
-128   0.498780
-127   0.500152
-126   0.501412
-125   0.502578
-124   0.503762
-123   0.505054
-122   0.506232
-121   0.507434
-120   0.508612
-119   0.509862
-118   0.511138
-117   0.512486
-116   0.513842
-115   0.515330
-114   0.516670
-113   0.518084
-112   0.519470
-111   0.520922
-110   0.522390
-109   0.523896
-108   0.525532
-107   0.527028
-106   0.528460
-105   0.529960
-104   0.531422
-103   0.533020
-102   0.534408
-101   0.535728
-100   0.536932
-99   0.538086
-98   0.539322
-97   0.540458
-96   0.541704
-95   0.542936
-94   0.544170
-93   0.545354
-92   0.546580
-91   0.547732
-90   0.548982
-89   0.550210
-88   0.551518
-87   0.552792
-86   0.554040
-85   0.555296
-84   0.556474
-83   0.557716
-82   0.558920
-81   0.560070
-80   0.561218
-79   0.562268
-78   0.563220
-77   0.564184
-76   0.565222
-75   0.566148
-74   0.567234
-73   0.568198
-72   0.569192
-71   0.570096
-70   0.571014
-69   0.571970
-68   0.572928
-67   0.574012
-66   0.575104
-65   0.576152
-64   0.577292
-63   0.578476
-62   0.579784
-61   0.581114
-60   0.582554
-59   0.583954
-58   0.585500
-57   0.586886
-56   0.588298
-55   0.589910
-54   0.591516
-53   0.593110
-52   0.594796
-51   0.596454
-50   0.598000
-49   0.599656
-48   0.601198
-47   0.602726
-46   0.604424
-45   0.606206
-44   0.608110
-43   0.609970
-42   0.611980
-41   0.613752
-40   0.615460
-39   0.617204
-38   0.618922
-37   0.620666
-36   0.622306
-35   0.624236
-34   0.626018
-33   0.628068
-32   0.629868
-31   0.631724
-30   0.633558
-29   0.635362
-28   0.637296
-27   0.639220
-26   0.641150
-25   0.643142
-24   0.645060
-23   0.647020
-22   0.649030
-21   0.651020
-20   0.653040
-19   0.655322
-18   0.657516
-17   0.659812
-16   0.661906
-15   0.664056
-14   0.666288
-13   0.668764
-12   0.671258
-11   0.673708
-10   0.676060
-9   0.678442
-8   0.680676
-7   0.683086
-6   0.685582
-5   0.687972
-4   0.690226
-3   0.692472
-2   0.694736
-1   0.697218
