r MCS_10 MCS_20 MCS_40 MCS_80 MCS_160 MCS_320 MCS_640 MCS_1280 MCS_2560 MCS_5120 MCS_10240 MCS_20480 MCS_40960 
0   1.000000   1.000000   1.000000   1.000000   1.000000   1.000000   1.000000   1.000000   1.000000   1.000000   1.000000   1.000000   1.000000 
1   0.348400   0.341400   0.351400   0.342600   0.347200   0.344800   0.350800   0.340600   0.343000   0.344800   0.348800   0.343600   0.347200 
2   0.300000   0.284600   0.293600   0.296600   0.284200   0.293000   0.290000   0.279600   0.280400   0.289200   0.286400   0.287800   0.288000 
3   0.247600   0.238000   0.236000   0.243800   0.238200   0.236600   0.245200   0.239800   0.233000   0.241200   0.234800   0.244200   0.245200 
4   0.203800   0.192400   0.208800   0.211800   0.203800   0.211400   0.202800   0.183800   0.193400   0.198400   0.212400   0.199400   0.199000 
5   0.171000   0.166600   0.174400   0.176400   0.178200   0.176400   0.169600   0.155400   0.156200   0.158600   0.178000   0.170000   0.171000 
6   0.145800   0.139200   0.153600   0.151400   0.153800   0.140200   0.128600   0.124400   0.140800   0.132600   0.153800   0.133400   0.141800 
7   0.119400   0.120200   0.122400   0.134800   0.129400   0.118600   0.109200   0.099000   0.120800   0.121000   0.128200   0.121800   0.108400 
8   0.094200   0.106000   0.111000   0.109200   0.113800   0.101800   0.093400   0.093200   0.099200   0.107600   0.114000   0.102600   0.093400 
9   0.089800   0.082200   0.090800   0.095600   0.086400   0.089600   0.078800   0.079800   0.087000   0.085400   0.094800   0.088600   0.070600 
10   0.077200   0.069400   0.079600   0.086200   0.073200   0.074000   0.064600   0.062400   0.075200   0.072600   0.083600   0.070400   0.055600 
11   0.063000   0.064200   0.064800   0.073400   0.062400   0.053600   0.050400   0.056600   0.064400   0.065000   0.072200   0.061200   0.055200 
12   0.062800   0.056400   0.059600   0.063800   0.058800   0.045400   0.048600   0.037800   0.064000   0.052600   0.060600   0.047600   0.046600 
13   0.054800   0.046800   0.052000   0.054400   0.041200   0.039400   0.029600   0.041200   0.052600   0.042600   0.042800   0.039200   0.034600 
14   0.037200   0.037800   0.038200   0.041400   0.038000   0.028800   0.039800   0.034600   0.038800   0.040600   0.038800   0.035600   0.026200 
15   0.045200   0.028200   0.039600   0.037400   0.029400   0.024000   0.028600   0.029000   0.036400   0.040200   0.029600   0.021200   0.018600 
16   0.039000   0.019000   0.030600   0.031600   0.034600   0.024400   0.027000   0.020200   0.026000   0.026000   0.034000   0.025000   0.025200 
17   0.023200   0.021400   0.022800   0.039000   0.023600   0.007400   0.025200   0.020800   0.015800   0.026800   0.025400   0.016800   0.014000 
18   0.025400   0.018600   0.037000   0.039000   0.019600   0.014600   0.015200   0.014400   0.022200   0.030400   0.020400   0.009600   0.018200 
19   0.024400   0.014200   0.022600   0.028200   0.022400   0.014800   0.018600   0.009000   0.015800   0.017600   0.016200   0.019200   0.020000 
20   0.014400   0.011600   0.027600   0.033800   0.024400   0.018200   0.015600   0.005400   0.008600   0.012000   0.010800   0.008400   0.013800 
21   0.011400   0.013000   0.020800   0.022000   0.023000   0.020400   0.012600   0.006800   0.007000   0.005400   0.014000  -0.000200   0.014400 
22   0.011000   0.005000   0.019000   0.023800   0.027800   0.015000   0.014200   0.015600   0.005000   0.008200   0.020400   0.000600   0.013000 
23   0.013000   0.009000   0.009400   0.018200   0.018200   0.010800   0.011800   0.019200   0.006800   0.009800   0.011200   0.001800   0.021800 
24   0.005600   0.002000   0.014400   0.016600   0.026000   0.012400   0.010000   0.004200   0.009600   0.007200   0.013000  -0.008800   0.017600 
25   0.010400   0.001400   0.009400   0.024800   0.025200   0.015400   0.010200   0.005200  -0.003200   0.003800   0.019400  -0.014200   0.020400 
26   0.013600   0.002200   0.000200   0.015600   0.016400   0.015800   0.010800   0.011000   0.000800   0.000400   0.010800  -0.009000   0.018600 
27   0.015200   0.001400   0.003800   0.015000   0.009000   0.013200   0.008000   0.012800   0.002000  -0.001400  -0.000200  -0.006400   0.020000 
28   0.016800   0.008200   0.002000  -0.001800   0.006400   0.009800   0.003000   0.010200  -0.008200  -0.002600   0.008000  -0.007200   0.009000 
29   0.016400   0.006800  -0.013200   0.002200   0.007200   0.016800   0.006000   0.008600   0.003000  -0.012600   0.000400  -0.007000   0.009600 
30   0.010400   0.007400  -0.001800   0.001200   0.015000   0.015000   0.000400   0.011200  -0.008600  -0.008200  -0.007400  -0.017000   0.006200 
31   0.012200   0.017800  -0.009200  -0.000800   0.011000   0.012000   0.002200   0.006400   0.005200  -0.008000  -0.006600  -0.013200   0.014200 
32   0.010400   0.004600  -0.002000   0.002800   0.007200   0.009000   0.004400   0.007800   0.005400  -0.003000  -0.012600  -0.012200   0.013200 
33   0.009400   0.013800   0.000600  -0.004800   0.002400   0.012600   0.004400   0.001600  -0.004800  -0.009000  -0.014600  -0.009600  -0.001000 
34   0.003600   0.012600  -0.011800   0.009200   0.011800   0.014400  -0.002800  -0.004800  -0.006200  -0.008200  -0.015400  -0.008800  -0.000800 
35  -0.005400   0.013200  -0.007200   0.005000  -0.004400  -0.005200   0.005600   0.004600  -0.007600  -0.008400  -0.013600  -0.003400  -0.007200 
36  -0.003800  -0.000000  -0.003000   0.015600  -0.003800  -0.003200   0.004600   0.003400  -0.008000   0.000000  -0.015600  -0.005800  -0.015200 
37   0.002400  -0.004200  -0.008000   0.005200  -0.000200  -0.006000   0.000200  -0.002200  -0.003200  -0.006400  -0.012000  -0.002000  -0.015400 
38   0.002600  -0.004200  -0.014000   0.008600  -0.004000  -0.009200   0.010000  -0.006200  -0.004200  -0.003800  -0.010200  -0.013200  -0.009600 
39   0.009600  -0.008400  -0.007800   0.002800   0.009600  -0.000600   0.011200   0.006800  -0.002200   0.000800  -0.012200  -0.016600  -0.014400 
40  -0.003400  -0.003400  -0.016400   0.008200   0.011600  -0.006400   0.013000   0.010000  -0.003400   0.004600  -0.016400  -0.010200  -0.005800 
41   0.001200   0.003400  -0.012000   0.016200   0.002600  -0.010400   0.016000  -0.003800   0.004200   0.009400  -0.007600  -0.008000  -0.008600 
42   0.000400   0.005200  -0.015000   0.009800   0.014000  -0.004600   0.012600   0.002200   0.003200   0.012400  -0.010000  -0.004200  -0.004600 
43   0.000800   0.006800  -0.002800   0.004600   0.015600  -0.007000   0.008000  -0.004400   0.004600   0.010200  -0.007200  -0.009400   0.001400 
44  -0.001600   0.008000  -0.013400   0.009600   0.007800  -0.005200   0.016200   0.000200  -0.002800   0.019400  -0.015000  -0.008200  -0.004400 
45  -0.003800   0.001000  -0.015800   0.001800   0.010000  -0.014000   0.006800   0.003200   0.007800   0.022000  -0.007200   0.002800   0.004000 
46   0.000000  -0.002000  -0.014200   0.002400   0.006600  -0.012200   0.008200   0.008200  -0.001200   0.011000  -0.011000  -0.001600   0.009200 
47   0.001400  -0.002800  -0.023800   0.005400   0.003400  -0.010200   0.008200   0.001400  -0.000600   0.012400  -0.013600   0.001000   0.001200 
48  -0.003800   0.007600  -0.019600   0.000400  -0.005000  -0.014400   0.006200  -0.001400   0.000400   0.005800  -0.010000  -0.001400  -0.001200 
49  -0.001600   0.002600  -0.030600  -0.007200   0.000400  -0.003400   0.004000   0.004000  -0.004400  -0.002200  -0.013600   0.002800   0.006800 
50   0.008200   0.016600  -0.022600  -0.001400   0.007000  -0.005600   0.008200   0.003000   0.006400  -0.001600  -0.025200  -0.009600   0.008800 
51   0.009600   0.001200  -0.019400  -0.005600   0.003200  -0.003000   0.007600   0.002400   0.005200  -0.004600  -0.022000  -0.006400   0.015400 
52   0.009800  -0.000400  -0.017400  -0.009000   0.002800   0.005000   0.010200   0.005000   0.010800   0.000800  -0.020600  -0.011000   0.009800 
53   0.012000  -0.003600  -0.014800   0.003600   0.000400   0.002800  -0.005000   0.011000   0.004000  -0.009600  -0.011400  -0.002200   0.015400 
54   0.014800  -0.007600  -0.022600   0.005200   0.000400   0.009600   0.003400   0.009600   0.000600  -0.009600  -0.023600  -0.006800   0.011800 
55   0.015800  -0.003400  -0.017200   0.002800  -0.000200   0.002800  -0.002600   0.011600   0.004000  -0.006800  -0.019200  -0.004600   0.016400 
56   0.018000  -0.003400  -0.003600   0.011000  -0.004400  -0.007800  -0.014200   0.002200   0.016000  -0.000800  -0.025000  -0.003000   0.013600 
57   0.020600  -0.001800  -0.004600   0.007000  -0.006600  -0.006600  -0.009600   0.009200   0.009400  -0.006800  -0.015600  -0.002600   0.012600 
58   0.005400  -0.006600  -0.012400   0.000400  -0.011600  -0.003200  -0.004800   0.004800   0.007200   0.004200  -0.005800   0.004800   0.013200 
59   0.015600   0.005800  -0.019600   0.003200  -0.012400   0.001200  -0.008800   0.008800   0.008600  -0.005600  -0.017600   0.009800   0.023200 
60   0.008400  -0.002800  -0.012600   0.000800  -0.017000  -0.001800  -0.001800   0.000200   0.006800   0.002600  -0.000200   0.008000   0.014800 
61   0.009600   0.006400  -0.015200  -0.004200  -0.006400  -0.013800  -0.007000   0.007400  -0.000400   0.002800  -0.009800   0.009400   0.016000 
62  -0.008200   0.009600   0.002400  -0.001400   0.000400  -0.005000  -0.000200   0.015800   0.014200  -0.000200  -0.009400   0.001400   0.015200 
63  -0.004800   0.013600   0.001400  -0.005000  -0.006800  -0.003000   0.002600  -0.005000   0.016400   0.000400  -0.006800   0.002600   0.011000 
64  -0.001600  -0.002200  -0.003400  -0.005200  -0.002200  -0.006000  -0.002400  -0.005200   0.012200   0.006000  -0.010800  -0.003400   0.002200 
65  -0.015200   0.005600   0.005400  -0.014800  -0.001200  -0.002200  -0.009600   0.002400  -0.000200  -0.004200  -0.010600   0.000400   0.000800 
66  -0.010200   0.012000   0.006800  -0.008800   0.000600  -0.008400  -0.005600  -0.001800   0.002800  -0.005200  -0.012800  -0.002000   0.000400 
67  -0.008000   0.006600   0.007000  -0.009200  -0.006800  -0.002600  -0.003600  -0.006200   0.012000  -0.010400   0.002400   0.006200  -0.000800 
68   0.000000   0.003800   0.012400  -0.014600   0.002200  -0.005000  -0.004200  -0.006600   0.014800  -0.003200  -0.004200   0.004800  -0.002600 
69   0.000000  -0.001600   0.006800  -0.010200  -0.009800   0.006800  -0.017800  -0.012600   0.007800  -0.003800  -0.006000   0.002000  -0.001800 
70  -0.005000   0.003800   0.004400  -0.016000  -0.008400   0.011600  -0.010600  -0.002600   0.011600  -0.006600  -0.007800  -0.006800   0.001200 
71  -0.009600   0.017200  -0.002800  -0.002800  -0.004800  -0.005200  -0.012000  -0.000600   0.014800   0.008200   0.001800   0.009800   0.001800 
72  -0.009800   0.010800  -0.003400  -0.008600  -0.018000   0.003400  -0.007600   0.001200  -0.000400   0.007600   0.000800   0.010800  -0.006000 
73  -0.010000   0.012400   0.000400  -0.006000  -0.017200   0.004800  -0.007400  -0.012200  -0.001000   0.001400   0.007400   0.013800  -0.010400 
74  -0.013600   0.016400  -0.011200  -0.009200  -0.013600  -0.000400   0.001600   0.000200  -0.002400  -0.007000   0.007000   0.001400  -0.018800 
75  -0.015600   0.019800  -0.007400  -0.015400  -0.016800   0.000600  -0.002400  -0.004800   0.002800   0.004800   0.007400  -0.002000  -0.014800 
76  -0.013600   0.018600   0.001000  -0.005600  -0.008600  -0.001400  -0.007400   0.000400   0.005000  -0.000000   0.015800  -0.004400  -0.005000 
77  -0.008800   0.014400  -0.002200   0.002000  -0.011200   0.002200  -0.006800   0.001400  -0.002200  -0.006000   0.004600   0.004000  -0.008400 
78  -0.012800   0.012200  -0.006600  -0.011200  -0.015400   0.010600   0.000800   0.000600  -0.007000  -0.004000   0.011800   0.003000   0.002200 
79  -0.003400   0.004800  -0.003200  -0.003000  -0.021000   0.008600  -0.004200   0.004400  -0.003200   0.006200   0.005400  -0.004200  -0.007000 
80  -0.005000   0.009400  -0.006800  -0.002600  -0.010200   0.007600  -0.014800   0.007600   0.001200  -0.001200   0.006600   0.002200  -0.000400 
81   0.000800   0.003000   0.003000  -0.003000  -0.008200   0.000600  -0.008600   0.004800  -0.005600   0.006800   0.007800  -0.001600   0.005000 
82  -0.007200   0.012000  -0.005000  -0.003200  -0.004800   0.003200  -0.014600   0.005000  -0.004200  -0.004800   0.005600   0.002800   0.006000 
83  -0.009200   0.007600   0.001800   0.001000  -0.011200  -0.008600  -0.011600   0.004200  -0.006600  -0.012800   0.011600   0.002800   0.013800 
84  -0.007400   0.016200   0.005800   0.007000  -0.017800  -0.000400  -0.007600   0.001400  -0.006800   0.001000   0.001600   0.006800   0.004600 
85   0.002600   0.002400  -0.001600   0.010600  -0.009600   0.001400  -0.006600   0.000200  -0.015200  -0.008000  -0.000800  -0.000400  -0.001000 
86   0.002200   0.005800   0.002200  -0.000600  -0.007800  -0.000200  -0.009600  -0.002600  -0.009800  -0.007200   0.008400  -0.010800   0.004200 
87  -0.005600   0.005600   0.003400  -0.003800   0.001400  -0.001000  -0.008600   0.000200  -0.008200  -0.000800   0.001000  -0.007600   0.012600 
88  -0.002600   0.012200   0.005000   0.003000   0.008000  -0.008200   0.000400   0.001600  -0.008600   0.008600   0.010400  -0.015400  -0.000200 
89  -0.006200   0.004000   0.004400   0.007400   0.003600  -0.010600  -0.006000   0.012400  -0.010000   0.005800   0.003600  -0.010000   0.010000 
90  -0.006000   0.011000  -0.001800   0.012600   0.001600   0.001000   0.002800   0.007400  -0.014800   0.006800   0.003800  -0.007200   0.006600 
91  -0.021200   0.010200  -0.003600   0.008400  -0.004400  -0.005800  -0.000800   0.003600   0.005000   0.012000  -0.003200  -0.007800   0.010800 
92  -0.018800   0.014000   0.002200   0.010400  -0.004000  -0.009600   0.003200  -0.003800   0.001000   0.009200   0.009200  -0.008400   0.008000 
93  -0.015600   0.013000   0.004400   0.010800  -0.013000  -0.000200   0.001200   0.006600  -0.001800   0.004600   0.005600  -0.008600   0.005400 
94  -0.013000   0.016000   0.001000   0.012800  -0.005400   0.001400  -0.001800  -0.006600  -0.004800   0.009000   0.011600  -0.011400   0.002400 
95  -0.012600   0.006400  -0.004400   0.012400  -0.007000   0.003600  -0.004200   0.002600  -0.002800   0.010600  -0.002200   0.000400   0.010400 
96  -0.008000   0.006200  -0.004600   0.021600  -0.007200   0.006600  -0.011600   0.011000   0.002200   0.018600   0.004000  -0.012800   0.003600 
97  -0.005200   0.012200  -0.016000   0.021000  -0.014000   0.018000  -0.002400  -0.003600  -0.003800   0.010800   0.002600   0.003200  -0.002000 
98  -0.004600   0.010800  -0.014000   0.020800  -0.009600   0.007800   0.009800  -0.003600  -0.005600   0.019600   0.018800  -0.004000   0.004800 
99  -0.008400   0.005600  -0.012200   0.024000  -0.003000   0.006400   0.011200  -0.000000  -0.001800   0.021400   0.010000  -0.006000  -0.002200 
100   0.001200   0.004400  -0.004800   0.023400  -0.013200   0.006000   0.010000  -0.010200  -0.002600   0.007400   0.010800  -0.008200  -0.000600 
101  -0.007200   0.015600  -0.009600   0.019000  -0.004800   0.001400   0.005600   0.005000  -0.001600   0.003600   0.012000   0.006000  -0.000800 
102   0.003400   0.018400  -0.014800   0.015600  -0.007200  -0.005000   0.012400   0.000600   0.002000   0.007400   0.013800   0.005400  -0.003200 
103   0.001000   0.010200  -0.003200   0.010200  -0.003400   0.004800   0.017000   0.000200   0.005200   0.007000   0.017000   0.005400   0.005000 
104  -0.002200   0.010600  -0.011000   0.006400  -0.008200   0.012000   0.018600   0.006400   0.008200  -0.004000   0.009800   0.007600   0.001800 
105  -0.007200   0.014400  -0.013000   0.016000   0.005200  -0.002000   0.016200   0.002800  -0.003200   0.005600   0.003600   0.008000   0.001200 
106  -0.014400   0.010400  -0.006800   0.014400   0.010800   0.002600   0.005600   0.007600  -0.011800   0.014000   0.010000   0.002600  -0.000000 
107  -0.010000   0.016200  -0.009400   0.012200   0.007600  -0.001200   0.016400   0.008600   0.009400   0.012800   0.017200  -0.001800   0.005200 
108  -0.011000   0.008800  -0.004800   0.024000   0.000200   0.002600   0.015400   0.013200   0.000800   0.009200   0.013600   0.000600   0.003200 
109  -0.022800   0.015000  -0.003400   0.013600  -0.002400   0.008200   0.011200  -0.000800   0.007200   0.015600   0.021000   0.005000   0.016400 
110  -0.014800  -0.007400  -0.009600   0.019200   0.003600   0.006600   0.012800   0.008600   0.002000   0.019600   0.017400   0.004800   0.016200 
111  -0.009400   0.001200  -0.002000   0.016600   0.003600   0.003200   0.009600  -0.015600   0.006000   0.016000   0.020200   0.004400   0.017400 
112  -0.005800  -0.001200  -0.001200   0.015000   0.014400  -0.001000   0.014000  -0.002200   0.007800   0.008800   0.023200   0.005400   0.012600 
113  -0.011800  -0.001200  -0.003200   0.009000   0.008000   0.009200   0.012800  -0.005000  -0.003000   0.011800   0.039000   0.001400   0.014000 
114  -0.006200  -0.006400  -0.006200   0.014600   0.008800  -0.004400   0.014200  -0.010800  -0.005800   0.013000   0.028200   0.003400   0.013800 
115  -0.018600  -0.008800   0.007600   0.007800   0.011200  -0.002200   0.011400  -0.004600   0.002600   0.006000   0.018600   0.003200   0.008600 
116  -0.000600  -0.004400  -0.007400  -0.001000   0.006400   0.001800   0.002800  -0.001800  -0.008400   0.017000   0.022400  -0.010800   0.012200 
117  -0.003400  -0.006200  -0.006600   0.010200   0.005800   0.004000   0.008600  -0.007800  -0.009400   0.010600   0.017200  -0.003200   0.007000 
118  -0.008600  -0.013200  -0.004000   0.003200  -0.000600   0.001600   0.008800  -0.010400   0.007000   0.011800   0.021200  -0.001200   0.008600 
119   0.005000  -0.018200   0.006200   0.009400  -0.002600  -0.007000  -0.003400  -0.008600  -0.010200  -0.000400   0.025800   0.001600  -0.000400 
120   0.001600  -0.022800   0.007400   0.008600   0.009400  -0.009800   0.011800  -0.006200  -0.012800  -0.002000   0.014600  -0.000800   0.006600 
121   0.001000  -0.019000   0.011600   0.011800   0.000600  -0.010000   0.007400  -0.007800  -0.015000   0.005800   0.018600   0.002600  -0.000000 
122   0.003400  -0.020400   0.000200   0.011000  -0.003200  -0.018200  -0.002000  -0.006600  -0.015400  -0.000800   0.014200  -0.001200   0.001000 
123  -0.000200  -0.019600   0.006800   0.010000   0.001000  -0.014000   0.003000  -0.013600  -0.016800   0.013600   0.013000   0.001600   0.005400 
124  -0.008600  -0.020000   0.008000   0.005600   0.001600   0.001600   0.007600  -0.012000  -0.019200   0.006200   0.017800   0.000400   0.012800 
125  -0.011600  -0.013400   0.000000   0.008400   0.003800  -0.000200   0.000200  -0.009600  -0.019600   0.011200   0.022000   0.010600   0.003600 
126  -0.009400  -0.016400  -0.000600   0.004200  -0.000800  -0.002800   0.007000  -0.009200  -0.017000   0.006200   0.014000   0.006200  -0.008200 
127  -0.008000  -0.022400  -0.001200  -0.011200   0.003800  -0.004200   0.011600  -0.003000  -0.013000  -0.000200   0.014200   0.005400   0.009200 
128  -0.000800  -0.024800  -0.002000   0.003800  -0.000200  -0.006400   0.001000  -0.009000  -0.000600   0.007200   0.007000   0.010600   0.001600 
129  -0.011600  -0.021000   0.002600  -0.008400  -0.001800  -0.006200   0.011800  -0.003600  -0.010400   0.010000   0.000200   0.008400  -0.002000 
130  -0.017800  -0.016400   0.002200   0.000600   0.008600  -0.001800   0.000600  -0.004600  -0.002000   0.011400   0.012600   0.008400   0.007000 
131  -0.014400  -0.032400   0.005400   0.001000  -0.002600   0.001000   0.001800  -0.004800  -0.007400   0.002400   0.015800   0.003000  -0.000600 
132  -0.020400  -0.013800   0.008600  -0.000200   0.004200  -0.002000  -0.004800  -0.004600  -0.006600   0.015400   0.007400   0.016600  -0.014600 
133  -0.016800  -0.016600   0.003000  -0.001600   0.006200   0.007000   0.005000   0.001800  -0.001800   0.006200   0.009400   0.008400   0.001200 
134  -0.013800  -0.006000   0.000400   0.000000  -0.002600   0.006200  -0.001200  -0.005800  -0.008200   0.001800   0.006200   0.018200  -0.002600 
135  -0.016200  -0.010200   0.000600  -0.008600  -0.010600  -0.000200  -0.004000   0.009600  -0.007200   0.010000   0.002400   0.012000  -0.001200 
136  -0.007600  -0.003200   0.004000   0.001200  -0.005600  -0.011000  -0.008000   0.001200  -0.005000  -0.000600   0.002400   0.010600   0.009200 
137  -0.009200  -0.006600  -0.005600   0.000800  -0.015200  -0.000800   0.002200   0.004600  -0.011000  -0.003400   0.006800   0.016400   0.009000 
138  -0.015600   0.004000  -0.012000   0.004600  -0.012200  -0.000600  -0.000400   0.000400  -0.006000   0.005000   0.007800   0.020400  -0.006800 
139  -0.019000  -0.012400  -0.002800  -0.004800  -0.009400   0.002800  -0.005600   0.017000   0.001800  -0.006600   0.003800   0.013200   0.002800 
140  -0.014400  -0.011200  -0.008800  -0.009600  -0.000600   0.000600  -0.000200   0.013800  -0.011200  -0.005000   0.008000   0.012600  -0.002400 
141  -0.011400  -0.007400  -0.010600  -0.012600  -0.017200  -0.003800  -0.007400   0.015200  -0.007800   0.000200   0.013800   0.004000   0.006000 
142  -0.008400  -0.005800  -0.008800  -0.011800  -0.019000  -0.004600   0.002800   0.021400  -0.009000   0.000200   0.010200   0.002600   0.013200 
143  -0.011600  -0.007800  -0.005400  -0.018600  -0.007800   0.006800   0.003000   0.012200  -0.012400   0.000800   0.009800  -0.005200   0.016000 
144  -0.017000  -0.011600  -0.014400  -0.012600  -0.005000   0.003600   0.012800   0.022600  -0.004800  -0.009400   0.008400  -0.005200   0.007400 
145  -0.009200  -0.012000  -0.008000  -0.012200  -0.011600  -0.013800   0.005000   0.009800  -0.010600   0.004400   0.008200   0.003000   0.015200 
146  -0.006000  -0.010400  -0.001800  -0.008800  -0.015000   0.006400   0.006800   0.018800  -0.007800   0.010000   0.008000   0.001400   0.010800 
147  -0.017000   0.001400  -0.004000  -0.007800  -0.004400  -0.002400   0.007000   0.009000  -0.007600  -0.001200   0.003600   0.000600   0.012800 
148  -0.000200   0.001600   0.000600  -0.012200  -0.009200   0.006000  -0.001200   0.015200  -0.000600   0.005800   0.014000  -0.002400   0.019600 
149   0.005800   0.001000   0.004000   0.003400   0.002600   0.004000  -0.006400   0.030200  -0.004200  -0.001400   0.010800  -0.003200   0.015800 
150  -0.009600   0.004800   0.006200   0.012600  -0.008200   0.007200   0.002400   0.026400  -0.006600  -0.002000   0.004600   0.002600   0.017200 
151  -0.002200   0.001200   0.002800   0.009200  -0.005200   0.009600  -0.008000   0.021400   0.009200  -0.004000  -0.003000  -0.000800   0.020400 
152  -0.012000  -0.003600   0.006800   0.010400  -0.006800  -0.007200  -0.001000   0.023600  -0.011600  -0.001400   0.000800  -0.005400   0.018400 
153  -0.015800  -0.001000  -0.001600  -0.001200  -0.006400  -0.000800  -0.001200   0.013200  -0.005400   0.001400  -0.004800  -0.009000   0.014800 
154  -0.019000   0.011800  -0.005800   0.003600  -0.012200   0.002000   0.003800   0.023000  -0.010600   0.005800  -0.002600  -0.004400   0.022600 
155  -0.009200   0.005600  -0.001800   0.007200  -0.011200  -0.008000  -0.005200   0.009400  -0.003600   0.010400  -0.010000  -0.005000   0.019400 
156  -0.007400   0.005800   0.000000   0.010400  -0.024400  -0.009800  -0.008400   0.008600  -0.000800   0.006800   0.003200  -0.006200   0.017800 
157   0.001600   0.004800   0.010800   0.015000  -0.015800   0.002000  -0.011400   0.010200  -0.004000   0.007200  -0.001200   0.000400   0.015800 
158  -0.006800   0.001400   0.010000   0.010800  -0.011600  -0.005200  -0.007000   0.008400   0.016600   0.006400  -0.004800  -0.011800   0.026000 
159  -0.011400   0.005200   0.002800   0.010200  -0.012600  -0.005400  -0.005000  -0.006600   0.015200   0.015800  -0.010600  -0.002600   0.017000 
160  -0.010200  -0.000600   0.002400   0.010000  -0.021200   0.001200   0.005200  -0.003600   0.012200   0.009800   0.002000  -0.003800   0.013400 
161  -0.012600   0.005400   0.000600   0.010400  -0.015200  -0.001000   0.004200   0.001000   0.007000   0.015400  -0.001400   0.004800   0.020000 
162  -0.013000   0.011600  -0.016800   0.006400  -0.019200  -0.012600   0.000800  -0.005800   0.006400   0.009600  -0.007200   0.005000   0.024000 
163  -0.001600   0.012800  -0.007400   0.007000  -0.010200  -0.004600  -0.004600  -0.002800   0.010200   0.007800  -0.004600   0.000200   0.013400 
164  -0.007200   0.010400  -0.003800   0.010200   0.001800   0.004400  -0.001800   0.010000   0.006800   0.010600  -0.006800   0.007800   0.017000 
165  -0.000200   0.013600  -0.001400  -0.004600  -0.003200  -0.004200   0.006200   0.002800   0.006600   0.011400  -0.004000  -0.001400   0.006400 
166  -0.000400   0.010400  -0.011200  -0.002000   0.002200   0.000400   0.001800   0.010600   0.020000   0.016600  -0.002800   0.005400   0.012200 
167   0.004400   0.006000  -0.000200   0.001600   0.006200   0.004600   0.004800   0.008600   0.017200   0.008200   0.013000   0.006200   0.010200 
168  -0.002000   0.007400   0.003400  -0.011200   0.011400   0.010600   0.009200   0.017000   0.013000   0.001600  -0.001400  -0.001600   0.011000 
169  -0.011800   0.012000   0.005600  -0.021800   0.003600   0.007800   0.001000   0.012000   0.009800   0.003200  -0.005400  -0.002000   0.011200 
170  -0.012600   0.008000   0.007600  -0.010000   0.003200  -0.003200   0.016000   0.006000   0.008000   0.005400  -0.002200   0.002600   0.012600 
171  -0.000800   0.018600   0.003000  -0.016600   0.012000   0.007200   0.014000   0.008400   0.021200   0.008800   0.005400  -0.001000   0.000800 
172  -0.000800   0.004600   0.003600  -0.014600   0.021400   0.011000   0.005600   0.011400   0.007600   0.004800   0.005200  -0.002000  -0.007800 
173  -0.001200   0.012800  -0.001200  -0.027400   0.005000   0.008200   0.018800   0.002200   0.015200   0.004800  -0.000200   0.002000  -0.001000 
174  -0.005600   0.005400   0.009000  -0.018000   0.000400   0.008000   0.007600  -0.001200   0.014800   0.003400   0.000400  -0.005200   0.003200 
175  -0.004400   0.008200   0.005000  -0.031200   0.009400   0.011400   0.011800  -0.001800   0.008200   0.001800  -0.010200  -0.002800  -0.000600 
176  -0.009400   0.004600   0.008600  -0.023800   0.007000   0.001000   0.010400  -0.006600   0.005600  -0.005800  -0.007600  -0.002600  -0.001800 
177  -0.009000  -0.004800  -0.002800  -0.015000  -0.010800   0.008400   0.013000  -0.002400   0.001800   0.004800   0.001200  -0.002800  -0.004400 
178  -0.002000  -0.007400   0.002400  -0.010000  -0.002600   0.004800   0.002000   0.003000   0.009800   0.001000  -0.006600   0.006200  -0.009000 
179  -0.004200  -0.005000   0.006000  -0.014600  -0.004000   0.009400   0.006000  -0.002600   0.009200  -0.006200  -0.000800  -0.007200  -0.001000 
180  -0.016200  -0.010600   0.000200  -0.016000  -0.008000   0.009000  -0.001200   0.008400   0.011800   0.005800  -0.009400  -0.009000   0.003200 
181  -0.016200  -0.007600   0.009400  -0.014800  -0.001200   0.006600  -0.003800   0.000400   0.012800   0.003600  -0.016600  -0.009800  -0.002600 
182  -0.021200  -0.000400   0.000800  -0.011200  -0.004600   0.012600   0.005400  -0.000400   0.016800   0.001200  -0.008000   0.004400  -0.003000 
183  -0.010400  -0.007800   0.006400  -0.007400   0.003200   0.003200   0.006200  -0.002400   0.006400   0.004000  -0.005800   0.003000   0.009400 
184  -0.011000  -0.006000   0.013400  -0.006600   0.002400   0.001800   0.007400   0.007400   0.007200   0.001600  -0.002400   0.005600  -0.001800 
185  -0.016800   0.004600   0.014000  -0.012000  -0.000800  -0.001200   0.002200  -0.000400   0.009800   0.007200  -0.002000   0.000200  -0.006600 
186  -0.006800   0.000600   0.012600  -0.007400  -0.002200  -0.002000   0.000400  -0.004800   0.004000   0.007200   0.004200   0.001200  -0.006000 
187   0.000400   0.000200   0.012800  -0.005000  -0.003600   0.008600   0.004600  -0.006400   0.009600   0.006200   0.009200   0.003200  -0.014200 
188  -0.003800  -0.000200   0.008800  -0.003600  -0.003400  -0.003200  -0.004800  -0.006000  -0.001800   0.014600   0.004400  -0.002200  -0.017400 
189   0.002000  -0.000800   0.010000  -0.009800  -0.013400   0.003800   0.003200  -0.010800   0.002600   0.011600   0.010200   0.002600  -0.013800 
190   0.010800   0.007800   0.008800  -0.013800  -0.010600   0.001200   0.000400  -0.015000   0.001800   0.024400  -0.006400  -0.004000  -0.019600 
191   0.010800   0.010000   0.015800   0.001600  -0.014600  -0.006600   0.001000  -0.022200   0.009600   0.025000   0.014800  -0.002000  -0.009000 
192   0.002800   0.013600   0.007200   0.007000  -0.010600  -0.004600   0.003800   0.000400   0.007200   0.022000   0.001600   0.006200  -0.000600 
193  -0.004800   0.007600   0.011600   0.001000  -0.008000   0.001800   0.004600  -0.000600   0.005200   0.023600  -0.003000  -0.003000  -0.010400 
194   0.005600   0.009200   0.010400   0.011600   0.002400  -0.005400   0.004000  -0.004600   0.007800   0.021200   0.001400   0.006800  -0.008000 
195  -0.007800   0.008200   0.004000   0.015000  -0.004400  -0.004800   0.001200  -0.000800   0.006600   0.024400   0.001400   0.000200  -0.010200 
196   0.002000   0.013000   0.010600   0.010000  -0.011000  -0.003200   0.000200   0.008800  -0.006400   0.006800  -0.005400   0.003000  -0.008000 
197   0.001200   0.004200   0.004000   0.015400  -0.006600  -0.004800   0.004000   0.007400   0.005000   0.006000  -0.013000   0.000600  -0.011200 
198  -0.005600   0.001000   0.005800   0.006000  -0.010200  -0.006600   0.003200   0.008000   0.014800   0.020000  -0.014800   0.002800  -0.005800 
199  -0.002800   0.006600   0.001000   0.001000  -0.010200  -0.015800   0.013000   0.006600   0.005200   0.019000   0.000800   0.001800  -0.002000 
200   0.009200   0.005200   0.007800   0.002800  -0.011000  -0.013400   0.009800   0.014000   0.004600   0.015000  -0.004200   0.004800  -0.003600 
201  -0.008000   0.011000   0.014200  -0.000400  -0.004400  -0.003800   0.006000   0.011200  -0.003200   0.013200  -0.005600  -0.011200  -0.010000 
202   0.001000   0.006200   0.002200  -0.002600  -0.004600  -0.008000   0.010800   0.013600   0.008800   0.017600  -0.008800   0.000000  -0.007200 
203  -0.007000   0.009400   0.004800  -0.002000  -0.011600  -0.014400   0.009800   0.012400   0.005400   0.001600   0.003000  -0.007400  -0.009200 
204   0.003800   0.004200   0.001400   0.005200  -0.011000  -0.012000   0.013800   0.005000   0.008400   0.003000   0.000000  -0.000800  -0.003000 
205   0.001600   0.006800  -0.006200   0.003600  -0.013600  -0.021600   0.014600   0.000200   0.008800   0.012800  -0.001800  -0.004000  -0.010600 
206   0.006000   0.015200  -0.006600   0.004800  -0.005200  -0.014000   0.012400  -0.004600   0.017600   0.001800   0.002200   0.003800  -0.006400 
207  -0.004000   0.010000  -0.011600   0.004200  -0.012400  -0.016600   0.015000   0.001800   0.019200  -0.000600   0.010200  -0.001600  -0.008000 
208  -0.009800   0.007200  -0.008200  -0.009400  -0.000200  -0.011200   0.010000   0.002800   0.005800   0.007600   0.004600   0.007600  -0.002000 
209   0.000400  -0.001200  -0.011600  -0.003000  -0.005000  -0.018200   0.008000  -0.019200   0.009800  -0.001400   0.004000   0.014200  -0.004200 
210   0.000200   0.014600  -0.023400   0.000400  -0.005800  -0.012800   0.001000  -0.022200   0.001400  -0.004600   0.012000   0.010400   0.003600 
211  -0.019000  -0.004200  -0.024000  -0.000600  -0.005200  -0.014000   0.004600  -0.013200   0.002600  -0.000400   0.002000   0.012400   0.012600 
212  -0.005000   0.004200  -0.024200  -0.006800  -0.013000  -0.012000   0.009800  -0.011800  -0.003600   0.009400   0.008000   0.023000  -0.000200 
213  -0.004200   0.006600  -0.016000   0.002000  -0.003000  -0.015400   0.003200  -0.011200  -0.001600   0.001400   0.001800   0.015000   0.016800 
214  -0.002000   0.003400  -0.024000  -0.002800   0.011400  -0.013000  -0.003800  -0.018200   0.003200  -0.008400  -0.001200   0.020000   0.014600 
215   0.002400   0.002600  -0.026200   0.000000   0.000600  -0.023200   0.002000  -0.010400   0.010800   0.000000   0.002800   0.021000   0.018200 
216   0.006000   0.008200  -0.019400   0.003000   0.001200  -0.017800  -0.001200  -0.011000   0.013600  -0.002000   0.009000   0.030600  -0.002000 
217   0.000600  -0.001400  -0.018600   0.008600   0.000600  -0.017000   0.001800  -0.022800   0.000400  -0.001000   0.005600   0.036400   0.002200 
218   0.001200   0.006000  -0.025400   0.001800  -0.001200  -0.015400  -0.002000  -0.016600   0.013600  -0.001400   0.003600   0.033200   0.006400 
219   0.000400   0.003200  -0.022400   0.011600   0.007800  -0.020600  -0.003200  -0.025000   0.021400  -0.005800   0.008200   0.015800   0.007000 
220  -0.002200  -0.009400  -0.018400   0.013200   0.009200  -0.017800  -0.003200  -0.025200   0.030400  -0.003800   0.005200   0.005400   0.010800 
221   0.005000  -0.004600  -0.024200   0.011400   0.010600  -0.015200  -0.012800  -0.023800   0.026200  -0.002600  -0.001800   0.017000   0.009800 
222   0.003400  -0.015000  -0.020400   0.005800   0.016000  -0.012200  -0.015400  -0.011600   0.032400  -0.005600   0.000200   0.011400   0.001600 
223   0.006000  -0.005000  -0.019600   0.016800   0.016200  -0.026000  -0.004800  -0.014400   0.026000  -0.016800   0.000600   0.011000   0.009400 
224  -0.001000  -0.011600  -0.012600   0.016600   0.018800  -0.017800  -0.002200  -0.013400   0.017600  -0.004400   0.007600   0.003400   0.007200 
225   0.005200  -0.002000  -0.007800   0.015600   0.031000  -0.016800  -0.009800  -0.020600   0.020600  -0.003000   0.009800   0.000200   0.012600 
226  -0.002800   0.002800  -0.012400   0.013800   0.024000  -0.012400  -0.010600  -0.014000   0.015800  -0.008800   0.012000  -0.001200   0.008800 
227  -0.003000  -0.002800  -0.011200   0.005600   0.014200  -0.013800  -0.009600  -0.013200   0.013800  -0.007800   0.012800  -0.000600   0.011200 
228   0.004600  -0.016200  -0.008000   0.003800   0.018200  -0.009800  -0.005200  -0.008400   0.010400  -0.007400  -0.001000   0.000800   0.000400 
229   0.007400  -0.005400  -0.005200   0.003800   0.004000  -0.014200  -0.007800  -0.001200   0.010600  -0.004200  -0.003400   0.001800   0.004800 
230   0.002800   0.007400  -0.004800  -0.009800   0.002800  -0.010400  -0.002000   0.003800   0.010800   0.007000   0.003400  -0.006400  -0.007200 
231  -0.001400  -0.008000  -0.004000  -0.006800   0.001600  -0.008000  -0.001200  -0.000200   0.007000   0.004200  -0.002200  -0.008200   0.003800 
232  -0.004400  -0.004200  -0.007600   0.005000   0.009600  -0.013600  -0.007200  -0.005600   0.013600   0.001000   0.009200   0.000600  -0.005800 
233   0.007600   0.004800  -0.003600   0.001600   0.012200  -0.009000  -0.006400  -0.007600   0.003800  -0.006200   0.012600   0.007800   0.004600 
234  -0.003600   0.002600   0.001200  -0.003600   0.008000  -0.017000  -0.001800  -0.014000   0.008600   0.001600   0.007800   0.015200  -0.006600 
235   0.003600   0.001400   0.010600   0.001600   0.013400  -0.007800  -0.003000  -0.008000   0.004800   0.002400   0.010200   0.011600  -0.007800 
236  -0.000800   0.011400   0.002400   0.005200   0.000400  -0.006400  -0.012000  -0.007000  -0.012400   0.000800   0.015400   0.004400  -0.010600 
237  -0.004200   0.003400   0.008000  -0.004000   0.007200  -0.004000  -0.012800  -0.000600  -0.004600  -0.001200  -0.000400   0.010400  -0.012800 
238   0.000200  -0.002000  -0.003200  -0.002200   0.002600  -0.004800  -0.006000   0.006800  -0.009400   0.002200   0.014800   0.008200  -0.015200 
239   0.004600  -0.003000   0.010800  -0.003400   0.009600  -0.001400  -0.001000   0.012600  -0.010800   0.005000   0.005400   0.014600   0.000800 
240  -0.009200   0.002600   0.000400  -0.003800   0.003600  -0.004400  -0.003200   0.014000  -0.006200   0.017400  -0.000400   0.007600  -0.003000 
241   0.005200  -0.002000  -0.004000  -0.011200   0.002200   0.002800  -0.001800   0.003600  -0.002000   0.014800   0.010800   0.004400  -0.011000 
242   0.000200   0.003600  -0.002200  -0.008200  -0.009800  -0.003000   0.005400   0.011600  -0.012200   0.017400   0.009400   0.004000  -0.000800 
243   0.010000   0.000400   0.006200  -0.008600  -0.011800  -0.005800   0.001400   0.010200  -0.010600   0.010400   0.016800   0.015200  -0.006000 
244   0.003800   0.006600  -0.005000  -0.018200  -0.001600   0.004200   0.004000   0.011000  -0.003000   0.004400   0.018800   0.010000   0.002600 
245  -0.004000   0.001200  -0.001400  -0.010000  -0.003800   0.007600   0.002800  -0.002200  -0.006200   0.004800   0.011400   0.013200   0.002600 
246  -0.005200   0.013000  -0.002800  -0.008800  -0.018400   0.008600   0.018400   0.012200  -0.003400   0.005800   0.026400   0.012800   0.005200 
247  -0.004400   0.014000  -0.006000  -0.009400  -0.005000   0.003400   0.014400   0.016000   0.001000   0.011600   0.018000   0.007400   0.011400 
248  -0.007400   0.001600  -0.009600  -0.008600  -0.011600   0.004800  -0.003800   0.014000  -0.000400   0.014400   0.008600   0.011800  -0.007800 
249   0.002200  -0.000200  -0.004600  -0.021000  -0.000000   0.012000   0.005800   0.004400  -0.001200   0.012000   0.005400   0.015400  -0.006400 
250  -0.001800  -0.005200  -0.011800  -0.018000  -0.002600   0.002200   0.000000   0.007600  -0.005200   0.004800   0.013000   0.011200  -0.000800 
251   0.004800  -0.001600  -0.000400  -0.022400  -0.003800   0.001600  -0.000800   0.005600   0.002200   0.006200   0.013200   0.010000   0.003000 
252  -0.001800  -0.007600  -0.007600  -0.026600  -0.000800   0.007000  -0.001000   0.006800   0.002000   0.007400   0.011400   0.012400  -0.000600 
253  -0.009800  -0.001200  -0.001200  -0.005600   0.003200  -0.007000  -0.002000   0.012600   0.002600   0.002400   0.013000   0.014200  -0.002600 
254  -0.010200  -0.011400  -0.002600  -0.019600  -0.004000   0.000400   0.004000   0.016800   0.000000   0.005200   0.014800   0.012400   0.004800 
255  -0.009800   0.001400   0.004800  -0.010000  -0.004600   0.003000  -0.009000   0.005600  -0.006000   0.011600   0.011800   0.024600   0.003200 
256  -0.006000  -0.001400  -0.004200  -0.005200  -0.003000   0.004000  -0.015800   0.013400  -0.011400   0.013400   0.012600   0.021800   0.000400 
257  -0.010200   0.002600  -0.000200  -0.006000  -0.003400  -0.000200  -0.017000   0.013000  -0.007000   0.001400  -0.000800   0.016000   0.006400 
258  -0.004600  -0.004600   0.014600  -0.005400   0.000400  -0.006600  -0.021800   0.010000  -0.006400   0.002400  -0.000200   0.018800   0.008800 
259   0.006800  -0.006800   0.008000  -0.005400   0.001400   0.000400  -0.021800   0.012400  -0.011200   0.005400  -0.004800   0.027600  -0.001400 
260  -0.000000  -0.005800   0.011400  -0.007800   0.011000  -0.007800  -0.014600   0.007200  -0.015000   0.004400   0.012600   0.011800   0.008400 
261  -0.001000  -0.004000   0.015200  -0.013400   0.012800  -0.010200  -0.017400   0.013800  -0.010000   0.007800   0.006800   0.019400   0.012000 
262  -0.003200  -0.003800   0.013000  -0.012600   0.011200  -0.007200  -0.019000  -0.001000  -0.003800   0.006200   0.006400   0.015800   0.005200 
263  -0.008600   0.000200   0.016400  -0.010000   0.008200  -0.003600  -0.014000   0.001400  -0.011800   0.004600   0.007600   0.021200   0.006800 
264  -0.003000   0.003400   0.014000   0.002400   0.012200  -0.009400  -0.022400   0.003400  -0.013600  -0.004400   0.007000   0.013600   0.015000 
265  -0.002800   0.003000   0.009400   0.007400   0.002600  -0.002000  -0.005200  -0.003600  -0.009400  -0.005600   0.000800   0.015600   0.008800 
266  -0.000800  -0.006600   0.011400   0.003600  -0.003200  -0.000400  -0.015000   0.011600  -0.006200   0.001600  -0.004600   0.016600   0.019800 
267   0.005400  -0.007400   0.014800  -0.002600   0.006800   0.000600  -0.007600  -0.001400  -0.010400  -0.003000   0.006600   0.014200   0.019400 
268   0.001000   0.002800   0.008200  -0.002800   0.010800  -0.014200  -0.005000   0.004400  -0.000800  -0.006000   0.006400   0.007200   0.021800 
269   0.006200  -0.003800   0.004200  -0.003000   0.006800  -0.007600  -0.005200  -0.002200  -0.006600  -0.002800   0.006800   0.011600   0.024600 
270  -0.003600  -0.008600   0.013000  -0.004600  -0.002800   0.001000  -0.008000  -0.000800  -0.006600   0.000600   0.003600  -0.004800   0.032600 
271   0.001600  -0.009400   0.014400   0.000200  -0.006400   0.001200  -0.002200  -0.008800  -0.008400   0.002200  -0.002000   0.002200   0.028800 
272   0.003000  -0.011000   0.020200   0.004400  -0.003000  -0.004200   0.002400  -0.003200  -0.015400   0.000200  -0.002000   0.000000   0.028000 
273   0.004800  -0.012600   0.011600   0.009600  -0.007200   0.002600   0.001600  -0.017000  -0.011200   0.009400  -0.009400   0.011000   0.025000 
274   0.007800  -0.017200   0.008600   0.002800  -0.012200   0.003000  -0.000800  -0.012800  -0.004600  -0.000600  -0.009600  -0.004800   0.031200 
275   0.004800  -0.017200   0.014600   0.007800  -0.000200   0.008200  -0.003000  -0.012400  -0.011400  -0.006000  -0.002200   0.005000   0.031600 
276   0.008000  -0.023400   0.019000  -0.005000   0.008000  -0.003600   0.001200  -0.017200  -0.015600   0.000800  -0.015400   0.001800   0.029800 
277  -0.002800  -0.021600   0.005200   0.002000   0.004600  -0.005400   0.002600  -0.007800  -0.012200  -0.001000  -0.009200   0.007000   0.026000 
278   0.006000  -0.026800   0.015000  -0.010000   0.006800  -0.007200   0.001000  -0.001800  -0.014200  -0.009800  -0.011600  -0.001000   0.018600 
279   0.001600  -0.024000   0.012600  -0.004800   0.004800  -0.005800   0.007400   0.003400  -0.008600  -0.005000  -0.007200   0.016600   0.024800 
280   0.003800  -0.019800   0.013400   0.000200   0.003200  -0.005600   0.007000   0.001400  -0.007000  -0.011800  -0.010400   0.005800   0.012800 
281  -0.002200  -0.021000   0.013200  -0.004200   0.007800  -0.002000   0.005000  -0.005800  -0.013800  -0.006600  -0.019600   0.000200   0.010600 
282   0.002200  -0.034800   0.013800   0.003000   0.007600  -0.004600   0.008400   0.004000  -0.007800  -0.007800  -0.025200  -0.000200   0.004800 
283  -0.003600  -0.033600   0.008400   0.000800  -0.004200  -0.007400   0.004200   0.006800  -0.010200  -0.005400  -0.023200  -0.001400   0.003000 
284  -0.002400  -0.036600   0.017800  -0.001400   0.002400  -0.003400   0.000400  -0.007400  -0.006400   0.000400  -0.009600  -0.008000   0.000800 
285  -0.003400  -0.033800   0.018400  -0.005400  -0.002800  -0.010200   0.001200   0.003200  -0.009200  -0.005600  -0.004000  -0.009000   0.001400 
286   0.012200  -0.031000   0.016800   0.006400  -0.001200   0.001200   0.009400  -0.006400  -0.005800   0.006200  -0.006800  -0.005400  -0.000000 
287   0.005800  -0.029600   0.004000  -0.001800   0.001400  -0.002000   0.007200  -0.003800  -0.001200   0.010600  -0.009200  -0.004600  -0.000400 
288   0.010200  -0.034600   0.009200  -0.000200  -0.002600   0.002000   0.000800  -0.006000  -0.008600  -0.005400  -0.019800  -0.000200  -0.003000 
289   0.011800  -0.028400   0.001400  -0.006200   0.002600   0.005000   0.003600  -0.002000   0.002200  -0.001400  -0.011800  -0.002800  -0.006600 
290   0.013800  -0.029800   0.006200   0.004800   0.000200   0.006600   0.004800   0.000400  -0.007600  -0.001000  -0.010000  -0.006600  -0.010400 
291   0.000800  -0.037400  -0.000800   0.012200   0.007400  -0.004000   0.010800   0.007000   0.005200  -0.015200  -0.016400  -0.008200  -0.017800 
292   0.009200  -0.033400   0.001800  -0.002400   0.001800  -0.005600   0.007800   0.001000  -0.003800  -0.006800  -0.012600  -0.009600  -0.004800 
293  -0.009000  -0.035600   0.012000  -0.000400   0.001000  -0.004400  -0.007600  -0.000800   0.006400  -0.007200  -0.006000  -0.012400  -0.002000 
294   0.006600  -0.022600   0.010800  -0.000600   0.005400  -0.007200  -0.001000  -0.011400   0.003600  -0.007400  -0.004200  -0.021800  -0.005800 
295  -0.001400  -0.025600   0.011200  -0.008800  -0.002600  -0.004400  -0.007000  -0.008600  -0.005400  -0.015800  -0.004200  -0.009800  -0.004400 
296  -0.003400  -0.029200   0.011000  -0.008600   0.003600  -0.013800   0.000600  -0.005200  -0.005200  -0.017600  -0.007800  -0.013600  -0.008200 
297   0.003600  -0.030600   0.015400  -0.003800  -0.000200  -0.009200  -0.003800  -0.004800  -0.001200  -0.016200  -0.010800  -0.012800   0.009400 
298   0.005600  -0.026600   0.007600  -0.002000   0.003600  -0.008800  -0.009000  -0.000400  -0.005000  -0.004000  -0.001200  -0.017800   0.002200 
299   0.006800  -0.022200   0.008000  -0.004000  -0.004600  -0.001400  -0.009600   0.003400   0.005200  -0.002000  -0.009600  -0.004200   0.007200 
300   0.000600  -0.012000   0.019000  -0.001800   0.009600   0.003600   0.001600  -0.004400   0.007200  -0.005000  -0.007600  -0.006400   0.008200 
301   0.000800  -0.012200   0.011600  -0.002600   0.001200  -0.001400  -0.005800  -0.000600   0.000800   0.001600  -0.000200   0.001800   0.006000 
302  -0.004800  -0.008000   0.009200  -0.005000   0.011600  -0.005400   0.003800  -0.003600   0.002400   0.002800  -0.008400   0.002600   0.005000 
303  -0.002800  -0.006400   0.011600  -0.003400   0.009000   0.006600   0.003000  -0.001000   0.004800   0.001400  -0.007400   0.005000   0.006000 
304   0.001000  -0.007200   0.002800  -0.003200   0.002800   0.007000   0.003200  -0.002400  -0.008800  -0.000400   0.006600  -0.001400   0.006000 
305  -0.003800  -0.008800   0.015000  -0.006600   0.005600   0.004800  -0.003400   0.000600   0.000800  -0.004600   0.000800   0.001400   0.002800 
306   0.004400  -0.016200   0.011600  -0.001600   0.003600   0.001600   0.002800   0.008400   0.001600  -0.002400  -0.004000   0.004600   0.002200 
307  -0.001400  -0.002600   0.013400  -0.007800  -0.011000   0.003200   0.001000   0.009600   0.008200   0.012400   0.004200  -0.007800   0.004600 
308   0.005000  -0.015000   0.007000  -0.009400  -0.005400   0.002600  -0.002400  -0.002400   0.002200  -0.001400   0.010600  -0.004800  -0.004200 
309   0.005000  -0.008600   0.004800   0.000400  -0.007600   0.000800  -0.010200   0.000600  -0.004600  -0.006200   0.001200  -0.003600   0.004400 
310   0.008000  -0.015200   0.006400  -0.008000  -0.000200  -0.002600   0.008000  -0.010600  -0.012200   0.000600  -0.004800  -0.007200   0.010000 
311   0.006400  -0.014400   0.011000   0.003800   0.005000   0.008000   0.010200  -0.001200   0.007600   0.000400  -0.005800  -0.016000   0.005200 
312   0.009800  -0.014000   0.005800  -0.007800  -0.000800  -0.006000   0.014000  -0.004400   0.000400  -0.000400   0.007200  -0.002600   0.007600 
313   0.023800  -0.020000   0.006800   0.003000  -0.009000   0.000800   0.003800  -0.002400  -0.006600   0.014600   0.021000  -0.007000   0.014800 
314   0.016400  -0.008200   0.011400   0.002200   0.000400  -0.004800   0.019400  -0.008800  -0.008000   0.007200   0.008400   0.002400   0.006800 
315   0.026000  -0.009400   0.006000   0.005600  -0.007800   0.002400   0.012600  -0.005400  -0.011400   0.003200   0.012400   0.003200   0.009400 
316   0.024800  -0.018000  -0.003600   0.004800  -0.005600   0.004200   0.019600   0.000800  -0.021600   0.001000   0.018000   0.005000   0.015600 
317   0.019200  -0.016000  -0.001600  -0.001200  -0.015600   0.027000   0.025000  -0.003200  -0.022600   0.001600   0.011200   0.010600   0.013800 
318   0.008400  -0.005600  -0.006200   0.008800  -0.015600   0.016400   0.013800   0.003000  -0.013400   0.001400   0.014000   0.010400   0.008800 
319   0.009000  -0.005600  -0.003800   0.013000  -0.022000   0.007600   0.010800   0.004200  -0.019000   0.005800   0.016800   0.001400   0.011200 
320   0.006600   0.008400  -0.009000   0.008000  -0.022000   0.001600   0.009000  -0.003400  -0.015600   0.004400   0.010800   0.003800   0.015200 
321  -0.000800  -0.000800  -0.009000   0.000600  -0.016400   0.001800   0.006600  -0.003200  -0.019800   0.002600   0.003200   0.012400   0.004200 
322   0.003000   0.001600  -0.007200   0.005800  -0.005000  -0.005800   0.015800  -0.001000  -0.012200  -0.004600   0.004600   0.004800   0.007400 
323   0.001200   0.001400  -0.002800  -0.001800  -0.002000   0.005400  -0.000200  -0.001800  -0.020400  -0.002000   0.010000   0.000800   0.010400 
324  -0.000800  -0.005400  -0.005000  -0.001800  -0.000400  -0.005400   0.003000   0.000800  -0.016600  -0.003200   0.003800   0.002000   0.004000 
325   0.001400  -0.005000   0.008400  -0.005400  -0.001600   0.007000   0.006000  -0.006800  -0.022200  -0.006600   0.008400  -0.000200   0.009800 
326  -0.000800  -0.009800  -0.003000  -0.013600  -0.000400  -0.004600   0.000800   0.007600  -0.028200   0.000000  -0.005000   0.007800   0.007800 
327  -0.012600  -0.003400  -0.008400  -0.011200  -0.009800  -0.009000   0.006000  -0.001400  -0.013600  -0.003400  -0.004200  -0.000800   0.006400 
328   0.000200  -0.005800  -0.005800  -0.005000  -0.005600  -0.009800   0.002200   0.001400  -0.017600  -0.004400   0.001800   0.003000  -0.005600 
329   0.003200  -0.011600   0.003600  -0.013400  -0.001600  -0.009000   0.011200   0.003800  -0.019400  -0.004200  -0.001600   0.002200   0.004600 
330   0.004200  -0.009400  -0.001200  -0.009200  -0.001600  -0.016000   0.007000  -0.002800  -0.019200  -0.001000   0.002000   0.003000   0.003600 
331  -0.004600  -0.001000  -0.002200  -0.004000   0.001800  -0.011600   0.005200   0.000000  -0.022600   0.003000  -0.001800  -0.000600  -0.004200 
332   0.012600  -0.005800   0.007200  -0.011800  -0.002000  -0.014400  -0.004400   0.005400  -0.023600  -0.000400   0.009000   0.013200   0.006600 
333   0.008800  -0.008800  -0.002200  -0.002800   0.000000  -0.003600  -0.000800   0.000000  -0.017400  -0.006800  -0.004200   0.012200  -0.004200 
334   0.005800  -0.010400  -0.005600  -0.017800   0.003200  -0.007800   0.008200  -0.001400  -0.015200  -0.001600  -0.001400   0.004200  -0.002200 
335   0.007200  -0.005000  -0.010600  -0.007600  -0.000400   0.001600  -0.005600  -0.005000  -0.017800  -0.001200  -0.003800   0.008600   0.005800 
336   0.006800  -0.007600  -0.001200  -0.005200  -0.002800   0.005600  -0.000600   0.011800  -0.005200   0.008800  -0.002600   0.011800  -0.007600 
337   0.012800  -0.012200  -0.002800  -0.007000  -0.007200  -0.004200  -0.004400   0.006200   0.004800   0.003800   0.005000   0.013000  -0.008000 
338   0.020400  -0.013600  -0.002800   0.001000  -0.014400  -0.001200  -0.002200   0.006400   0.001200  -0.000800   0.004200  -0.001000  -0.004600 
339   0.010600  -0.016800   0.009000  -0.008600   0.001400   0.002400  -0.007800   0.012000   0.002600   0.002200   0.000600   0.001000  -0.000200 
340   0.004400  -0.015600   0.000400   0.003200  -0.001200   0.003800  -0.002600   0.004200  -0.002000   0.007400   0.002400   0.010600   0.003000 
341   0.004800  -0.014800   0.002400  -0.003800  -0.002800  -0.000200  -0.001400   0.003600   0.005800   0.004600   0.002600   0.013400  -0.005000 
342  -0.001200  -0.013200   0.005000  -0.012800  -0.008200  -0.004200   0.010000   0.000600  -0.001200  -0.000200  -0.002000   0.016600  -0.015800 
343   0.007200  -0.003600   0.003200  -0.018000  -0.007000   0.002400   0.005600   0.009000  -0.005800   0.004200  -0.005400   0.011200  -0.018400 
344   0.003400   0.002800   0.005600  -0.021400  -0.002600   0.001200  -0.001200   0.004600   0.001800  -0.002000  -0.005600  -0.000600  -0.016200 
345   0.008000   0.001200  -0.001800  -0.020200  -0.010200  -0.004000   0.011000   0.005800  -0.005000   0.004800   0.000200  -0.004200  -0.017600 
346   0.013200   0.002800   0.001600  -0.009200  -0.006600  -0.007600   0.003800   0.005800  -0.009400   0.008600   0.005800   0.000400  -0.006400 
347   0.007200  -0.006600   0.001600  -0.019400  -0.009200  -0.000000  -0.000400   0.004200  -0.015600   0.007400   0.013200  -0.007400  -0.013400 
348   0.009800   0.007000  -0.001600  -0.013800  -0.001400   0.003600  -0.008600  -0.003000  -0.015000   0.009200   0.002800  -0.000200  -0.009600 
349   0.004400  -0.000000   0.007400  -0.010000   0.003000  -0.005200   0.000200  -0.001000  -0.002000   0.001600  -0.000200  -0.013800  -0.008400 
350   0.002400   0.000600   0.002400  -0.015600  -0.000800   0.001400   0.002000  -0.000600  -0.007800   0.000400   0.003000  -0.013600  -0.007000 
351   0.006600   0.007200   0.005200  -0.006400  -0.004000   0.003400   0.002400   0.006800  -0.008400   0.009600   0.007600  -0.017200  -0.000600 
352   0.002200   0.005800   0.001200  -0.011000   0.002800   0.005800   0.002800   0.010200  -0.001800   0.006000   0.000200  -0.022400  -0.000200 
353  -0.001400   0.003800  -0.007000  -0.009400  -0.002400   0.005600  -0.005600  -0.004200  -0.004800   0.000400   0.008000  -0.008600   0.004400 
354   0.006000   0.010800   0.012000  -0.007600  -0.000800   0.003600  -0.006800   0.005000  -0.003800   0.015800  -0.003400  -0.017200   0.015400 
355   0.008000   0.007400   0.013200  -0.010600   0.000200  -0.002400  -0.003000   0.006200  -0.003600   0.007400  -0.003000  -0.004800   0.019800 
356  -0.000200   0.008600   0.004600  -0.016800   0.003200   0.005600  -0.005800   0.002800  -0.008200   0.006600  -0.006400  -0.015400   0.014000 
357   0.005200   0.004600   0.009800  -0.016000  -0.002400   0.010200  -0.010400   0.001600  -0.009800   0.003800   0.005600  -0.011800   0.013400 
358   0.001000   0.005200   0.013400  -0.014600   0.005000   0.008800  -0.000600  -0.009200  -0.009000   0.010000  -0.002800  -0.016800   0.012000 
359  -0.005200   0.007000   0.012000  -0.014600  -0.003200  -0.000800   0.001400  -0.003800   0.005200   0.010600   0.002800  -0.016200   0.008000 
360  -0.004000   0.001600  -0.001400  -0.011600  -0.010200   0.007800   0.003800  -0.008800   0.005800   0.005200  -0.002600  -0.014400   0.019200 
361   0.000200  -0.002800   0.007400  -0.004400  -0.005200  -0.002200  -0.000400  -0.002200   0.001800   0.006200   0.000800  -0.016000   0.012200 
362   0.003800  -0.001800   0.008000  -0.004200  -0.005600  -0.004400  -0.009400  -0.009200  -0.003000   0.004000   0.006600  -0.009800  -0.001800 
363   0.008400  -0.009200   0.013000  -0.013400  -0.018200  -0.010000  -0.006600  -0.016000   0.009600   0.005600   0.000600  -0.012600   0.014200 
364  -0.003600  -0.013600   0.014600  -0.001000  -0.023800   0.001000   0.003200  -0.008200   0.002400   0.006600   0.002200  -0.009000   0.013800 
365  -0.000000  -0.004600   0.015200  -0.003000  -0.000000   0.003200  -0.001200  -0.001600   0.003800   0.017600   0.001400  -0.004600   0.016200 
366  -0.000200  -0.015600   0.014400  -0.001200   0.004200  -0.003600   0.003200  -0.005600   0.005800   0.007400  -0.003000  -0.011000   0.011000 
367  -0.002200  -0.008800   0.014000   0.000000  -0.004800   0.002400   0.002000   0.001200   0.004800   0.002200  -0.005600  -0.007200   0.005200 
368  -0.000800  -0.009000   0.010000   0.000400   0.000600   0.011600   0.000200  -0.004600   0.002000  -0.011200  -0.003800  -0.016000   0.003400 
369  -0.005400  -0.012000   0.004000  -0.005000  -0.006200   0.009600  -0.003600  -0.009000   0.002000  -0.001600  -0.003800  -0.004200   0.012200 
370  -0.012000  -0.014400   0.004600   0.006000  -0.003600   0.015400  -0.006200  -0.004000  -0.002000  -0.004800   0.014000  -0.009600   0.009200 
371  -0.008400  -0.010200   0.005200   0.010400  -0.015200  -0.004000  -0.006800  -0.008000   0.000400  -0.002200   0.000400  -0.010400   0.007200 
372  -0.004600  -0.008600   0.000200   0.004200  -0.002200   0.005400   0.006400  -0.004400  -0.001400  -0.006400   0.000400  -0.001600   0.009000 
373  -0.008400  -0.008600   0.006600   0.004400  -0.017400   0.000800   0.006400  -0.006000  -0.005800  -0.003600   0.004200   0.002200   0.005600 
374  -0.000000  -0.006000   0.001000   0.016000  -0.014600   0.007800   0.004000  -0.009800   0.003400  -0.006000   0.013400   0.008000   0.007000 
375  -0.004800  -0.011600   0.003200   0.006200  -0.007200   0.012200   0.000200  -0.004800   0.000600   0.005000   0.015000   0.006800   0.016600 
376  -0.006600  -0.017800  -0.001200   0.006400  -0.019600   0.007600   0.001200  -0.002800   0.003800  -0.011600   0.009400   0.005400   0.008000 
377  -0.005800  -0.013000  -0.000600  -0.000400  -0.011800   0.014200   0.002600  -0.007800   0.009200  -0.008600   0.013200   0.006800   0.007200 
378  -0.007400  -0.018600   0.002000   0.009000  -0.017200   0.001200   0.009200   0.003200   0.008000  -0.010200   0.008400   0.009600   0.008800 
379   0.005000  -0.013400  -0.000800   0.004800  -0.006000   0.000200  -0.000400   0.000600   0.006600  -0.010200   0.013400  -0.000800   0.005600 
380   0.000000  -0.008800  -0.009800  -0.001600  -0.010200   0.002400   0.000400   0.004000   0.003200   0.001000   0.009000  -0.002800  -0.009200 
381  -0.001000  -0.006600  -0.007000  -0.001200  -0.011200  -0.001800   0.003000   0.001600  -0.002400  -0.004200   0.001800  -0.006000  -0.000600 
382  -0.002600  -0.009600  -0.007000   0.002600  -0.006200   0.005200  -0.004800  -0.005600   0.009600  -0.001400  -0.002600  -0.009000  -0.006400 
383  -0.013200  -0.020600  -0.011000   0.003200  -0.004400   0.005400  -0.004000  -0.004600   0.001800  -0.007800   0.007600  -0.003000  -0.001800 
384   0.001200  -0.016800  -0.017400   0.015600  -0.004200  -0.000800  -0.001800   0.007000  -0.003000  -0.005400   0.005600  -0.007800   0.004400 
385  -0.001400  -0.006200  -0.012000   0.018400  -0.007200   0.005600   0.001600   0.003000   0.004600  -0.000400   0.002200  -0.013000  -0.006400 
386   0.004200  -0.007800  -0.010200   0.019200  -0.002200   0.001600  -0.001400   0.005200   0.006800  -0.004600  -0.002800  -0.005200  -0.005000 
387   0.002600  -0.001000  -0.005800   0.026200   0.000400   0.007400  -0.001000   0.009600   0.002200  -0.000400  -0.009600  -0.007000  -0.019000 
388  -0.001800  -0.003000   0.003600   0.021600   0.001800  -0.007400   0.008800  -0.000200  -0.001400   0.004200  -0.003800  -0.010200  -0.016800 
389   0.010200   0.004000  -0.007600   0.026600   0.003200   0.001200  -0.010400   0.001400  -0.001400  -0.005600   0.005200  -0.006600  -0.012800 
390   0.008400   0.008800  -0.008000   0.021000   0.000200   0.001400  -0.010400  -0.001600   0.001800   0.004400  -0.000800  -0.011400  -0.018600 
391   0.010200   0.009200  -0.006200   0.026200   0.005000   0.000000  -0.013200   0.001600   0.006200  -0.000600   0.010800  -0.012400  -0.018200 
392   0.007200   0.007400  -0.003400   0.029200   0.008400  -0.005400  -0.002600   0.007600   0.007800  -0.007200   0.012000  -0.010200  -0.016800 
393   0.006600   0.011000  -0.009200   0.029800  -0.003800   0.012200   0.002600   0.012400  -0.002800  -0.007000   0.008200  -0.011200  -0.010400 
394   0.010200   0.009200  -0.001600   0.020800   0.011000  -0.006400   0.002200   0.012400   0.005000  -0.007800   0.004200  -0.012400  -0.007200 
395   0.009200  -0.000000  -0.010400   0.022200   0.004400   0.001600   0.007000   0.010400   0.016200  -0.007600   0.012200  -0.015400  -0.008400 
396   0.013200  -0.001400  -0.001000   0.022400   0.008200  -0.006600   0.008800   0.008800   0.010200  -0.001400   0.022200  -0.013000  -0.004200 
397   0.011400  -0.005800  -0.003000   0.023800   0.001000  -0.006800  -0.000600   0.010200   0.003400  -0.005000   0.005600  -0.020400  -0.010800 
398   0.006400  -0.003800  -0.003000   0.017200   0.004000  -0.006000  -0.004800   0.011600   0.010000  -0.003200   0.012000  -0.012600  -0.011400 
399   0.014800  -0.012400   0.005000   0.012000   0.001800  -0.011000  -0.004800   0.001000   0.017000   0.002400   0.009200  -0.008800  -0.009600 
400   0.007800   0.000200   0.004400   0.002200  -0.002000  -0.012600   0.004600   0.005600   0.014200  -0.001800   0.007000  -0.008200   0.000800 
401   0.011000  -0.000200  -0.000800   0.000600  -0.006600  -0.013200  -0.005200  -0.007200   0.011000   0.003200   0.006400  -0.014000   0.001800 
402   0.003400   0.001400   0.000200  -0.000400  -0.002000  -0.005000  -0.001600  -0.006200   0.014400  -0.006000   0.015200  -0.012600  -0.003000 
403   0.007600  -0.007600   0.005800   0.008400  -0.007400  -0.007200  -0.004800   0.000200   0.017800  -0.004800   0.017600  -0.008800  -0.004800 
404  -0.002400  -0.005400   0.002200  -0.000400   0.006800  -0.005400   0.004400  -0.009400   0.022800  -0.001000   0.009600   0.000000  -0.004200 
405   0.004400   0.003200   0.007000  -0.001600   0.002000  -0.002400   0.007800  -0.008800   0.018800  -0.004600   0.012600  -0.003800  -0.010000 
406   0.002400   0.003200  -0.006400   0.003600  -0.004800   0.002800   0.003200  -0.005000   0.013800  -0.000000   0.009600   0.000600  -0.007800 
407   0.004600  -0.000600   0.003600   0.003600   0.011600  -0.003600   0.003200  -0.003400   0.005600  -0.002600   0.011000   0.000400   0.000200 
408   0.001800   0.003200  -0.001600   0.006800   0.002800  -0.000200  -0.003000  -0.005000   0.006000  -0.000000   0.019400  -0.004000  -0.008800 
409   0.006000   0.001400  -0.003400   0.004800   0.006400  -0.004600  -0.001000   0.002400   0.004800  -0.000800   0.019000  -0.004400  -0.010800 
410   0.010600   0.004200  -0.000400   0.009400  -0.000000   0.003800  -0.007600   0.004600   0.004400   0.003200   0.011800  -0.008000  -0.006600 
411   0.012000  -0.008800  -0.011000   0.014200  -0.004200  -0.004000  -0.003600  -0.004800   0.007400  -0.003200   0.017200  -0.003200  -0.002800 
412   0.008800  -0.004600  -0.011200   0.009000   0.001200  -0.000600  -0.002400  -0.011000   0.003800   0.000600   0.007800  -0.008200   0.002000 
413   0.006400  -0.001400  -0.020800   0.008200  -0.008600   0.009000  -0.008400  -0.004200  -0.003400   0.000800   0.009000  -0.013000   0.004000 
414   0.001600  -0.003800  -0.025800   0.015800  -0.008400   0.000600   0.000200  -0.003400   0.003400   0.004800   0.005600  -0.013800   0.011400 
415   0.002600   0.006800  -0.016200   0.015600  -0.006200   0.009200  -0.003200   0.004200   0.005000   0.003200   0.015800  -0.004600   0.011200 
416   0.006400   0.005000  -0.016400   0.007400  -0.001200   0.003200   0.005400   0.002000   0.002200   0.001400   0.009000  -0.004600   0.013800 
417  -0.000400   0.005000  -0.013000   0.016000  -0.001000   0.005400   0.003400   0.001000  -0.009800   0.006800   0.008000  -0.013800   0.008400 
418   0.004200   0.008000  -0.001800   0.010600  -0.003800   0.009800  -0.013600  -0.009200  -0.002000   0.003800   0.017400  -0.008000   0.013000 
419   0.003600   0.011600  -0.015000   0.009600  -0.006000   0.014800  -0.005800   0.000600  -0.004000   0.006600   0.009600  -0.010800   0.005600 
420   0.005200   0.013600  -0.000800   0.010600  -0.005400   0.001400  -0.000600  -0.004600  -0.008400   0.008000   0.007000  -0.014600   0.019000 
421   0.001200   0.004600  -0.002000   0.017600  -0.016000   0.006200   0.004200  -0.005600  -0.002200   0.009800   0.010800  -0.011400   0.016000 
422   0.007400   0.012800  -0.000800   0.011400  -0.007200   0.006200  -0.000800   0.003000   0.012200   0.003000   0.014200  -0.014200   0.012000 
423  -0.005000   0.007200  -0.004400   0.012400   0.001200   0.001600   0.009400  -0.010000   0.008000   0.002400   0.011600  -0.006000   0.015800 
424  -0.000400  -0.006000  -0.000800   0.006400   0.001600   0.011000   0.005400   0.006200   0.013400  -0.000600   0.012200  -0.005600   0.012200 
425   0.000600  -0.002600  -0.007400   0.009200  -0.009000  -0.004600   0.010200  -0.000400   0.001800  -0.003200   0.007800  -0.015000   0.010400 
426  -0.009400   0.002600  -0.009400   0.008800  -0.005200   0.004000   0.008400   0.003400  -0.007600  -0.004000  -0.001600  -0.007000   0.005800 
427   0.004200   0.008400  -0.006800   0.012600  -0.008200   0.002600   0.009000   0.007400   0.008000  -0.003400  -0.008000  -0.018000   0.015200 
428   0.002600   0.011800   0.004400   0.015600  -0.001800   0.002000   0.004000   0.001800   0.018400  -0.009400  -0.012000  -0.014800   0.006000 
429  -0.001400   0.017800   0.001200   0.018600  -0.005200   0.009800   0.005400   0.005600   0.022400   0.005400  -0.010400  -0.000400   0.012400 
430  -0.002000   0.009600   0.002400   0.013800  -0.011800   0.010400  -0.003600   0.000600   0.021800   0.003600  -0.002000  -0.019000   0.013800 
431   0.002600   0.020200   0.005200   0.014600  -0.014200   0.006600   0.002200   0.008400   0.013800   0.004200  -0.001600  -0.006600   0.012400 
432   0.009800   0.007600   0.008000   0.018200  -0.016400   0.006200   0.004000   0.000400   0.015400   0.001800  -0.020200  -0.011200   0.004200 
433   0.006200   0.015000   0.003400   0.025400  -0.007800   0.016400   0.007600  -0.004000   0.016400   0.005200  -0.009200  -0.013600   0.006400 
434   0.014000   0.024000   0.004600   0.019400   0.005000   0.016600   0.016000   0.008200   0.018600  -0.006400  -0.008000  -0.012000  -0.007400 
435   0.005800   0.018200   0.000200   0.018000   0.004200   0.010600   0.016000  -0.001600   0.010000  -0.004200   0.000800  -0.007800  -0.001000 
436  -0.008000   0.018400   0.003400   0.022800   0.001600   0.019400   0.019600   0.000000   0.005600  -0.009800  -0.009200  -0.016200   0.002600 
437   0.004200   0.017000  -0.005600   0.024400  -0.010200   0.018000   0.017000  -0.001400   0.009400  -0.002600  -0.003400  -0.016600   0.007000 
438  -0.002800   0.006600   0.009600   0.020800  -0.006400   0.017800   0.005000  -0.007200   0.008200  -0.005600  -0.003800  -0.025200   0.012200 
439  -0.010400   0.006400   0.009000   0.028200  -0.016800   0.014000   0.008000  -0.013000   0.010200  -0.010000  -0.003000  -0.017400  -0.002400 
440  -0.000600   0.006000   0.006200   0.021600  -0.016600   0.012800   0.010400  -0.005000   0.012600  -0.012200  -0.004200  -0.012200   0.006200 
441  -0.003800  -0.001000  -0.004200   0.024400  -0.013400   0.015600   0.010400  -0.008600  -0.006000  -0.016600  -0.003000  -0.012000   0.000800 
442  -0.003400   0.008800   0.003800   0.023400  -0.029400   0.014400   0.006000  -0.017800  -0.003400  -0.006400  -0.008400  -0.009200   0.005600 
443  -0.010000   0.006600   0.013800   0.019400  -0.020400   0.017800   0.016000  -0.014000  -0.011800  -0.007200  -0.002400  -0.010600   0.003400 
444  -0.018000   0.010600   0.005800   0.017000  -0.016800   0.008800   0.002600  -0.015600  -0.021400  -0.004600   0.003600  -0.010400  -0.004000 
445  -0.021400   0.004400   0.001200   0.008400  -0.015000   0.010600   0.001200  -0.016600  -0.010600  -0.001800  -0.002600  -0.008800   0.001200 
446  -0.015200   0.009400  -0.003400   0.012000  -0.018200   0.024400  -0.002200  -0.006600  -0.018000  -0.000000  -0.004800  -0.003400   0.014600 
447  -0.012800  -0.003400   0.002000   0.013000  -0.017600   0.025000  -0.000800  -0.008600  -0.013000  -0.001800  -0.003600  -0.001000   0.015200 
448  -0.009000   0.005000   0.008000   0.010600  -0.013800   0.020000   0.010200  -0.001000  -0.008200   0.014400  -0.005800   0.003200   0.012600 
449  -0.005200   0.001000   0.009800  -0.001400  -0.010800   0.010200   0.000000  -0.000400  -0.018400  -0.005200  -0.004000  -0.005000   0.007400 
450   0.001400   0.004200   0.003800   0.003400  -0.015600   0.016000   0.002400   0.001600  -0.013200   0.002400  -0.001400  -0.005800   0.004400 
451  -0.003600   0.004000   0.011000   0.002600  -0.014200   0.016400   0.004000  -0.003800  -0.010200  -0.002000   0.005200  -0.003000   0.005200 
452   0.005000  -0.004400   0.009800  -0.000200  -0.017000   0.011800  -0.014400   0.001000   0.008600  -0.007800  -0.004200   0.005200   0.004000 
453  -0.012200  -0.001200   0.013800   0.006000  -0.009200   0.018600  -0.016800  -0.002400   0.006600  -0.005400  -0.005000  -0.017200   0.018000 
454  -0.008400   0.004200   0.012200   0.004400  -0.009000   0.015800  -0.006000  -0.003600  -0.006400  -0.012000  -0.007000  -0.007400   0.008400 
455  -0.010200  -0.006200   0.019000  -0.004400  -0.015800   0.006400  -0.007200  -0.006200  -0.011400  -0.011600  -0.011600  -0.015600   0.006200 
456  -0.011400   0.000400   0.021000   0.001400  -0.013800   0.004000  -0.010800  -0.013000  -0.012000  -0.009800  -0.007600  -0.020400  -0.000800 
457  -0.012200  -0.003800   0.021400   0.009000  -0.003600   0.001400   0.005400  -0.010600  -0.007200  -0.014800  -0.012600  -0.014800  -0.003600 
458  -0.008400  -0.005600   0.025400   0.004400  -0.013000   0.000200   0.010400  -0.010000  -0.020800  -0.005200  -0.009000  -0.021600   0.001400 
459  -0.006200  -0.005200   0.011600   0.008200  -0.013800   0.000000   0.003600  -0.006200  -0.035600  -0.001000  -0.009400  -0.015000  -0.000800 
460  -0.004600  -0.003800   0.020200   0.007000  -0.012200  -0.004200   0.007600  -0.022200  -0.027800  -0.004000  -0.005800  -0.016400   0.005000 
461  -0.009400  -0.008000   0.018000   0.013000  -0.012800   0.001200   0.001600  -0.009200  -0.016000   0.009400  -0.002600  -0.018400   0.001800 
462  -0.001200  -0.014600   0.020200   0.012800  -0.007200   0.000000  -0.001200  -0.005400  -0.015400  -0.002200  -0.012200  -0.016200  -0.001000 
463  -0.010600  -0.010200   0.017400   0.002800  -0.016400   0.006000   0.002200  -0.010000  -0.021600  -0.008600  -0.005400  -0.014400  -0.001600 
464   0.001000  -0.006200   0.020400   0.001600  -0.017600   0.002200   0.005400  -0.012200  -0.025200  -0.005800  -0.008400  -0.001000   0.000800 
465   0.010200  -0.009000   0.018000   0.003800  -0.022200   0.000000   0.003800  -0.016800  -0.009800   0.006400  -0.019000   0.001000  -0.007400 
466   0.003800  -0.006200   0.008000  -0.001400  -0.021800   0.007000   0.006600  -0.013200  -0.006000  -0.005200  -0.016400  -0.005000  -0.005600 
467  -0.001400  -0.010600   0.014200  -0.002000  -0.016400   0.001600   0.002600  -0.008000  -0.017000  -0.002400  -0.014800  -0.003400  -0.002800 
468  -0.012200  -0.010000   0.003000  -0.002600  -0.022400   0.003600  -0.000600  -0.007000  -0.016600   0.000800  -0.005800   0.001200  -0.004000 
469  -0.008400  -0.012800   0.010200   0.005000  -0.014800  -0.005600   0.001600  -0.007200  -0.004000  -0.004400  -0.007400  -0.002800   0.001600 
470  -0.005200  -0.010400   0.010000   0.007600  -0.014000  -0.004400  -0.001800  -0.005800  -0.005600  -0.002000  -0.009600  -0.000400   0.004600 
471  -0.006600  -0.009000   0.018600   0.012000  -0.021800  -0.002000   0.002800  -0.001600  -0.006200  -0.001200   0.000800   0.008400  -0.007000 
472  -0.010800  -0.006200   0.012000   0.012400  -0.010400  -0.001200   0.004600  -0.009000   0.001600  -0.000400   0.005000   0.008200  -0.006400 
473  -0.015600  -0.007400   0.024000   0.008600  -0.001800  -0.003000   0.010400  -0.010000   0.009400  -0.003800  -0.006800   0.004200  -0.000800 
474  -0.013000  -0.013400   0.017000   0.018400  -0.006800  -0.000000   0.010600  -0.008600   0.003800  -0.005600  -0.011000   0.009200   0.002400 
475  -0.013200  -0.004200   0.013000   0.006000   0.001600   0.002200   0.015600   0.001400   0.006200   0.000800  -0.010600   0.014400  -0.004400 
476  -0.014400   0.001200   0.003600  -0.003400   0.005200  -0.001600   0.015000  -0.001000  -0.001000  -0.003200  -0.003400   0.007000  -0.016600 
477  -0.013800  -0.001600   0.007800   0.009800   0.001200   0.003400   0.019600   0.001400  -0.002200   0.004200   0.003000   0.006600  -0.005800 
478  -0.018600   0.001000  -0.004200   0.012800   0.006400   0.005400   0.010200  -0.009400  -0.000600   0.007400  -0.000800   0.004800  -0.005200 
479  -0.012800  -0.008000  -0.000600   0.004400  -0.004800   0.004000   0.008000  -0.004800   0.000600   0.007200  -0.002200   0.015400  -0.014400 
480  -0.009200  -0.007200   0.006600   0.004600  -0.003600  -0.005600   0.012200   0.001000  -0.004800   0.008400   0.002600   0.011400  -0.005800 
481  -0.011600  -0.002200   0.001200  -0.003200  -0.001200  -0.008400   0.005000  -0.000600   0.011400   0.003000   0.004000   0.007200  -0.007000 
482  -0.006000  -0.011000  -0.005800   0.005200  -0.004200   0.002400  -0.001400  -0.005200  -0.002600   0.009000   0.002800   0.013200  -0.010600 
483  -0.004800  -0.016200  -0.003800   0.004000  -0.001200   0.003000  -0.001200  -0.003600  -0.001800   0.009600   0.006200   0.003200  -0.009800 
484  -0.001600  -0.024000  -0.006000   0.002400  -0.000600   0.003400   0.006200  -0.002600  -0.000200   0.001400   0.008400   0.007600  -0.005400 
485  -0.011400  -0.019800   0.007200   0.007200   0.003400   0.006800   0.000800   0.000200  -0.006000   0.004800   0.011400   0.005600   0.002400 
486  -0.007800  -0.030400   0.007000  -0.003200  -0.003000  -0.004000   0.001600   0.002200  -0.005800  -0.008000   0.007000   0.009000  -0.001600 
487  -0.004600  -0.023600   0.005400   0.000200  -0.008800   0.005600   0.004000   0.008800  -0.006600   0.003200  -0.001800   0.008200   0.001200 
488   0.000000  -0.025400   0.008600  -0.002800  -0.004800   0.004400   0.016800   0.001400  -0.004200   0.007600   0.006600   0.012400  -0.004000 
489  -0.003800  -0.015600   0.010800   0.000200  -0.014600   0.000600   0.001400  -0.005800   0.000000   0.007400   0.012200   0.005200  -0.001600 
490  -0.008800  -0.009400   0.013000  -0.004600  -0.007200   0.001600   0.014000   0.009400  -0.009000  -0.003600   0.000800   0.000000  -0.010000 
491  -0.002400  -0.009000   0.017800  -0.009200  -0.011200   0.006800   0.004400   0.007600  -0.002000  -0.002800   0.002000  -0.001800  -0.012000 
492  -0.006800  -0.009800   0.009800  -0.002600  -0.008800  -0.003000   0.000400  -0.000200   0.005000  -0.004400  -0.012000   0.002800  -0.005200 
493  -0.005800  -0.010200   0.001000  -0.004600  -0.011000   0.005200   0.005600   0.009400  -0.005200  -0.005000   0.005800  -0.001400  -0.012600 
494  -0.018000  -0.005800   0.017000  -0.007200  -0.004400  -0.003200   0.012400   0.010400   0.002200  -0.004200   0.002800  -0.003400  -0.005600 
495  -0.015600  -0.008200   0.000000   0.003400  -0.006200   0.001000   0.019600   0.009400  -0.004000  -0.002600   0.005400   0.003000  -0.016400 
496  -0.006800  -0.010800   0.010000   0.002800  -0.001600  -0.002200   0.011600   0.020800   0.003600  -0.011800   0.006000   0.006200  -0.009800 
497  -0.012600  -0.012200   0.016200  -0.000600   0.008000  -0.007200   0.009000   0.011000   0.006800  -0.003200   0.012000   0.005000  -0.005000 
498  -0.019200  -0.017600   0.020200  -0.010000   0.008200   0.002400   0.014800   0.012400   0.001800  -0.014600   0.003200   0.007600  -0.007800 
499  -0.019600  -0.003200   0.023600  -0.007400   0.009600   0.008400   0.003600   0.010400  -0.011800  -0.011400   0.002400   0.011400  -0.014200 
