0   0.180476
1   0.179428
2   0.178952
3   0.178268
4   0.177638
5   0.177100
6   0.176434
7   0.175808
8   0.175404
9   0.175306
10   0.175228
11   0.175028
12   0.175096
13   0.175092
14   0.175188
15   0.175276
16   0.175358
17   0.175410
18   0.175354
19   0.175598
20   0.175942
21   0.175856
22   0.176126
23   0.176124
24   0.176192
25   0.175980
26   0.175854
27   0.175758
28   0.175746
29   0.175602
30   0.175474
31   0.175348
32   0.175028
33   0.174490
34   0.174152
35   0.173508
36   0.173152
37   0.172640
38   0.172236
39   0.171770
40   0.171484
41   0.171134
42   0.170900
43   0.170778
44   0.170546
45   0.170444
46   0.170330
47   0.170144
48   0.169882
49   0.169664
50   0.169350
51   0.169154
52   0.168900
53   0.168704
54   0.168444
55   0.168302
56   0.168132
57   0.167988
58   0.167750
59   0.167560
60   0.167336
61   0.166938
62   0.166770
63   0.166482
64   0.166144
65   0.165970
66   0.165826
67   0.165462
68   0.165280
69   0.165036
70   0.164820
71   0.164576
72   0.164304
73   0.164104
74   0.163890
75   0.163600
76   0.163298
77   0.162958
78   0.162776
79   0.162524
80   0.162280
81   0.162106
82   0.161924
83   0.161798
84   0.161606
85   0.161370
86   0.161098
87   0.160952
88   0.160632
89   0.160410
90   0.160296
91   0.160192
92   0.160202
93   0.160108
94   0.159956
95   0.159850
96   0.159820
97   0.159594
98   0.159612
99   0.159560
100   0.159646
101   0.159734
102   0.159880
103   0.160050
104   0.160248
105   0.160380
106   0.160508
107   0.160594
108   0.160648
109   0.160798
110   0.160774
111   0.160736
112   0.160510
113   0.160238
114   0.160006
115   0.159756
116   0.159460
117   0.159246
118   0.159002
119   0.158808
120   0.158528
121   0.158530
122   0.158246
123   0.158056
124   0.157866
125   0.157812
126   0.157768
127   0.157748
128   0.157796
129   0.157854
130   0.157982
131   0.158052
132   0.158016
133   0.158186
134   0.158420
135   0.158664
136   0.158930
137   0.159244
138   0.159654
139   0.160082
140   0.160536
141   0.161110
142   0.161596
143   0.162332
144   0.163048
145   0.163554
146   0.164004
147   0.164486
148   0.164998
149   0.165578
150   0.166176
151   0.166602
152   0.167138
153   0.167634
154   0.168148
155   0.168828
156   0.169166
157   0.169536
158   0.170016
159   0.170372
160   0.170706
161   0.171046
162   0.171262
163   0.171770
164   0.172134
165   0.172484
166   0.172940
167   0.173226
168   0.173784
169   0.174372
170   0.175024
171   0.175626
172   0.176136
173   0.176538
174   0.177070
175   0.177424
176   0.177806
177   0.178240
178   0.178592
179   0.179024
180   0.179396
181   0.179820
182   0.180116
183   0.180530
184   0.180732
185   0.181026
186   0.181338
187   0.181890
188   0.182080
189   0.182478
190   0.182842
191   0.183174
192   0.183528
193   0.183882
194   0.184280
195   0.184672
196   0.185112
197   0.185420
198   0.185876
199   0.186226
200   0.186626
201   0.186998
202   0.187406
203   0.187666
204   0.187974
205   0.188424
206   0.188754
207   0.188998
208   0.189308
209   0.189596
210   0.189724
211   0.189914
212   0.190180
213   0.190408
214   0.190790
215   0.191214
216   0.191714
217   0.192330
218   0.192836
219   0.193166
220   0.193502
221   0.193800
222   0.194266
223   0.194690
224   0.195252
225   0.195788
226   0.196260
227   0.196870
228   0.197370
229   0.197886
230   0.198348
231   0.198796
232   0.199404
233   0.199932
234   0.200490
235   0.201000
236   0.201484
237   0.201976
238   0.202508
239   0.202958
240   0.203430
241   0.203800
242   0.204378
243   0.204874
244   0.205410
245   0.205946
246   0.206408
247   0.206768
248   0.207086
249   0.207424
250   0.207796
251   0.208058
252   0.208508
253   0.208946
254   0.209360
255   0.209860
256   0.210306
257   0.210854
258   0.211412
259   0.211930
260   0.212448
261   0.212806
262   0.213138
263   0.213340
264   0.213480
265   0.213552
266   0.213746
267   0.213848
268   0.214062
269   0.214164
270   0.214254
271   0.214324
272   0.214336
273   0.214496
274   0.214702
275   0.214758
276   0.214924
277   0.215034
278   0.215040
279   0.215142
280   0.214996
281   0.214810
282   0.214676
283   0.214626
284   0.214574
285   0.214604
286   0.214368
287   0.214472
288   0.214430
289   0.214238
290   0.214008
291   0.213830
292   0.213328
293   0.212808
294   0.212474
295   0.212122
296   0.211716
297   0.211224
298   0.210558
299   0.210160
300   0.209772
301   0.209140
302   0.208790
303   0.208354
304   0.207842
305   0.207408
306   0.206684
307   0.206206
308   0.205526
309   0.204724
310   0.203958
311   0.203342
312   0.202542
313   0.201748
314   0.201336
315   0.200728
316   0.200166
317   0.199860
318   0.199642
319   0.199442
320   0.199224
321   0.198958
322   0.198458
323   0.198068
324   0.197644
325   0.197320
326   0.196692
327   0.196156
328   0.195784
329   0.195048
330   0.194600
331   0.193966
332   0.193516
333   0.192864
334   0.192284
335   0.191774
336   0.191122
337   0.190446
338   0.190082
339   0.189626
340   0.189378
341   0.189070
342   0.188644
343   0.188408
344   0.188178
345   0.187832
346   0.187798
347   0.187602
348   0.187588
349   0.187604
350   0.187596
351   0.187652
352   0.187560
353   0.187444
354   0.187228
355   0.187134
356   0.187234
357   0.187088
358   0.186986
359   0.186894
360   0.186654
361   0.186664
362   0.186532
363   0.186484
364   0.186504
365   0.186454
366   0.186608
367   0.186672
368   0.186670
369   0.186660
370   0.186902
371   0.187166
372   0.187318
373   0.187532
374   0.187496
375   0.187666
376   0.187806
377   0.187824
378   0.187792
379   0.187924
380   0.188062
381   0.188156
382   0.188446
383   0.188494
384   0.188572
385   0.188690
386   0.188772
387   0.188950
388   0.189040
389   0.189150
390   0.189582
391   0.189898
392   0.190338
393   0.190770
394   0.190958
395   0.191186
396   0.191436
397   0.191634
398   0.191984
399   0.192170
400   0.192590
401   0.192918
402   0.193288
403   0.193724
404   0.194040
405   0.194426
406   0.194494
407   0.194644
408   0.194960
409   0.195220
410   0.195672
411   0.196040
412   0.196280
413   0.196628
414   0.196658
415   0.196756
416   0.196876
417   0.197086
418   0.197312
419   0.197412
420   0.197686
421   0.198056
422   0.198180
423   0.198536
424   0.198670
425   0.199084
426   0.199340
427   0.199622
428   0.199860
429   0.200230
430   0.200560
431   0.200920
432   0.201398
433   0.201790
434   0.202312
435   0.202722
436   0.203378
437   0.203920
438   0.204630
439   0.205356
440   0.206132
441   0.206700
442   0.207382
443   0.207948
444   0.208202
445   0.208570
446   0.208750
447   0.208998
448   0.209186
449   0.209288
450   0.209350
451   0.209672
452   0.209924
453   0.210194
454   0.210504
455   0.210844
456   0.211270
457   0.211446
458   0.211774
459   0.212048
460   0.212496
461   0.212798
462   0.213164
463   0.213580
464   0.214002
465   0.214278
466   0.214634
467   0.214880
468   0.215142
469   0.215358
470   0.215606
471   0.215780
472   0.215934
473   0.216128
474   0.216318
475   0.216472
476   0.216702
477   0.216984
478   0.217300
479   0.217516
480   0.217868
481   0.218150
482   0.218468
483   0.218806
484   0.219146
485   0.219490
486   0.219750
487   0.219978
488   0.220308
489   0.220638
490   0.220968
491   0.221296
492   0.221620
493   0.221932
494   0.222354
495   0.222744
496   0.223154
497   0.223640
498   0.224116
499   0.224388
500   0.224832
-499   0.225158
-498   0.225522
-497   0.225638
-496   0.225832
-495   0.225936
-494   0.225902
-493   0.225942
-492   0.225756
-491   0.225578
-490   0.225402
-489   0.225140
-488   0.224836
-487   0.224490
-486   0.224166
-485   0.224084
-484   0.223962
-483   0.223950
-482   0.223804
-481   0.223772
-480   0.223768
-479   0.223646
-478   0.223410
-477   0.223352
-476   0.223128
-475   0.223068
-474   0.223084
-473   0.222798
-472   0.222676
-471   0.222458
-470   0.222280
-469   0.222050
-468   0.221784
-467   0.221530
-466   0.221126
-465   0.220864
-464   0.220638
-463   0.220464
-462   0.220190
-461   0.219980
-460   0.219630
-459   0.219290
-458   0.219112
-457   0.218860
-456   0.218594
-455   0.218470
-454   0.218208
-453   0.217936
-452   0.217786
-451   0.217566
-450   0.217380
-449   0.217194
-448   0.217090
-447   0.216808
-446   0.216582
-445   0.216460
-444   0.216140
-443   0.215940
-442   0.215686
-441   0.215344
-440   0.215220
-439   0.215002
-438   0.215006
-437   0.214946
-436   0.214882
-435   0.214980
-434   0.214864
-433   0.214782
-432   0.214580
-431   0.214538
-430   0.214452
-429   0.214156
-428   0.213876
-427   0.213540
-426   0.213112
-425   0.212730
-424   0.212138
-423   0.211616
-422   0.211270
-421   0.210838
-420   0.210460
-419   0.210154
-418   0.209872
-417   0.209728
-416   0.209466
-415   0.209296
-414   0.209174
-413   0.209012
-412   0.208640
-411   0.208510
-410   0.208250
-409   0.208078
-408   0.208098
-407   0.207880
-406   0.207538
-405   0.207302
-404   0.206876
-403   0.206666
-402   0.206390
-401   0.206066
-400   0.205818
-399   0.205604
-398   0.205176
-397   0.204810
-396   0.204168
-395   0.203870
-394   0.203358
-393   0.202790
-392   0.202384
-391   0.202104
-390   0.201730
-389   0.201292
-388   0.200888
-387   0.200498
-386   0.199790
-385   0.199416
-384   0.198816
-383   0.198312
-382   0.197852
-381   0.197390
-380   0.196976
-379   0.196652
-378   0.196198
-377   0.195902
-376   0.195544
-375   0.195280
-374   0.194756
-373   0.194394
-372   0.193974
-371   0.193484
-370   0.192948
-369   0.192472
-368   0.191892
-367   0.191602
-366   0.191094
-365   0.190750
-364   0.190502
-363   0.190116
-362   0.189842
-361   0.189444
-360   0.189058
-359   0.188772
-358   0.188414
-357   0.188020
-356   0.187526
-355   0.187076
-354   0.186628
-353   0.186134
-352   0.185602
-351   0.185008
-350   0.184558
-349   0.184118
-348   0.183634
-347   0.183328
-346   0.183122
-345   0.182900
-344   0.182846
-343   0.182528
-342   0.182628
-341   0.182678
-340   0.182758
-339   0.182906
-338   0.182996
-337   0.183176
-336   0.183204
-335   0.183368
-334   0.183370
-333   0.183480
-332   0.183518
-331   0.183754
-330   0.183762
-329   0.184000
-328   0.184112
-327   0.184284
-326   0.184516
-325   0.184856
-324   0.185156
-323   0.185450
-322   0.185686
-321   0.186064
-320   0.186328
-319   0.186684
-318   0.186920
-317   0.187010
-316   0.187208
-315   0.187314
-314   0.187526
-313   0.187576
-312   0.187634
-311   0.187736
-310   0.187870
-309   0.188014
-308   0.188098
-307   0.188306
-306   0.188556
-305   0.188740
-304   0.188858
-303   0.189106
-302   0.189470
-301   0.189658
-300   0.189952
-299   0.190272
-298   0.190548
-297   0.190952
-296   0.191198
-295   0.191412
-294   0.191658
-293   0.191852
-292   0.192000
-291   0.192070
-290   0.192130
-289   0.192120
-288   0.192106
-287   0.192332
-286   0.192352
-285   0.192332
-284   0.192214
-283   0.192186
-282   0.192118
-281   0.192060
-280   0.192086
-279   0.192182
-278   0.192354
-277   0.192500
-276   0.192630
-275   0.192706
-274   0.192976
-273   0.193074
-272   0.193216
-271   0.193424
-270   0.193472
-269   0.193566
-268   0.193556
-267   0.193618
-266   0.193516
-265   0.193510
-264   0.193656
-263   0.193808
-262   0.193836
-261   0.193822
-260   0.193848
-259   0.193800
-258   0.193588
-257   0.193370
-256   0.193208
-255   0.192916
-254   0.192708
-253   0.192444
-252   0.192154
-251   0.191922
-250   0.191684
-249   0.191644
-248   0.191602
-247   0.191586
-246   0.191580
-245   0.191624
-244   0.191610
-243   0.191560
-242   0.191508
-241   0.191614
-240   0.191498
-239   0.191460
-238   0.191558
-237   0.191410
-236   0.191376
-235   0.191132
-234   0.191092
-233   0.191216
-232   0.191356
-231   0.191342
-230   0.191436
-229   0.191474
-228   0.191470
-227   0.191636
-226   0.191614
-225   0.191568
-224   0.191656
-223   0.191804
-222   0.191844
-221   0.191920
-220   0.191874
-219   0.191900
-218   0.191932
-217   0.191964
-216   0.191844
-215   0.191834
-214   0.191730
-213   0.191758
-212   0.191692
-211   0.191654
-210   0.191624
-209   0.191644
-208   0.191724
-207   0.191712
-206   0.191698
-205   0.191716
-204   0.191654
-203   0.191692
-202   0.191630
-201   0.191682
-200   0.191682
-199   0.191494
-198   0.191412
-197   0.191430
-196   0.191450
-195   0.191556
-194   0.191486
-193   0.191590
-192   0.191620
-191   0.191780
-190   0.191938
-189   0.192128
-188   0.192414
-187   0.192598
-186   0.192678
-185   0.192880
-184   0.192828
-183   0.192930
-182   0.192978
-181   0.193098
-180   0.193186
-179   0.193478
-178   0.193680
-177   0.193908
-176   0.193996
-175   0.194276
-174   0.194536
-173   0.194836
-172   0.195182
-171   0.195436
-170   0.195816
-169   0.196314
-168   0.196880
-167   0.197280
-166   0.197736
-165   0.198294
-164   0.198676
-163   0.199018
-162   0.199210
-161   0.199542
-160   0.199764
-159   0.199936
-158   0.200110
-157   0.200222
-156   0.200420
-155   0.200576
-154   0.200666
-153   0.200820
-152   0.200802
-151   0.200872
-150   0.200924
-149   0.200868
-148   0.200874
-147   0.200778
-146   0.200662
-145   0.200680
-144   0.200606
-143   0.200498
-142   0.200360
-141   0.200266
-140   0.200090
-139   0.199972
-138   0.199794
-137   0.199534
-136   0.199348
-135   0.199186
-134   0.198890
-133   0.198670
-132   0.198302
-131   0.197914
-130   0.197582
-129   0.197132
-128   0.196764
-127   0.196510
-126   0.196122
-125   0.195908
-124   0.195706
-123   0.195404
-122   0.195120
-121   0.194824
-120   0.194574
-119   0.194028
-118   0.193564
-117   0.193018
-116   0.192548
-115   0.192050
-114   0.191302
-113   0.190626
-112   0.190034
-111   0.189564
-110   0.188904
-109   0.188364
-108   0.187734
-107   0.187082
-106   0.186422
-105   0.185896
-104   0.185298
-103   0.184810
-102   0.184128
-101   0.183656
-100   0.183300
-99   0.182770
-98   0.182382
-97   0.182006
-96   0.181672
-95   0.181152
-94   0.180730
-93   0.180182
-92   0.179688
-91   0.179020
-90   0.178472
-89   0.177962
-88   0.177434
-87   0.176930
-86   0.176468
-85   0.176116
-84   0.175816
-83   0.175528
-82   0.175228
-81   0.174912
-80   0.174616
-79   0.174404
-78   0.174258
-77   0.174090
-76   0.173892
-75   0.173710
-74   0.173630
-73   0.173440
-72   0.173290
-71   0.173398
-70   0.173202
-69   0.173224
-68   0.173200
-67   0.173036
-66   0.172812
-65   0.172726
-64   0.172538
-63   0.172226
-62   0.171944
-61   0.171612
-60   0.171238
-59   0.170780
-58   0.170444
-57   0.170106
-56   0.169724
-55   0.169578
-54   0.169602
-53   0.169400
-52   0.169308
-51   0.169020
-50   0.168766
-49   0.168472
-48   0.168336
-47   0.168122
-46   0.167818
-45   0.167622
-44   0.167438
-43   0.167362
-42   0.167036
-41   0.167010
-40   0.167100
-39   0.167378
-38   0.167470
-37   0.167528
-36   0.167636
-35   0.167886
-34   0.168032
-33   0.168220
-32   0.168486
-31   0.168734
-30   0.168970
-29   0.169060
-28   0.169234
-27   0.169398
-26   0.169400
-25   0.169334
-24   0.169320
-23   0.169486
-22   0.169436
-21   0.169638
-20   0.169698
-19   0.169924
-18   0.169994
-17   0.170336
-16   0.170606
-15   0.170870
-14   0.171160
-13   0.171568
-12   0.171932
-11   0.172518
-10   0.173134
-9   0.173902
-8   0.174428
-7   0.175096
-6   0.175872
-5   0.176686
-4   0.177450
-3   0.178324
-2   0.178874
-1   0.179450
