r MCS_10 MCS_20 MCS_40 MCS_80 MCS_160 MCS_320 MCS_640 MCS_1280 MCS_2560 MCS_5120 MCS_10240 MCS_20480 MCS_40960 
0   1.000000   1.000000   1.000000   1.000000   1.000000   1.000000   1.000000   1.000000   1.000000   1.000000   1.000000   1.000000   1.000000 
1   0.746800   0.725400   0.734000   0.739400   0.734600   0.725200   0.743800   0.729000   0.730000   0.736400   0.724800   0.721200   0.721200 
2   0.724200   0.704200   0.715200   0.714800   0.708800   0.696600   0.722000   0.704600   0.707800   0.717600   0.700000   0.700600   0.692800 
3   0.710200   0.686000   0.694200   0.690200   0.689400   0.682000   0.697000   0.680600   0.685800   0.699800   0.684200   0.685200   0.677000 
4   0.688200   0.663200   0.682800   0.673800   0.667600   0.659600   0.671600   0.663600   0.670200   0.678600   0.660800   0.667200   0.654800 
5   0.665600   0.643600   0.658800   0.650000   0.648400   0.641800   0.653400   0.640800   0.647600   0.655000   0.646600   0.649400   0.633800 
6   0.650000   0.624000   0.639400   0.631200   0.630000   0.619600   0.631600   0.626200   0.630400   0.639200   0.629000   0.628800   0.613800 
7   0.636800   0.606200   0.622800   0.616600   0.609800   0.603600   0.606600   0.605000   0.611400   0.624600   0.611600   0.616600   0.593800 
8   0.616600   0.589000   0.612200   0.599200   0.589400   0.582800   0.588400   0.590200   0.596200   0.600600   0.597000   0.603200   0.575800 
9   0.598000   0.569800   0.593800   0.578400   0.571800   0.566600   0.571000   0.575600   0.575800   0.581800   0.581600   0.587400   0.556000 
10   0.587800   0.550200   0.576200   0.563600   0.554400   0.551600   0.553000   0.561400   0.564800   0.564200   0.563400   0.573600   0.542400 
11   0.575600   0.533400   0.558200   0.550600   0.536000   0.536400   0.532400   0.541800   0.545800   0.548200   0.547600   0.559000   0.527800 
12   0.557200   0.517000   0.544800   0.535000   0.517800   0.519000   0.519400   0.524000   0.533000   0.532000   0.535800   0.544200   0.514000 
13   0.544800   0.501000   0.527000   0.513000   0.500800   0.499400   0.500800   0.508400   0.517800   0.513800   0.516400   0.528400   0.495200 
14   0.530400   0.486200   0.508600   0.497800   0.483400   0.486800   0.483800   0.500800   0.507400   0.503400   0.504600   0.520000   0.483400 
15   0.516000   0.471600   0.497800   0.488000   0.467800   0.466000   0.469600   0.483400   0.492600   0.487600   0.489000   0.507400   0.470600 
16   0.500800   0.459400   0.483200   0.473000   0.450600   0.451800   0.448600   0.466000   0.478800   0.475600   0.476800   0.494200   0.460400 
17   0.490000   0.444000   0.467400   0.461200   0.434400   0.438400   0.435000   0.451400   0.467400   0.458000   0.463600   0.485000   0.444400 
18   0.478200   0.429600   0.452800   0.448600   0.421600   0.422600   0.422000   0.438600   0.452600   0.442800   0.456200   0.476600   0.432600 
19   0.466200   0.418200   0.441000   0.433600   0.403200   0.412200   0.411600   0.430000   0.438200   0.431400   0.439400   0.461800   0.419200 
20   0.455600   0.412400   0.426800   0.423200   0.395400   0.395200   0.400400   0.417000   0.426600   0.414800   0.425800   0.450800   0.404200 
21   0.442800   0.397400   0.413000   0.411800   0.377600   0.382000   0.386400   0.404600   0.418000   0.405400   0.415600   0.440400   0.391200 
22   0.430200   0.388000   0.399400   0.403000   0.365400   0.373800   0.371400   0.398600   0.400800   0.391000   0.406800   0.434000   0.378200 
23   0.418800   0.380400   0.389600   0.391400   0.350600   0.360000   0.365400   0.384600   0.395400   0.380400   0.396200   0.420400   0.370800 
24   0.408600   0.373400   0.380200   0.383200   0.340000   0.346600   0.355800   0.373800   0.382600   0.372200   0.377400   0.414000   0.358600 
25   0.395800   0.361400   0.370600   0.366000   0.329400   0.336800   0.342000   0.360200   0.374200   0.357000   0.369800   0.403000   0.344800 
26   0.386000   0.356600   0.355000   0.356600   0.315400   0.324400   0.333200   0.350400   0.360800   0.347400   0.357800   0.398400   0.337000 
27   0.373600   0.345600   0.350600   0.347200   0.304200   0.311200   0.321800   0.338200   0.352200   0.337400   0.348400   0.387400   0.325800 
28   0.370000   0.333600   0.338600   0.333200   0.294600   0.304200   0.315400   0.334600   0.341400   0.322000   0.334800   0.378000   0.314000 
29   0.357200   0.326200   0.327600   0.321400   0.281400   0.296400   0.307000   0.318400   0.333400   0.309200   0.326600   0.370600   0.306800 
30   0.348000   0.317400   0.315000   0.311600   0.274400   0.290800   0.300800   0.311400   0.327800   0.303000   0.314800   0.362400   0.301800 
31   0.340000   0.306400   0.310200   0.307400   0.266200   0.278000   0.292800   0.303000   0.318600   0.292400   0.311800   0.365000   0.296000 
32   0.335800   0.304600   0.301200   0.294000   0.258600   0.265600   0.284000   0.291000   0.312000   0.282400   0.297000   0.351800   0.286000 
33   0.322800   0.294800   0.290800   0.290600   0.251600   0.259600   0.276200   0.287200   0.301200   0.271200   0.294200   0.346600   0.279000 
34   0.312800   0.281800   0.282200   0.277000   0.240200   0.251800   0.268800   0.278200   0.294400   0.265200   0.284000   0.337800   0.267400 
35   0.307600   0.277800   0.272800   0.274400   0.235600   0.241400   0.260400   0.270400   0.290600   0.256400   0.276000   0.332200   0.261600 
36   0.299200   0.268200   0.267000   0.265200   0.229800   0.235400   0.259000   0.262400   0.281600   0.247200   0.267400   0.322400   0.254200 
37   0.292800   0.255800   0.254400   0.254400   0.221400   0.230800   0.247000   0.260800   0.271400   0.242600   0.259000   0.321400   0.250200 
38   0.286800   0.254800   0.247200   0.246600   0.212000   0.221200   0.245400   0.256000   0.267200   0.234200   0.253000   0.313800   0.246600 
39   0.278600   0.242200   0.244400   0.241200   0.202400   0.217200   0.238000   0.252600   0.262200   0.227400   0.241200   0.303400   0.239600 
40   0.271600   0.233400   0.236200   0.232400   0.198000   0.208800   0.232800   0.242800   0.251000   0.222200   0.235800   0.300000   0.232600 
41   0.268000   0.227600   0.229800   0.225600   0.190800   0.202200   0.228000   0.237000   0.240200   0.214000   0.229000   0.293800   0.226800 
42   0.261200   0.221600   0.225000   0.217000   0.185400   0.198600   0.224800   0.232400   0.232400   0.206400   0.221000   0.290800   0.221400 
43   0.255800   0.213800   0.219800   0.215800   0.179200   0.193000   0.219600   0.228200   0.225400   0.202000   0.214400   0.283400   0.220400 
44   0.248800   0.205000   0.214600   0.206400   0.180200   0.186000   0.215200   0.222600   0.218600   0.195600   0.207000   0.277400   0.219600 
45   0.244200   0.197800   0.204400   0.198800   0.171600   0.180400   0.209400   0.216400   0.211800   0.190200   0.201400   0.277600   0.216200 
46   0.234400   0.193600   0.198000   0.194400   0.162600   0.174200   0.202800   0.210000   0.202600   0.187200   0.194200   0.269200   0.211000 
47   0.235600   0.185400   0.190200   0.188200   0.163400   0.172000   0.199400   0.207800   0.197400   0.179600   0.187600   0.262200   0.208400 
48   0.228000   0.181800   0.187000   0.181000   0.153800   0.165800   0.197600   0.200000   0.194000   0.174800   0.183200   0.256800   0.204400 
49   0.222800   0.176000   0.179600   0.175800   0.151400   0.163800   0.190000   0.197000   0.188400   0.172000   0.177800   0.248800   0.196000 
50   0.215800   0.168800   0.173200   0.170200   0.149000   0.159600   0.188000   0.191000   0.182400   0.159000   0.171200   0.246600   0.197400 
51   0.213800   0.160800   0.171000   0.164200   0.144800   0.152600   0.187800   0.188200   0.177200   0.154800   0.165800   0.247000   0.191000 
52   0.207600   0.153200   0.161200   0.153800   0.139400   0.151600   0.185600   0.178400   0.176000   0.151400   0.161600   0.240000   0.189400 
53   0.198600   0.150000   0.154400   0.149600   0.136800   0.148000   0.181600   0.172400   0.171400   0.147600   0.156000   0.235000   0.189600 
54   0.188000   0.142800   0.145400   0.143800   0.129000   0.143800   0.179000   0.167800   0.165800   0.142000   0.149800   0.231000   0.183000 
55   0.186800   0.136400   0.142400   0.138600   0.128600   0.136800   0.169200   0.158200   0.161000   0.141600   0.145200   0.234000   0.179400 
56   0.179800   0.128000   0.135600   0.131600   0.121400   0.134800   0.164600   0.154400   0.154400   0.139400   0.140000   0.228000   0.176400 
57   0.168400   0.128200   0.135800   0.130200   0.115800   0.128800   0.162800   0.152200   0.150800   0.132800   0.132400   0.223200   0.175000 
58   0.164200   0.125200   0.121400   0.124800   0.109600   0.125000   0.157400   0.148000   0.145000   0.127600   0.130000   0.218200   0.172600 
59   0.157600   0.120200   0.120400   0.118400   0.109800   0.125600   0.152000   0.142800   0.140800   0.125600   0.126400   0.212400   0.170600 
60   0.154000   0.116000   0.118200   0.113000   0.106600   0.123200   0.148000   0.140400   0.135000   0.122400   0.123000   0.207800   0.166400 
61   0.146400   0.116200   0.111200   0.109000   0.103600   0.118200   0.150600   0.135600   0.131400   0.119800   0.118400   0.205400   0.159400 
62   0.138200   0.116000   0.100600   0.104800   0.102800   0.116000   0.148400   0.136000   0.121600   0.113200   0.116400   0.200000   0.164400 
63   0.140800   0.106600   0.098000   0.104400   0.099000   0.113200   0.144800   0.131600   0.117800   0.109800   0.112000   0.193400   0.156000 
64   0.132400   0.104200   0.094200   0.102000   0.098800   0.110600   0.144800   0.126000   0.114200   0.106400   0.109600   0.186200   0.150200 
65   0.128000   0.100000   0.089000   0.090200   0.094200   0.107400   0.138800   0.123000   0.111800   0.100800   0.106400   0.181800   0.144800 
66   0.121200   0.098600   0.085400   0.091200   0.091400   0.101000   0.135200   0.118200   0.103200   0.099600   0.104400   0.177800   0.140400 
67   0.118400   0.094400   0.080600   0.089400   0.089600   0.104600   0.132600   0.112200   0.098200   0.094600   0.099000   0.177600   0.143000 
68   0.110000   0.091400   0.076400   0.085400   0.091000   0.091200   0.133400   0.109000   0.092800   0.092600   0.099000   0.169600   0.139000 
69   0.102800   0.090400   0.072200   0.077200   0.090200   0.090000   0.129200   0.107400   0.090000   0.093000   0.089200   0.163000   0.135800 
70   0.099400   0.088200   0.069600   0.078000   0.087400   0.085800   0.126800   0.102000   0.085200   0.088000   0.085000   0.163000   0.134800 
71   0.094000   0.081800   0.062000   0.075600   0.084000   0.086000   0.125400   0.106000   0.076400   0.084800   0.083800   0.156200   0.133000 
72   0.088600   0.080800   0.063600   0.071400   0.081000   0.081400   0.123600   0.102000   0.074600   0.086600   0.083600   0.154200   0.129400 
73   0.084600   0.082000   0.054000   0.070200   0.076200   0.077600   0.123400   0.095800   0.069600   0.079800   0.078000   0.146200   0.128600 
74   0.077600   0.077600   0.055200   0.067600   0.080200   0.077400   0.120600   0.098800   0.068400   0.080200   0.077000   0.140000   0.126600 
75   0.073600   0.076600   0.048800   0.060800   0.074000   0.071000   0.122600   0.098600   0.061200   0.078800   0.075800   0.134800   0.122600 
76   0.066600   0.072600   0.046400   0.059800   0.075400   0.066400   0.120600   0.093600   0.056600   0.074200   0.074400   0.137000   0.114800 
77   0.060600   0.068000   0.044000   0.053600   0.069400   0.063600   0.117600   0.093400   0.057600   0.070400   0.071200   0.131200   0.115800 
78   0.059200   0.066600   0.037600   0.052200   0.070400   0.058200   0.116000   0.092000   0.048200   0.067200   0.066000   0.130200   0.114800 
79   0.051200   0.063200   0.033000   0.049200   0.063000   0.055000   0.112200   0.087000   0.050200   0.067600   0.065200   0.124200   0.112000 
80   0.049200   0.055200   0.031600   0.044800   0.064400   0.053800   0.108200   0.089000   0.045400   0.064600   0.064000   0.119000   0.109800 
81   0.047000   0.054400   0.029600   0.043800   0.064000   0.049200   0.109800   0.082600   0.040400   0.063200   0.064200   0.117600   0.107200 
82   0.042600   0.050000   0.020800   0.041800   0.066600   0.049000   0.106200   0.084400   0.035400   0.060800   0.063000   0.118000   0.105000 
83   0.040400   0.044000   0.020800   0.037600   0.063000   0.042800   0.103600   0.081800   0.039000   0.060200   0.062000   0.110800   0.103400 
84   0.034600   0.040800   0.017200   0.037800   0.059800   0.043400   0.102200   0.084000   0.036600   0.056200   0.061200   0.108000   0.103800 
85   0.034800   0.035800   0.012800   0.034600   0.060200   0.039400   0.097000   0.079000   0.030600   0.055200   0.058400   0.106400   0.099800 
86   0.026200   0.031800   0.006800   0.035200   0.061000   0.035200   0.095800   0.076400   0.030600   0.055800   0.056800   0.101000   0.095400 
87   0.018800   0.029800   0.006000   0.030200   0.062000   0.036000   0.094000   0.076600   0.031200   0.057800   0.056200   0.098800   0.094600 
88   0.014000   0.022600  -0.002400   0.021400   0.058000   0.031600   0.095200   0.072200   0.025400   0.057200   0.055600   0.094200   0.091000 
89   0.012400   0.021800  -0.002000   0.023000   0.058400   0.030800   0.090200   0.071000   0.025600   0.053200   0.055200   0.094600   0.084400 
90   0.008000   0.017000  -0.003400   0.017400   0.056600   0.026400   0.088000   0.066600   0.019200   0.056800   0.054600   0.087000   0.083000 
91   0.002800   0.014200  -0.006000   0.012800   0.060200   0.026400   0.084000   0.064600   0.021400   0.057600   0.050400   0.084600   0.076600 
92  -0.005000   0.009200  -0.006600   0.013800   0.058600   0.020400   0.086000   0.062200   0.016400   0.056800   0.051200   0.086200   0.072600 
93  -0.007600   0.007600  -0.012200   0.013600   0.057600   0.024800   0.079600   0.057400   0.014000   0.056400   0.048000   0.080400   0.073200 
94  -0.013200  -0.000400  -0.015000   0.010800   0.055800   0.016400   0.078400   0.057800   0.013800   0.056000   0.042800   0.079200   0.067400 
95  -0.012800  -0.001000  -0.012600   0.007600   0.057600   0.013600   0.078000   0.052800   0.015000   0.057600   0.045600   0.078000   0.064200 
96  -0.019000  -0.003600  -0.011400   0.005200   0.053800   0.011400   0.077400   0.053000   0.013200   0.053200   0.046800   0.076200   0.062600 
97  -0.021600  -0.008000  -0.009400   0.004600   0.054400   0.009000   0.076200   0.052200   0.008400   0.053800   0.040800   0.072600   0.063000 
98  -0.026600  -0.003800  -0.007000  -0.001800   0.053400   0.007400   0.075400   0.053000   0.006800   0.056600   0.038600   0.072200   0.059800 
99  -0.027600  -0.009400  -0.008800  -0.002400   0.053600   0.003000   0.073200   0.052200   0.003800   0.047800   0.036400   0.075200   0.052200 
100  -0.032400  -0.009400  -0.010400  -0.001400   0.054400   0.003600   0.072800   0.050200   0.005200   0.052200   0.029000   0.072800   0.053400 
101  -0.036600  -0.011400  -0.008200  -0.003000   0.053400   0.003000   0.069000   0.048800   0.003600   0.043800   0.020000   0.072000   0.052400 
102  -0.039000  -0.012400  -0.010800  -0.009600   0.052200  -0.003200   0.070800   0.047200   0.002600   0.044000   0.021800   0.074800   0.049000 
103  -0.042000  -0.015800  -0.010400  -0.008800   0.052200  -0.004200   0.067000   0.044600  -0.000600   0.041200   0.016800   0.074200   0.047000 
104  -0.041000  -0.022000  -0.010800  -0.012200   0.044400  -0.004800   0.068000   0.043600  -0.003400   0.042800   0.013600   0.072600   0.041600 
105  -0.043200  -0.023400  -0.006800  -0.012800   0.047800  -0.010400   0.066400   0.043200  -0.002000   0.040200   0.013200   0.072000   0.042600 
106  -0.046200  -0.023000  -0.006200  -0.015000   0.048600  -0.009800   0.061200   0.044000  -0.005200   0.040400   0.010400   0.068800   0.036000 
107  -0.047600  -0.022200  -0.008600  -0.012000   0.042000  -0.013200   0.062000   0.039000  -0.005600   0.040200   0.013800   0.070800   0.037200 
108  -0.045800  -0.023000  -0.011800  -0.015200   0.045200  -0.011800   0.058400   0.039400  -0.009400   0.038400   0.012800   0.071600   0.036000 
109  -0.047200  -0.028000  -0.012800  -0.014600   0.048400  -0.017000   0.055800   0.036600  -0.011600   0.035600   0.006800   0.067800   0.033800 
110  -0.050400  -0.027600  -0.009000  -0.020800   0.043800  -0.011200   0.050600   0.040400  -0.010000   0.030600   0.008800   0.064600   0.031800 
111  -0.051400  -0.027000  -0.009600  -0.015400   0.047000  -0.015000   0.050800   0.032200  -0.014000   0.028600   0.008600   0.064200   0.035600 
112  -0.051000  -0.030200  -0.010800  -0.017600   0.045600  -0.019600   0.046800   0.034200  -0.015200   0.028000   0.004400   0.062400   0.034800 
113  -0.057600  -0.033800  -0.010800  -0.019400   0.047200  -0.025200   0.048400   0.032600  -0.017800   0.020000   0.004600   0.065200   0.033600 
114  -0.058800  -0.036000  -0.015400  -0.013600   0.044400  -0.023400   0.049400   0.030200  -0.014800   0.018000   0.000200   0.056400   0.031200 
115  -0.062200  -0.033800  -0.013800  -0.017200   0.044600  -0.022600   0.048000   0.031200  -0.013600   0.016800  -0.004200   0.058800   0.028600 
116  -0.061400  -0.038400  -0.016000  -0.017200   0.048400  -0.025600   0.046400   0.027200  -0.017200   0.014200  -0.004000   0.059000   0.026800 
117  -0.062200  -0.037400  -0.018400  -0.023200   0.042200  -0.026800   0.048000   0.028600  -0.013400   0.011800  -0.004200   0.050600   0.026200 
118  -0.065800  -0.043000  -0.026800  -0.019000   0.046800  -0.027200   0.046000   0.024800  -0.013800   0.009400  -0.004000   0.052600   0.027800 
119  -0.062600  -0.043400  -0.028000  -0.022800   0.044800  -0.027600   0.044000   0.023400  -0.010600   0.005200  -0.008000   0.049000   0.025000 
120  -0.063400  -0.043800  -0.029400  -0.020000   0.042200  -0.024600   0.044600   0.023800  -0.010400  -0.000000  -0.009800   0.050000   0.027800 
121  -0.068400  -0.046200  -0.031200  -0.022200   0.041400  -0.028600   0.045000   0.024000  -0.014000   0.000800  -0.009600   0.050400   0.026800 
122  -0.064800  -0.044800  -0.034000  -0.028000   0.040000  -0.032400   0.044400   0.020800  -0.010400   0.000600  -0.016200   0.046600   0.025400 
123  -0.067400  -0.048200  -0.035600  -0.025000   0.041600  -0.033200   0.044600   0.025600  -0.013200  -0.001800  -0.018800   0.048400   0.027400 
124  -0.072400  -0.046400  -0.034600  -0.028800   0.037000  -0.032800   0.043400   0.023600  -0.011000  -0.001400  -0.023200   0.045800   0.022200 
125  -0.075400  -0.049400  -0.037800  -0.027800   0.038000  -0.037800   0.041600   0.024600  -0.016000   0.001400  -0.022600   0.043000   0.019600 
126  -0.074400  -0.050800  -0.038200  -0.027400   0.036800  -0.039400   0.040200   0.023800  -0.014200  -0.002400  -0.026400   0.046400   0.020000 
127  -0.076800  -0.051200  -0.039800  -0.028400   0.032400  -0.033800   0.041800   0.024200  -0.016400   0.000200  -0.030000   0.043000   0.024800 
128  -0.079600  -0.056200  -0.041000  -0.030400   0.032400  -0.035400   0.039800   0.025000  -0.016400  -0.003200  -0.027000   0.044000   0.023800 
129  -0.080600  -0.057000  -0.041200  -0.028400   0.033800  -0.037600   0.038800   0.025400  -0.018000  -0.005800  -0.028200   0.039800   0.024200 
130  -0.080800  -0.057200  -0.043000  -0.028000   0.032400  -0.038400   0.038400   0.026000  -0.021200  -0.004800  -0.030600   0.043200   0.030400 
131  -0.080800  -0.057000  -0.043800  -0.032000   0.028800  -0.042800   0.036800   0.025600  -0.020600  -0.004800  -0.028800   0.038800   0.029600 
132  -0.083600  -0.056400  -0.043000  -0.031000   0.025400  -0.042400   0.033400   0.026400  -0.025000  -0.002800  -0.027600   0.037200   0.027800 
133  -0.079800  -0.058400  -0.041200  -0.031200   0.023200  -0.047800   0.032600   0.024800  -0.026800  -0.004600  -0.026600   0.036400   0.031000 
134  -0.081800  -0.055200  -0.043600  -0.033200   0.023800  -0.050400   0.031000   0.026800  -0.027600  -0.008800  -0.029400   0.036600   0.031800 
135  -0.082400  -0.056200  -0.045600  -0.033600   0.022200  -0.048800   0.029400   0.027000  -0.028200  -0.006800  -0.025200   0.033000   0.032200 
136  -0.086200  -0.056200  -0.047200  -0.035200   0.022400  -0.051800   0.027000   0.033200  -0.027800  -0.008000  -0.024000   0.036000   0.029600 
137  -0.086600  -0.058600  -0.047400  -0.036400   0.019000  -0.055600   0.024200   0.032800  -0.027600  -0.009800  -0.026600   0.035800   0.033200 
138  -0.089000  -0.057800  -0.044600  -0.036800   0.021200  -0.060800   0.024000   0.030600  -0.028200  -0.012400  -0.027400   0.033400   0.029000 
139  -0.091000  -0.062800  -0.047800  -0.037000   0.023000  -0.063200   0.020000   0.030000  -0.030600  -0.010800  -0.028000   0.032600   0.030000 
140  -0.089600  -0.059400  -0.045200  -0.037800   0.020200  -0.057600   0.017400   0.034600  -0.029600  -0.009200  -0.026200   0.031000   0.032000 
141  -0.090000  -0.059200  -0.048400  -0.042600   0.018800  -0.063200   0.017000   0.031600  -0.031000  -0.007400  -0.027800   0.030000   0.032800 
142  -0.091000  -0.059000  -0.045200  -0.037200   0.017200  -0.067200   0.016600   0.032400  -0.029800  -0.009000  -0.024600   0.032800   0.033400 
143  -0.087200  -0.059400  -0.044800  -0.042800   0.016800  -0.060800   0.012600   0.037600  -0.027400  -0.007600  -0.026600   0.028800   0.032000 
144  -0.085400  -0.060400  -0.047800  -0.044800   0.018000  -0.062400   0.014400   0.038600  -0.028600  -0.012200  -0.031800   0.033000   0.030400 
145  -0.086200  -0.061200  -0.044600  -0.042800   0.016800  -0.065000   0.012600   0.043800  -0.032000  -0.010600  -0.028000   0.030600   0.029600 
146  -0.086600  -0.064800  -0.043800  -0.042800   0.016000  -0.064400   0.012400   0.044600  -0.030800  -0.008000  -0.028400   0.028600   0.028800 
147  -0.087800  -0.065400  -0.043400  -0.044000   0.015600  -0.067400   0.004200   0.043600  -0.027000  -0.007600  -0.023800   0.026000   0.025600 
148  -0.088400  -0.065200  -0.042800  -0.045200   0.010400  -0.064600   0.007200   0.041200  -0.031800  -0.006000  -0.029600   0.025000   0.028000 
149  -0.089200  -0.062200  -0.048600  -0.044600   0.014400  -0.066800   0.011000   0.043600  -0.034000  -0.008400  -0.023800   0.023000   0.024800 
150  -0.088800  -0.060400  -0.046000  -0.040200   0.008000  -0.061400   0.005600   0.045000  -0.029800  -0.006400  -0.022400   0.019200   0.026800 
151  -0.088800  -0.068400  -0.046200  -0.040600   0.011000  -0.064400   0.011000   0.047400  -0.033400  -0.011400  -0.021600   0.018000   0.025800 
152  -0.093800  -0.066400  -0.051800  -0.043600   0.008800  -0.064800   0.005600   0.044200  -0.031000  -0.007200  -0.018600   0.011800   0.024200 
153  -0.095800  -0.061400  -0.055200  -0.043200   0.010200  -0.062400   0.011000   0.044400  -0.030000  -0.008600  -0.017400   0.015400   0.020400 
154  -0.093000  -0.062200  -0.052800  -0.042000   0.012200  -0.061400   0.007000   0.043800  -0.024600  -0.010600  -0.017400   0.014600   0.021800 
155  -0.093400  -0.063800  -0.050200  -0.044600   0.010400  -0.060000   0.009200   0.045800  -0.025600  -0.013400  -0.015400   0.010600   0.020400 
156  -0.094200  -0.066200  -0.053800  -0.042800   0.007600  -0.061600   0.008400   0.048400  -0.023200  -0.011800  -0.014800   0.011000   0.019400 
157  -0.093200  -0.066600  -0.052800  -0.044400   0.008200  -0.065000   0.004600   0.046600  -0.025400  -0.010800  -0.018000   0.009000   0.019600 
158  -0.095000  -0.065000  -0.050800  -0.046200   0.008400  -0.063000   0.005600   0.048600  -0.024200  -0.013000  -0.016200   0.005200   0.018600 
159  -0.092400  -0.066600  -0.049200  -0.046800   0.006200  -0.060000   0.003000   0.051800  -0.024000  -0.010000  -0.014200   0.004800   0.018000 
160  -0.090400  -0.070000  -0.050000  -0.047800   0.009400  -0.060600   0.004400   0.051200  -0.027600  -0.012000  -0.011600   0.002200   0.014800 
161  -0.087000  -0.070400  -0.053200  -0.044400   0.008200  -0.063400   0.006000   0.049600  -0.023400  -0.014800  -0.011200   0.002400   0.009400 
162  -0.088600  -0.071000  -0.055000  -0.043600   0.002400  -0.061200   0.006200   0.053800  -0.024800  -0.014400  -0.009200  -0.002600   0.008200 
163  -0.080600  -0.069600  -0.050600  -0.049000   0.003600  -0.062000   0.006000   0.053400  -0.028800  -0.014000  -0.009600  -0.001600   0.007200 
164  -0.084400  -0.069000  -0.053800  -0.050200  -0.001200  -0.059000   0.007800   0.053600  -0.025000  -0.011600  -0.009000  -0.000600   0.005600 
165  -0.086000  -0.071800  -0.053200  -0.049600   0.003800  -0.056200   0.004200   0.052600  -0.022800  -0.013200  -0.006600  -0.005400   0.004000 
166  -0.083600  -0.070400  -0.055000  -0.047000   0.000600  -0.055800   0.005800   0.061800  -0.023200  -0.004400  -0.001600  -0.008200   0.007800 
167  -0.079000  -0.068800  -0.052400  -0.051600  -0.005200  -0.057400   0.004200   0.056400  -0.027000  -0.005800  -0.000600  -0.011000   0.004800 
168  -0.078800  -0.069200  -0.053400  -0.051600  -0.008000  -0.062200   0.009400   0.055600  -0.024200  -0.006800  -0.005000  -0.018200   0.007600 
169  -0.079000  -0.066800  -0.050200  -0.052800  -0.010000  -0.060400   0.007600   0.057800  -0.025000  -0.010400  -0.003600  -0.016000   0.005200 
170  -0.078600  -0.073000  -0.050000  -0.051400  -0.016000  -0.060200   0.007800   0.056600  -0.024600  -0.008400   0.000200  -0.018800   0.006400 
171  -0.076200  -0.070400  -0.050000  -0.058000  -0.016400  -0.059200   0.010200   0.058000  -0.024200  -0.011200   0.001200  -0.018600   0.007800 
172  -0.073600  -0.071000  -0.051200  -0.054400  -0.017400  -0.063800   0.013200   0.059600  -0.020400  -0.006400   0.005600  -0.019600   0.008000 
173  -0.077400  -0.066800  -0.050200  -0.052400  -0.017800  -0.057600   0.011600   0.055800  -0.019200  -0.007000   0.004200  -0.022800   0.011000 
174  -0.073200  -0.067000  -0.050800  -0.053000  -0.018800  -0.061800   0.013000   0.054000  -0.024400  -0.009000   0.006200  -0.024200   0.014200 
175  -0.073800  -0.068200  -0.047600  -0.054400  -0.021200  -0.061200   0.013400   0.053400  -0.020400  -0.010200   0.005600  -0.023000   0.013400 
176  -0.075000  -0.065600  -0.047400  -0.056200  -0.022600  -0.060000   0.016400   0.049200  -0.021800  -0.007000   0.009600  -0.024800   0.015800 
177  -0.070600  -0.066800  -0.048200  -0.055800  -0.029200  -0.059600   0.017000   0.047800  -0.016600  -0.009400   0.009000  -0.030000   0.015200 
178  -0.068600  -0.067800  -0.046800  -0.057400  -0.027600  -0.056200   0.020200   0.044400  -0.018400  -0.011400   0.013000  -0.031400   0.011400 
179  -0.073200  -0.069000  -0.044800  -0.061000  -0.030400  -0.056800   0.015800   0.041000  -0.016800  -0.012400   0.012000  -0.030800   0.013400 
180  -0.071000  -0.067800  -0.042600  -0.059200  -0.032800  -0.056400   0.018200   0.045400  -0.018000  -0.009600   0.011200  -0.028600   0.017200 
181  -0.074000  -0.068800  -0.041200  -0.057600  -0.035400  -0.057000   0.013400   0.043400  -0.013800  -0.011600   0.007400  -0.030600   0.017800 
182  -0.071400  -0.069000  -0.041400  -0.060800  -0.039400  -0.052800   0.013000   0.040200  -0.014200  -0.013200   0.007800  -0.031800   0.017800 
183  -0.071200  -0.069000  -0.040200  -0.064200  -0.039000  -0.052400   0.011400   0.039000  -0.009800  -0.012200   0.013000  -0.028000   0.017800 
184  -0.073600  -0.065600  -0.036600  -0.064600  -0.041400  -0.050800   0.013600   0.039400  -0.014200  -0.014800   0.015000  -0.032800   0.021400 
185  -0.069400  -0.064200  -0.040200  -0.066600  -0.045600  -0.045600   0.007800   0.036200  -0.010800  -0.014400   0.018000  -0.031000   0.018400 
186  -0.069400  -0.066200  -0.041000  -0.066600  -0.045200  -0.043200   0.015800   0.034600  -0.007200  -0.014800   0.015600  -0.029400   0.017200 
187  -0.070600  -0.066400  -0.037800  -0.067200  -0.048800  -0.045600   0.017000   0.032200  -0.003400  -0.015000   0.022200  -0.029800   0.022400 
188  -0.069800  -0.067000  -0.038200  -0.072600  -0.050200  -0.045000   0.012200   0.034200  -0.003000  -0.015200   0.021200  -0.030200   0.018600 
189  -0.071000  -0.069600  -0.039400  -0.072000  -0.052400  -0.041600   0.012800   0.029400   0.001200  -0.015200   0.020000  -0.031200   0.022200 
190  -0.069000  -0.067600  -0.038600  -0.073400  -0.053400  -0.044400   0.006400   0.031600  -0.002600  -0.022200   0.021000  -0.030400   0.021200 
191  -0.062800  -0.062800  -0.041600  -0.069400  -0.058400  -0.042000   0.013600   0.023800  -0.000200  -0.021200   0.016800  -0.030600   0.022200 
192  -0.066000  -0.062800  -0.039600  -0.068800  -0.060800  -0.043600   0.011200   0.026000   0.001000  -0.019000   0.020000  -0.030600   0.024800 
193  -0.064800  -0.064200  -0.039200  -0.068600  -0.060200  -0.038000   0.008000   0.021000   0.005000  -0.020800   0.017800  -0.033000   0.024200 
194  -0.063400  -0.063200  -0.038000  -0.065400  -0.065000  -0.041200   0.003000   0.023000   0.007200  -0.017800   0.020200  -0.031000   0.020600 
195  -0.060800  -0.062000  -0.041600  -0.067200  -0.067200  -0.037400   0.006600   0.020400   0.011000  -0.020000   0.019400  -0.032000   0.020200 
196  -0.063000  -0.060200  -0.041600  -0.066400  -0.064800  -0.037800   0.002400   0.023800   0.014400  -0.020200   0.016200  -0.032400   0.021600 
197  -0.060600  -0.061200  -0.042200  -0.062200  -0.065000  -0.036000  -0.004000   0.021800   0.015000  -0.019600   0.021400  -0.031000   0.019800 
198  -0.061200  -0.061400  -0.042800  -0.063400  -0.065600  -0.034000   0.000800   0.023200   0.015200  -0.019400   0.021200  -0.031000   0.021400 
199  -0.060800  -0.056400  -0.043400  -0.062400  -0.065600  -0.033400  -0.005800   0.021200   0.014200  -0.021200   0.013600  -0.033600   0.019000 
200  -0.062400  -0.051400  -0.046400  -0.063400  -0.066800  -0.031000  -0.008400   0.022200   0.010200  -0.021600   0.021000  -0.034600   0.017800 
201  -0.060600  -0.053600  -0.042200  -0.057600  -0.068400  -0.028400  -0.007200   0.026400   0.012400  -0.028000   0.019000  -0.036800   0.023000 
202  -0.056800  -0.052000  -0.050600  -0.059800  -0.073200  -0.029600  -0.014200   0.019200   0.013600  -0.022400   0.025000  -0.038200   0.024400 
203  -0.058600  -0.051200  -0.047200  -0.055200  -0.072800  -0.030400  -0.010600   0.021400   0.014200  -0.025200   0.025800  -0.039400   0.024600 
204  -0.054000  -0.049200  -0.051200  -0.058400  -0.072800  -0.030000  -0.016400   0.021000   0.015400  -0.026000   0.024000  -0.035600   0.024800 
205  -0.057200  -0.052800  -0.047400  -0.060200  -0.074000  -0.029400  -0.019800   0.019400   0.015400  -0.030200   0.023000  -0.039600   0.025800 
206  -0.056200  -0.048200  -0.048200  -0.062200  -0.072200  -0.030000  -0.019600   0.017400   0.013400  -0.034600   0.024800  -0.040400   0.029200 
207  -0.055400  -0.049000  -0.048600  -0.061000  -0.076800  -0.032800  -0.021200   0.017400   0.012200  -0.033400   0.020400  -0.037200   0.028400 
208  -0.057600  -0.042800  -0.046600  -0.060800  -0.078800  -0.040200  -0.020800   0.021400   0.015400  -0.034600   0.019200  -0.041800   0.028000 
209  -0.056000  -0.043400  -0.044200  -0.062800  -0.076400  -0.037200  -0.024600   0.018800   0.014200  -0.036400   0.020200  -0.035000   0.026600 
210  -0.053400  -0.046600  -0.041800  -0.062400  -0.075400  -0.033400  -0.022600   0.015600   0.013800  -0.036000   0.021800  -0.039000   0.030800 
211  -0.055600  -0.042800  -0.042800  -0.064600  -0.077800  -0.036400  -0.022600   0.021200   0.017800  -0.038600   0.019000  -0.040000   0.026400 
212  -0.054000  -0.044000  -0.040600  -0.062600  -0.075800  -0.036800  -0.023400   0.023600   0.011600  -0.038200   0.019200  -0.036000   0.029000 
213  -0.053600  -0.047200  -0.044000  -0.064800  -0.078800  -0.034400  -0.027200   0.021200   0.015000  -0.037400   0.017800  -0.037200   0.031800 
214  -0.048600  -0.044600  -0.039600  -0.063800  -0.074800  -0.035600  -0.024200   0.020200   0.012800  -0.036000   0.017400  -0.040200   0.028800 
215  -0.050600  -0.040400  -0.041200  -0.062000  -0.076600  -0.034200  -0.026600   0.018800   0.021600  -0.035200   0.016800  -0.038800   0.032000 
216  -0.047200  -0.043400  -0.042600  -0.061400  -0.074800  -0.035600  -0.029400   0.019800   0.013000  -0.041800   0.020200  -0.035000   0.034000 
217  -0.046800  -0.038000  -0.043000  -0.060400  -0.074600  -0.033000  -0.030600   0.020000   0.016800  -0.042000   0.021000  -0.035000   0.033200 
218  -0.045600  -0.043000  -0.045200  -0.060200  -0.074200  -0.032000  -0.027400   0.021200   0.015200  -0.046000   0.021000  -0.034400   0.035200 
219  -0.042000  -0.044200  -0.044600  -0.062600  -0.073000  -0.032200  -0.031400   0.024400   0.013600  -0.038400   0.018000  -0.036400   0.035200 
220  -0.041400  -0.037400  -0.042200  -0.064400  -0.069200  -0.029800  -0.032200   0.023400   0.014200  -0.045000   0.019000  -0.037800   0.033400 
221  -0.040800  -0.035800  -0.047400  -0.064400  -0.067000  -0.026800  -0.030000   0.028200   0.014400  -0.044400   0.018000  -0.036200   0.035600 
222  -0.037000  -0.038200  -0.048400  -0.065800  -0.065600  -0.028400  -0.028000   0.028400   0.009000  -0.046200   0.019400  -0.036800   0.036200 
223  -0.035800  -0.030600  -0.046200  -0.066200  -0.065000  -0.025800  -0.030600   0.024800   0.017000  -0.045800   0.017200  -0.034800   0.032200 
224  -0.031600  -0.030800  -0.045200  -0.065800  -0.066400  -0.026600  -0.026200   0.029800   0.012800  -0.046400   0.016800  -0.031400   0.028600 
225  -0.030600  -0.027800  -0.045800  -0.063600  -0.067800  -0.030800  -0.027000   0.031200   0.011800  -0.046800   0.017400  -0.034200   0.036600 
226  -0.028800  -0.029200  -0.043200  -0.064600  -0.065200  -0.031400  -0.024600   0.028200   0.011800  -0.048000   0.011200  -0.034200   0.034200 
227  -0.028600  -0.026600  -0.040600  -0.066400  -0.063400  -0.028600  -0.024000   0.035000   0.014400  -0.046800   0.015800  -0.035200   0.029800 
228  -0.029000  -0.029000  -0.044000  -0.066400  -0.063400  -0.028200  -0.025200   0.033600   0.012600  -0.047000   0.016200  -0.034600   0.036200 
229  -0.025000  -0.024800  -0.037600  -0.065200  -0.065200  -0.031200  -0.022200   0.034400   0.013400  -0.046600   0.016400  -0.035200   0.039000 
230  -0.023000  -0.023400  -0.036800  -0.061600  -0.066200  -0.028600  -0.022200   0.033400   0.016200  -0.049000   0.014800  -0.035000   0.033200 
231  -0.024200  -0.023000  -0.042400  -0.060400  -0.064800  -0.030200  -0.017800   0.031600   0.018200  -0.053200   0.015400  -0.037600   0.032400 
232  -0.020600  -0.021400  -0.037600  -0.058400  -0.063000  -0.029600  -0.022200   0.030600   0.019400  -0.053000   0.015800  -0.041200   0.032800 
233  -0.021400  -0.021200  -0.040800  -0.061200  -0.061600  -0.035200  -0.023000   0.033400   0.021600  -0.054200   0.017800  -0.038400   0.035200 
234  -0.022200  -0.022400  -0.036800  -0.058400  -0.063000  -0.036600  -0.015800   0.032400   0.025400  -0.053800   0.016800  -0.036600   0.038600 
235  -0.019600  -0.019800  -0.040400  -0.058600  -0.063600  -0.037400  -0.022200   0.031600   0.027200  -0.054000   0.017400  -0.041200   0.036000 
236  -0.022600  -0.021400  -0.039600  -0.059800  -0.064400  -0.039600  -0.022000   0.035400   0.026800  -0.054600   0.017400  -0.039400   0.034000 
237  -0.023600  -0.018200  -0.036600  -0.059800  -0.069800  -0.036600  -0.021400   0.031000   0.027600  -0.056000   0.017200  -0.038200   0.034000 
238  -0.021200  -0.017000  -0.037200  -0.058800  -0.070400  -0.036200  -0.023400   0.035400   0.026400  -0.057200   0.013200  -0.036400   0.031200 
239  -0.025000  -0.019000  -0.035600  -0.058600  -0.067800  -0.038400  -0.021400   0.038600   0.026000  -0.059000   0.017200  -0.033600   0.028600 
240  -0.023400  -0.020000  -0.036800  -0.053400  -0.068600  -0.039000  -0.020400   0.035600   0.032600  -0.056800   0.016600  -0.035200   0.032800 
241  -0.027000  -0.016600  -0.032600  -0.053200  -0.065400  -0.038600  -0.019200   0.031200   0.034800  -0.057400   0.022600  -0.035000   0.029400 
242  -0.024400  -0.016600  -0.033000  -0.058800  -0.064000  -0.041600  -0.017000   0.030000   0.031800  -0.060400   0.017000  -0.031000   0.025400 
243  -0.027400  -0.023800  -0.033000  -0.061600  -0.062000  -0.038000  -0.017200   0.030000   0.033800  -0.056800   0.019400  -0.034200   0.026800 
244  -0.027200  -0.022600  -0.028600  -0.061600  -0.059200  -0.037000  -0.017400   0.028600   0.037000  -0.056200   0.017800  -0.036200   0.027200 
245  -0.030000  -0.015600  -0.028200  -0.058800  -0.055600  -0.036800  -0.017400   0.028800   0.038600  -0.055000   0.021200  -0.035600   0.029200 
246  -0.028800  -0.019400  -0.027800  -0.058600  -0.055600  -0.038800  -0.012200   0.030600   0.033800  -0.053400   0.015800  -0.036600   0.028000 
247  -0.027200  -0.016800  -0.026600  -0.055000  -0.054000  -0.040000  -0.013400   0.025800   0.034600  -0.050200   0.016800  -0.032600   0.024200 
248  -0.029400  -0.015200  -0.027400  -0.051400  -0.052800  -0.039600  -0.006800   0.027600   0.035800  -0.051200   0.015200  -0.031200   0.027800 
249  -0.030600  -0.010200  -0.024400  -0.048600  -0.055000  -0.037200  -0.005400   0.028600   0.037200  -0.054600   0.016200  -0.034400   0.025000 
250  -0.031800  -0.013400  -0.027600  -0.048000  -0.056200  -0.040600  -0.004800   0.029000   0.034400  -0.052800   0.014000  -0.031200   0.026400 
251  -0.030400  -0.008000  -0.024800  -0.043600  -0.049200  -0.044400  -0.005000   0.029800   0.032200  -0.053800   0.014600  -0.031200   0.022400 
252  -0.030400  -0.008000  -0.027400  -0.043200  -0.050200  -0.039600  -0.000400   0.030200   0.030800  -0.052800   0.015600  -0.026800   0.024400 
253  -0.026800  -0.009000  -0.026800  -0.041000  -0.052000  -0.042000   0.000600   0.029800   0.034800  -0.051600   0.016400  -0.024400   0.021200 
254  -0.031600  -0.008800  -0.026200  -0.038000  -0.050200  -0.041400   0.002000   0.030600   0.032800  -0.051400   0.012200  -0.026000   0.022200 
255  -0.030000  -0.010400  -0.030400  -0.033200  -0.050400  -0.039200  -0.002600   0.026400   0.034400  -0.054400   0.014400  -0.026600   0.017800 
256  -0.029000  -0.010600  -0.030000  -0.030400  -0.047400  -0.042000   0.000200   0.029600   0.032400  -0.056000   0.014600  -0.020000   0.017600 
257  -0.024600  -0.006200  -0.029400  -0.030600  -0.044200  -0.043000  -0.004200   0.028400   0.034000  -0.056200   0.013600  -0.023200   0.018000 
258  -0.025800  -0.010800  -0.027600  -0.026200  -0.044400  -0.044600  -0.002400   0.029400   0.033800  -0.056800   0.012600  -0.021800   0.017400 
259  -0.027200  -0.007600  -0.025800  -0.026400  -0.041800  -0.041800  -0.003000   0.024800   0.034200  -0.057200   0.011600  -0.018200   0.015200 
260  -0.024200  -0.016800  -0.022400  -0.025200  -0.036400  -0.040600  -0.006400   0.024400   0.030600  -0.052600   0.012600  -0.017200   0.017800 
261  -0.028000  -0.013400  -0.025800  -0.026400  -0.033200  -0.044200  -0.003800   0.024000   0.029800  -0.054200   0.005000  -0.019000   0.020600 
262  -0.025400  -0.018000  -0.025600  -0.026400  -0.036400  -0.044200   0.001000   0.021800   0.031800  -0.052200   0.008200  -0.017600   0.018800 
263  -0.025000  -0.021000  -0.026400  -0.023200  -0.029400  -0.043400  -0.005200   0.019600   0.029600  -0.048200   0.005200  -0.019400   0.014800 
264  -0.020800  -0.021600  -0.025400  -0.023000  -0.029200  -0.040600  -0.002200   0.017400   0.026800  -0.049200   0.003400  -0.017800   0.012800 
265  -0.017800  -0.012600  -0.025600  -0.021600  -0.028000  -0.044200  -0.003800   0.017000   0.031400  -0.048000   0.004600  -0.012000   0.015400 
266  -0.019000  -0.019000  -0.026200  -0.021400  -0.030400  -0.042400  -0.001600   0.016000   0.030400  -0.050000  -0.001000  -0.012000   0.018600 
267  -0.016000  -0.020200  -0.025200  -0.015400  -0.031200  -0.041200  -0.002400   0.013400   0.030800  -0.048000  -0.000200  -0.013400   0.018000 
268  -0.014800  -0.019200  -0.025200  -0.017600  -0.022800  -0.040000   0.000600   0.014000   0.029400  -0.043600  -0.000000  -0.014000   0.009800 
269  -0.017800  -0.015800  -0.026400  -0.019600  -0.025400  -0.039600  -0.005000   0.009200   0.029600  -0.042800   0.002200  -0.019600   0.012600 
270  -0.018600  -0.016200  -0.023800  -0.015400  -0.022600  -0.037600  -0.006600   0.009200   0.030200  -0.043200   0.002800  -0.014400   0.010600 
271  -0.013800  -0.011400  -0.026800  -0.017200  -0.023600  -0.037800  -0.008400   0.009200   0.030800  -0.036800  -0.002200  -0.013200   0.012400 
272  -0.010800  -0.014000  -0.025200  -0.015000  -0.017400  -0.042800  -0.010400   0.006400   0.029600  -0.041400  -0.003000  -0.016000   0.012000 
273  -0.013000  -0.012400  -0.024200  -0.016000  -0.012600  -0.039200  -0.014000   0.005000   0.031000  -0.044800  -0.001200  -0.012600   0.012000 
274  -0.013600  -0.011200  -0.027400  -0.015600  -0.010400  -0.037400  -0.016400   0.005400   0.031400  -0.035200  -0.005200  -0.014200   0.010800 
275  -0.010800  -0.015200  -0.028400  -0.013400  -0.014800  -0.035800  -0.017200   0.004600   0.032400  -0.039600  -0.006000  -0.016000   0.015200 
276  -0.009800  -0.013200  -0.029200  -0.010400  -0.009400  -0.036200  -0.022000   0.000400   0.031400  -0.040000  -0.009000  -0.015800   0.016200 
277  -0.007400  -0.008400  -0.029400  -0.014800  -0.009600  -0.039400  -0.023600   0.000800   0.029600  -0.040800  -0.009200  -0.014000   0.016200 
278  -0.007800  -0.007000  -0.030600  -0.014000  -0.005600  -0.038800  -0.026200  -0.001000   0.032200  -0.043600  -0.009600  -0.014400   0.016800 
279  -0.001600  -0.007200  -0.029600  -0.012600  -0.007400  -0.036200  -0.029000  -0.003000   0.032400  -0.039600  -0.009400  -0.013000   0.021600 
280  -0.000400  -0.005800  -0.031600  -0.012800  -0.007200  -0.037000  -0.029000  -0.002200   0.034400  -0.039000  -0.013400  -0.014600   0.017800 
281  -0.004200  -0.007000  -0.029400  -0.007600  -0.004200  -0.039200  -0.032800  -0.002800   0.031400  -0.038800  -0.011800  -0.015400   0.019000 
282  -0.001400  -0.002800  -0.030400  -0.010000  -0.003800  -0.038800  -0.032800  -0.002200   0.034000  -0.037200  -0.011200  -0.014800   0.024800 
283  -0.001000  -0.004600  -0.027600  -0.011200   0.000200  -0.042600  -0.029800  -0.000400   0.037400  -0.031200  -0.015400  -0.010000   0.026600 
284   0.001400  -0.001200  -0.025000  -0.009200  -0.004200  -0.039000  -0.029200  -0.006800   0.032600  -0.034400  -0.012200  -0.008600   0.026800 
285   0.001600   0.000400  -0.023000  -0.009600   0.000600  -0.040000  -0.031400  -0.008200   0.036200  -0.032600  -0.014200  -0.010200   0.022600 
286   0.002400   0.002000  -0.027600  -0.011000   0.000400  -0.036400  -0.030600  -0.006800   0.037000  -0.032600  -0.015000  -0.008600   0.024200 
287   0.005600  -0.000800  -0.020800  -0.008800  -0.000800  -0.034200  -0.033000  -0.005400   0.036000  -0.030600  -0.017400  -0.010800   0.025400 
288   0.003800   0.000400  -0.026000  -0.011200   0.000200  -0.035200  -0.032600  -0.006600   0.036600  -0.028000  -0.017600  -0.009600   0.025400 
289   0.004400  -0.002600  -0.029400  -0.015400  -0.001200  -0.037000  -0.031600  -0.005000   0.034600  -0.023000  -0.020600  -0.006400   0.024800 
290   0.000600   0.001800  -0.028200  -0.013200   0.001600  -0.035600  -0.029800  -0.006000   0.035600  -0.020000  -0.020600  -0.007000   0.021000 
291   0.001400  -0.001200  -0.029800  -0.012600   0.003400  -0.033600  -0.027400  -0.002800   0.036000  -0.020400  -0.022200  -0.006200   0.016600 
292   0.001600   0.002800  -0.026200  -0.013600   0.004600  -0.037000  -0.025800  -0.000200   0.036200  -0.020000  -0.024200  -0.009200   0.013200 
293   0.002600   0.005000  -0.024800  -0.009600   0.003000  -0.032400  -0.026800  -0.005800   0.036200  -0.021200  -0.025800  -0.004600   0.015000 
294   0.003400   0.002200  -0.025800  -0.015200   0.003200  -0.033000  -0.028600  -0.004000   0.041400  -0.021200  -0.022600  -0.007400   0.012200 
295   0.003000   0.006400  -0.029000  -0.015000   0.007600  -0.029000  -0.028000  -0.003400   0.040800  -0.018400  -0.024000  -0.006200   0.011000 
296  -0.002600   0.007200  -0.028400  -0.017600   0.007400  -0.027800  -0.032600  -0.000200   0.040800  -0.021400  -0.028000  -0.006200   0.011400 
297  -0.003200   0.005000  -0.029400  -0.018800   0.010400  -0.033000  -0.029800  -0.006400   0.045800  -0.020000  -0.029600  -0.003600   0.006200 
298  -0.000200   0.010400  -0.033600  -0.015000   0.011200  -0.025600  -0.029000  -0.003200   0.045600  -0.021000  -0.030600  -0.003800   0.006800 
299  -0.003600   0.006800  -0.032200  -0.015800   0.006400  -0.026400  -0.026600  -0.001400   0.050800  -0.019000  -0.030800  -0.009800   0.005000 
300  -0.003000   0.007200  -0.032400  -0.019000   0.002600  -0.026800  -0.032200  -0.008800   0.050000  -0.019200  -0.033400  -0.006200   0.004000 
301  -0.001800   0.005200  -0.034800  -0.015800   0.003800  -0.027200  -0.031600  -0.008200   0.050600  -0.017400  -0.032000  -0.003000   0.002800 
302  -0.006400   0.006600  -0.032200  -0.018600   0.001400  -0.027800  -0.029800  -0.008000   0.052400  -0.012800  -0.034600  -0.009000   0.001000 
303  -0.006800   0.007400  -0.029200  -0.015200   0.005600  -0.029000  -0.030800  -0.011000   0.051400  -0.017800  -0.036000  -0.004400   0.004200 
304  -0.008400   0.005400  -0.035000  -0.011400   0.007200  -0.028200  -0.032000  -0.010200   0.049800  -0.018000  -0.038400  -0.001200   0.001000 
305  -0.005800   0.005600  -0.037600  -0.012800  -0.000600  -0.024000  -0.031800  -0.012800   0.049200  -0.015600  -0.039200  -0.003400   0.002000 
306  -0.005200   0.004400  -0.038200  -0.014800   0.004000  -0.026600  -0.029600  -0.021400   0.050800  -0.016600  -0.037800  -0.005400   0.001600 
307  -0.007000   0.004000  -0.039800  -0.013800  -0.002000  -0.022400  -0.031200  -0.023800   0.047000  -0.016600  -0.041000  -0.000800   0.002000 
308  -0.005000   0.002600  -0.038800  -0.015000  -0.001200  -0.023000  -0.027000  -0.026200   0.044800  -0.017200  -0.040000  -0.001600  -0.000600 
309  -0.008000   0.003000  -0.044200  -0.018600  -0.001200  -0.022400  -0.029000  -0.025200   0.049800  -0.014800  -0.038800  -0.001400  -0.001000 
310  -0.009800   0.004000  -0.040800  -0.012600  -0.000600  -0.021400  -0.026400  -0.025800   0.046400  -0.016000  -0.041600  -0.003600   0.002600 
311  -0.010400   0.002600  -0.040800  -0.015200   0.000800  -0.021600  -0.028000  -0.024200   0.054800  -0.014200  -0.037200   0.001600   0.000800 
312  -0.009400  -0.002400  -0.042000  -0.011800   0.003600  -0.022400  -0.022600  -0.030200   0.047000  -0.012400  -0.040200   0.000000   0.004200 
313  -0.009400   0.000800  -0.045200  -0.011000   0.003000  -0.019200  -0.024200  -0.028400   0.046400  -0.012800  -0.036600  -0.001200   0.002800 
314  -0.008200  -0.004000  -0.044800  -0.010200   0.003200  -0.018600  -0.022200  -0.030200   0.048400  -0.013000  -0.040800  -0.002800   0.004800 
315  -0.005200  -0.006600  -0.040600  -0.011600   0.002600  -0.018200  -0.016400  -0.032400   0.047200  -0.008800  -0.042800   0.003200   0.008200 
316  -0.007000  -0.004800  -0.046600  -0.011200   0.004600  -0.017000  -0.014000  -0.031200   0.042400  -0.010400  -0.042000  -0.002000   0.013000 
317  -0.011400  -0.009000  -0.045600  -0.006400   0.004800  -0.014800  -0.014600  -0.029600   0.040800  -0.008800  -0.041200   0.002800   0.006400 
318  -0.013000  -0.008400  -0.042200  -0.009200   0.006200  -0.017200  -0.014200  -0.037600   0.032600  -0.006800  -0.043600  -0.001200   0.011200 
319  -0.011800  -0.013400  -0.044400  -0.008600   0.009000  -0.016600  -0.011200  -0.039000   0.035200  -0.007000  -0.048800   0.001600   0.008000 
320  -0.007600  -0.011200  -0.041000  -0.005600   0.013600  -0.015000  -0.012000  -0.038000   0.034800  -0.006800  -0.045600   0.004000   0.011200 
321  -0.007000  -0.011800  -0.043600  -0.006000   0.012200  -0.016000  -0.010600  -0.035800   0.035600  -0.001200  -0.044200  -0.000800   0.016000 
322  -0.007800  -0.014000  -0.043400  -0.005800   0.012000  -0.012000  -0.003200  -0.037600   0.030800   0.002400  -0.046200   0.003600   0.010200 
323  -0.008600  -0.012800  -0.042600  -0.003400   0.010000  -0.012600  -0.005200  -0.044400   0.029400   0.001400  -0.048000   0.000200   0.008400 
324  -0.011000  -0.018600  -0.043600   0.000000   0.007000  -0.015800  -0.000400  -0.043200   0.027400   0.000800  -0.041600   0.002600   0.007400 
325  -0.012400  -0.018000  -0.040800  -0.002600   0.007600  -0.013200  -0.002600  -0.039000   0.025000   0.002600  -0.043800   0.000800   0.009200 
326  -0.011800  -0.021600  -0.039600  -0.000800   0.008400  -0.013800  -0.005400  -0.041800   0.024400   0.004000  -0.044800   0.000000   0.008800 
327  -0.010800  -0.021200  -0.037200  -0.000800   0.004200  -0.013600   0.000400  -0.039400   0.022600   0.008400  -0.044600   0.000400   0.008800 
328  -0.012400  -0.020600  -0.037200  -0.003400   0.005200  -0.009800  -0.003200  -0.035600   0.022000   0.007400  -0.041200  -0.000600   0.013000 
329  -0.010600  -0.018400  -0.033400  -0.001800   0.008200  -0.010600  -0.002800  -0.034600   0.020000   0.009600  -0.042000   0.002600   0.011400 
330  -0.012200  -0.016800  -0.030800  -0.002600   0.007200  -0.009000  -0.006000  -0.034800   0.020000   0.008800  -0.043200   0.001000   0.012200 
331  -0.015400  -0.021800  -0.026400   0.001000   0.007200  -0.011400  -0.003200  -0.031200   0.019000   0.008000  -0.044800   0.000600   0.012200 
332  -0.011000  -0.018000  -0.028800   0.004600   0.002800  -0.015600  -0.002000  -0.034600   0.015400   0.010800  -0.040200  -0.004600   0.016400 
333  -0.009800  -0.019600  -0.027800   0.005800   0.002600  -0.011200  -0.000600  -0.034200   0.014200   0.011400  -0.039400   0.001600   0.015400 
334  -0.013000  -0.020000  -0.026800   0.010200   0.005600  -0.012800  -0.002000  -0.034200   0.016800   0.009200  -0.039600   0.002400   0.019600 
335  -0.014800  -0.022800  -0.026400   0.011800   0.002400  -0.011000  -0.004000  -0.033600   0.013400   0.007200  -0.033600   0.002000   0.013600 
336  -0.011000  -0.021200  -0.019600   0.011000   0.003200  -0.010400  -0.003000  -0.033400   0.016800   0.006200  -0.036200   0.002800   0.017200 
337  -0.012400  -0.020200  -0.024000   0.013400   0.002600  -0.013200  -0.006000  -0.030600   0.015400   0.006800  -0.034800   0.005400   0.013800 
338  -0.012800  -0.021800  -0.019600   0.013400  -0.002000  -0.017200   0.002200  -0.028400   0.013800   0.002600  -0.036600   0.005400   0.015000 
339  -0.015600  -0.025800  -0.017200   0.014000   0.002000  -0.018600  -0.001400  -0.031400   0.013000   0.004400  -0.035600   0.003800   0.012800 
340  -0.012800  -0.018200  -0.018600   0.012400   0.001000  -0.016800   0.000200  -0.030400   0.013200   0.007400  -0.034800   0.003600   0.014600 
341  -0.013400  -0.019800  -0.017200   0.018000  -0.001000  -0.014600   0.001000  -0.032800   0.011400   0.001200  -0.030000   0.002800   0.017800 
342  -0.013400  -0.024200  -0.012600   0.017600  -0.000400  -0.017400   0.002400  -0.033000   0.012200   0.001800  -0.032400   0.002000   0.017200 
343  -0.013600  -0.020400  -0.008000   0.016200  -0.003200  -0.017600  -0.001200  -0.028800   0.006600   0.002000  -0.028000   0.000800   0.019000 
344  -0.011600  -0.019800  -0.009000   0.022600  -0.001800  -0.016400   0.002400  -0.034600   0.009000   0.003600  -0.033200   0.001200   0.016800 
345  -0.009400  -0.022400  -0.005000   0.022600  -0.000200  -0.012600   0.007000  -0.031400   0.009600   0.003000  -0.030000   0.005600   0.017200 
346  -0.009800  -0.020800  -0.007600   0.022200  -0.000400  -0.018000   0.006400  -0.036000   0.005800   0.010400  -0.031400   0.004200   0.017200 
347  -0.009800  -0.023200  -0.008600   0.021200  -0.000800  -0.015800   0.004200  -0.039800   0.008400   0.011600  -0.035600   0.007000   0.016200 
348  -0.009000  -0.022400  -0.006800   0.024400  -0.002200  -0.013400   0.008800  -0.034200   0.007200   0.012600  -0.032600   0.014200   0.019000 
349  -0.003400  -0.017200  -0.002400   0.024400  -0.000600  -0.009000   0.006800  -0.033800   0.003400   0.008000  -0.032600   0.011600   0.012800 
350  -0.004600  -0.017200   0.001600   0.020600  -0.001000  -0.012800   0.008000  -0.034200   0.007000   0.010200  -0.032600   0.010600   0.014200 
351  -0.006400  -0.021200   0.001200   0.024200   0.003200  -0.013000   0.009000  -0.033800   0.006200   0.014000  -0.034200   0.010800   0.014000 
352  -0.004400  -0.015000  -0.001800   0.029600   0.004800  -0.009000   0.012400  -0.028800   0.003200   0.014400  -0.036600   0.011600   0.014400 
353  -0.006800  -0.016800   0.004400   0.027400   0.001200  -0.011200   0.013000  -0.030800   0.006600   0.014000  -0.037400   0.014400   0.016000 
354  -0.005400  -0.015600   0.005800   0.027200   0.005800  -0.010200   0.014000  -0.035000   0.007200   0.012400  -0.035000   0.013000   0.014200 
355  -0.002000  -0.017200   0.003200   0.027000   0.003600  -0.007400   0.012200  -0.034200   0.004800   0.012800  -0.038600   0.016000   0.016800 
356  -0.003400  -0.017000   0.005400   0.025800   0.001600  -0.003800   0.012000  -0.031600   0.003400   0.013200  -0.037600   0.017600   0.016600 
357  -0.000400  -0.017000   0.006000   0.024000   0.005800  -0.011000   0.014600  -0.030200   0.003200   0.018000  -0.036400   0.016000   0.020600 
358   0.001600  -0.019800   0.006000   0.021200   0.003600  -0.008400   0.011200  -0.034200  -0.000200   0.013200  -0.036400   0.019000   0.016000 
359  -0.000000  -0.017800   0.010000   0.021600   0.002600  -0.014200   0.016600  -0.030400  -0.001000   0.017800  -0.041800   0.017000   0.020800 
360   0.002000  -0.020200   0.007400   0.026400   0.002000  -0.012000   0.015400  -0.030400   0.003600   0.014200  -0.041400   0.016800   0.016800 
361   0.003600  -0.013800   0.005800   0.024800  -0.000600  -0.011600   0.014800  -0.035200   0.001600   0.018200  -0.043000   0.023800   0.015200 
362   0.003800  -0.017400   0.007200   0.022400   0.002400  -0.009800   0.015400  -0.036800   0.002000   0.017200  -0.039600   0.026000   0.013200 
363  -0.000600  -0.020600   0.012000   0.019400   0.004000  -0.013200   0.015400  -0.034000   0.002600   0.017800  -0.038200   0.027000   0.021000 
364  -0.000800  -0.017600   0.012200   0.020000   0.002200  -0.004200   0.012400  -0.038200   0.003400   0.018600  -0.037800   0.029400   0.017600 
365  -0.001200  -0.017600   0.012400   0.018000   0.002000  -0.007800   0.012000  -0.036600   0.003400   0.014800  -0.033200   0.030600   0.018800 
366  -0.001000  -0.018600   0.007400   0.019800   0.001200  -0.006400   0.013200  -0.036400   0.004200   0.019200  -0.034800   0.032200   0.015200 
367  -0.002400  -0.022000   0.006000   0.016800   0.003400  -0.010200   0.012000  -0.034400   0.003000   0.016800  -0.030200   0.031800   0.022600 
368   0.002800  -0.014800   0.007600   0.015800   0.004800  -0.007600   0.014400  -0.038200   0.003400   0.017200  -0.035000   0.035600   0.020600 
369  -0.000200  -0.013600   0.005200   0.012400   0.005400  -0.007200   0.019200  -0.038600   0.001200   0.019800  -0.034800   0.035600   0.024000 
370   0.001600  -0.013800   0.006600   0.013200  -0.001400  -0.011200   0.015600  -0.035000   0.003400   0.020600  -0.036800   0.035800   0.021200 
371   0.000200  -0.012800   0.005200   0.014000   0.002400  -0.009400   0.016400  -0.036400   0.005200   0.023200  -0.035600   0.033400   0.023400 
372   0.001600  -0.012800   0.005200   0.013400   0.000400  -0.008800   0.019600  -0.032800   0.006600   0.015400  -0.037600   0.033800   0.026800 
373   0.001000  -0.014400  -0.000800   0.015600   0.003200  -0.008600   0.020400  -0.031800   0.006000   0.017400  -0.040600   0.034600   0.026600 
374   0.004800  -0.010600   0.003000   0.010200  -0.000600  -0.009800   0.021200  -0.032200   0.005000   0.014800  -0.038800   0.033600   0.027400 
375   0.001200  -0.009800   0.005000   0.008800   0.000800  -0.007800   0.024400  -0.033800   0.005000   0.015200  -0.037000   0.033600   0.026400 
376   0.001200  -0.010800   0.002200   0.005800  -0.007400  -0.007400   0.025000  -0.032000   0.007400   0.016200  -0.038600   0.036000   0.023400 
377  -0.000200  -0.008400   0.001000   0.007400  -0.005000  -0.010000   0.026200  -0.042600   0.009400   0.015000  -0.040600   0.033200   0.025200 
378  -0.001200  -0.007800  -0.000600   0.007800  -0.003200  -0.009000   0.028200  -0.038600   0.010600   0.014400  -0.045200   0.037000   0.029400 
379  -0.001600  -0.008400   0.000000   0.007800  -0.010600  -0.010400   0.030000  -0.038400   0.008000   0.011200  -0.050200   0.038800   0.029800 
380  -0.004600  -0.009400  -0.003200   0.005200  -0.007800  -0.009600   0.028000  -0.039400   0.009800   0.015800  -0.052000   0.034600   0.026000 
381  -0.002600  -0.005400  -0.003800   0.005800  -0.008000  -0.011600   0.030000  -0.037000   0.013800   0.009000  -0.053600   0.034600   0.025600 
382  -0.004400  -0.007800  -0.007600  -0.001800  -0.011600  -0.009600   0.030600  -0.038800   0.009800   0.008600  -0.055000   0.035000   0.027200 
383  -0.005000  -0.004400  -0.009800  -0.001200  -0.013400  -0.009800   0.032000  -0.039000   0.007800   0.005400  -0.056200   0.031400   0.028000 
384  -0.004600  -0.008800  -0.006600  -0.001000  -0.014200  -0.005200   0.024200  -0.037600   0.007000   0.001600  -0.055600   0.031800   0.026200 
385  -0.006800  -0.007000  -0.009800  -0.003800  -0.013800  -0.013600   0.025400  -0.041000   0.005200   0.000000  -0.057600   0.032800   0.028000 
386  -0.005400  -0.009600  -0.011600  -0.006400  -0.015200  -0.011400   0.028200  -0.042000   0.008800  -0.002200  -0.058200   0.034400   0.027200 
387  -0.000400  -0.008600  -0.014200  -0.011800  -0.019600  -0.010600   0.027800  -0.037000   0.007200  -0.002200  -0.059600   0.035200   0.026800 
388  -0.003400  -0.008000  -0.014600  -0.012200  -0.020200  -0.009000   0.029800  -0.040000   0.006000  -0.005000  -0.058000   0.036200   0.025200 
389  -0.003800  -0.009000  -0.013000  -0.014600  -0.022000  -0.007000   0.023800  -0.039600   0.003400  -0.005000  -0.055600   0.036200   0.023000 
390   0.000200  -0.011000  -0.014200  -0.010600  -0.024200  -0.009800   0.024600  -0.039400   0.008000  -0.007200  -0.050800   0.039000   0.023800 
391  -0.002800  -0.011800  -0.015400  -0.018200  -0.025200  -0.009200   0.026000  -0.041200   0.004200  -0.003400  -0.049600   0.037200   0.023400 
392   0.001600  -0.008800  -0.017000  -0.015000  -0.026200  -0.011200   0.026200  -0.038800   0.009000  -0.004400  -0.048200   0.042800   0.024800 
393  -0.002200  -0.010000  -0.021600  -0.016800  -0.025400  -0.007200   0.028800  -0.040000   0.008600  -0.004800  -0.050400   0.043000   0.030800 
394  -0.003800  -0.009000  -0.022800  -0.024200  -0.027600  -0.006600   0.027400  -0.038800   0.007400  -0.007000  -0.046400   0.043800   0.029600 
395  -0.000600  -0.011000  -0.021800  -0.023200  -0.027200  -0.004000   0.025600  -0.038600   0.010400  -0.007000  -0.046200   0.049200   0.029800 
396  -0.000000  -0.010000  -0.025400  -0.023800  -0.032000  -0.004600   0.020600  -0.036600   0.013000  -0.005400  -0.047000   0.049000   0.029600 
397  -0.003200  -0.012000  -0.024600  -0.028000  -0.033400  -0.002600   0.025000  -0.035400   0.009600  -0.011200  -0.042200   0.052000   0.029200 
398  -0.005000  -0.011600  -0.026200  -0.027400  -0.033400  -0.008600   0.021600  -0.038400   0.012000  -0.009200  -0.044400   0.048800   0.026800 
399  -0.001800  -0.012600  -0.027600  -0.026800  -0.034800  -0.000000   0.024000  -0.038600   0.015000  -0.011000  -0.043200   0.052600   0.026400 
400  -0.005000  -0.009200  -0.027400  -0.031200  -0.038200   0.000200   0.022000  -0.040600   0.016600  -0.014600  -0.041600   0.055800   0.031400 
401  -0.004600  -0.012400  -0.029600  -0.027600  -0.036200  -0.003600   0.019400  -0.041600   0.017800  -0.015000  -0.041000   0.056600   0.028600 
402  -0.007000  -0.014800  -0.031600  -0.035200  -0.037600   0.000000   0.018800  -0.043400   0.017200  -0.020000  -0.042800   0.060400   0.030600 
403  -0.007600  -0.013400  -0.034600  -0.031600  -0.035200  -0.000600   0.015600  -0.042800   0.016000  -0.016400  -0.041400   0.061400   0.030600 
404  -0.010200  -0.017400  -0.032000  -0.035200  -0.038800  -0.002800   0.020400  -0.048800   0.013800  -0.015200  -0.048800   0.061000   0.027000 
405  -0.011200  -0.018200  -0.035000  -0.038200  -0.039000   0.000800   0.020000  -0.049200   0.013800  -0.015200  -0.038800   0.064400   0.032600 
406  -0.013600  -0.019800  -0.036800  -0.039800  -0.040400   0.001400   0.021400  -0.045800   0.014600  -0.016200  -0.038600   0.065800   0.033000 
407  -0.012800  -0.022400  -0.042000  -0.043600  -0.043400   0.003200   0.023800  -0.051200   0.015600  -0.015400  -0.036400   0.066600   0.030200 
408  -0.013400  -0.025000  -0.039600  -0.045200  -0.041400   0.002400   0.019200  -0.052000   0.017200  -0.015400  -0.039400   0.068600   0.028600 
409  -0.017400  -0.026600  -0.041000  -0.046400  -0.043600   0.003600   0.017400  -0.045600   0.017600  -0.018600  -0.035400   0.066000   0.032000 
410  -0.019200  -0.031600  -0.041600  -0.044600  -0.042200   0.000800   0.017400  -0.051000   0.014800  -0.019000  -0.037000   0.070800   0.033400 
411  -0.017600  -0.029600  -0.042200  -0.047000  -0.044800   0.005000   0.014600  -0.050600   0.017400  -0.016200  -0.034200   0.070400   0.028400 
412  -0.021000  -0.030200  -0.043800  -0.048400  -0.046400   0.003800   0.016600  -0.051200   0.016000  -0.018600  -0.036800   0.075800   0.034800 
413  -0.020000  -0.030800  -0.042800  -0.053600  -0.045400   0.004200   0.013800  -0.049600   0.021000  -0.018800  -0.038600   0.073400   0.037400 
414  -0.016400  -0.035000  -0.042200  -0.048200  -0.047800   0.005600   0.016800  -0.053600   0.018400  -0.022200  -0.042400   0.075400   0.038400 
415  -0.019400  -0.037400  -0.039200  -0.049400  -0.047200   0.003800   0.013600  -0.054600   0.017800  -0.018000  -0.043600   0.072800   0.039200 
416  -0.024200  -0.037600  -0.044200  -0.048400  -0.051600   0.014000   0.014600  -0.053400   0.015200  -0.021000  -0.047200   0.075200   0.042800 
417  -0.026200  -0.039400  -0.043600  -0.048400  -0.048600   0.009200   0.014600  -0.047800   0.019600  -0.021600  -0.045000   0.074000   0.039800 
418  -0.024400  -0.045000  -0.045600  -0.048600  -0.050800   0.015000   0.013000  -0.052800   0.016000  -0.023400  -0.046000   0.076400   0.042800 
419  -0.025800  -0.045400  -0.043800  -0.045800  -0.056000   0.017800   0.014600  -0.052200   0.018800  -0.019400  -0.046600   0.078000   0.042000 
420  -0.026400  -0.042600  -0.046800  -0.049000  -0.052600   0.017800   0.011200  -0.058000   0.013600  -0.020200  -0.048000   0.077400   0.044400 
421  -0.027600  -0.044800  -0.048200  -0.048200  -0.056000   0.020800   0.014200  -0.057400   0.017800  -0.018000  -0.048600   0.079600   0.046000 
422  -0.030200  -0.047400  -0.049600  -0.045800  -0.048800   0.019800   0.017200  -0.057400   0.017400  -0.016800  -0.046800   0.080000   0.044600 
423  -0.029600  -0.045200  -0.048800  -0.048600  -0.049200   0.022000   0.018800  -0.057000   0.016600  -0.019400  -0.046000   0.080000   0.045200 
424  -0.035000  -0.053000  -0.049800  -0.048000  -0.050200   0.016800   0.016600  -0.059600   0.017400  -0.021600  -0.051800   0.076200   0.045200 
425  -0.034600  -0.053200  -0.052200  -0.052600  -0.047400   0.020600   0.021400  -0.058200   0.021800  -0.016600  -0.048400   0.078600   0.045600 
426  -0.040000  -0.054200  -0.055200  -0.053000  -0.051200   0.023000   0.022400  -0.061200   0.018600  -0.019800  -0.048200   0.079000   0.045800 
427  -0.040000  -0.054400  -0.054600  -0.056200  -0.054200   0.020000   0.021600  -0.057400   0.022200  -0.019400  -0.040000   0.080200   0.051600 
428  -0.040400  -0.055000  -0.053800  -0.054600  -0.052400   0.024000   0.024800  -0.059600   0.019800  -0.027000  -0.041800   0.083800   0.051400 
429  -0.040000  -0.054800  -0.051200  -0.059400  -0.048600   0.027200   0.023600  -0.063000   0.025400  -0.024200  -0.035800   0.080000   0.052600 
430  -0.046200  -0.052600  -0.057400  -0.057400  -0.049600   0.022600   0.026400  -0.060200   0.024800  -0.029800  -0.035400   0.084400   0.053000 
431  -0.042200  -0.058200  -0.057800  -0.057800  -0.052000   0.025600   0.024200  -0.060000   0.028600  -0.026800  -0.034600   0.082200   0.057400 
432  -0.045800  -0.060800  -0.058000  -0.058600  -0.053000   0.025600   0.028600  -0.058600   0.027200  -0.030000  -0.032800   0.081600   0.056200 
433  -0.047400  -0.064400  -0.061000  -0.061400  -0.053000   0.026400   0.024600  -0.063000   0.025400  -0.032800  -0.031400   0.082400   0.051000 
434  -0.047000  -0.062600  -0.060000  -0.063400  -0.050400   0.026600   0.024400  -0.065000   0.026800  -0.029600  -0.027400   0.079400   0.056600 
435  -0.042200  -0.067600  -0.057600  -0.066800  -0.052400   0.028600   0.023600  -0.064400   0.026400  -0.032000  -0.027400   0.080600   0.059000 
436  -0.047000  -0.068800  -0.059200  -0.067800  -0.049800   0.028600   0.024600  -0.061800   0.022800  -0.039200  -0.020800   0.079000   0.064200 
437  -0.050600  -0.071600  -0.057400  -0.066400  -0.054200   0.024400   0.021000  -0.057200   0.027400  -0.039200  -0.022600   0.080800   0.062200 
438  -0.047000  -0.070200  -0.063400  -0.069400  -0.049400   0.028800   0.020400  -0.056800   0.026600  -0.037000  -0.019800   0.082600   0.062200 
439  -0.048400  -0.069400  -0.062000  -0.069800  -0.048400   0.031200   0.017200  -0.054800   0.022200  -0.036400  -0.015200   0.082800   0.064200 
440  -0.049600  -0.072600  -0.061600  -0.072000  -0.047200   0.030200   0.022800  -0.055400   0.023400  -0.037800  -0.018400   0.088400   0.059800 
441  -0.052400  -0.068600  -0.061800  -0.070400  -0.047200   0.036800   0.019800  -0.056400   0.020800  -0.035400  -0.014000   0.086400   0.067400 
442  -0.047800  -0.069600  -0.063400  -0.071000  -0.043600   0.030400   0.018800  -0.060000   0.017800  -0.036000  -0.015200   0.081400   0.060600 
443  -0.050400  -0.071000  -0.062800  -0.071600  -0.045000   0.031800   0.020200  -0.057200   0.017200  -0.034800  -0.008200   0.079200   0.061800 
444  -0.044800  -0.073200  -0.061800  -0.076800  -0.043800   0.033400   0.020800  -0.055600   0.021400  -0.039800  -0.008000   0.082800   0.060400 
445  -0.051400  -0.071800  -0.060400  -0.076000  -0.042000   0.036400   0.018400  -0.054600   0.017400  -0.040200  -0.003800   0.078600   0.064600 
446  -0.048200  -0.073000  -0.059800  -0.083800  -0.043000   0.036400   0.020600  -0.055200   0.016400  -0.041400  -0.005200   0.077200   0.063000 
447  -0.049800  -0.075800  -0.058800  -0.084600  -0.045400   0.035800   0.019600  -0.052400   0.018200  -0.036800  -0.001200   0.073400   0.064800 
448  -0.050800  -0.074800  -0.057200  -0.083600  -0.043800   0.032800   0.020000  -0.053600   0.014000  -0.038800   0.002800   0.077800   0.064400 
449  -0.045000  -0.074000  -0.055400  -0.083800  -0.043800   0.033600   0.021800  -0.056000   0.010000  -0.042000   0.001400   0.077400   0.057800 
450  -0.047600  -0.071000  -0.054200  -0.085800  -0.044200   0.037400   0.019600  -0.052800   0.006400  -0.040200   0.002600   0.072000   0.062200 
451  -0.045400  -0.068400  -0.056200  -0.084400  -0.043600   0.036200   0.017800  -0.054600   0.013600  -0.047000   0.000400   0.072600   0.060400 
452  -0.048000  -0.069400  -0.057200  -0.082200  -0.040800   0.035000   0.017000  -0.053600   0.005800  -0.048000   0.007400   0.074000   0.062200 
453  -0.045600  -0.066800  -0.052000  -0.080200  -0.043400   0.032800   0.014600  -0.051000   0.005800  -0.045200   0.006800   0.070200   0.058800 
454  -0.047600  -0.068000  -0.050200  -0.079000  -0.043000   0.031000   0.016400  -0.051800   0.004800  -0.046800   0.008400   0.073000   0.060000 
455  -0.047200  -0.066800  -0.050000  -0.078600  -0.041600   0.029200   0.016600  -0.047600   0.003600  -0.048600   0.013400   0.071400   0.060400 
456  -0.045600  -0.065000  -0.046000  -0.081400  -0.042200   0.028000   0.014200  -0.042600   0.003600  -0.050600   0.008800   0.065800   0.061400 
457  -0.041600  -0.063600  -0.046600  -0.077600  -0.042000   0.029800   0.014800  -0.045400  -0.001200  -0.047400   0.008000   0.067600   0.058800 
458  -0.044200  -0.063000  -0.042400  -0.080800  -0.039200   0.028800   0.011200  -0.046000   0.002400  -0.047200   0.013000   0.066800   0.064200 
459  -0.042800  -0.066400  -0.042400  -0.079000  -0.041800   0.026200   0.013800  -0.047600   0.000400  -0.048600   0.013600   0.063600   0.059200 
460  -0.045000  -0.062600  -0.041000  -0.075600  -0.043200   0.026200   0.014600  -0.042600   0.001400  -0.046200   0.017000   0.064800   0.062400 
461  -0.048000  -0.057400  -0.040000  -0.077200  -0.040800   0.024000   0.015800  -0.044000   0.005400  -0.047400   0.018400   0.064200   0.061000 
462  -0.045600  -0.063800  -0.035000  -0.075400  -0.039600   0.025600   0.017400  -0.041000   0.005000  -0.050000   0.020000   0.062400   0.064000 
463  -0.043000  -0.062600  -0.031000  -0.074600  -0.043200   0.026800   0.022000  -0.042200   0.001000  -0.047600   0.020200   0.064600   0.060400 
464  -0.042800  -0.064200  -0.038600  -0.075400  -0.043800   0.026600   0.019200  -0.043000   0.004200  -0.047600   0.019000   0.061200   0.060600 
465  -0.044600  -0.062000  -0.039000  -0.072000  -0.041800   0.025600   0.018600  -0.039200   0.004200  -0.048000   0.025600   0.060200   0.059000 
466  -0.042200  -0.058800  -0.034000  -0.075000  -0.040200   0.027000   0.023000  -0.041200   0.003000  -0.046000   0.022200   0.060200   0.061000 
467  -0.041400  -0.060000  -0.034600  -0.075800  -0.037200   0.024000   0.021200  -0.042400   0.004400  -0.048000   0.026000   0.057800   0.061800 
468  -0.041600  -0.060400  -0.033400  -0.080000  -0.037800   0.027400   0.023400  -0.040200   0.005800  -0.042800   0.026000   0.057400   0.064600 
469  -0.045200  -0.063600  -0.032200  -0.078400  -0.034800   0.027000   0.021000  -0.044600   0.009000  -0.046600   0.031400   0.054400   0.062800 
470  -0.043200  -0.063000  -0.030400  -0.081600  -0.037600   0.031200   0.024000  -0.040400   0.011000  -0.046600   0.030400   0.053600   0.065200 
471  -0.047400  -0.066000  -0.031200  -0.081800  -0.038200   0.031400   0.021800  -0.037000   0.007200  -0.045000   0.030800   0.055000   0.065600 
472  -0.047600  -0.066200  -0.029200  -0.083600  -0.041600   0.029600   0.023200  -0.039600   0.007000  -0.051000   0.031800   0.055000   0.062600 
473  -0.053600  -0.070600  -0.031800  -0.081000  -0.040400   0.029200   0.023600  -0.036400   0.007400  -0.045600   0.033200   0.052400   0.063000 
474  -0.054600  -0.069400  -0.031600  -0.083400  -0.039400   0.030400   0.022200  -0.036800   0.010600  -0.046000   0.035400   0.051200   0.065000 
475  -0.055800  -0.071600  -0.030000  -0.084400  -0.036400   0.030600   0.026600  -0.033400   0.009600  -0.045600   0.037200   0.050600   0.063000 
476  -0.055200  -0.069800  -0.030600  -0.087600  -0.038600   0.032200   0.025800  -0.044400   0.006400  -0.047400   0.031600   0.051800   0.066800 
477  -0.055200  -0.069400  -0.026600  -0.086400  -0.034400   0.036200   0.021800  -0.037000   0.008200  -0.045400   0.034800   0.049600   0.070200 
478  -0.047200  -0.071200  -0.029000  -0.084800  -0.035000   0.028800   0.023800  -0.042400   0.009000  -0.044200   0.033400   0.054000   0.065800 
479  -0.050200  -0.076400  -0.025600  -0.085600  -0.037400   0.026600   0.026800  -0.037400   0.009600  -0.045800   0.036200   0.050400   0.067400 
480  -0.048200  -0.076000  -0.028400  -0.087200  -0.039000   0.033600   0.025800  -0.041600   0.008800  -0.047000   0.035200   0.051400   0.066600 
481  -0.049200  -0.074600  -0.028200  -0.082200  -0.040200   0.029800   0.028400  -0.043400   0.012000  -0.049800   0.037800   0.048600   0.066000 
482  -0.053400  -0.078800  -0.025800  -0.082600  -0.044400   0.030400   0.029200  -0.044400   0.010400  -0.046800   0.039200   0.054200   0.068000 
483  -0.050000  -0.080800  -0.026000  -0.085200  -0.045600   0.029200   0.030000  -0.043000   0.009000  -0.049600   0.036400   0.054200   0.067200 
484  -0.053600  -0.082000  -0.027000  -0.081200  -0.049600   0.027200   0.033400  -0.042800   0.007400  -0.051200   0.038000   0.061200   0.065200 
485  -0.054400  -0.085600  -0.025200  -0.080400  -0.052200   0.031400   0.032800  -0.044600   0.006800  -0.054800   0.034800   0.055800   0.064400 
486  -0.053600  -0.082200  -0.020800  -0.079800  -0.049800   0.027600   0.030800  -0.047800   0.008200  -0.054400   0.037400   0.058600   0.068400 
487  -0.052600  -0.084200  -0.022800  -0.079000  -0.045600   0.025200   0.027800  -0.045600   0.003600  -0.052800   0.034800   0.058800   0.070800 
488  -0.053200  -0.085800  -0.017000  -0.077000  -0.047000   0.021800   0.026000  -0.043400   0.005800  -0.057000   0.031200   0.057400   0.068000 
489  -0.051200  -0.082800  -0.021400  -0.077400  -0.051400   0.025800   0.029400  -0.044000   0.005800  -0.053800   0.032600   0.058400   0.070800 
490  -0.050400  -0.081800  -0.019800  -0.080600  -0.048800   0.023800   0.030200  -0.051200   0.009800  -0.052000   0.034200   0.057600   0.070800 
491  -0.049400  -0.084000  -0.018600  -0.084600  -0.046400   0.019800   0.030400  -0.052000   0.008600  -0.054000   0.031600   0.055200   0.070400 
492  -0.055000  -0.086800  -0.025000  -0.080400  -0.046400   0.021600   0.026200  -0.053800   0.013000  -0.056200   0.029800   0.054000   0.075600 
493  -0.051000  -0.086800  -0.021400  -0.082200  -0.045800   0.023200   0.028800  -0.049200   0.009000  -0.051800   0.032800   0.053400   0.074600 
494  -0.051600  -0.087800  -0.020400  -0.083600  -0.046400   0.026600   0.032600  -0.050200   0.009400  -0.053800   0.029600   0.054800   0.071600 
495  -0.050600  -0.091200  -0.018000  -0.083200  -0.045800   0.021800   0.029800  -0.048800   0.009000  -0.053200   0.031600   0.056000   0.071600 
496  -0.048200  -0.088000  -0.017800  -0.080600  -0.041600   0.020200   0.031800  -0.050800   0.010800  -0.056400   0.030800   0.051800   0.068800 
497  -0.049800  -0.087600  -0.019000  -0.082200  -0.041200   0.019600   0.028800  -0.046000   0.013400  -0.051600   0.031400   0.049400   0.067800 
498  -0.049200  -0.089800  -0.020400  -0.081200  -0.044600   0.019400   0.027600  -0.047600   0.016000  -0.051400   0.028600   0.047600   0.069000 
499  -0.050400  -0.084400  -0.020400  -0.085200  -0.045200   0.018600   0.031200  -0.045600   0.015600  -0.051600   0.025200   0.049400   0.067200 
