0  -0.179044
1  -0.177702
2  -0.176344
3  -0.174954
4  -0.173638
5  -0.172274
6  -0.170858
7  -0.169458
8  -0.167914
9  -0.166692
10  -0.165068
11  -0.163538
12  -0.161896
13  -0.160060
14  -0.158390
15  -0.157090
16  -0.155472
17  -0.153872
18  -0.152170
19  -0.150568
20  -0.148872
21  -0.147404
22  -0.145964
23  -0.144446
24  -0.143168
25  -0.141704
26  -0.140202
27  -0.138700
28  -0.137182
29  -0.135768
30  -0.134334
31  -0.132940
32  -0.131598
33  -0.130140
34  -0.128702
35  -0.127254
36  -0.125576
37  -0.124266
38  -0.122972
39  -0.121874
40  -0.120322
41  -0.119002
42  -0.117436
43  -0.116004
44  -0.114514
45  -0.112926
46  -0.111312
47  -0.109512
48  -0.107720
49  -0.105940
50  -0.104232
51  -0.102386
52  -0.100552
53  -0.098684
54  -0.096912
55  -0.094928
56  -0.092834
57  -0.090796
58  -0.088682
59  -0.086402
60  -0.084064
61  -0.081680
62  -0.079232
63  -0.076806
64  -0.074602
65  -0.072208
66  -0.069906
67  -0.067782
68  -0.065576
69  -0.063482
70  -0.061738
71  -0.059756
72  -0.058062
73  -0.056190
74  -0.054582
75  -0.052906
76  -0.051314
77  -0.049920
78  -0.048494
79  -0.047122
80  -0.045820
81  -0.044364
82  -0.043118
83  -0.041738
84  -0.040424
85  -0.039066
86  -0.037646
87  -0.036172
88  -0.034746
89  -0.033258
90  -0.031870
91  -0.030302
92  -0.028712
93  -0.027180
94  -0.025674
95  -0.024208
96  -0.022734
97  -0.021438
98  -0.019900
99  -0.018366
100  -0.016812
101  -0.015536
102  -0.014142
103  -0.012818
104  -0.011800
105  -0.010476
106  -0.009392
107  -0.008310
108  -0.006912
109  -0.005928
110  -0.005074
111  -0.004056
112  -0.003016
113  -0.001882
114  -0.000640
115   0.000430
116   0.001502
117   0.002486
118   0.003660
119   0.004618
120   0.005530
121   0.006260
122   0.007148
123   0.008288
124   0.009420
125   0.010610
126   0.011492
127   0.012586
128   0.013644
129   0.014676
130   0.015666
131   0.016452
132   0.017560
133   0.018318
134   0.018990
135   0.019480
136   0.019902
137   0.020250
138   0.020880
139   0.021226
140   0.022026
141   0.022756
142   0.023506
143   0.024344
144   0.025176
145   0.025794
146   0.026608
147   0.027164
148   0.027950
149   0.028530
150   0.028910
151   0.029346
152   0.030050
153   0.030706
154   0.031166
155   0.031772
156   0.032556
157   0.033132
158   0.033694
159   0.034118
160   0.034518
161   0.034896
162   0.035028
163   0.035438
164   0.035642
165   0.035938
166   0.035744
167   0.036296
168   0.036614
169   0.036636
170   0.036574
171   0.036422
172   0.036342
173   0.036068
174   0.035904
175   0.035828
176   0.035582
177   0.035130
178   0.034960
179   0.034414
180   0.034122
181   0.033744
182   0.033450
183   0.032934
184   0.032596
185   0.032044
186   0.031804
187   0.031390
188   0.031086
189   0.030850
190   0.030548
191   0.030300
192   0.029996
193   0.029392
194   0.029092
195   0.028676
196   0.028462
197   0.028190
198   0.027998
199   0.027722
200   0.027388
201   0.027120
202   0.026976
203   0.026684
204   0.026328
205   0.025966
206   0.025660
207   0.025146
208   0.024846
209   0.024566
210   0.024144
211   0.023642
212   0.023466
213   0.023486
214   0.023470
215   0.023448
216   0.023502
217   0.023186
218   0.023350
219   0.023116
220   0.023004
221   0.022776
222   0.022662
223   0.022222
224   0.021900
225   0.021506
226   0.021164
227   0.020586
228   0.019860
229   0.018980
230   0.018334
231   0.017680
232   0.016966
233   0.016540
234   0.016048
235   0.015508
236   0.015160
237   0.014734
238   0.014398
239   0.013920
240   0.013466
241   0.013156
242   0.012990
243   0.012668
244   0.012334
245   0.012196
246   0.012200
247   0.012284
248   0.012144
249   0.011962
250   0.011820
251   0.011502
252   0.011018
253   0.010522
254   0.010244
255   0.009818
256   0.009312
257   0.009038
258   0.008554
259   0.008190
260   0.007834
261   0.007448
262   0.007144
263   0.006918
264   0.006754
265   0.006270
266   0.005952
267   0.005524
268   0.005082
269   0.004506
270   0.003920
271   0.003270
272   0.002624
273   0.001864
274   0.001134
275   0.000254
276  -0.000436
277  -0.001140
278  -0.001882
279  -0.002162
280  -0.002384
281  -0.002638
282  -0.002796
283  -0.003010
284  -0.003192
285  -0.003342
286  -0.003384
287  -0.003324
288  -0.003466
289  -0.003402
290  -0.003470
291  -0.003412
292  -0.003256
293  -0.003254
294  -0.003176
295  -0.003114
296  -0.003250
297  -0.003316
298  -0.003454
299  -0.003492
300  -0.003676
301  -0.003770
302  -0.004062
303  -0.004328
304  -0.004528
305  -0.004824
306  -0.005152
307  -0.005458
308  -0.005636
309  -0.006004
310  -0.006446
311  -0.006522
312  -0.006846
313  -0.006910
314  -0.007236
315  -0.007150
316  -0.007416
317  -0.007692
318  -0.007826
319  -0.008140
320  -0.008314
321  -0.008492
322  -0.008586
323  -0.008612
324  -0.008632
325  -0.008582
326  -0.008404
327  -0.008328
328  -0.008190
329  -0.008056
330  -0.007910
331  -0.007682
332  -0.007594
333  -0.007366
334  -0.007260
335  -0.006794
336  -0.006566
337  -0.006438
338  -0.006456
339  -0.006584
340  -0.006496
341  -0.006584
342  -0.006814
343  -0.006962
344  -0.007108
345  -0.007254
346  -0.007658
347  -0.007936
348  -0.008192
349  -0.008384
350  -0.008676
351  -0.008850
352  -0.009096
353  -0.009214
354  -0.009584
355  -0.009646
356  -0.009832
357  -0.009918
358  -0.009988
359  -0.009988
360  -0.010032
361  -0.009936
362  -0.009798
363  -0.009714
364  -0.009540
365  -0.009520
366  -0.009490
367  -0.009492
368  -0.009490
369  -0.009718
370  -0.009722
371  -0.009704
372  -0.009898
373  -0.010142
374  -0.010412
375  -0.010602
376  -0.010762
377  -0.010934
378  -0.011198
379  -0.011652
380  -0.011888
381  -0.012172
382  -0.012392
383  -0.012652
384  -0.013092
385  -0.013514
386  -0.013912
387  -0.014488
388  -0.014978
389  -0.015396
390  -0.015970
391  -0.016418
392  -0.016910
393  -0.017348
394  -0.017892
395  -0.018624
396  -0.019284
397  -0.019856
398  -0.020496
399  -0.020916
400  -0.021338
401  -0.021746
402  -0.022274
403  -0.022718
404  -0.023482
405  -0.024204
406  -0.024698
407  -0.025270
408  -0.025950
409  -0.026610
410  -0.027342
411  -0.028046
412  -0.028852
413  -0.029546
414  -0.030292
415  -0.030926
416  -0.031614
417  -0.032280
418  -0.032744
419  -0.033336
420  -0.033988
421  -0.034392
422  -0.034824
423  -0.035436
424  -0.036192
425  -0.036988
426  -0.038032
427  -0.038934
428  -0.040062
429  -0.041072
430  -0.042086
431  -0.042996
432  -0.044056
433  -0.044964
434  -0.046012
435  -0.046924
436  -0.047942
437  -0.049100
438  -0.049954
439  -0.050928
440  -0.051928
441  -0.052912
442  -0.053998
443  -0.055118
444  -0.056244
445  -0.057410
446  -0.058362
447  -0.059528
448  -0.060804
449  -0.062110
450  -0.063462
451  -0.064784
452  -0.066428
453  -0.067744
454  -0.069194
455  -0.070746
456  -0.072124
457  -0.073526
458  -0.074938
459  -0.076550
460  -0.077954
461  -0.079498
462  -0.081282
463  -0.082924
464  -0.084904
465  -0.086416
466  -0.087804
467  -0.089418
468  -0.091018
469  -0.092866
470  -0.094530
471  -0.096310
472  -0.097856
473  -0.099420
474  -0.100758
475  -0.102260
476  -0.103930
477  -0.105192
478  -0.106708
479  -0.108448
480  -0.109762
481  -0.111044
482  -0.112358
483  -0.113674
484  -0.115124
485  -0.116448
486  -0.117786
487  -0.119060
488  -0.120228
489  -0.121444
490  -0.122612
491  -0.123722
492  -0.124842
493  -0.126112
494  -0.127440
495  -0.128716
496  -0.130012
497  -0.131276
498  -0.132536
499  -0.134092
500  -0.135436
-499  -0.136804
-498  -0.138146
-497  -0.139340
-496  -0.140652
-495  -0.142034
-494  -0.143526
-493  -0.144816
-492  -0.146136
-491  -0.147418
-490  -0.148628
-489  -0.150112
-488  -0.151612
-487  -0.153020
-486  -0.154154
-485  -0.155198
-484  -0.156350
-483  -0.157234
-482  -0.158294
-481  -0.159348
-480  -0.160400
-479  -0.161374
-478  -0.162208
-477  -0.162978
-476  -0.163856
-475  -0.164566
-474  -0.165262
-473  -0.165916
-472  -0.166638
-471  -0.167522
-470  -0.168216
-469  -0.169048
-468  -0.169754
-467  -0.170666
-466  -0.171500
-465  -0.172332
-464  -0.173214
-463  -0.173970
-462  -0.174712
-461  -0.175522
-460  -0.176390
-459  -0.177434
-458  -0.178464
-457  -0.179420
-456  -0.180572
-455  -0.181510
-454  -0.182562
-453  -0.183496
-452  -0.184526
-451  -0.185446
-450  -0.186116
-449  -0.186824
-448  -0.187368
-447  -0.187914
-446  -0.188358
-445  -0.188836
-444  -0.189330
-443  -0.189822
-442  -0.190084
-441  -0.190498
-440  -0.190700
-439  -0.191254
-438  -0.191690
-437  -0.192276
-436  -0.192868
-435  -0.193552
-434  -0.194082
-433  -0.194682
-432  -0.195264
-431  -0.195996
-430  -0.196744
-429  -0.197404
-428  -0.198266
-427  -0.199318
-426  -0.199958
-425  -0.200944
-424  -0.201834
-423  -0.202488
-422  -0.203268
-421  -0.203770
-420  -0.204424
-419  -0.205224
-418  -0.206186
-417  -0.206884
-416  -0.207886
-415  -0.208750
-414  -0.209556
-413  -0.210472
-412  -0.211250
-411  -0.211976
-410  -0.212604
-409  -0.213248
-408  -0.213984
-407  -0.214500
-406  -0.215582
-405  -0.216704
-404  -0.217622
-403  -0.218690
-402  -0.219646
-401  -0.220478
-400  -0.221574
-399  -0.222548
-398  -0.223654
-397  -0.224600
-396  -0.225586
-395  -0.226740
-394  -0.227964
-393  -0.228804
-392  -0.229984
-391  -0.231044
-390  -0.231934
-389  -0.233020
-388  -0.233976
-387  -0.235492
-386  -0.236836
-385  -0.238330
-384  -0.239790
-383  -0.241252
-382  -0.242550
-381  -0.244022
-380  -0.245286
-379  -0.246662
-378  -0.247764
-377  -0.248912
-376  -0.249940
-375  -0.250998
-374  -0.251930
-373  -0.253018
-372  -0.254060
-371  -0.255072
-370  -0.256020
-369  -0.256876
-368  -0.257722
-367  -0.258450
-366  -0.259322
-365  -0.260014
-364  -0.261032
-363  -0.261976
-362  -0.262892
-361  -0.263714
-360  -0.264604
-359  -0.265484
-358  -0.266176
-357  -0.266810
-356  -0.267382
-355  -0.268104
-354  -0.268984
-353  -0.269734
-352  -0.270538
-351  -0.270962
-350  -0.271722
-349  -0.272422
-348  -0.273340
-347  -0.274388
-346  -0.275334
-345  -0.276418
-344  -0.277104
-343  -0.278428
-342  -0.279596
-341  -0.280554
-340  -0.281600
-339  -0.282538
-338  -0.283442
-337  -0.284270
-336  -0.285294
-335  -0.286280
-334  -0.287170
-333  -0.288154
-332  -0.288972
-331  -0.289782
-330  -0.290544
-329  -0.291182
-328  -0.291760
-327  -0.292548
-326  -0.293078
-325  -0.293750
-324  -0.294278
-323  -0.294914
-322  -0.295392
-321  -0.295854
-320  -0.296324
-319  -0.296684
-318  -0.297118
-317  -0.297460
-316  -0.298114
-315  -0.298358
-314  -0.298960
-313  -0.299104
-312  -0.299482
-311  -0.299980
-310  -0.300250
-309  -0.300590
-308  -0.300998
-307  -0.301744
-306  -0.302382
-305  -0.303114
-304  -0.304234
-303  -0.304782
-302  -0.305620
-301  -0.306464
-300  -0.307262
-299  -0.307948
-298  -0.309006
-297  -0.309996
-296  -0.310888
-295  -0.311706
-294  -0.312356
-293  -0.313156
-292  -0.313614
-291  -0.314138
-290  -0.314872
-289  -0.315740
-288  -0.316508
-287  -0.317682
-286  -0.318564
-285  -0.319606
-284  -0.320442
-283  -0.321402
-282  -0.322280
-281  -0.323220
-280  -0.324172
-279  -0.324794
-278  -0.325186
-277  -0.325492
-276  -0.325608
-275  -0.325434
-274  -0.325628
-273  -0.326060
-272  -0.326290
-271  -0.326646
-270  -0.326946
-269  -0.327384
-268  -0.327790
-267  -0.328320
-266  -0.329008
-265  -0.329472
-264  -0.330014
-263  -0.330508
-262  -0.330930
-261  -0.331298
-260  -0.331930
-259  -0.332590
-258  -0.333264
-257  -0.334334
-256  -0.334952
-255  -0.335952
-254  -0.336822
-253  -0.337736
-252  -0.338726
-251  -0.339712
-250  -0.340668
-249  -0.341532
-248  -0.342224
-247  -0.343082
-246  -0.344106
-245  -0.345016
-244  -0.346026
-243  -0.347022
-242  -0.348080
-241  -0.349270
-240  -0.350482
-239  -0.351734
-238  -0.352942
-237  -0.354114
-236  -0.355512
-235  -0.356734
-234  -0.358072
-233  -0.359296
-232  -0.360502
-231  -0.361568
-230  -0.362674
-229  -0.363824
-228  -0.364830
-227  -0.365780
-226  -0.366708
-225  -0.367614
-224  -0.368378
-223  -0.369304
-222  -0.370098
-221  -0.370834
-220  -0.371590
-219  -0.372076
-218  -0.372482
-217  -0.372898
-216  -0.373412
-215  -0.373884
-214  -0.374362
-213  -0.374870
-212  -0.375320
-211  -0.375920
-210  -0.376540
-209  -0.376848
-208  -0.377262
-207  -0.377596
-206  -0.377984
-205  -0.378396
-204  -0.378704
-203  -0.379004
-202  -0.379384
-201  -0.379588
-200  -0.379778
-199  -0.379918
-198  -0.380296
-197  -0.380412
-196  -0.380540
-195  -0.380668
-194  -0.380658
-193  -0.380502
-192  -0.380496
-191  -0.380466
-190  -0.380366
-189  -0.380184
-188  -0.379948
-187  -0.379682
-186  -0.379466
-185  -0.379416
-184  -0.379254
-183  -0.379098
-182  -0.378944
-181  -0.378882
-180  -0.378854
-179  -0.378564
-178  -0.378230
-177  -0.377906
-176  -0.377604
-175  -0.377466
-174  -0.377118
-173  -0.376948
-172  -0.376650
-171  -0.376396
-170  -0.376162
-169  -0.375854
-168  -0.375364
-167  -0.374926
-166  -0.374380
-165  -0.373852
-164  -0.373370
-163  -0.372932
-162  -0.372432
-161  -0.371766
-160  -0.371168
-159  -0.370624
-158  -0.370034
-157  -0.369610
-156  -0.368948
-155  -0.368564
-154  -0.367984
-153  -0.367408
-152  -0.366868
-151  -0.365944
-150  -0.365272
-149  -0.364652
-148  -0.364036
-147  -0.363510
-146  -0.362682
-145  -0.362034
-144  -0.361642
-143  -0.361006
-142  -0.360530
-141  -0.359790
-140  -0.359318
-139  -0.358656
-138  -0.358084
-137  -0.357388
-136  -0.356614
-135  -0.355740
-134  -0.355030
-133  -0.354274
-132  -0.353488
-131  -0.352666
-130  -0.351794
-129  -0.350882
-128  -0.350040
-127  -0.349174
-126  -0.348222
-125  -0.347284
-124  -0.346262
-123  -0.345252
-122  -0.344364
-121  -0.343622
-120  -0.342790
-119  -0.341894
-118  -0.340986
-117  -0.340300
-116  -0.339396
-115  -0.338622
-114  -0.337854
-113  -0.336908
-112  -0.336164
-111  -0.335392
-110  -0.334332
-109  -0.333270
-108  -0.332514
-107  -0.331570
-106  -0.330692
-105  -0.329926
-104  -0.328856
-103  -0.327758
-102  -0.326848
-101  -0.325734
-100  -0.324622
-99  -0.323308
-98  -0.322240
-97  -0.321236
-96  -0.320130
-95  -0.319144
-94  -0.317924
-93  -0.316652
-92  -0.315302
-91  -0.314084
-90  -0.312668
-89  -0.311370
-88  -0.309874
-87  -0.308550
-86  -0.307034
-85  -0.305412
-84  -0.303636
-83  -0.301726
-82  -0.300054
-81  -0.298330
-80  -0.296634
-79  -0.294998
-78  -0.293362
-77  -0.291798
-76  -0.290122
-75  -0.288356
-74  -0.286726
-73  -0.284930
-72  -0.282942
-71  -0.281168
-70  -0.279380
-69  -0.277566
-68  -0.275816
-67  -0.274056
-66  -0.272420
-65  -0.270600
-64  -0.269166
-63  -0.267594
-62  -0.266258
-61  -0.264572
-60  -0.263228
-59  -0.261932
-58  -0.260596
-57  -0.259074
-56  -0.257646
-55  -0.256494
-54  -0.255146
-53  -0.253734
-52  -0.252488
-51  -0.251260
-50  -0.250138
-49  -0.248850
-48  -0.247682
-47  -0.246454
-46  -0.245082
-45  -0.243786
-44  -0.242592
-43  -0.241348
-42  -0.240080
-41  -0.238912
-40  -0.237544
-39  -0.236400
-38  -0.235024
-37  -0.233964
-36  -0.232592
-35  -0.231480
-34  -0.230320
-33  -0.229174
-32  -0.227974
-31  -0.226700
-30  -0.225250
-29  -0.223656
-28  -0.221820
-27  -0.220086
-26  -0.218396
-25  -0.216842
-24  -0.215272
-23  -0.213832
-22  -0.211998
-21  -0.210188
-20  -0.208548
-19  -0.206724
-18  -0.205062
-17  -0.203304
-16  -0.201636
-15  -0.199904
-14  -0.198216
-13  -0.196704
-12  -0.195130
-11  -0.193772
-10  -0.192480
-9  -0.191178
-8  -0.189836
-7  -0.188556
-6  -0.187060
-5  -0.185802
-4  -0.184378
-3  -0.182924
-2  -0.181576
-1  -0.180336
