0   0.762350
1   0.137482
2   0.083236
3   0.050456
4   0.032076
5   0.019174
6   0.013920
7   0.009610
8   0.004534
9   0.002134
10   0.001926
11  -0.000472
12   0.001490
13   0.000090
14   0.000784
15  -0.000092
16   0.000082
17   0.000036
18  -0.001636
19  -0.000862
20  -0.002312
21  -0.001886
22   0.000188
23  -0.002466
24   0.000302
25  -0.000082
26   0.001378
27  -0.001440
28   0.001988
29   0.000832
30  -0.000852
31  -0.001110
32   0.000456
33   0.001558
34   0.000170
35   0.000266
36  -0.000810
37   0.001308
38  -0.000552
39   0.000802
40   0.003392
41   0.004034
42   0.001750
43   0.001634
44   0.000632
45   0.001126
46  -0.000322
47   0.000980
48   0.000174
49  -0.001916
50   0.000914
51  -0.000138
52  -0.001222
53  -0.001238
54   0.000550
55   0.001022
56   0.001488
57  -0.000672
58  -0.001624
59  -0.000644
60  -0.001398
61  -0.001580
62  -0.001864
63  -0.001128
64  -0.001580
65  -0.001948
66  -0.001314
67  -0.001002
68  -0.002294
69   0.001680
70  -0.000748
71   0.000550
72  -0.000902
73  -0.002190
74  -0.001380
75  -0.001562
76   0.000024
77  -0.000968
78  -0.002024
79  -0.001050
80  -0.001568
81   0.000722
82  -0.000980
83  -0.000684
84  -0.000738
85   0.001150
86   0.003044
87   0.001710
88   0.002778
89   0.002784
90   0.002032
91   0.002314
92   0.002820
93   0.000108
94  -0.000516
95   0.000576
96  -0.000396
97   0.000270
98  -0.000486
99   0.001220
100  -0.000178
101   0.000138
102   0.000822
103  -0.000198
104  -0.000446
105  -0.000228
106   0.001552
107  -0.000634
108  -0.000466
109  -0.002572
110   0.001164
111  -0.000940
112  -0.002614
113  -0.002452
114  -0.001878
115  -0.000438
116   0.001138
117  -0.000686
118  -0.000288
119  -0.001358
120  -0.000626
121  -0.000344
122  -0.001434
123  -0.001358
124  -0.001784
125   0.000058
126   0.000298
127  -0.000464
128   0.000082
129   0.000412
130  -0.001980
131   0.000532
132   0.000930
133  -0.000954
134  -0.000494
135   0.000572
136   0.001022
137   0.002146
138   0.001166
139  -0.001622
140   0.000224
141   0.001328
142   0.001388
143  -0.000342
144  -0.000368
145   0.002166
146   0.001930
147   0.000652
148  -0.000456
149  -0.001844
150   0.000802
151  -0.000190
152   0.001874
153   0.002348
154  -0.001070
155  -0.000052
156   0.001422
157   0.000532
158   0.002022
159  -0.000508
160   0.001402
161   0.000786
162  -0.000174
163   0.001454
164   0.000392
165  -0.000568
166   0.001210
167   0.001376
168   0.000052
169  -0.000048
170   0.000718
171  -0.002012
172   0.002650
173   0.000092
174   0.000030
175   0.001522
176   0.001334
177   0.001560
178   0.000012
179  -0.000522
180   0.002104
181  -0.000780
182   0.001874
183   0.000760
184  -0.000786
185  -0.000168
186  -0.000892
187  -0.001646
188  -0.000090
189  -0.002932
190  -0.002352
191  -0.000192
192  -0.000720
193   0.000212
194   0.000440
195  -0.001522
196   0.000096
197   0.000538
198   0.001112
199   0.000214
200   0.000314
201   0.000552
202   0.000826
203   0.000600
204   0.000336
205   0.000656
206   0.000308
207   0.000166
208  -0.000274
209   0.001340
210   0.000300
211  -0.000060
212   0.000082
213  -0.000912
214  -0.000694
215   0.000460
216   0.000246
217   0.000006
218   0.000666
219   0.000260
220   0.000594
221   0.001424
222   0.002260
223  -0.001546
224   0.001770
225   0.001070
226   0.000672
227   0.000162
228  -0.000530
229   0.000650
230  -0.001412
231  -0.000964
232   0.001056
233   0.000332
234   0.001900
235  -0.002976
236   0.000102
237   0.000206
238   0.000536
239  -0.001020
240   0.001300
241   0.002392
242  -0.000448
243  -0.001072
244  -0.004186
245  -0.002540
246  -0.000072
247   0.000252
248   0.000348
249   0.001248
250   0.001766
251  -0.000180
252   0.000006
253   0.002402
254   0.001044
255   0.001076
256   0.002106
257   0.000836
258   0.000350
259   0.000982
260   0.001700
261   0.000486
262   0.001750
263  -0.001384
264   0.001556
265  -0.000862
266  -0.000346
267   0.001680
268   0.001708
269   0.001348
270  -0.001204
271   0.000302
272  -0.000488
273   0.000972
274   0.001146
275  -0.001092
276  -0.000924
277  -0.001738
278  -0.000684
279   0.000860
280   0.000744
281   0.002434
282   0.000520
283  -0.000884
284   0.001382
285  -0.000842
286  -0.001076
287  -0.001326
288  -0.002488
289  -0.001508
290  -0.000744
291   0.000294
292   0.001732
293  -0.000458
294  -0.000976
295   0.001198
296   0.001312
297   0.000282
298  -0.000592
299   0.000524
300  -0.000472
301   0.001350
302  -0.000792
303   0.000188
304   0.000702
305   0.001946
306  -0.000358
307   0.000606
308  -0.000174
309   0.000788
310  -0.000082
311  -0.001268
312   0.000076
313  -0.001118
314  -0.001844
315   0.000084
316  -0.001170
317  -0.000558
318  -0.001452
319  -0.000152
320  -0.000838
321   0.001986
322   0.002196
323   0.001664
324   0.002412
325   0.001308
326  -0.000066
327   0.000222
328  -0.000286
329   0.001534
330   0.002854
331   0.002080
332   0.000994
333   0.001176
334   0.000420
335   0.001354
336   0.001486
337   0.001564
338   0.001574
339   0.001232
340  -0.000098
341  -0.000250
342  -0.001006
343   0.000020
344   0.002546
345   0.001870
346   0.000426
347   0.003066
348   0.002602
349  -0.001512
350  -0.001144
351   0.000714
352   0.001028
353   0.002350
354   0.000158
355  -0.000634
356   0.001372
357   0.000502
358  -0.000736
359   0.002380
360   0.000636
361   0.002290
362   0.001572
363   0.000836
364  -0.000394
365   0.000614
366   0.000714
367  -0.001336
368   0.001388
369   0.000920
370   0.001000
371  -0.002198
372   0.000142
373  -0.000476
374  -0.001678
375   0.000338
376   0.000346
377   0.000500
378  -0.000518
379  -0.001342
380   0.002268
381   0.001772
382   0.000954
383   0.000196
384   0.000518
385  -0.000230
386   0.000618
387   0.000068
388   0.000292
389  -0.001070
390  -0.000552
391  -0.000500
392  -0.001436
393  -0.002636
394   0.000474
395   0.001908
396   0.001754
397   0.001750
398   0.001534
399   0.000974
400   0.000172
401   0.000954
402  -0.000574
403  -0.000630
404  -0.001940
405  -0.000800
406  -0.001624
407   0.002252
408  -0.000242
409   0.001264
410  -0.000156
411   0.001048
412  -0.000804
413   0.000070
414  -0.001200
415   0.001224
416   0.002696
417  -0.000730
418   0.000220
419  -0.000004
420  -0.000004
421  -0.001764
422  -0.003116
423  -0.001360
424  -0.002714
425  -0.001722
426  -0.000722
427  -0.000878
428   0.000554
429  -0.000238
430  -0.001632
431   0.000428
432  -0.000870
433  -0.000416
434   0.000370
435   0.001466
436   0.001138
437   0.000354
438  -0.000146
439  -0.000806
440  -0.000562
441  -0.000250
442   0.000474
443   0.000148
444   0.000684
445   0.001528
446   0.000090
447   0.000498
448  -0.000766
449  -0.001710
450   0.000836
451  -0.000812
452   0.001086
453   0.000672
454   0.001864
455  -0.000314
456  -0.000076
457  -0.001288
458  -0.002296
459  -0.001364
460  -0.000824
461  -0.000742
462   0.000396
463   0.000628
464  -0.000790
465  -0.001664
466  -0.000242
467   0.000164
468   0.000396
469  -0.000206
470  -0.002224
471   0.001218
472  -0.001322
473   0.000636
474   0.000652
475  -0.000238
476   0.000494
477  -0.000170
478   0.001188
479   0.000140
480   0.000414
481  -0.000126
482  -0.001628
483   0.002986
484   0.000866
485   0.000580
486  -0.000768
487   0.000140
488  -0.000342
489   0.000328
490   0.000036
491  -0.000106
492  -0.002388
493   0.001032
494  -0.002334
495   0.000752
496   0.002382
497  -0.000062
498  -0.000624
499  -0.000118
500   0.002012
-499   0.002432
-498  -0.001206
-497  -0.000982
-496  -0.001054
-495  -0.000278
-494  -0.000748
-493   0.001974
-492  -0.000346
-491  -0.000522
-490  -0.001710
-489  -0.000012
-488  -0.001600
-487  -0.001442
-486  -0.000502
-485  -0.000460
-484  -0.000576
-483  -0.000056
-482   0.000558
-481   0.000538
-480   0.000784
-479   0.002102
-478  -0.000106
-477   0.000714
-476  -0.000538
-475   0.000660
-474  -0.000906
-473   0.000124
-472   0.000560
-471  -0.001380
-470   0.000356
-469   0.001312
-468   0.000856
-467   0.000010
-466  -0.001546
-465  -0.002098
-464   0.001178
-463   0.000936
-462   0.001842
-461  -0.000112
-460  -0.000214
-459   0.000208
-458  -0.000896
-457  -0.001576
-456   0.001984
-455   0.000654
-454   0.000360
-453   0.000790
-452  -0.001208
-451   0.001386
-450   0.000560
-449   0.001112
-448  -0.000372
-447  -0.002298
-446   0.000632
-445  -0.001630
-444  -0.000152
-443  -0.000668
-442  -0.000684
-441  -0.002970
-440  -0.002452
-439   0.000534
-438  -0.000318
-437  -0.000456
-436  -0.000516
-435   0.000556
-434  -0.000562
-433  -0.000930
-432  -0.001668
-431  -0.002034
-430  -0.001656
-429  -0.002858
-428   0.000294
-427   0.000312
-426  -0.000158
-425   0.000192
-424  -0.000056
-423   0.000124
-422  -0.001332
-421  -0.000186
-420   0.000530
-419   0.002030
-418   0.000376
-417  -0.000136
-416   0.000106
-415   0.001712
-414   0.000230
-413   0.000884
-412  -0.000796
-411   0.002328
-410   0.000440
-409  -0.000446
-408  -0.000240
-407   0.000924
-406   0.001250
-405   0.000408
-404  -0.000050
-403  -0.001930
-402   0.000386
-401   0.002974
-400   0.002584
-399   0.000630
-398   0.001316
-397  -0.000028
-396   0.001160
-395   0.002010
-394   0.002614
-393   0.000042
-392   0.001568
-391   0.000624
-390   0.000634
-389   0.000042
-388  -0.001074
-387  -0.000500
-386  -0.000880
-385  -0.000494
-384   0.000558
-383   0.000052
-382  -0.002272
-381  -0.001718
-380   0.000076
-379  -0.001762
-378  -0.000202
-377  -0.000128
-376  -0.000930
-375   0.000922
-374  -0.001108
-373  -0.000266
-372  -0.001816
-371   0.001636
-370  -0.001298
-369  -0.002488
-368  -0.000866
-367  -0.000480
-366  -0.000748
-365  -0.000014
-364   0.000642
-363   0.001282
-362   0.001930
-361   0.001064
-360  -0.000506
-359   0.001450
-358  -0.001012
-357  -0.000268
-356  -0.001322
-355  -0.002138
-354  -0.003064
-353  -0.002152
-352  -0.001002
-351   0.001056
-350  -0.000324
-349   0.000806
-348  -0.001376
-347  -0.001912
-346   0.000678
-345   0.000058
-344   0.001210
-343  -0.000070
-342  -0.000434
-341  -0.001302
-340  -0.001554
-339  -0.001600
-338   0.000488
-337  -0.001720
-336   0.000338
-335   0.001232
-334  -0.000012
-333  -0.001114
-332  -0.000194
-331   0.001498
-330  -0.000078
-329  -0.001366
-328   0.000342
-327  -0.000578
-326   0.000194
-325   0.000132
-324   0.000784
-323   0.000170
-322  -0.000402
-321   0.000302
-320  -0.001382
-319  -0.000414
-318   0.000216
-317   0.002582
-316  -0.000394
-315   0.001050
-314  -0.000086
-313  -0.000686
-312  -0.000314
-311   0.002216
-310   0.001302
-309   0.000246
-308   0.000826
-307   0.000266
-306   0.000286
-305  -0.000572
-304   0.000188
-303   0.001434
-302  -0.000854
-301  -0.001202
-300   0.000540
-299  -0.000076
-298  -0.000004
-297   0.000630
-296   0.001602
-295   0.002834
-294   0.001692
-293   0.000502
-292   0.000208
-291   0.000370
-290  -0.000858
-289   0.000900
-288   0.000352
-287   0.000422
-286  -0.000316
-285   0.000364
-284  -0.000042
-283  -0.000120
-282  -0.000752
-281   0.000898
-280   0.001424
-279   0.000642
-278  -0.000464
-277  -0.001196
-276   0.000322
-275  -0.001002
-274   0.001048
-273  -0.001758
-272   0.000642
-271   0.000648
-270   0.001914
-269  -0.000116
-268   0.002050
-267   0.000340
-266   0.000446
-265   0.001282
-264  -0.000340
-263  -0.001400
-262   0.000720
-261  -0.000858
-260   0.001188
-259   0.001558
-258   0.000644
-257   0.000272
-256   0.000344
-255  -0.000350
-254  -0.001396
-253   0.000208
-252  -0.002192
-251   0.000520
-250  -0.000746
-249  -0.000490
-248  -0.000316
-247   0.000222
-246   0.001232
-245   0.000660
-244   0.000560
-243  -0.000344
-242  -0.001088
-241  -0.002074
-240  -0.001414
-239   0.000908
-238  -0.000004
-237  -0.001282
-236   0.000010
-235  -0.001022
-234   0.002136
-233   0.001258
-232   0.000606
-231   0.001486
-230  -0.000792
-229  -0.001550
-228  -0.001714
-227  -0.001084
-226  -0.000068
-225  -0.000934
-224   0.000126
-223   0.000270
-222  -0.001772
-221  -0.000230
-220  -0.000152
-219  -0.002934
-218   0.000344
-217   0.000498
-216   0.000274
-215  -0.000568
-214   0.003008
-213  -0.000406
-212   0.000674
-211  -0.000056
-210  -0.001766
-209   0.000598
-208  -0.000148
-207  -0.000380
-206  -0.001494
-205  -0.000546
-204  -0.000688
-203  -0.001030
-202  -0.000466
-201  -0.000278
-200   0.000278
-199   0.000020
-198  -0.000564
-197  -0.000478
-196  -0.000558
-195   0.000916
-194   0.001042
-193   0.000586
-192   0.000400
-191  -0.001394
-190   0.000944
-189  -0.002712
-188   0.001338
-187   0.001308
-186   0.000124
-185   0.000676
-184  -0.001030
-183   0.001558
-182  -0.001124
-181  -0.002114
-180  -0.000208
-179  -0.000030
-178  -0.001156
-177  -0.000890
-176   0.000422
-175  -0.000598
-174  -0.002054
-173   0.001060
-172   0.001576
-171   0.002326
-170   0.002970
-169   0.000566
-168   0.001334
-167   0.002688
-166   0.001434
-165   0.001444
-164   0.001328
-163   0.000448
-162  -0.001310
-161  -0.000116
-160  -0.002554
-159  -0.002370
-158  -0.001604
-157  -0.002864
-156  -0.001042
-155  -0.000402
-154  -0.000218
-153   0.000034
-152   0.000254
-151   0.000420
-150   0.001824
-149   0.000562
-148   0.000000
-147   0.000322
-146  -0.002048
-145  -0.002372
-144  -0.001876
-143   0.000088
-142  -0.000312
-141   0.001388
-140   0.000750
-139   0.001070
-138  -0.001170
-137   0.000460
-136  -0.000560
-135  -0.000632
-134  -0.002744
-133  -0.000764
-132  -0.001744
-131   0.000096
-130   0.000864
-129  -0.000196
-128   0.001288
-127   0.001474
-126   0.000450
-125   0.000170
-124  -0.000168
-123   0.002404
-122  -0.001736
-121   0.000154
-120  -0.001134
-119  -0.000736
-118  -0.000994
-117   0.000612
-116   0.000216
-115   0.001654
-114   0.000910
-113   0.001174
-112  -0.001090
-111  -0.000760
-110   0.001344
-109  -0.000924
-108   0.000836
-107   0.000046
-106  -0.000438
-105  -0.000764
-104  -0.002012
-103  -0.001670
-102   0.000434
-101   0.000708
-100  -0.001796
-99  -0.002202
-98   0.000546
-97  -0.000314
-96   0.002698
-95  -0.001864
-94  -0.001234
-93  -0.000238
-92  -0.000454
-91  -0.001454
-90  -0.002616
-89  -0.000510
-88  -0.002554
-87  -0.004180
-86  -0.001940
-85  -0.001298
-84   0.000564
-83   0.000338
-82   0.000688
-81  -0.000140
-80   0.000268
-79   0.000586
-78  -0.000902
-77  -0.001546
-76  -0.003222
-75  -0.000134
-74  -0.001410
-73  -0.000346
-72  -0.000012
-71   0.001586
-70   0.000698
-69  -0.002586
-68  -0.001072
-67  -0.000758
-66   0.000630
-65   0.000308
-64  -0.000592
-63   0.000482
-62  -0.001642
-61   0.000790
-60  -0.000066
-59   0.000260
-58  -0.003168
-57  -0.000318
-56   0.001598
-55  -0.000096
-54  -0.001392
-53   0.000860
-52   0.002556
-51   0.001896
-50  -0.000356
-49   0.000496
-48  -0.001426
-47  -0.000762
-46   0.001144
-45   0.000580
-44   0.001910
-43   0.000792
-42   0.000366
-41   0.001498
-40  -0.000340
-39   0.000934
-38   0.001046
-37   0.002178
-36   0.001796
-35   0.001324
-34   0.000236
-33  -0.000942
-32   0.000928
-31  -0.001436
-30  -0.002036
-29  -0.000978
-28  -0.000804
-27   0.001360
-26   0.001446
-25   0.000564
-24   0.000986
-23  -0.001728
-22  -0.000958
-21  -0.002246
-20  -0.000450
-19   0.001178
-18  -0.000080
-17  -0.002240
-16  -0.000862
-15  -0.000048
-14   0.000110
-13   0.001308
-12   0.001250
-11   0.000438
-10   0.001704
-9   0.000964
-8   0.002656
-7   0.004444
-6   0.011072
-5   0.017978
-4   0.028550
-3   0.048206
-2   0.081772
-1   0.135302
