0   0.185340
1   0.185108
2   0.185622
3   0.186052
4   0.186384
5   0.186598
6   0.186954
7   0.187220
8   0.187442
9   0.187638
10   0.187852
11   0.188016
12   0.188170
13   0.188362
14   0.188548
15   0.188768
16   0.188940
17   0.189182
18   0.189348
19   0.189556
20   0.189740
21   0.190074
22   0.190276
23   0.190570
24   0.190812
25   0.191034
26   0.191256
27   0.191520
28   0.191788
29   0.191948
30   0.192160
31   0.192492
32   0.192768
33   0.193088
34   0.193392
35   0.193750
36   0.194080
37   0.194368
38   0.194592
39   0.194844
40   0.195142
41   0.195420
42   0.195640
43   0.195878
44   0.196168
45   0.196210
46   0.196450
47   0.196596
48   0.196784
49   0.196934
50   0.197070
51   0.197214
52   0.197496
53   0.197572
54   0.197704
55   0.197754
56   0.197870
57   0.198050
58   0.198142
59   0.198174
60   0.198332
61   0.198330
62   0.198480
63   0.198600
64   0.198684
65   0.198716
66   0.198730
67   0.198626
68   0.198714
69   0.198694
70   0.198688
71   0.198680
72   0.198628
73   0.198504
74   0.198492
75   0.198428
76   0.198336
77   0.198248
78   0.198046
79   0.197830
80   0.197808
81   0.197666
82   0.197552
83   0.197404
84   0.197298
85   0.197244
86   0.197250
87   0.197142
88   0.196942
89   0.196902
90   0.196838
91   0.196722
92   0.196648
93   0.196584
94   0.196574
95   0.196522
96   0.196542
97   0.196508
98   0.196444
99   0.196484
100   0.196372
101   0.196344
102   0.196274
103   0.196182
104   0.195990
105   0.195828
106   0.195588
107   0.195246
108   0.194954
109   0.194550
110   0.194056
111   0.193702
112   0.193070
113   0.192628
114   0.192116
115   0.191648
116   0.191166
117   0.190448
118   0.189970
119   0.189220
120   0.188516
121   0.187938
122   0.187102
123   0.186382
124   0.185502
125   0.184714
126   0.183950
127   0.183308
128   0.182626
129   0.181768
130   0.181222
131   0.180594
132   0.179904
133   0.179140
134   0.178458
135   0.177684
136   0.176852
137   0.176202
138   0.175140
139   0.174338
140   0.173416
141   0.172620
142   0.171670
143   0.170650
144   0.169596
145   0.168698
146   0.167518
147   0.166548
148   0.165482
149   0.164522
150   0.163626
151   0.162640
152   0.161554
153   0.160670
154   0.159784
155   0.158828
156   0.158032
157   0.157100
158   0.156318
159   0.155598
160   0.154798
161   0.153922
162   0.153358
163   0.152668
164   0.151824
165   0.151122
166   0.150396
167   0.149720
168   0.149048
169   0.148322
170   0.147666
171   0.147032
172   0.146244
173   0.145732
174   0.145002
175   0.144106
176   0.143492
177   0.142834
178   0.142126
179   0.141548
180   0.140924
181   0.140406
182   0.139826
183   0.139214
184   0.138598
185   0.137944
186   0.137360
187   0.136622
188   0.135882
189   0.135314
190   0.134640
191   0.134212
192   0.133508
193   0.132960
194   0.132368
195   0.131946
196   0.131394
197   0.130924
198   0.130334
199   0.129876
200   0.129466
201   0.129094
202   0.128634
203   0.128266
204   0.127646
205   0.127106
206   0.126548
207   0.126056
208   0.125408
209   0.124862
210   0.124060
211   0.123384
212   0.122940
213   0.122250
214   0.121756
215   0.121276
216   0.120636
217   0.119970
218   0.119412
219   0.118608
220   0.117930
221   0.117190
222   0.116476
223   0.115544
224   0.114626
225   0.113542
226   0.112618
227   0.111600
228   0.110748
229   0.109796
230   0.108642
231   0.107590
232   0.106646
233   0.105710
234   0.104800
235   0.103682
236   0.102614
237   0.101612
238   0.100756
239   0.099682
240   0.098660
241   0.097832
242   0.096750
243   0.095738
244   0.094828
245   0.094012
246   0.092988
247   0.092092
248   0.091306
249   0.090330
250   0.089610
251   0.088794
252   0.088094
253   0.087252
254   0.086576
255   0.085818
256   0.085268
257   0.084508
258   0.083850
259   0.083120
260   0.082344
261   0.081634
262   0.080880
263   0.080294
264   0.079512
265   0.078926
266   0.078396
267   0.077834
268   0.077322
269   0.076898
270   0.076402
271   0.075782
272   0.075382
273   0.074870
274   0.074366
275   0.073892
276   0.073502
277   0.072920
278   0.072456
279   0.071994
280   0.071504
281   0.071040
282   0.070436
283   0.070036
284   0.069514
285   0.069002
286   0.068542
287   0.068016
288   0.067500
289   0.067084
290   0.066544
291   0.066086
292   0.065646
293   0.065150
294   0.064750
295   0.064354
296   0.063928
297   0.063452
298   0.062956
299   0.062502
300   0.062054
301   0.061616
302   0.061238
303   0.060858
304   0.060452
305   0.060160
306   0.059814
307   0.059570
308   0.059240
309   0.058978
310   0.058640
311   0.058414
312   0.058210
313   0.057974
314   0.057752
315   0.057432
316   0.057222
317   0.056998
318   0.056750
319   0.056604
320   0.056360
321   0.056234
322   0.056032
323   0.055888
324   0.055744
325   0.055624
326   0.055556
327   0.055444
328   0.055318
329   0.055172
330   0.054968
331   0.054804
332   0.054614
333   0.054446
334   0.054238
335   0.054108
336   0.053846
337   0.053696
338   0.053538
339   0.053402
340   0.053406
341   0.053244
342   0.053238
343   0.053198
344   0.053196
345   0.053256
346   0.053162
347   0.053152
348   0.053044
349   0.053086
350   0.053146
351   0.053048
352   0.053092
353   0.053102
354   0.053170
355   0.053256
356   0.053402
357   0.053438
358   0.053670
359   0.053762
360   0.053834
361   0.053972
362   0.054074
363   0.054218
364   0.054474
365   0.054562
366   0.054688
367   0.054876
368   0.055008
369   0.055158
370   0.055232
371   0.055400
372   0.055410
373   0.055582
374   0.055592
375   0.055662
376   0.055862
377   0.055900
378   0.056128
379   0.056274
380   0.056400
381   0.056676
382   0.056736
383   0.056868
384   0.057070
385   0.057198
386   0.057512
387   0.057798
388   0.058080
389   0.058250
390   0.058580
391   0.058866
392   0.059220
393   0.059458
394   0.059740
395   0.060140
396   0.060388
397   0.060690
398   0.060854
399   0.061094
400   0.061162
401   0.061432
402   0.061684
403   0.061788
404   0.061942
405   0.062102
406   0.062246
407   0.062382
408   0.062682
409   0.062888
410   0.063118
411   0.063318
412   0.063606
413   0.063832
414   0.064106
415   0.064394
416   0.064610
417   0.065116
418   0.065476
419   0.065898
420   0.066250
421   0.066628
422   0.066970
423   0.067314
424   0.067474
425   0.067768
426   0.067964
427   0.068214
428   0.068490
429   0.068618
430   0.068584
431   0.068900
432   0.069126
433   0.069412
434   0.069534
435   0.069910
436   0.070112
437   0.070266
438   0.070548
439   0.070704
440   0.070852
441   0.071058
442   0.071204
443   0.071348
444   0.071496
445   0.071598
446   0.071682
447   0.071720
448   0.071942
449   0.072040
450   0.072174
451   0.072340
452   0.072434
453   0.072564
454   0.072814
455   0.073012
456   0.073072
457   0.073194
458   0.073246
459   0.073416
460   0.073454
461   0.073504
462   0.073384
463   0.073350
464   0.073540
465   0.073524
466   0.073642
467   0.073780
468   0.073814
469   0.074012
470   0.074244
471   0.074324
472   0.074458
473   0.074614
474   0.074766
475   0.074824
476   0.075018
477   0.074954
478   0.074988
479   0.075020
480   0.074928
481   0.074958
482   0.074900
483   0.074838
484   0.074754
485   0.074572
486   0.074180
487   0.073918
488   0.073712
489   0.073566
490   0.073154
491   0.072764
492   0.072550
493   0.072144
494   0.071676
495   0.071370
496   0.071106
497   0.070766
498   0.070266
499   0.069760
500   0.069422
-499   0.068836
-498   0.068472
-497   0.067808
-496   0.067286
-495   0.066630
-494   0.066142
-493   0.065504
-492   0.064846
-491   0.064538
-490   0.063960
-489   0.063632
-488   0.063214
-487   0.062826
-486   0.062402
-485   0.061640
-484   0.061264
-483   0.060792
-482   0.060384
-481   0.059732
-480   0.059186
-479   0.058498
-478   0.058050
-477   0.057210
-476   0.056438
-475   0.055580
-474   0.054744
-473   0.053940
-472   0.053134
-471   0.052284
-470   0.051558
-469   0.050762
-468   0.049980
-467   0.049046
-466   0.048172
-465   0.047208
-464   0.046490
-463   0.045454
-462   0.044666
-461   0.044024
-460   0.043248
-459   0.042604
-458   0.041698
-457   0.040842
-456   0.040118
-455   0.039366
-454   0.038564
-453   0.037840
-452   0.037030
-451   0.036254
-450   0.035590
-449   0.034828
-448   0.034198
-447   0.033382
-446   0.032860
-445   0.032018
-444   0.031370
-443   0.030616
-442   0.029780
-441   0.029086
-440   0.028418
-439   0.027770
-438   0.027138
-437   0.026444
-436   0.025842
-435   0.025234
-434   0.024520
-433   0.023954
-432   0.023346
-431   0.022822
-430   0.022222
-429   0.021744
-428   0.021186
-427   0.020606
-426   0.020156
-425   0.019656
-424   0.019218
-423   0.018614
-422   0.018170
-421   0.017476
-420   0.016914
-419   0.016546
-418   0.015966
-417   0.015618
-416   0.015118
-415   0.014850
-414   0.014352
-413   0.013984
-412   0.013240
-411   0.012838
-410   0.012216
-409   0.011610
-408   0.011062
-407   0.010354
-406   0.009602
-405   0.009086
-404   0.008412
-403   0.007914
-402   0.007322
-401   0.006802
-400   0.006338
-399   0.005884
-398   0.005280
-397   0.004836
-396   0.004378
-395   0.003966
-394   0.003276
-393   0.002916
-392   0.002378
-391   0.001798
-390   0.001346
-389   0.000824
-388   0.000404
-387   0.000072
-386  -0.000366
-385  -0.000810
-384  -0.000984
-383  -0.001376
-382  -0.001804
-381  -0.002018
-380  -0.002352
-379  -0.002510
-378  -0.002934
-377  -0.003236
-376  -0.003402
-375  -0.003560
-374  -0.003874
-373  -0.003962
-372  -0.004126
-371  -0.004294
-370  -0.004302
-369  -0.004598
-368  -0.004694
-367  -0.004606
-366  -0.004730
-365  -0.004700
-364  -0.004822
-363  -0.004764
-362  -0.004934
-361  -0.005018
-360  -0.005082
-359  -0.005036
-358  -0.005092
-357  -0.005232
-356  -0.005296
-355  -0.005154
-354  -0.005118
-353  -0.004942
-352  -0.004848
-351  -0.004840
-350  -0.004758
-349  -0.004556
-348  -0.004442
-347  -0.004234
-346  -0.004062
-345  -0.003888
-344  -0.003710
-343  -0.003518
-342  -0.003300
-341  -0.003142
-340  -0.002932
-339  -0.002722
-338  -0.002688
-337  -0.002668
-336  -0.002628
-335  -0.002576
-334  -0.002568
-333  -0.002506
-332  -0.002414
-331  -0.002408
-330  -0.002272
-329  -0.002264
-328  -0.002178
-327  -0.002002
-326  -0.002044
-325  -0.001872
-324  -0.001760
-323  -0.001674
-322  -0.001556
-321  -0.001318
-320  -0.001150
-319  -0.000916
-318  -0.000874
-317  -0.000784
-316  -0.000512
-315  -0.000494
-314  -0.000382
-313  -0.000272
-312  -0.000314
-311  -0.000234
-310  -0.000352
-309  -0.000206
-308  -0.000274
-307  -0.000244
-306   0.000082
-305   0.000114
-304   0.000184
-303   0.000212
-302   0.000232
-301   0.000248
-300   0.000292
-299   0.000240
-298   0.000208
-297   0.000160
-296   0.000158
-295   0.000174
-294   0.000286
-293   0.000260
-292   0.000230
-291   0.000254
-290   0.000260
-289   0.000344
-288   0.000386
-287   0.000452
-286   0.000444
-285   0.000404
-284   0.000386
-283   0.000416
-282   0.000558
-281   0.000618
-280   0.000790
-279   0.000934
-278   0.001170
-277   0.001416
-276   0.001734
-275   0.002048
-274   0.002416
-273   0.002804
-272   0.003092
-271   0.003342
-270   0.003562
-269   0.003866
-268   0.004046
-267   0.004276
-266   0.004384
-265   0.004688
-264   0.004754
-263   0.004914
-262   0.005154
-261   0.005262
-260   0.005378
-259   0.005516
-258   0.005596
-257   0.005718
-256   0.005818
-255   0.005870
-254   0.005878
-253   0.006008
-252   0.005968
-251   0.006072
-250   0.006034
-249   0.005944
-248   0.006012
-247   0.006182
-246   0.006126
-245   0.006306
-244   0.006450
-243   0.006552
-242   0.006708
-241   0.006884
-240   0.006950
-239   0.006968
-238   0.006998
-237   0.007120
-236   0.007206
-235   0.007246
-234   0.007318
-233   0.007350
-232   0.007502
-231   0.007690
-230   0.007710
-229   0.007862
-228   0.007992
-227   0.008204
-226   0.008418
-225   0.008546
-224   0.008942
-223   0.009226
-222   0.009414
-221   0.009662
-220   0.009986
-219   0.010252
-218   0.010610
-217   0.010856
-216   0.011182
-215   0.011478
-214   0.011646
-213   0.011898
-212   0.012200
-211   0.012510
-210   0.012778
-209   0.012932
-208   0.013136
-207   0.013388
-206   0.013554
-205   0.013782
-204   0.014040
-203   0.014236
-202   0.014460
-201   0.014742
-200   0.015078
-199   0.015250
-198   0.015514
-197   0.015730
-196   0.016030
-195   0.016156
-194   0.016378
-193   0.016490
-192   0.016662
-191   0.016780
-190   0.016942
-189   0.017046
-188   0.017200
-187   0.017320
-186   0.017624
-185   0.018032
-184   0.018412
-183   0.018828
-182   0.019186
-181   0.019796
-180   0.020182
-179   0.020736
-178   0.021130
-177   0.021646
-176   0.022276
-175   0.022754
-174   0.023300
-173   0.023778
-172   0.024156
-171   0.024678
-170   0.025080
-169   0.025510
-168   0.025964
-167   0.026386
-166   0.026776
-165   0.027274
-164   0.027666
-163   0.027998
-162   0.028464
-161   0.028646
-160   0.029192
-159   0.029446
-158   0.029766
-157   0.030268
-156   0.030450
-155   0.030912
-154   0.031302
-153   0.031758
-152   0.032216
-151   0.032784
-150   0.033326
-149   0.033954
-148   0.034560
-147   0.035268
-146   0.035786
-145   0.036510
-144   0.037176
-143   0.037854
-142   0.038442
-141   0.039058
-140   0.039728
-139   0.040380
-138   0.040968
-137   0.041576
-136   0.042212
-135   0.042672
-134   0.043418
-133   0.044026
-132   0.044604
-131   0.045210
-130   0.045816
-129   0.046268
-128   0.046868
-127   0.047294
-126   0.047830
-125   0.048496
-124   0.048896
-123   0.049606
-122   0.050216
-121   0.050962
-120   0.051556
-119   0.052118
-118   0.052824
-117   0.053390
-116   0.054084
-115   0.054768
-114   0.055554
-113   0.056116
-112   0.056956
-111   0.057774
-110   0.058522
-109   0.059388
-108   0.060126
-107   0.061100
-106   0.061882
-105   0.062662
-104   0.063438
-103   0.064350
-102   0.065132
-101   0.065844
-100   0.066620
-99   0.067388
-98   0.068254
-97   0.068946
-96   0.069824
-95   0.070648
-94   0.071438
-93   0.072340
-92   0.073236
-91   0.073954
-90   0.074888
-89   0.075686
-88   0.076442
-87   0.077244
-86   0.078086
-85   0.078898
-84   0.079724
-83   0.080600
-82   0.081456
-81   0.082186
-80   0.083024
-79   0.083830
-78   0.084466
-77   0.085312
-76   0.086096
-75   0.086742
-74   0.087474
-73   0.088316
-72   0.089318
-71   0.090074
-70   0.091142
-69   0.092314
-68   0.093306
-67   0.094432
-66   0.095732
-65   0.096732
-64   0.097752
-63   0.098924
-62   0.099984
-61   0.101084
-60   0.102062
-59   0.103292
-58   0.104360
-57   0.105500
-56   0.106584
-55   0.107726
-54   0.108906
-53   0.109952
-52   0.110976
-51   0.112232
-50   0.113310
-49   0.114562
-48   0.115624
-47   0.117156
-46   0.118400
-45   0.119730
-44   0.121106
-43   0.122372
-42   0.123864
-41   0.125352
-40   0.126740
-39   0.127960
-38   0.129210
-37   0.130696
-36   0.132094
-35   0.133916
-34   0.135402
-33   0.136946
-32   0.138698
-31   0.140312
-30   0.141838
-29   0.143420
-28   0.144770
-27   0.146398
-26   0.147794
-25   0.149208
-24   0.150644
-23   0.151902
-22   0.153248
-21   0.154518
-20   0.155982
-19   0.157270
-18   0.158602
-17   0.160094
-16   0.161350
-15   0.162840
-14   0.164446
-13   0.165782
-12   0.167426
-11   0.168826
-10   0.170388
-9   0.171636
-8   0.173270
-7   0.174750
-6   0.176390
-5   0.177978
-4   0.179332
-3   0.180758
-2   0.182086
-1   0.183312
