0   0.760292
1   0.327904
2   0.250532
3   0.193092
4   0.150622
5   0.113892
6   0.088572
7   0.069170
8   0.052206
9   0.040938
10   0.031766
11   0.024092
12   0.018386
13   0.014392
14   0.012182
15   0.010580
16   0.007508
17   0.006980
18   0.007730
19   0.008122
20   0.006618
21   0.003564
22   0.003808
23   0.002390
24   0.004430
25   0.004096
26   0.003356
27   0.005416
28   0.005114
29   0.003680
30   0.002294
31   0.001164
32   0.003906
33   0.002224
34   0.003204
35   0.002288
36   0.002558
37   0.003264
38   0.002698
39   0.001260
40  -0.000204
41  -0.001764
42  -0.000878
43   0.000090
44   0.000262
45   0.000780
46   0.002866
47   0.000182
48   0.003980
49   0.003976
50   0.003350
51   0.003270
52   0.001362
53   0.001530
54   0.001052
55   0.000314
56   0.001362
57   0.000842
58   0.002834
59   0.000174
60  -0.002586
61  -0.001330
62  -0.001146
63  -0.001106
64  -0.000188
65  -0.000724
66  -0.000634
67   0.000126
68   0.001148
69   0.001390
70   0.001736
71   0.002756
72   0.004028
73   0.003458
74   0.003060
75   0.002474
76   0.001082
77   0.002842
78   0.003868
79  -0.000118
80   0.000198
81  -0.002578
82  -0.000826
83  -0.000420
84  -0.002038
85  -0.001504
86  -0.002618
87  -0.001796
88  -0.002076
89  -0.002250
90  -0.000924
91  -0.000638
92  -0.001366
93  -0.000210
94   0.000626
95  -0.000628
96  -0.000032
97  -0.001200
98  -0.001310
99  -0.001104
100  -0.002328
101  -0.001138
102  -0.001306
103   0.001578
104  -0.000122
105   0.000666
106   0.000506
107   0.001328
108   0.002350
109   0.001432
110   0.001470
111   0.000240
112   0.002540
113   0.001204
114   0.001122
115   0.001028
116   0.001472
117  -0.000596
118  -0.001722
119  -0.002870
120  -0.004336
121  -0.001738
122  -0.002862
123  -0.002892
124   0.000168
125  -0.003628
126  -0.003782
127  -0.003598
128  -0.003342
129  -0.001228
130  -0.002026
131  -0.000546
132  -0.001354
133   0.000114
134   0.001098
135  -0.000158
136   0.000292
137   0.000238
138  -0.002804
139  -0.002502
140  -0.002144
141  -0.003816
142  -0.003222
143  -0.001228
144  -0.000704
145   0.000778
146   0.000256
147  -0.000098
148  -0.000582
149  -0.001642
150  -0.002370
151  -0.002860
152  -0.003570
153  -0.001068
154  -0.001086
155   0.000362
156   0.001046
157   0.002818
158   0.001510
159   0.002956
160   0.001242
161   0.002694
162  -0.000066
163  -0.000622
164  -0.002920
165  -0.001774
166  -0.000772
167  -0.001128
168   0.001018
169   0.000692
170   0.002792
171   0.001480
172   0.001588
173   0.003078
174   0.001464
175   0.000326
176  -0.000182
177   0.001532
178   0.001442
179   0.001774
180   0.000702
181   0.000254
182  -0.000216
183   0.000762
184   0.000166
185   0.000398
186  -0.001984
187  -0.001604
188  -0.002216
189  -0.004356
190  -0.000908
191  -0.002580
192  -0.001652
193  -0.001308
194  -0.000072
195  -0.002142
196  -0.000132
197  -0.000110
198  -0.000222
199   0.000258
200   0.000578
201  -0.003348
202  -0.003862
203  -0.002572
204  -0.002756
205  -0.000540
206  -0.001358
207  -0.002170
208  -0.001562
209   0.000376
210  -0.000248
211  -0.001330
212  -0.001268
213  -0.000918
214  -0.000828
215  -0.001020
216  -0.000976
217   0.000032
218   0.000456
219  -0.000650
220   0.000602
221   0.000058
222  -0.000114
223   0.002262
224   0.000236
225   0.002414
226   0.004552
227   0.001980
228   0.003266
229   0.000260
230  -0.000586
231  -0.000618
232   0.000668
233  -0.000116
234  -0.000974
235  -0.002010
236  -0.003494
237  -0.002648
238  -0.001886
239  -0.003042
240  -0.001152
241  -0.001510
242  -0.000130
243  -0.000454
244   0.001452
245   0.000372
246  -0.001460
247  -0.001036
248  -0.002640
249  -0.001182
250  -0.002884
251  -0.001574
252  -0.000142
253  -0.000562
254  -0.001824
255  -0.001208
256  -0.000602
257   0.000998
258  -0.000512
259  -0.001278
260  -0.001930
261  -0.001794
262   0.000726
263   0.000744
264   0.000192
265  -0.000682
266  -0.001846
267   0.001630
268   0.002356
269   0.003474
270   0.002612
271   0.003564
272   0.003514
273   0.002756
274   0.001614
275   0.001038
276   0.001572
277   0.001218
278  -0.001542
279   0.000290
280  -0.001414
281  -0.002920
282  -0.002760
283  -0.004214
284  -0.005208
285  -0.002702
286  -0.002808
287  -0.002782
288  -0.004880
289  -0.000058
290  -0.000666
291   0.000036
292   0.000316
293   0.002496
294   0.001296
295   0.001312
296   0.001642
297   0.002610
298   0.001980
299   0.000330
300   0.002280
301   0.000444
302   0.002562
303   0.001828
304   0.000304
305   0.000916
306   0.000360
307  -0.002042
308  -0.002412
309  -0.002818
310  -0.003748
311  -0.002926
312  -0.000930
313  -0.002180
314  -0.001786
315  -0.000594
316  -0.002664
317  -0.000728
318   0.000188
319  -0.000966
320   0.000252
321   0.002692
322   0.003086
323   0.004618
324   0.001046
325   0.002724
326   0.003450
327   0.003692
328   0.003856
329   0.001446
330   0.001602
331   0.001678
332   0.001106
333   0.001338
334   0.001052
335  -0.000436
336   0.001780
337   0.000982
338   0.001478
339   0.003024
340   0.001602
341   0.002218
342   0.001410
343  -0.000522
344  -0.001884
345  -0.000478
346  -0.003438
347  -0.004924
348  -0.004340
349  -0.004922
350  -0.003726
351  -0.001194
352  -0.001916
353   0.001320
354   0.000120
355   0.001854
356   0.001266
357   0.001612
358   0.002726
359   0.002862
360   0.003974
361   0.001356
362   0.001906
363   0.000882
364  -0.000702
365  -0.000154
366   0.000796
367   0.001402
368   0.002550
369   0.001784
370   0.000940
371   0.002362
372   0.002260
373  -0.000042
374   0.002606
375   0.000896
376   0.001000
377   0.000118
378   0.000644
379   0.001064
380   0.000732
381   0.000340
382   0.002712
383   0.002928
384   0.003420
385   0.002336
386   0.002210
387   0.001936
388   0.001656
389   0.001060
390   0.000564
391   0.000112
392   0.000110
393   0.000604
394   0.001246
395   0.001462
396   0.000200
397  -0.000236
398  -0.001694
399  -0.001022
400  -0.001808
401  -0.002366
402  -0.000318
403  -0.000460
404   0.001352
405   0.002388
406   0.004506
407   0.003528
408   0.002186
409   0.000622
410  -0.001822
411   0.000388
412   0.001776
413   0.000572
414   0.000124
415  -0.000718
416  -0.001180
417  -0.001458
418  -0.000018
419   0.000534
420  -0.000326
421   0.000210
422   0.000468
423   0.000158
424  -0.000016
425  -0.000806
426  -0.002384
427  -0.000366
428  -0.001794
429   0.000140
430  -0.000948
431  -0.002000
432  -0.002000
433  -0.001970
434  -0.002450
435  -0.002040
436  -0.000664
437  -0.001502
438  -0.000730
439  -0.001302
440  -0.001010
441  -0.000098
442  -0.000338
443  -0.000914
444  -0.001928
445  -0.000104
446  -0.001994
447   0.000058
448  -0.000612
449   0.000360
450   0.000116
451  -0.000042
452   0.001596
453   0.002042
454   0.000834
455  -0.000454
456  -0.000098
457  -0.000238
458  -0.000562
459   0.000068
460  -0.000200
461   0.001006
462   0.001028
463  -0.001220
464  -0.001376
465  -0.000780
466   0.001534
467   0.000622
468   0.001616
469   0.002326
470   0.000186
471  -0.000372
472   0.001426
473   0.002160
474   0.004392
475   0.004838
476   0.004466
477   0.004376
478   0.001198
479   0.002212
480  -0.000114
481  -0.000284
482  -0.000168
483  -0.000090
484  -0.000376
485   0.001376
486   0.000862
487   0.000114
488   0.001956
489   0.001430
490   0.003282
491   0.005384
492   0.005054
493   0.004120
494   0.005600
495   0.003472
496   0.003224
497   0.004894
498   0.003044
499   0.003154
500   0.003038
-499   0.001706
-498   0.003848
-497   0.003140
-496   0.004570
-495   0.003980
-494   0.003582
-493   0.002450
-492   0.002246
-491   0.003896
-490   0.001756
-489   0.002738
-488   0.001662
-487   0.001330
-486   0.000544
-485   0.001134
-484   0.001322
-483   0.000004
-482   0.001412
-481   0.000674
-480   0.001458
-479  -0.000020
-478  -0.000554
-477   0.000216
-476  -0.000702
-475  -0.000552
-474  -0.000142
-473  -0.001378
-472  -0.000788
-471   0.000168
-470   0.003302
-469  -0.000022
-468  -0.000154
-467   0.000192
-466   0.001104
-465   0.003478
-464   0.002846
-463   0.001886
-462   0.001860
-461   0.001852
-460   0.001486
-459   0.000898
-458   0.001170
-457   0.002254
-456   0.001598
-455   0.001350
-454   0.003020
-453   0.001456
-452   0.003446
-451   0.004990
-450   0.005066
-449   0.002188
-448   0.000258
-447  -0.000294
-446  -0.001990
-445  -0.000048
-444  -0.000102
-443  -0.000924
-442  -0.000046
-441   0.001462
-440  -0.000346
-439  -0.000086
-438   0.000138
-437  -0.002064
-436  -0.000760
-435  -0.000130
-434  -0.000376
-433   0.000086
-432  -0.000742
-431  -0.002294
-430  -0.000622
-429  -0.002170
-428   0.000088
-427  -0.000248
-426   0.001010
-425   0.001960
-424   0.003372
-423   0.000918
-422   0.001530
-421  -0.001138
-420  -0.000410
-419   0.000868
-418   0.002928
-417   0.001960
-416   0.002478
-415   0.002724
-414   0.002722
-413   0.003036
-412   0.003264
-411   0.002154
-410   0.000872
-409   0.003638
-408   0.003334
-407   0.003830
-406   0.001906
-405   0.002000
-404   0.002428
-403   0.002508
-402   0.004314
-401   0.002068
-400   0.001742
-399   0.002248
-398   0.001258
-397   0.001532
-396   0.000838
-395   0.001390
-394   0.002018
-393  -0.000662
-392  -0.003424
-391  -0.002140
-390  -0.000720
-389  -0.001810
-388  -0.002378
-387  -0.004218
-386  -0.002438
-385  -0.003426
-384  -0.004126
-383  -0.003502
-382  -0.002862
-381  -0.002308
-380  -0.000436
-379  -0.000684
-378  -0.001034
-377   0.000780
-376   0.002044
-375   0.000224
-374   0.000878
-373   0.001418
-372   0.001898
-371   0.004498
-370   0.003072
-369   0.003172
-368   0.001844
-367   0.002568
-366   0.001332
-365   0.001660
-364   0.001032
-363  -0.000080
-362   0.001484
-361  -0.000912
-360  -0.001334
-359   0.000498
-358   0.000070
-357  -0.001324
-356   0.000340
-355  -0.002166
-354  -0.001206
-353  -0.002650
-352  -0.000724
-351   0.000282
-350   0.000242
-349   0.000974
-348  -0.001574
-347  -0.000390
-346  -0.001558
-345  -0.003516
-344  -0.002454
-343  -0.004850
-342  -0.002940
-341  -0.001492
-340  -0.001116
-339  -0.002930
-338  -0.002362
-337  -0.001202
-336  -0.000970
-335  -0.000848
-334   0.000098
-333   0.001040
-332   0.001258
-331  -0.001114
-330  -0.000858
-329   0.002428
-328  -0.000834
-327  -0.000080
-326   0.000548
-325   0.000586
-324  -0.001180
-323   0.000644
-322   0.000322
-321  -0.001038
-320   0.000906
-319   0.001218
-318   0.001752
-317   0.004800
-316   0.002934
-315   0.003810
-314   0.003204
-313   0.002386
-312   0.001300
-311   0.002010
-310   0.000248
-309  -0.000600
-308   0.000010
-307   0.000176
-306  -0.000466
-305  -0.001670
-304  -0.001350
-303  -0.001958
-302  -0.001574
-301  -0.001598
-300   0.000866
-299  -0.002304
-298  -0.002754
-297  -0.002930
-296  -0.003286
-295  -0.002948
-294  -0.002288
-293  -0.005356
-292  -0.001932
-291  -0.003004
-290  -0.002080
-289  -0.003452
-288  -0.002042
-287  -0.002166
-286  -0.001462
-285  -0.002254
-284  -0.002766
-283  -0.002572
-282  -0.001106
-281  -0.000314
-280  -0.000754
-279  -0.000244
-278  -0.002034
-277  -0.002804
-276  -0.001534
-275  -0.000272
-274  -0.000008
-273   0.001026
-272  -0.000662
-271  -0.001702
-270  -0.001622
-269  -0.001876
-268  -0.003180
-267  -0.003260
-266  -0.002956
-265  -0.003226
-264  -0.003280
-263  -0.000728
-262  -0.001304
-261  -0.001990
-260  -0.000520
-259  -0.001584
-258   0.002446
-257   0.001506
-256   0.004118
-255   0.002774
-254   0.000372
-253   0.002522
-252   0.002246
-251   0.002010
-250   0.001534
-249   0.002430
-248   0.002516
-247   0.001124
-246   0.000534
-245  -0.001570
-244   0.000520
-243   0.000278
-242   0.001522
-241   0.000868
-240   0.003058
-239   0.001168
-238   0.001068
-237   0.002108
-236   0.002490
-235   0.002648
-234   0.004336
-233   0.003844
-232   0.005308
-231   0.005672
-230   0.002384
-229   0.002136
-228   0.003034
-227   0.001702
-226   0.002556
-225   0.000716
-224   0.002748
-223   0.000114
-222  -0.000900
-221  -0.000546
-220  -0.000264
-219  -0.001248
-218  -0.000690
-217   0.001310
-216  -0.000216
-215  -0.000582
-214   0.000036
-213  -0.001114
-212   0.000174
-211  -0.000638
-210  -0.000368
-209   0.001090
-208   0.000220
-207  -0.000046
-206   0.002484
-205   0.000232
-204   0.000280
-203  -0.001364
-202   0.000904
-201   0.001368
-200   0.001168
-199   0.001136
-198   0.002268
-197   0.001092
-196   0.001512
-195   0.000034
-194  -0.000958
-193   0.001012
-192   0.000544
-191   0.001488
-190   0.000996
-189   0.001260
-188   0.002320
-187  -0.001340
-186  -0.000662
-185   0.000804
-184   0.002106
-183   0.001528
-182   0.002510
-181   0.003654
-180   0.004666
-179   0.004082
-178   0.002390
-177   0.002920
-176   0.001276
-175  -0.000912
-174   0.000338
-173  -0.000698
-172  -0.000812
-171  -0.000190
-170  -0.000772
-169   0.001990
-168   0.002916
-167   0.000654
-166   0.001014
-165   0.001638
-164   0.000096
-163  -0.000494
-162  -0.000536
-161  -0.000190
-160  -0.000230
-159  -0.001646
-158  -0.002696
-157  -0.003052
-156  -0.003160
-155  -0.001334
-154  -0.002698
-153  -0.000694
-152  -0.002546
-151  -0.004468
-150  -0.005074
-149  -0.004106
-148  -0.004876
-147  -0.002930
-146  -0.002018
-145  -0.000706
-144   0.001806
-143   0.001164
-142   0.002138
-141   0.000888
-140  -0.000198
-139  -0.000464
-138  -0.002246
-137  -0.001490
-136  -0.001974
-135  -0.002770
-134  -0.002016
-133  -0.000792
-132  -0.001050
-131  -0.002112
-130  -0.003142
-129  -0.004318
-128  -0.004966
-127  -0.004238
-126  -0.003550
-125  -0.002238
-124   0.000212
-123   0.000704
-122  -0.000112
-121  -0.000964
-120   0.001742
-119  -0.001004
-118   0.001986
-117  -0.000654
-116   0.001596
-115   0.001460
-114   0.000438
-113   0.001244
-112  -0.000068
-111   0.000468
-110   0.000870
-109   0.003138
-108   0.001238
-107   0.000872
-106  -0.000672
-105   0.000440
-104  -0.000302
-103   0.000746
-102   0.000804
-101   0.001102
-100   0.001060
-99   0.000872
-98   0.001088
-97   0.002042
-96   0.001114
-95   0.001576
-94   0.000650
-93   0.000342
-92   0.000902
-91  -0.000348
-90  -0.001152
-89   0.000390
-88  -0.000462
-87  -0.002192
-86  -0.000536
-85  -0.001574
-84  -0.001288
-83  -0.002248
-82  -0.003292
-81  -0.001070
-80  -0.001418
-79  -0.000696
-78   0.001062
-77   0.001052
-76  -0.002342
-75  -0.001560
-74  -0.001418
-73  -0.001188
-72  -0.002948
-71  -0.002778
-70  -0.001266
-69  -0.002508
-68  -0.000982
-67  -0.002858
-66  -0.003002
-65   0.000038
-64  -0.000890
-63  -0.001482
-62  -0.001726
-61  -0.000312
-60   0.000886
-59   0.001416
-58  -0.000046
-57  -0.001048
-56   0.001748
-55   0.000214
-54  -0.000572
-53  -0.000284
-52   0.000156
-51   0.000664
-50   0.000484
-49   0.000650
-48   0.001142
-47   0.000728
-46   0.001072
-45   0.001946
-44   0.002066
-43   0.001654
-42   0.003288
-41   0.003258
-40   0.004298
-39   0.004094
-38   0.003356
-37   0.004526
-36   0.002958
-35   0.002642
-34   0.004800
-33   0.004716
-32   0.005240
-31   0.005036
-30   0.001992
-29   0.003716
-28   0.002936
-27   0.001526
-26   0.000446
-25   0.002266
-24   0.002696
-23  -0.000252
-22   0.000762
-21   0.002612
-20   0.001776
-19   0.005744
-18   0.006510
-17   0.005092
-16   0.006714
-15   0.007760
-14   0.009436
-13   0.011054
-12   0.016742
-11   0.022284
-10   0.030342
-9   0.039412
-8   0.052358
-7   0.064820
-6   0.086364
-5   0.111878
-4   0.147354
-3   0.190132
-2   0.250744
-1   0.328342
