0   1.000000
1   0.969004
2   0.951486
3   0.934456
4   0.918070
5   0.901870
6   0.886434
7   0.871094
8   0.855836
9   0.840186
10   0.825544
11   0.811068
12   0.797684
13   0.783446
14   0.769572
15   0.755956
16   0.742110
17   0.729230
18   0.716544
19   0.704500
20   0.692092
21   0.681232
22   0.669726
23   0.658962
24   0.647890
25   0.638174
26   0.628588
27   0.619676
28   0.610626
29   0.601282
30   0.592182
31   0.582898
32   0.574276
33   0.564886
34   0.554944
35   0.546254
36   0.537884
37   0.529622
38   0.521982
39   0.513536
40   0.505812
41   0.498116
42   0.490862
43   0.483430
44   0.476518
45   0.468938
46   0.462152
47   0.455296
48   0.448934
49   0.441820
50   0.434704
51   0.428766
52   0.422190
53   0.416368
54   0.409564
55   0.403246
56   0.396606
57   0.390320
58   0.383674
59   0.377086
60   0.370928
61   0.365120
62   0.359040
63   0.352450
64   0.345872
65   0.339100
66   0.332242
67   0.325968
68   0.319722
69   0.313556
70   0.307866
71   0.303170
72   0.297594
73   0.292402
74   0.287470
75   0.282414
76   0.277052
77   0.271822
78   0.267082
79   0.261388
80   0.256876
81   0.251504
82   0.246808
83   0.241734
84   0.236698
85   0.231346
86   0.226466
87   0.221102
88   0.216116
89   0.210990
90   0.206532
91   0.201900
92   0.197862
93   0.194756
94   0.191214
95   0.188380
96   0.185456
97   0.182586
98   0.180198
99   0.177664
100   0.175716
101   0.173668
102   0.171126
103   0.168242
104   0.165656
105   0.163316
106   0.160888
107   0.157854
108   0.155190
109   0.152290
110   0.149094
111   0.145972
112   0.142890
113   0.140082
114   0.137116
115   0.133894
116   0.129734
117   0.125970
118   0.122920
119   0.119766
120   0.116554
121   0.113902
122   0.111074
123   0.108946
124   0.106518
125   0.104050
126   0.101668
127   0.098810
128   0.095904
129   0.093434
130   0.090252
131   0.087786
132   0.085036
133   0.082632
134   0.080518
135   0.078000
136   0.076170
137   0.073914
138   0.071648
139   0.069384
140   0.067682
141   0.064912
142   0.062818
143   0.060976
144   0.058880
145   0.056282
146   0.054210
147   0.052226
148   0.050078
149   0.048626
150   0.047740
151   0.046246
152   0.044840
153   0.043372
154   0.042606
155   0.042664
156   0.041826
157   0.041340
158   0.041112
159   0.040700
160   0.039196
161   0.038442
162   0.037428
163   0.035860
164   0.034508
165   0.033304
166   0.032538
167   0.031064
168   0.030002
169   0.028636
170   0.027390
171   0.025608
172   0.023730
173   0.022242
174   0.020648
175   0.019248
176   0.017852
177   0.016218
178   0.015042
179   0.014112
180   0.013148
181   0.011916
182   0.011200
183   0.009194
184   0.007868
185   0.006560
186   0.005124
187   0.003692
188   0.002634
189   0.001730
190   0.000594
191  -0.000258
192  -0.001620
193  -0.003100
194  -0.004646
195  -0.005812
196  -0.007078
197  -0.008974
198  -0.010694
199  -0.012008
200  -0.013950
201  -0.015620
202  -0.017362
203  -0.018380
204  -0.019838
205  -0.021148
206  -0.022500
207  -0.024018
208  -0.025626
209  -0.027000
210  -0.028532
211  -0.029798
212  -0.030990
213  -0.032376
214  -0.034050
215  -0.035280
216  -0.036368
217  -0.037518
218  -0.039418
219  -0.040960
220  -0.043004
221  -0.045192
222  -0.047450
223  -0.048982
224  -0.050796
225  -0.053140
226  -0.054522
227  -0.056694
228  -0.058106
229  -0.060088
230  -0.062276
231  -0.064422
232  -0.066270
233  -0.068136
234  -0.069544
235  -0.071182
236  -0.072816
237  -0.074006
238  -0.075362
239  -0.076662
240  -0.078506
241  -0.079980
242  -0.080792
243  -0.081664
244  -0.082580
245  -0.083606
246  -0.084718
247  -0.084816
248  -0.084800
249  -0.084964
250  -0.084688
251  -0.083518
252  -0.082850
253  -0.082674
254  -0.081846
255  -0.081644
256  -0.081534
257  -0.081054
258  -0.080632
259  -0.080654
260  -0.080520
261  -0.080186
262  -0.080166
263  -0.078832
264  -0.078844
265  -0.078618
266  -0.078300
267  -0.077238
268  -0.076280
269  -0.075864
270  -0.075354
271  -0.074698
272  -0.073728
273  -0.072830
274  -0.071328
275  -0.069946
276  -0.068290
277  -0.066366
278  -0.065314
279  -0.063732
280  -0.062802
281  -0.061878
282  -0.060742
283  -0.059380
284  -0.058390
285  -0.056814
286  -0.054874
287  -0.052818
288  -0.051114
289  -0.049624
290  -0.048344
291  -0.047364
292  -0.046106
293  -0.044710
294  -0.042770
295  -0.041550
296  -0.039912
297  -0.038602
298  -0.037248
299  -0.035060
300  -0.033670
301  -0.032038
302  -0.029788
303  -0.027346
304  -0.025168
305  -0.022136
306  -0.019410
307  -0.017084
308  -0.014510
309  -0.012284
310  -0.010596
311  -0.009176
312  -0.007354
313  -0.004970
314  -0.002826
315  -0.000904
316   0.000694
317   0.002098
318   0.002706
319   0.003436
320   0.004364
321   0.005212
322   0.006692
323   0.007482
324   0.008402
325   0.009674
326   0.010558
327   0.011640
328   0.012194
329   0.013338
330   0.014244
331   0.015068
332   0.015944
333   0.016468
334   0.016750
335   0.017370
336   0.017904
337   0.018218
338   0.018392
339   0.018164
340   0.019064
341   0.019528
342   0.019650
343   0.019496
344   0.020184
345   0.021268
346   0.021500
347   0.021778
348   0.022406
349   0.023244
350   0.023658
351   0.024042
352   0.024722
353   0.025112
354   0.025914
355   0.026578
356   0.027362
357   0.028422
358   0.029342
359   0.030164
360   0.030532
361   0.030992
362   0.031304
363   0.032292
364   0.032922
365   0.033042
366   0.033496
367   0.033536
368   0.033590
369   0.033608
370   0.033276
371   0.032802
372   0.032718
373   0.032104
374   0.031536
375   0.031210
376   0.031052
377   0.030656
378   0.030812
379   0.030338
380   0.030008
381   0.030078
382   0.030586
383   0.030242
384   0.030200
385   0.030150
386   0.029798
387   0.029056
388   0.029098
389   0.029622
390   0.029818
391   0.030648
392   0.030880
393   0.031854
394   0.032928
395   0.032896
396   0.033442
397   0.034250
398   0.035320
399   0.036116
400   0.036558
401   0.037456
402   0.038392
403   0.039750
404   0.040694
405   0.041580
406   0.043328
407   0.044246
408   0.045896
409   0.046926
410   0.047646
411   0.048544
412   0.048904
413   0.050142
414   0.050660
415   0.052188
416   0.053194
417   0.054350
418   0.054746
419   0.055182
420   0.055450
421   0.055916
422   0.056330
423   0.056322
424   0.056748
425   0.056892
426   0.057452
427   0.059056
428   0.060412
429   0.061502
430   0.062600
431   0.063772
432   0.064508
433   0.064928
434   0.064968
435   0.065144
436   0.064936
437   0.064258
438   0.064554
439   0.065350
440   0.064546
441   0.064978
442   0.065292
443   0.066240
444   0.066134
445   0.065542
446   0.065344
447   0.064970
448   0.064892
449   0.064576
450   0.065182
451   0.065016
452   0.064852
453   0.064782
454   0.064444
455   0.063994
456   0.063846
457   0.063686
458   0.063406
459   0.062546
460   0.062264
461   0.061774
462   0.061530
463   0.061254
464   0.061796
465   0.062748
466   0.063008
467   0.063776
468   0.063338
469   0.064190
470   0.064752
471   0.065374
472   0.065644
473   0.065970
474   0.066076
475   0.066122
476   0.066792
477   0.067496
478   0.067974
479   0.068976
480   0.069632
481   0.070346
482   0.070820
483   0.071734
484   0.071290
485   0.071534
486   0.072496
487   0.073298
488   0.074328
489   0.075054
490   0.076276
491   0.077156
492   0.078736
493   0.079586
494   0.080610
495   0.082334
496   0.083612
497   0.085422
498   0.085892
499   0.086376
500   0.087184
-499   0.088596
-498   0.089472
-497   0.090454
-496   0.090602
-495   0.090914
-494   0.091556
-493   0.091906
-492   0.092248
-491   0.092390
-490   0.092604
-489   0.092062
-488   0.091638
-487   0.091096
-486   0.090964
-485   0.090360
-484   0.089594
-483   0.089008
-482   0.088334
-481   0.088356
-480   0.088548
-479   0.088658
-478   0.088048
-477   0.087296
-476   0.086056
-475   0.085346
-474   0.083986
-473   0.082956
-472   0.082550
-471   0.081268
-470   0.079766
-469   0.078214
-468   0.076914
-467   0.076276
-466   0.075196
-465   0.074534
-464   0.073654
-463   0.071816
-462   0.070968
-461   0.069624
-460   0.068114
-459   0.067412
-458   0.066472
-457   0.064494
-456   0.063220
-455   0.062152
-454   0.061502
-453   0.060256
-452   0.059128
-451   0.058118
-450   0.057070
-449   0.055766
-448   0.054640
-447   0.053424
-446   0.052396
-445   0.050892
-444   0.049766
-443   0.048412
-442   0.047776
-441   0.046706
-440   0.045662
-439   0.045420
-438   0.045280
-437   0.045432
-436   0.045460
-435   0.045760
-434   0.045970
-433   0.046694
-432   0.046298
-431   0.046172
-430   0.045962
-429   0.045862
-428   0.046126
-427   0.045926
-426   0.045840
-425   0.045984
-424   0.045486
-423   0.045230
-422   0.045090
-421   0.044012
-420   0.042682
-419   0.042410
-418   0.041448
-417   0.040954
-416   0.040358
-415   0.039998
-414   0.039166
-413   0.037496
-412   0.036142
-411   0.034428
-410   0.032698
-409   0.030166
-408   0.028092
-407   0.025888
-406   0.023750
-405   0.022100
-404   0.020214
-403   0.019086
-402   0.018190
-401   0.016894
-400   0.016136
-399   0.015002
-398   0.014694
-397   0.013920
-396   0.012928
-395   0.011998
-394   0.011628
-393   0.010910
-392   0.010494
-391   0.010150
-390   0.009832
-389   0.009528
-388   0.008842
-387   0.008046
-386   0.007274
-385   0.006884
-384   0.006092
-383   0.005112
-382   0.004648
-381   0.004186
-380   0.003932
-379   0.003392
-378   0.003196
-377   0.002558
-376   0.002392
-375   0.001770
-374   0.000796
-373   0.000174
-372  -0.000120
-371  -0.001260
-370  -0.002122
-369  -0.002546
-368  -0.003166
-367  -0.003466
-366  -0.004114
-365  -0.004386
-364  -0.004990
-363  -0.005070
-362  -0.004904
-361  -0.004628
-360  -0.005244
-359  -0.005596
-358  -0.005556
-357  -0.005508
-356  -0.005722
-355  -0.005544
-354  -0.005444
-353  -0.004792
-352  -0.003742
-351  -0.003704
-350  -0.002644
-349  -0.002218
-348  -0.002456
-347  -0.002336
-346  -0.002828
-345  -0.003030
-344  -0.003144
-343  -0.003084
-342  -0.003008
-341  -0.002754
-340  -0.002346
-339  -0.002410
-338  -0.001936
-337  -0.001310
-336  -0.001512
-335  -0.001666
-334  -0.001676
-333  -0.001686
-332  -0.001412
-331  -0.000854
-330  -0.000014
-329   0.000156
-328   0.000024
-327   0.000630
-326   0.000738
-325   0.000734
-324   0.000524
-323   0.000408
-322   0.000302
-321   0.000216
-320   0.000890
-319   0.001202
-318   0.001254
-317   0.002052
-316   0.001768
-315   0.002214
-314   0.002216
-313   0.002234
-312   0.001948
-311   0.000746
-310  -0.000144
-309  -0.001094
-308  -0.001716
-307  -0.002740
-306  -0.003728
-305  -0.004524
-304  -0.005236
-303  -0.006070
-302  -0.007424
-301  -0.007462
-300  -0.007794
-299  -0.007956
-298  -0.007718
-297  -0.007588
-296  -0.007860
-295  -0.008396
-294  -0.008554
-293  -0.009490
-292  -0.010180
-291  -0.011458
-290  -0.012106
-289  -0.012694
-288  -0.013670
-287  -0.013692
-286  -0.013418
-285  -0.013588
-284  -0.014294
-283  -0.014204
-282  -0.014562
-281  -0.014990
-280  -0.015534
-279  -0.016008
-278  -0.015838
-277  -0.016146
-276  -0.016186
-275  -0.015238
-274  -0.015152
-273  -0.014932
-272  -0.014316
-271  -0.014280
-270  -0.013256
-269  -0.013294
-268  -0.013426
-267  -0.013678
-266  -0.013336
-265  -0.013534
-264  -0.013630
-263  -0.013424
-262  -0.013238
-261  -0.013000
-260  -0.013000
-259  -0.013158
-258  -0.013150
-257  -0.013692
-256  -0.015074
-255  -0.015668
-254  -0.015760
-253  -0.016186
-252  -0.016794
-251  -0.017564
-250  -0.016824
-249  -0.016890
-248  -0.016866
-247  -0.016984
-246  -0.017234
-245  -0.018050
-244  -0.018790
-243  -0.018918
-242  -0.019622
-241  -0.020828
-240  -0.022200
-239  -0.024120
-238  -0.024674
-237  -0.025622
-236  -0.026504
-235  -0.027918
-234  -0.028838
-233  -0.029304
-232  -0.029702
-231  -0.030022
-230  -0.030772
-229  -0.031460
-228  -0.031934
-227  -0.033124
-226  -0.032928
-225  -0.033342
-224  -0.033716
-223  -0.034342
-222  -0.034772
-221  -0.034426
-220  -0.034566
-219  -0.034584
-218  -0.033952
-217  -0.033666
-216  -0.033588
-215  -0.033536
-214  -0.033640
-213  -0.033516
-212  -0.033518
-211  -0.033508
-210  -0.034738
-209  -0.035690
-208  -0.037060
-207  -0.038098
-206  -0.039500
-205  -0.040008
-204  -0.040760
-203  -0.041162
-202  -0.042054
-201  -0.042146
-200  -0.042618
-199  -0.042688
-198  -0.043018
-197  -0.043122
-196  -0.042752
-195  -0.042896
-194  -0.042772
-193  -0.042566
-192  -0.042810
-191  -0.042752
-190  -0.043186
-189  -0.042920
-188  -0.043388
-187  -0.043980
-186  -0.044908
-185  -0.046056
-184  -0.046846
-183  -0.047582
-182  -0.048574
-181  -0.049310
-180  -0.049900
-179  -0.050236
-178  -0.050304
-177  -0.050410
-176  -0.050464
-175  -0.049816
-174  -0.049724
-173  -0.049422
-172  -0.049732
-171  -0.050222
-170  -0.050582
-169  -0.051176
-168  -0.051430
-167  -0.051728
-166  -0.051160
-165  -0.051500
-164  -0.051228
-163  -0.051450
-162  -0.050560
-161  -0.050568
-160  -0.050202
-159  -0.050054
-158  -0.049774
-157  -0.049122
-156  -0.049008
-155  -0.048848
-154  -0.048044
-153  -0.047248
-152  -0.047142
-151  -0.046382
-150  -0.046014
-149  -0.045408
-148  -0.044528
-147  -0.043638
-146  -0.042784
-145  -0.041632
-144  -0.039634
-143  -0.037804
-142  -0.035410
-141  -0.033404
-140  -0.030908
-139  -0.028186
-138  -0.026134
-137  -0.023496
-136  -0.021648
-135  -0.019372
-134  -0.016758
-133  -0.013696
-132  -0.010254
-131  -0.007344
-130  -0.004098
-129  -0.001286
-128   0.001098
-127   0.003946
-126   0.006540
-125   0.009460
-124   0.012200
-123   0.014922
-122   0.017768
-121   0.020106
-120   0.022620
-119   0.024700
-118   0.027396
-117   0.029994
-116   0.033062
-115   0.035768
-114   0.038044
-113   0.040118
-112   0.042902
-111   0.044952
-110   0.047926
-109   0.050716
-108   0.053080
-107   0.056992
-106   0.060238
-105   0.064040
-104   0.067384
-103   0.070012
-102   0.073298
-101   0.077514
-100   0.081686
-99   0.085938
-98   0.089770
-97   0.094834
-96   0.098774
-95   0.102512
-94   0.106672
-93   0.111532
-92   0.115880
-91   0.119920
-90   0.124158
-89   0.127848
-88   0.131918
-87   0.136142
-86   0.140408
-85   0.144824
-84   0.148904
-83   0.154154
-82   0.158894
-81   0.164138
-80   0.169518
-79   0.174844
-78   0.180394
-77   0.185812
-76   0.191272
-75   0.196452
-74   0.202464
-73   0.207510
-72   0.213400
-71   0.219546
-70   0.226024
-69   0.232168
-68   0.238132
-67   0.243786
-66   0.249596
-65   0.255408
-64   0.261184
-63   0.267738
-62   0.274050
-61   0.280632
-60   0.287078
-59   0.293686
-58   0.301084
-57   0.308334
-56   0.316184
-55   0.323392
-54   0.330998
-53   0.337942
-52   0.345830
-51   0.353632
-50   0.361074
-49   0.369704
-48   0.377972
-47   0.386164
-46   0.394270
-45   0.403044
-44   0.411946
-43   0.421050
-42   0.430356
-41   0.439746
-40   0.449236
-39   0.458368
-38   0.468406
-37   0.478002
-36   0.487508
-35   0.497116
-34   0.506320
-33   0.516404
-32   0.526752
-31   0.537536
-30   0.547812
-29   0.558580
-28   0.569280
-27   0.579972
-26   0.590856
-25   0.602094
-24   0.613226
-23   0.623878
-22   0.635096
-21   0.646652
-20   0.658458
-19   0.670302
-18   0.682594
-17   0.695756
-16   0.710128
-15   0.724588
-14   0.738868
-13   0.754540
-12   0.769816
-11   0.786046
-10   0.802164
-9   0.819202
-8   0.835512
-7   0.853366
-6   0.871630
-5   0.889446
-4   0.908258
-3   0.927340
-2   0.946436
-1   0.966708
