0   0.558356
1   0.555274
2   0.551918
3   0.548546
4   0.545314
5   0.541974
6   0.538758
7   0.535414
8   0.532128
9   0.528558
10   0.524836
11   0.521236
12   0.517708
13   0.514178
14   0.510566
15   0.507200
16   0.503532
17   0.499974
18   0.496360
19   0.492768
20   0.489480
21   0.486072
22   0.482710
23   0.479724
24   0.476718
25   0.473496
26   0.470202
27   0.467080
28   0.463842
29   0.460746
30   0.457534
31   0.454242
32   0.450680
33   0.447326
34   0.443916
35   0.440434
36   0.436942
37   0.433360
38   0.429792
39   0.426166
40   0.422570
41   0.419082
42   0.415356
43   0.411576
44   0.408008
45   0.404244
46   0.400430
47   0.396692
48   0.392916
49   0.389282
50   0.385610
51   0.381624
52   0.377660
53   0.373666
54   0.369768
55   0.365926
56   0.361814
57   0.357748
58   0.353666
59   0.349746
60   0.345706
61   0.341800
62   0.337806
63   0.333864
64   0.330050
65   0.325998
66   0.322182
67   0.318402
68   0.314504
69   0.310736
70   0.306572
71   0.302298
72   0.298074
73   0.293940
74   0.289508
75   0.285146
76   0.280926
77   0.276764
78   0.272746
79   0.268678
80   0.264782
81   0.260866
82   0.257034
83   0.253244
84   0.249552
85   0.246152
86   0.242632
87   0.239156
88   0.235756
89   0.232462
90   0.229130
91   0.225928
92   0.222726
93   0.219420
94   0.216100
95   0.212610
96   0.209146
97   0.205796
98   0.202438
99   0.198952
100   0.195406
101   0.192196
102   0.188838
103   0.185604
104   0.182322
105   0.179172
106   0.175968
107   0.172750
108   0.169656
109   0.166782
110   0.164030
111   0.161222
112   0.158450
113   0.155522
114   0.152546
115   0.149448
116   0.146332
117   0.143234
118   0.140182
119   0.137198
120   0.134260
121   0.131470
122   0.128752
123   0.126180
124   0.123672
125   0.121204
126   0.118678
127   0.116114
128   0.113482
129   0.110932
130   0.108474
131   0.106242
132   0.103996
133   0.101960
134   0.099938
135   0.097944
136   0.095984
137   0.094134
138   0.092298
139   0.090524
140   0.088674
141   0.086746
142   0.084930
143   0.083172
144   0.081354
145   0.079642
146   0.078018
147   0.076362
148   0.074880
149   0.073508
150   0.072122
151   0.070698
152   0.069386
153   0.068048
154   0.066734
155   0.065500
156   0.064208
157   0.062952
158   0.061730
159   0.060394
160   0.059008
161   0.057806
162   0.056566
163   0.055240
164   0.053812
165   0.052478
166   0.051080
167   0.049648
168   0.048354
169   0.047056
170   0.045734
171   0.044492
172   0.043294
173   0.042080
174   0.040906
175   0.039780
176   0.038502
177   0.037202
178   0.036036
179   0.034792
180   0.033570
181   0.032354
182   0.031174
183   0.030012
184   0.028702
185   0.027366
186   0.026104
187   0.024826
188   0.023522
189   0.022238
190   0.020962
191   0.019912
192   0.018950
193   0.017904
194   0.016948
195   0.015862
196   0.014896
197   0.013824
198   0.013012
199   0.012034
200   0.011132
201   0.010364
202   0.009554
203   0.008858
204   0.008138
205   0.007410
206   0.006858
207   0.006206
208   0.005538
209   0.004796
210   0.003964
211   0.003304
212   0.002552
213   0.001816
214   0.001032
215   0.000314
216  -0.000404
217  -0.001046
218  -0.001800
219  -0.002618
220  -0.003232
221  -0.003900
222  -0.004392
223  -0.004866
224  -0.005458
225  -0.006002
226  -0.006502
227  -0.007122
228  -0.007860
229  -0.008558
230  -0.009364
231  -0.010138
232  -0.010870
233  -0.011654
234  -0.012538
235  -0.013474
236  -0.014406
237  -0.015442
238  -0.016346
239  -0.017304
240  -0.018394
241  -0.019414
242  -0.020354
243  -0.021298
244  -0.022242
245  -0.023084
246  -0.024028
247  -0.024968
248  -0.025854
249  -0.026704
250  -0.027516
251  -0.028280
252  -0.028898
253  -0.029472
254  -0.029792
255  -0.029994
256  -0.030240
257  -0.030472
258  -0.030668
259  -0.030886
260  -0.031206
261  -0.031422
262  -0.031852
263  -0.032298
264  -0.032846
265  -0.033304
266  -0.033710
267  -0.034124
268  -0.034582
269  -0.034992
270  -0.035358
271  -0.035808
272  -0.036170
273  -0.036434
274  -0.036714
275  -0.037052
276  -0.037422
277  -0.037936
278  -0.038344
279  -0.038804
280  -0.039200
281  -0.039578
282  -0.039922
283  -0.040232
284  -0.040384
285  -0.040516
286  -0.040588
287  -0.040704
288  -0.040760
289  -0.040828
290  -0.040808
291  -0.040904
292  -0.040996
293  -0.041252
294  -0.041428
295  -0.041666
296  -0.041716
297  -0.041828
298  -0.041890
299  -0.041974
300  -0.042046
301  -0.042096
302  -0.042084
303  -0.041988
304  -0.041802
305  -0.041630
306  -0.041332
307  -0.041088
308  -0.040890
309  -0.040560
310  -0.040204
311  -0.039818
312  -0.039220
313  -0.038816
314  -0.038204
315  -0.037496
316  -0.036808
317  -0.036160
318  -0.035434
319  -0.034774
320  -0.033986
321  -0.033324
322  -0.032772
323  -0.032138
324  -0.031610
325  -0.030998
326  -0.030444
327  -0.029794
328  -0.029252
329  -0.028668
330  -0.028124
331  -0.027416
332  -0.026730
333  -0.026088
334  -0.025436
335  -0.024850
336  -0.024234
337  -0.023756
338  -0.023224
339  -0.022814
340  -0.022230
341  -0.021576
342  -0.020926
343  -0.020264
344  -0.019594
345  -0.018974
346  -0.018204
347  -0.017368
348  -0.016470
349  -0.015512
350  -0.014538
351  -0.013588
352  -0.012510
353  -0.011508
354  -0.010552
355  -0.009616
356  -0.008578
357  -0.007650
358  -0.006730
359  -0.005870
360  -0.005066
361  -0.004210
362  -0.003436
363  -0.002518
364  -0.001652
365  -0.000724
366   0.000280
367   0.001216
368   0.002074
369   0.002810
370   0.003546
371   0.004212
372   0.005044
373   0.005824
374   0.006824
375   0.007556
376   0.008376
377   0.009166
378   0.010048
379   0.011026
380   0.011846
381   0.012754
382   0.013722
383   0.014790
384   0.015854
385   0.016904
386   0.017854
387   0.018876
388   0.019892
389   0.021034
390   0.022178
391   0.023334
392   0.024676
393   0.025914
394   0.027268
395   0.028378
396   0.029494
397   0.030684
398   0.032026
399   0.033288
400   0.034572
401   0.035844
402   0.037170
403   0.038592
404   0.040068
405   0.041536
406   0.043068
407   0.044488
408   0.045920
409   0.047270
410   0.048584
411   0.050010
412   0.051418
413   0.052656
414   0.053944
415   0.055250
416   0.056612
417   0.057972
418   0.059230
419   0.060532
420   0.061770
421   0.062874
422   0.063918
423   0.065026
424   0.066044
425   0.067046
426   0.067964
427   0.068806
428   0.069676
429   0.070660
430   0.071624
431   0.072494
432   0.073340
433   0.074132
434   0.074942
435   0.075814
436   0.076684
437   0.077692
438   0.078610
439   0.079502
440   0.080288
441   0.081222
442   0.082338
443   0.083404
444   0.084396
445   0.085426
446   0.086416
447   0.087366
448   0.088442
449   0.089280
450   0.090186
451   0.091210
452   0.092142
453   0.093096
454   0.093990
455   0.094788
456   0.095666
457   0.096636
458   0.097652
459   0.098604
460   0.099492
461   0.100358
462   0.101278
463   0.102300
464   0.103306
465   0.104198
466   0.105072
467   0.106068
468   0.107140
469   0.108100
470   0.108894
471   0.109744
472   0.110578
473   0.111252
474   0.111790
475   0.112588
476   0.113268
477   0.113862
478   0.114562
479   0.115298
480   0.115886
481   0.116506
482   0.117156
483   0.117704
484   0.118302
485   0.118866
486   0.119440
487   0.119946
488   0.120492
489   0.121070
490   0.121628
491   0.122132
492   0.122676
493   0.123290
494   0.123866
495   0.124452
496   0.125098
497   0.125758
498   0.126476
499   0.127412
500   0.128308
-499   0.129108
-498   0.130038
-497   0.130960
-496   0.131872
-495   0.132950
-494   0.133970
-493   0.135062
-492   0.136256
-491   0.137512
-490   0.138932
-489   0.140126
-488   0.141224
-487   0.142430
-486   0.143812
-485   0.145086
-484   0.146380
-483   0.147654
-482   0.148868
-481   0.150104
-480   0.151264
-479   0.152408
-478   0.153516
-477   0.154652
-476   0.155766
-475   0.156832
-474   0.157794
-473   0.158740
-472   0.159784
-471   0.160726
-470   0.161704
-469   0.162722
-468   0.163794
-467   0.164860
-466   0.165872
-465   0.166912
-464   0.167906
-463   0.168968
-462   0.170014
-461   0.170904
-460   0.171868
-459   0.172830
-458   0.173634
-457   0.174312
-456   0.174840
-455   0.175656
-454   0.176386
-453   0.177052
-452   0.177726
-451   0.178396
-450   0.178872
-449   0.179450
-448   0.180132
-447   0.180616
-446   0.181124
-445   0.181650
-444   0.181994
-443   0.182420
-442   0.182720
-441   0.183072
-440   0.183428
-439   0.183892
-438   0.184374
-437   0.184768
-436   0.185132
-435   0.185524
-434   0.186002
-433   0.186526
-432   0.186970
-431   0.187364
-430   0.187938
-429   0.188508
-428   0.188972
-427   0.189322
-426   0.189696
-425   0.190164
-424   0.190490
-423   0.190964
-422   0.191524
-421   0.192022
-420   0.192484
-419   0.192740
-418   0.193124
-417   0.193418
-416   0.193866
-415   0.194256
-414   0.194800
-413   0.195112
-412   0.195508
-411   0.195798
-410   0.196040
-409   0.196360
-408   0.196458
-407   0.196796
-406   0.197116
-405   0.197508
-404   0.198076
-403   0.198784
-402   0.199406
-401   0.200088
-400   0.200730
-399   0.201334
-398   0.201888
-397   0.202330
-396   0.202822
-395   0.203316
-394   0.203546
-393   0.203754
-392   0.203914
-391   0.204048
-390   0.204274
-389   0.204616
-388   0.204908
-387   0.205226
-386   0.205434
-385   0.205732
-384   0.206264
-383   0.206686
-382   0.206966
-381   0.207450
-380   0.208210
-379   0.209010
-378   0.209662
-377   0.210362
-376   0.210906
-375   0.211398
-374   0.212010
-373   0.212578
-372   0.213190
-371   0.213850
-370   0.214470
-369   0.214946
-368   0.215496
-367   0.216054
-366   0.216670
-365   0.217410
-364   0.218004
-363   0.218676
-362   0.219192
-361   0.219834
-360   0.220368
-359   0.220878
-358   0.221274
-357   0.221662
-356   0.222090
-355   0.222520
-354   0.223010
-353   0.223570
-352   0.224042
-351   0.224420
-350   0.225008
-349   0.225346
-348   0.225818
-347   0.226298
-346   0.226862
-345   0.227562
-344   0.227996
-343   0.228388
-342   0.228878
-341   0.229226
-340   0.229532
-339   0.229780
-338   0.230128
-337   0.230554
-336   0.230992
-335   0.231436
-334   0.231944
-333   0.232380
-332   0.232824
-331   0.233224
-330   0.233570
-329   0.233888
-328   0.234092
-327   0.234258
-326   0.234482
-325   0.234706
-324   0.234884
-323   0.235092
-322   0.235238
-321   0.235342
-320   0.235442
-319   0.235772
-318   0.236148
-317   0.236382
-316   0.236692
-315   0.237126
-314   0.237550
-313   0.237960
-312   0.238378
-311   0.238822
-310   0.239420
-309   0.239950
-308   0.240418
-307   0.240968
-306   0.241480
-305   0.242080
-304   0.242678
-303   0.243282
-302   0.243726
-301   0.244284
-300   0.244864
-299   0.245438
-298   0.245958
-297   0.246372
-296   0.246860
-295   0.247458
-294   0.248142
-293   0.248680
-292   0.249144
-291   0.249604
-290   0.250058
-289   0.250408
-288   0.250854
-287   0.251322
-286   0.251930
-285   0.252540
-284   0.253356
-283   0.253978
-282   0.254728
-281   0.255438
-280   0.256124
-279   0.256824
-278   0.257546
-277   0.258290
-276   0.258934
-275   0.259788
-274   0.260494
-273   0.261270
-272   0.262020
-271   0.262758
-270   0.263424
-269   0.264084
-268   0.264792
-267   0.265548
-266   0.266202
-265   0.266800
-264   0.267394
-263   0.267942
-262   0.268722
-261   0.269454
-260   0.270320
-259   0.271098
-258   0.271768
-257   0.272390
-256   0.273164
-255   0.273848
-254   0.274462
-253   0.275110
-252   0.275684
-251   0.276344
-250   0.276984
-249   0.277636
-248   0.278228
-247   0.278826
-246   0.279434
-245   0.279918
-244   0.280416
-243   0.280960
-242   0.281432
-241   0.281984
-240   0.282496
-239   0.283136
-238   0.283764
-237   0.284446
-236   0.284986
-235   0.285668
-234   0.286290
-233   0.287008
-232   0.287704
-231   0.288462
-230   0.289182
-229   0.289908
-228   0.290548
-227   0.291212
-226   0.291756
-225   0.292358
-224   0.293118
-223   0.293918
-222   0.294798
-221   0.295712
-220   0.296584
-219   0.297424
-218   0.298332
-217   0.299174
-216   0.300040
-215   0.300844
-214   0.301758
-213   0.302554
-212   0.303418
-211   0.304198
-210   0.304894
-209   0.305860
-208   0.306714
-207   0.307584
-206   0.308470
-205   0.309422
-204   0.310306
-203   0.311214
-202   0.312080
-201   0.312776
-200   0.313472
-199   0.314176
-198   0.314990
-197   0.315662
-196   0.316216
-195   0.316906
-194   0.317550
-193   0.318272
-192   0.319036
-191   0.319696
-190   0.320336
-189   0.321044
-188   0.321786
-187   0.322394
-186   0.322860
-185   0.323224
-184   0.323700
-183   0.324090
-182   0.324634
-181   0.325248
-180   0.326060
-179   0.326860
-178   0.327712
-177   0.328572
-176   0.329526
-175   0.330180
-174   0.330768
-173   0.331316
-172   0.331776
-171   0.332258
-170   0.332594
-169   0.332848
-168   0.332976
-167   0.333158
-166   0.333038
-165   0.332978
-164   0.332966
-163   0.332750
-162   0.332688
-161   0.332582
-160   0.332536
-159   0.332706
-158   0.332838
-157   0.333130
-156   0.333636
-155   0.334086
-154   0.334604
-153   0.334896
-152   0.335336
-151   0.335940
-150   0.336650
-149   0.337170
-148   0.337740
-147   0.338302
-146   0.338746
-145   0.339302
-144   0.339986
-143   0.340396
-142   0.340982
-141   0.341614
-140   0.342122
-139   0.342808
-138   0.343480
-137   0.344038
-136   0.344660
-135   0.345382
-134   0.346024
-133   0.346816
-132   0.347462
-131   0.348020
-130   0.348702
-129   0.349294
-128   0.350026
-127   0.350658
-126   0.351198
-125   0.351600
-124   0.352058
-123   0.352640
-122   0.353124
-121   0.353508
-120   0.354000
-119   0.354348
-118   0.354846
-117   0.355312
-116   0.355696
-115   0.356202
-114   0.356750
-113   0.357070
-112   0.357450
-111   0.357836
-110   0.358206
-109   0.358458
-108   0.358808
-107   0.359266
-106   0.359882
-105   0.360452
-104   0.360958
-103   0.361536
-102   0.362222
-101   0.362900
-100   0.363690
-99   0.364574
-98   0.365622
-97   0.366992
-96   0.368304
-95   0.369610
-94   0.370750
-93   0.372084
-92   0.373362
-91   0.374590
-90   0.375864
-89   0.377226
-88   0.378446
-87   0.379736
-86   0.381108
-85   0.382508
-84   0.383762
-83   0.385258
-82   0.386806
-81   0.388482
-80   0.390192
-79   0.391926
-78   0.393660
-77   0.395444
-76   0.397322
-75   0.399260
-74   0.401070
-73   0.402860
-72   0.404550
-71   0.406128
-70   0.407716
-69   0.409460
-68   0.411054
-67   0.412770
-66   0.414590
-65   0.416444
-64   0.418124
-63   0.419814
-62   0.421846
-61   0.423876
-60   0.425910
-59   0.428040
-58   0.430180
-57   0.432256
-56   0.434494
-55   0.436652
-54   0.438778
-53   0.440766
-52   0.442758
-51   0.444754
-50   0.446872
-49   0.449262
-48   0.451830
-47   0.454542
-46   0.457252
-45   0.460096
-44   0.462836
-43   0.465532
-42   0.468360
-41   0.471194
-40   0.473998
-39   0.476554
-38   0.479208
-37   0.482028
-36   0.485030
-35   0.487938
-34   0.490978
-33   0.494068
-32   0.497012
-31   0.499900
-30   0.502348
-29   0.504694
-28   0.506942
-27   0.509096
-26   0.511262
-25   0.513490
-24   0.515510
-23   0.517504
-22   0.519314
-21   0.521256
-20   0.523204
-19   0.524958
-18   0.526638
-17   0.528344
-16   0.530160
-15   0.531988
-14   0.533904
-13   0.535534
-12   0.537264
-11   0.538878
-10   0.540510
-9   0.542002
-8   0.543758
-7   0.545474
-6   0.547202
-5   0.548914
-4   0.550758
-3   0.552636
-2   0.554524
-1   0.556398
