r MCS_10 MCS_20 MCS_40 MCS_80 MCS_160 MCS_320 MCS_640 MCS_1280 MCS_2560 MCS_5120 MCS_10240 MCS_20480 MCS_40960 
0   1.000000   1.000000   1.000000   1.000000   1.000000   1.000000   1.000000   1.000000   1.000000   1.000000   1.000000   1.000000   1.000000 
1   0.941600   0.947200   0.949200   0.949800   0.947400   0.945000   0.952600   0.942600   0.952000   0.952000   0.952600   0.950600   0.955400 
2   0.939200   0.945200   0.947200   0.948800   0.946200   0.943000   0.951800   0.941200   0.949200   0.950400   0.951600   0.948800   0.956200 
3   0.937000   0.944000   0.946200   0.946000   0.944000   0.939800   0.950000   0.941000   0.947400   0.948200   0.950800   0.948200   0.955400 
4   0.934800   0.942400   0.943600   0.944800   0.942800   0.938400   0.949000   0.938400   0.946400   0.946800   0.949200   0.948600   0.953600 
5   0.934000   0.941800   0.942400   0.944200   0.939600   0.936000   0.946800   0.936800   0.945400   0.946600   0.947400   0.947800   0.953200 
6   0.932200   0.938600   0.941200   0.940200   0.939000   0.934400   0.944400   0.935400   0.943000   0.944000   0.947200   0.947800   0.953600 
7   0.929400   0.937400   0.939000   0.939600   0.936600   0.931800   0.942200   0.932600   0.941800   0.942600   0.945800   0.947400   0.952400 
8   0.927800   0.935200   0.938200   0.937800   0.935600   0.930400   0.940400   0.932000   0.940000   0.941000   0.944400   0.947600   0.952600 
9   0.925600   0.934200   0.937200   0.935600   0.933600   0.929400   0.938800   0.930200   0.938200   0.939000   0.944200   0.946600   0.951800 
10   0.924200   0.932800   0.934200   0.933600   0.930800   0.927200   0.936600   0.928400   0.935800   0.937000   0.942600   0.946200   0.951400 
11   0.922000   0.930200   0.933000   0.931400   0.929200   0.924800   0.935400   0.926800   0.934600   0.934800   0.941000   0.946400   0.951600 
12   0.920800   0.928600   0.931000   0.930800   0.927000   0.922800   0.933600   0.924400   0.932000   0.933200   0.940400   0.946200   0.951800 
13   0.918200   0.926800   0.929000   0.928800   0.925000   0.920800   0.930800   0.923200   0.930400   0.932600   0.939200   0.945600   0.951200 
14   0.918000   0.924600   0.926800   0.926200   0.922600   0.919400   0.929200   0.920600   0.929400   0.930400   0.937800   0.946200   0.951200 
15   0.914800   0.923200   0.925400   0.924200   0.920800   0.917200   0.927800   0.920200   0.927200   0.928000   0.936400   0.945400   0.950600 
16   0.913200   0.920800   0.923000   0.922400   0.919000   0.915000   0.924800   0.917200   0.925200   0.927400   0.935200   0.946000   0.950600 
17   0.910800   0.919400   0.921200   0.920800   0.917600   0.913200   0.923800   0.915400   0.923600   0.925000   0.934600   0.945800   0.951000 
18   0.908600   0.917200   0.920200   0.918400   0.915000   0.911400   0.921200   0.913800   0.921800   0.923200   0.933000   0.944600   0.950200 
19   0.907000   0.916000   0.918400   0.916600   0.913400   0.909200   0.919800   0.912400   0.920800   0.922200   0.932000   0.944600   0.950200 
20   0.905800   0.913800   0.915400   0.914600   0.911800   0.907400   0.917600   0.911200   0.919200   0.919800   0.931200   0.944400   0.950200 
21   0.903800   0.912200   0.914000   0.912600   0.909400   0.906000   0.915800   0.909800   0.917200   0.918400   0.929600   0.944600   0.950000 
22   0.901400   0.910000   0.911400   0.910400   0.907600   0.903200   0.914600   0.907400   0.915600   0.916800   0.928600   0.944000   0.949400 
23   0.899600   0.907600   0.909800   0.909200   0.906400   0.902400   0.912200   0.906000   0.913800   0.914600   0.927800   0.944600   0.949400 
24   0.898000   0.906200   0.908200   0.907000   0.904600   0.899400   0.910400   0.904800   0.912200   0.913400   0.926000   0.944000   0.948800 
25   0.896800   0.903600   0.905800   0.905400   0.902400   0.897400   0.908000   0.902200   0.910000   0.911200   0.925000   0.944200   0.949200 
26   0.894200   0.901600   0.904200   0.903800   0.900400   0.895800   0.906800   0.901400   0.908600   0.909400   0.923800   0.944000   0.949000 
27   0.892400   0.900000   0.902400   0.901800   0.899000   0.893200   0.904600   0.900000   0.907000   0.908400   0.923200   0.943600   0.948000 
28   0.890400   0.897600   0.899800   0.899400   0.896600   0.892400   0.902800   0.898400   0.905400   0.906000   0.922000   0.943200   0.948400 
29   0.888400   0.896400   0.898200   0.897600   0.895000   0.889800   0.901000   0.896600   0.903800   0.904600   0.920400   0.943400   0.948400 
30   0.887200   0.894800   0.896800   0.895800   0.893600   0.888200   0.898800   0.896000   0.902400   0.903000   0.919400   0.942600   0.947800 
31   0.884800   0.892600   0.895200   0.894000   0.891800   0.886400   0.897200   0.894400   0.900000   0.900600   0.918400   0.943000   0.948000 
32   0.882400   0.891400   0.892400   0.892600   0.889800   0.885000   0.895400   0.891800   0.898000   0.899000   0.917800   0.942000   0.947400 
33   0.881400   0.888600   0.890800   0.889800   0.888400   0.882600   0.893200   0.890800   0.896600   0.897000   0.916200   0.942600   0.947400 
34   0.879200   0.887200   0.888600   0.888600   0.885400   0.881000   0.891000   0.888600   0.894600   0.894800   0.914800   0.942800   0.947000 
35   0.877200   0.885000   0.886800   0.886800   0.883400   0.879400   0.889400   0.887400   0.892600   0.893800   0.914200   0.941800   0.947400 
36   0.875600   0.883200   0.885200   0.884200   0.881600   0.877400   0.887400   0.885600   0.891000   0.892000   0.912000   0.941800   0.946800 
37   0.874000   0.881200   0.883000   0.882200   0.880400   0.875000   0.885800   0.883800   0.889400   0.889800   0.910600   0.941600   0.947800 
38   0.872400   0.879200   0.881200   0.880600   0.877800   0.872800   0.884400   0.882400   0.888000   0.888600   0.910000   0.942400   0.946800 
39   0.871000   0.877600   0.879000   0.878800   0.876200   0.870400   0.882200   0.880000   0.886000   0.887000   0.909600   0.941200   0.947000 
40   0.868800   0.875000   0.877000   0.876600   0.873800   0.869400   0.880800   0.879000   0.884200   0.885000   0.908200   0.941200   0.946400 
41   0.867000   0.872800   0.876000   0.875200   0.872400   0.867600   0.877800   0.877400   0.883400   0.883000   0.907200   0.940800   0.946200 
42   0.865800   0.870800   0.873600   0.873000   0.869800   0.865600   0.877000   0.874800   0.880400   0.881200   0.905400   0.941600   0.945600 
43   0.862800   0.869000   0.871200   0.871200   0.868600   0.863600   0.874800   0.873600   0.879200   0.879200   0.904200   0.940200   0.945800 
44   0.861400   0.866800   0.869200   0.868800   0.865800   0.862600   0.872400   0.872800   0.877800   0.877800   0.903000   0.940200   0.945800 
45   0.859000   0.865000   0.867400   0.867200   0.864400   0.859400   0.870800   0.870400   0.876000   0.875800   0.902400   0.940200   0.945200 
46   0.857600   0.863200   0.865800   0.864800   0.861600   0.858400   0.869200   0.868200   0.874200   0.873800   0.901200   0.940400   0.944800 
47   0.855400   0.862000   0.863600   0.863600   0.860000   0.857000   0.867000   0.866600   0.872600   0.872000   0.900000   0.939600   0.945600 
48   0.853200   0.859400   0.861400   0.861200   0.858600   0.853200   0.865000   0.865000   0.870800   0.870200   0.898200   0.939800   0.944800 
49   0.850800   0.857400   0.859200   0.859200   0.856400   0.852600   0.863800   0.862600   0.868400   0.868800   0.897200   0.938800   0.944000 
50   0.849000   0.856000   0.857600   0.857600   0.855000   0.850200   0.862200   0.861200   0.867000   0.866800   0.896200   0.939800   0.944000 
51   0.847600   0.854200   0.856000   0.855600   0.853000   0.847800   0.860800   0.859600   0.865800   0.864600   0.895200   0.938600   0.944000 
52   0.845200   0.851800   0.853400   0.854000   0.851000   0.846000   0.859000   0.858200   0.863800   0.863200   0.894200   0.939400   0.944000 
53   0.843600   0.850600   0.851800   0.851800   0.849000   0.844600   0.857200   0.856000   0.862000   0.861800   0.892800   0.938200   0.943600 
54   0.842800   0.848600   0.850200   0.850600   0.847400   0.842600   0.855400   0.854400   0.860000   0.859600   0.892000   0.938400   0.942800 
55   0.840600   0.846200   0.848000   0.848200   0.845600   0.840600   0.853800   0.853200   0.858800   0.858000   0.891000   0.938200   0.942800 
56   0.838800   0.845000   0.846200   0.846000   0.843400   0.839000   0.852200   0.850800   0.856800   0.856800   0.889400   0.938000   0.943200 
57   0.836400   0.843000   0.844200   0.844400   0.841600   0.836800   0.850200   0.850000   0.855600   0.854400   0.888400   0.938200   0.942600 
58   0.834200   0.841400   0.841600   0.843000   0.839600   0.834600   0.848800   0.848000   0.853600   0.853200   0.887400   0.937400   0.942400 
59   0.832000   0.839400   0.840600   0.840800   0.837400   0.832600   0.847200   0.846200   0.851800   0.851000   0.886000   0.937600   0.942600 
60   0.830200   0.837000   0.838600   0.838600   0.835200   0.831400   0.845200   0.844200   0.850000   0.848800   0.884800   0.937000   0.942000 
61   0.828000   0.835200   0.836600   0.837800   0.833600   0.829600   0.843600   0.842600   0.848600   0.848600   0.883400   0.937200   0.941800 
62   0.826800   0.833600   0.833600   0.835200   0.832000   0.827200   0.841600   0.841200   0.847000   0.847400   0.882800   0.937200   0.942000 
63   0.824600   0.831200   0.832200   0.832600   0.830800   0.826000   0.839800   0.838400   0.845000   0.844800   0.880800   0.936600   0.941400 
64   0.823200   0.829600   0.830200   0.831200   0.828000   0.824600   0.837800   0.837000   0.843000   0.843000   0.880600   0.937000   0.942400 
65   0.822000   0.827600   0.828000   0.829200   0.826200   0.822000   0.836400   0.834800   0.841600   0.841200   0.879000   0.936200   0.941400 
66   0.820200   0.825800   0.826400   0.827800   0.824400   0.819600   0.834400   0.832800   0.840200   0.840600   0.877800   0.935600   0.941000 
67   0.816400   0.823000   0.824000   0.825800   0.821600   0.819000   0.833000   0.832000   0.838000   0.838800   0.876400   0.936200   0.941400 
68   0.814600   0.821200   0.823200   0.824200   0.820600   0.817200   0.831200   0.830000   0.837000   0.835800   0.874600   0.935600   0.940800 
69   0.813200   0.819800   0.820400   0.822200   0.818400   0.814800   0.830200   0.828600   0.834800   0.835400   0.874000   0.935400   0.940400 
70   0.811400   0.817200   0.818600   0.820000   0.816600   0.812400   0.828400   0.826600   0.833000   0.833600   0.873000   0.935600   0.940200 
71   0.809600   0.815600   0.816400   0.818000   0.813800   0.810600   0.826400   0.824600   0.831000   0.831800   0.871600   0.934600   0.939600 
72   0.807800   0.813800   0.814200   0.816600   0.812200   0.808800   0.824200   0.823200   0.829400   0.830200   0.870600   0.934800   0.939600 
73   0.805800   0.812000   0.812400   0.814800   0.810400   0.806400   0.822800   0.821400   0.827800   0.828600   0.869600   0.934600   0.940000 
74   0.804200   0.809600   0.810400   0.812800   0.807800   0.804800   0.821800   0.820200   0.825600   0.826200   0.868200   0.934800   0.939200 
75   0.802200   0.807800   0.808600   0.811000   0.806200   0.802600   0.820000   0.818800   0.824600   0.824400   0.867800   0.934800   0.939600 
76   0.800200   0.807000   0.807000   0.808800   0.804200   0.801000   0.818600   0.817400   0.822400   0.823000   0.865800   0.935000   0.939400 
77   0.798400   0.804200   0.805000   0.806800   0.802600   0.798600   0.816400   0.815800   0.820600   0.822200   0.865000   0.933600   0.938800 
78   0.795200   0.803200   0.803800   0.804800   0.800600   0.797000   0.814600   0.813200   0.819400   0.819400   0.863600   0.933400   0.938800 
79   0.794600   0.800800   0.801200   0.803400   0.799200   0.794600   0.813000   0.813000   0.817400   0.818600   0.862000   0.933200   0.938600 
80   0.792400   0.798200   0.799200   0.801000   0.798000   0.792600   0.811400   0.810600   0.815000   0.817000   0.861400   0.933400   0.938800 
81   0.791200   0.797200   0.797600   0.799600   0.795000   0.791000   0.809800   0.807600   0.813600   0.814800   0.860000   0.933400   0.938400 
82   0.788600   0.794200   0.795800   0.797200   0.793800   0.789400   0.807800   0.807200   0.812000   0.813000   0.858800   0.933200   0.938000 
83   0.786800   0.793000   0.793400   0.795400   0.790800   0.786200   0.806400   0.804800   0.810200   0.810600   0.857800   0.933000   0.938000 
84   0.784600   0.792200   0.791600   0.793600   0.789800   0.785000   0.804200   0.803600   0.808600   0.808800   0.857400   0.932200   0.937800 
85   0.783800   0.790000   0.790800   0.791400   0.787200   0.782200   0.802800   0.802800   0.806600   0.807800   0.855400   0.932200   0.937400 
86   0.781600   0.788600   0.788600   0.789600   0.785800   0.781800   0.801000   0.800000   0.805000   0.805400   0.854600   0.932000   0.937200 
87   0.779800   0.786200   0.786800   0.787400   0.783800   0.779400   0.798800   0.798800   0.802800   0.803800   0.853200   0.931800   0.937600 
88   0.778200   0.785400   0.784600   0.785800   0.781200   0.776800   0.797200   0.797200   0.801200   0.802000   0.852000   0.931200   0.937200 
89   0.775800   0.782400   0.782600   0.783800   0.779400   0.775600   0.795600   0.794600   0.800400   0.800400   0.851400   0.931400   0.936200 
90   0.774600   0.781400   0.780400   0.782000   0.777600   0.773600   0.793600   0.792600   0.798800   0.798200   0.850400   0.932200   0.937200 
91   0.772200   0.778800   0.778400   0.779400   0.775400   0.771400   0.791800   0.790800   0.796600   0.796400   0.848400   0.931400   0.935800 
92   0.771400   0.776200   0.777600   0.778000   0.774000   0.769400   0.790600   0.789400   0.795000   0.795000   0.847600   0.930800   0.935600 
93   0.769400   0.775400   0.774600   0.776200   0.772200   0.767600   0.788600   0.788200   0.793600   0.793400   0.847600   0.930400   0.935800 
94   0.766600   0.773400   0.773000   0.774400   0.769200   0.766000   0.786600   0.786000   0.791400   0.791800   0.845000   0.930400   0.935400 
95   0.765800   0.770800   0.771000   0.772200   0.768400   0.764400   0.784800   0.784200   0.790000   0.789600   0.843800   0.930400   0.935600 
96   0.763600   0.769800   0.769200   0.770600   0.766000   0.763000   0.782800   0.783000   0.788200   0.788600   0.842600   0.930600   0.935000 
97   0.761000   0.767600   0.766600   0.769000   0.763800   0.760200   0.781400   0.781600   0.786800   0.786600   0.841800   0.930200   0.935000 
98   0.759400   0.766400   0.764800   0.766600   0.762200   0.758600   0.780000   0.779600   0.785000   0.784600   0.840800   0.929600   0.935200 
99   0.757600   0.763800   0.763000   0.765000   0.761000   0.756800   0.777600   0.777400   0.783200   0.782400   0.840000   0.930200   0.934400 
100   0.755600   0.762000   0.761200   0.762600   0.758200   0.755400   0.776600   0.775400   0.781800   0.780800   0.837800   0.929200   0.934000 
101   0.753600   0.760200   0.759400   0.761000   0.756800   0.753400   0.773800   0.773400   0.779400   0.780800   0.837400   0.929400   0.934400 
102   0.751800   0.758000   0.757200   0.758400   0.754800   0.750800   0.772200   0.771600   0.778200   0.778000   0.836600   0.928400   0.934600 
103   0.749600   0.755600   0.755800   0.756600   0.753000   0.748600   0.770800   0.770600   0.776200   0.776200   0.835200   0.929000   0.933400 
104   0.748200   0.754200   0.753400   0.754200   0.751000   0.747800   0.769000   0.768400   0.774600   0.774200   0.834400   0.928200   0.933600 
105   0.746400   0.752200   0.751200   0.752000   0.749000   0.746600   0.766600   0.766800   0.773400   0.772600   0.833400   0.928600   0.933400 
106   0.744200   0.750400   0.749600   0.750200   0.747200   0.745000   0.765800   0.765000   0.770400   0.771000   0.833000   0.928000   0.933400 
107   0.742600   0.748200   0.747800   0.748600   0.745200   0.742600   0.764200   0.763000   0.769400   0.769000   0.830800   0.927800   0.933000 
108   0.740800   0.746400   0.746200   0.746800   0.743800   0.741600   0.762600   0.761000   0.768000   0.767000   0.829000   0.928000   0.932600 
109   0.739000   0.745200   0.744400   0.744400   0.741800   0.739400   0.761000   0.760000   0.766200   0.765600   0.829000   0.927800   0.932200 
110   0.736600   0.742000   0.742200   0.742800   0.739400   0.736800   0.758400   0.757400   0.764200   0.764000   0.827200   0.927000   0.932200 
111   0.735800   0.740600   0.741000   0.740800   0.738000   0.736000   0.756400   0.756000   0.763600   0.762600   0.826400   0.927600   0.932000 
112   0.733200   0.739400   0.738800   0.739800   0.735800   0.733400   0.754400   0.754600   0.762000   0.760800   0.825000   0.927600   0.932000 
113   0.731800   0.736200   0.737400   0.737400   0.733600   0.732200   0.753200   0.753200   0.760000   0.758800   0.824400   0.926600   0.932200 
114   0.729400   0.734600   0.734600   0.734800   0.731600   0.729800   0.751400   0.752600   0.758000   0.757600   0.823000   0.926600   0.931600 
115   0.727400   0.733200   0.732800   0.733600   0.729800   0.728000   0.749400   0.750400   0.756000   0.754800   0.822400   0.926800   0.931800 
116   0.725400   0.730800   0.731400   0.731000   0.727600   0.725600   0.747400   0.748800   0.754400   0.753600   0.821600   0.926600   0.931000 
117   0.724200   0.729000   0.728800   0.729400   0.726200   0.724200   0.745600   0.748000   0.752800   0.751800   0.819600   0.926400   0.930400 
118   0.722400   0.726600   0.726800   0.727400   0.723800   0.721800   0.744600   0.746000   0.751000   0.750200   0.818400   0.927600   0.930600 
119   0.720400   0.725200   0.725000   0.725200   0.722400   0.719800   0.742600   0.744000   0.749400   0.747800   0.817000   0.927200   0.930800 
120   0.718000   0.723400   0.723000   0.723600   0.720200   0.718000   0.741200   0.743000   0.748200   0.746800   0.816600   0.925800   0.931000 
121   0.715600   0.721000   0.721600   0.721800   0.718600   0.715800   0.739400   0.740400   0.746200   0.744600   0.815200   0.925600   0.930600 
122   0.715200   0.718600   0.720200   0.719600   0.716600   0.714800   0.737600   0.739000   0.743800   0.743200   0.814200   0.926600   0.930000 
123   0.712800   0.717600   0.718200   0.717400   0.714200   0.712800   0.735600   0.737200   0.742400   0.742200   0.813800   0.925200   0.929400 
124   0.710400   0.715200   0.716000   0.715600   0.713000   0.710800   0.733800   0.736800   0.740400   0.740000   0.812600   0.925800   0.929400 
125   0.709400   0.713400   0.714400   0.714400   0.710400   0.709000   0.732000   0.734400   0.739400   0.737600   0.812000   0.925800   0.929800 
126   0.707200   0.711800   0.711600   0.712200   0.709000   0.706200   0.730600   0.733000   0.737800   0.736200   0.810200   0.924800   0.930000 
127   0.705600   0.709200   0.710400   0.709600   0.706000   0.705600   0.728800   0.731600   0.736600   0.734600   0.809600   0.924600   0.929400 
128   0.703800   0.708600   0.708000   0.707800   0.704000   0.703800   0.726600   0.730000   0.733600   0.732400   0.808800   0.925000   0.928800 
129   0.701600   0.706200   0.706000   0.706200   0.702400   0.702000   0.725000   0.728000   0.732600   0.731400   0.808200   0.924800   0.928400 
130   0.700200   0.703800   0.703800   0.704600   0.700400   0.700800   0.724000   0.726600   0.731000   0.729000   0.805800   0.924200   0.928000 
131   0.698400   0.702200   0.702400   0.702600   0.698400   0.699000   0.721800   0.724400   0.729000   0.728400   0.805400   0.923400   0.928600 
132   0.697000   0.700200   0.700400   0.699600   0.697000   0.697000   0.720200   0.723000   0.726800   0.726400   0.804200   0.924400   0.927800 
133   0.694600   0.698000   0.698600   0.698600   0.694600   0.696000   0.718400   0.721600   0.726200   0.724800   0.803000   0.924000   0.927600 
134   0.692400   0.696000   0.696200   0.696000   0.694000   0.693600   0.716800   0.719000   0.724200   0.722200   0.801400   0.923800   0.927200 
135   0.690600   0.694200   0.694800   0.695000   0.691400   0.692400   0.715200   0.717000   0.722000   0.720600   0.801400   0.923600   0.927200 
136   0.688800   0.692600   0.693000   0.692800   0.689800   0.690400   0.713400   0.716000   0.721800   0.719800   0.800800   0.923000   0.927000 
137   0.687400   0.690000   0.691200   0.691000   0.687600   0.689200   0.711800   0.714600   0.719400   0.717600   0.799400   0.922600   0.927200 
138   0.685400   0.688800   0.689600   0.688800   0.686400   0.687600   0.709800   0.713000   0.718000   0.716000   0.799200   0.922400   0.926600 
139   0.684000   0.686800   0.687000   0.686800   0.683800   0.685400   0.707600   0.710800   0.715600   0.714400   0.797400   0.922600   0.926600 
140   0.681600   0.684600   0.685200   0.685000   0.682400   0.683800   0.706200   0.708800   0.714800   0.712000   0.796400   0.922400   0.926200 
141   0.680200   0.682800   0.682800   0.682800   0.680600   0.682200   0.704400   0.708200   0.713000   0.711000   0.795600   0.923200   0.926000 
142   0.678200   0.681200   0.681000   0.681200   0.678200   0.680800   0.702600   0.705800   0.711000   0.709000   0.795200   0.922600   0.925800 
143   0.675600   0.679000   0.679000   0.679000   0.677000   0.678400   0.701000   0.704000   0.709400   0.707000   0.794000   0.922800   0.926200 
144   0.673600   0.677600   0.677000   0.676600   0.675200   0.676800   0.699200   0.702600   0.708000   0.705400   0.792800   0.922200   0.925600 
145   0.672000   0.674800   0.675200   0.674600   0.673400   0.675600   0.697600   0.700800   0.706000   0.703800   0.791800   0.922200   0.926000 
146   0.670400   0.673600   0.672800   0.673400   0.671400   0.673200   0.695400   0.699200   0.704600   0.702600   0.790800   0.921200   0.925200 
147   0.669000   0.672000   0.671400   0.671400   0.670200   0.671400   0.694000   0.698600   0.702600   0.700600   0.789800   0.920800   0.925800 
148   0.666400   0.669400   0.669600   0.669800   0.668800   0.670200   0.691600   0.695600   0.700200   0.699200   0.790000   0.921600   0.925400 
149   0.664400   0.667600   0.667600   0.667400   0.665400   0.668200   0.690400   0.694200   0.699400   0.697200   0.788800   0.921000   0.925200 
150   0.663200   0.665000   0.665600   0.665400   0.663200   0.666600   0.688600   0.692400   0.697200   0.694600   0.787200   0.921000   0.924000 
151   0.660600   0.663800   0.664600   0.663400   0.661600   0.664800   0.687200   0.691400   0.695800   0.693000   0.786400   0.920800   0.924800 
152   0.659000   0.661400   0.662600   0.661600   0.661200   0.663000   0.685000   0.689800   0.694400   0.692000   0.785800   0.920400   0.924200 
153   0.657600   0.659200   0.659600   0.659400   0.658600   0.660800   0.683800   0.687800   0.692400   0.689800   0.785400   0.919800   0.924000 
154   0.655200   0.657600   0.658000   0.657800   0.656200   0.659400   0.682000   0.686000   0.690600   0.688600   0.783800   0.919400   0.923400 
155   0.652800   0.655800   0.656600   0.655600   0.654400   0.658000   0.679600   0.684000   0.688600   0.686400   0.783400   0.919800   0.923800 
156   0.651800   0.655000   0.654200   0.654000   0.652800   0.656600   0.678200   0.681000   0.687600   0.684600   0.782000   0.919400   0.923000 
157   0.650400   0.652800   0.653000   0.651200   0.650200   0.654200   0.676200   0.681000   0.686000   0.682800   0.780800   0.919800   0.923200 
158   0.647800   0.649800   0.650400   0.649400   0.649000   0.652400   0.674200   0.678400   0.684400   0.681000   0.780200   0.919400   0.922600 
159   0.646000   0.648200   0.648800   0.647400   0.646800   0.651400   0.673200   0.677400   0.682800   0.679400   0.779200   0.919600   0.922800 
160   0.643400   0.646800   0.646200   0.645800   0.645200   0.649600   0.671000   0.675400   0.680800   0.677400   0.778600   0.919000   0.922200 
161   0.641600   0.644400   0.644800   0.643600   0.643200   0.648200   0.669800   0.674000   0.679000   0.675600   0.777600   0.918400   0.922200 
162   0.640200   0.642400   0.642800   0.642000   0.641200   0.645400   0.667600   0.671800   0.677000   0.673600   0.776800   0.918800   0.921800 
163   0.638200   0.640800   0.640600   0.639800   0.639400   0.643600   0.666400   0.670400   0.675600   0.672000   0.776400   0.918400   0.921600 
164   0.636400   0.639000   0.638800   0.637800   0.637400   0.642000   0.664800   0.669200   0.673400   0.670400   0.775600   0.917600   0.921400 
165   0.634200   0.637600   0.637000   0.635800   0.635200   0.640600   0.662400   0.666400   0.672000   0.668800   0.774400   0.918400   0.921600 
166   0.631800   0.635000   0.635600   0.634200   0.633600   0.638800   0.660600   0.664400   0.669800   0.666400   0.773400   0.918000   0.921800 
167   0.630600   0.633200   0.633400   0.632800   0.631400   0.637400   0.659000   0.663400   0.668200   0.665200   0.773000   0.917800   0.921400 
168   0.629000   0.631600   0.631400   0.630600   0.629800   0.635400   0.656800   0.661200   0.666200   0.664000   0.772200   0.917200   0.921400 
169   0.626800   0.629000   0.629600   0.628400   0.627200   0.633400   0.655800   0.659600   0.664600   0.661600   0.771200   0.917200   0.921000 
170   0.625000   0.627600   0.627800   0.627200   0.626400   0.631600   0.653200   0.658200   0.663000   0.660600   0.770000   0.916800   0.921200 
171   0.622800   0.624800   0.625400   0.624800   0.624200   0.630600   0.651800   0.656600   0.661600   0.658600   0.769600   0.918000   0.920600 
172   0.621000   0.623800   0.623000   0.622600   0.621400   0.629800   0.650200   0.655600   0.659400   0.657200   0.768800   0.916800   0.920400 
173   0.618800   0.621600   0.621800   0.621200   0.619600   0.626200   0.649000   0.653800   0.658200   0.655000   0.767200   0.917400   0.920600 
174   0.617600   0.620400   0.619800   0.619600   0.618000   0.625200   0.647000   0.651200   0.656200   0.653000   0.767200   0.916400   0.919800 
175   0.616000   0.619200   0.617600   0.618000   0.615600   0.623000   0.645200   0.649800   0.654200   0.651200   0.766200   0.917400   0.919600 
176   0.613800   0.616800   0.616600   0.616200   0.613600   0.621200   0.644000   0.648400   0.652600   0.650400   0.765600   0.916000   0.919400 
177   0.612000   0.615200   0.614000   0.613400   0.612000   0.620000   0.642400   0.646400   0.651200   0.648400   0.765000   0.915600   0.919400 
178   0.611400   0.613000   0.613600   0.612200   0.609600   0.617600   0.640400   0.645000   0.649200   0.647600   0.764200   0.916200   0.918800 
179   0.608600   0.611000   0.611400   0.610000   0.608400   0.616200   0.638600   0.642800   0.648200   0.644800   0.763200   0.915800   0.919000 
180   0.606000   0.609200   0.609000   0.609600   0.605600   0.614200   0.636600   0.641600   0.645200   0.643400   0.763400   0.915200   0.918400 
181   0.604200   0.607000   0.607200   0.607000   0.603400   0.613600   0.634800   0.640400   0.644000   0.641600   0.761800   0.915800   0.918600 
182   0.602600   0.605000   0.605200   0.606000   0.601800   0.611600   0.633600   0.638400   0.641800   0.640200   0.761200   0.914600   0.918400 
183   0.600800   0.604000   0.603200   0.603800   0.600400   0.609800   0.631200   0.636600   0.640800   0.637400   0.760400   0.914800   0.918400 
184   0.599000   0.602000   0.601800   0.602000   0.598200   0.608400   0.629200   0.634800   0.639000   0.636800   0.759200   0.914400   0.918200 
185   0.596600   0.600200   0.599400   0.599800   0.596600   0.606000   0.627600   0.632800   0.637200   0.634600   0.758800   0.914200   0.918200 
186   0.595000   0.597400   0.597800   0.597400   0.594800   0.605600   0.626000   0.630800   0.635400   0.632800   0.757600   0.914000   0.918000 
187   0.593200   0.596000   0.595600   0.596200   0.592400   0.603800   0.624400   0.629400   0.633200   0.630600   0.758200   0.913400   0.917600 
188   0.591200   0.593800   0.594000   0.594200   0.590400   0.601800   0.622600   0.628600   0.631800   0.629000   0.756000   0.913200   0.918000 
189   0.588600   0.591600   0.592000   0.592400   0.588200   0.599600   0.620200   0.626000   0.630400   0.627400   0.756000   0.913200   0.917000 
190   0.586200   0.589600   0.590200   0.590200   0.587000   0.597600   0.618600   0.624200   0.628200   0.625400   0.755200   0.912800   0.917000 
191   0.585200   0.588000   0.587800   0.588600   0.584600   0.596200   0.616400   0.622200   0.626200   0.624000   0.753600   0.913400   0.916800 
192   0.582600   0.586400   0.586600   0.586000   0.583000   0.594600   0.615600   0.620400   0.624200   0.621800   0.753600   0.913000   0.916600 
193   0.580800   0.584000   0.585000   0.584600   0.580400   0.592400   0.613200   0.620200   0.622600   0.619800   0.752400   0.913600   0.916000 
194   0.579000   0.582200   0.582000   0.583000   0.579200   0.591000   0.611800   0.617400   0.621000   0.618400   0.751600   0.912800   0.915800 
195   0.577000   0.580600   0.579800   0.580800   0.577200   0.590000   0.609400   0.615000   0.619800   0.616600   0.750400   0.911800   0.916400 
196   0.575600   0.578800   0.578000   0.579000   0.575200   0.587000   0.607800   0.614200   0.617800   0.614800   0.749800   0.912200   0.915600 
197   0.574000   0.576800   0.577000   0.576800   0.573600   0.586600   0.606400   0.612200   0.615600   0.614000   0.748800   0.911800   0.915800 
198   0.571800   0.574600   0.574200   0.574600   0.571400   0.585200   0.604200   0.610600   0.614000   0.612200   0.748400   0.911400   0.915600 
199   0.570000   0.573200   0.572200   0.573600   0.569600   0.583200   0.602600   0.608800   0.613000   0.610400   0.748400   0.911600   0.915000 
200   0.568000   0.570800   0.570600   0.571400   0.567800   0.582000   0.600800   0.607200   0.610400   0.609000   0.747200   0.911400   0.914800 
201   0.566200   0.568600   0.568800   0.569800   0.566400   0.580000   0.599800   0.606000   0.608600   0.607600   0.745600   0.911400   0.914600 
202   0.564000   0.567200   0.566600   0.567600   0.564400   0.578800   0.598000   0.603800   0.607200   0.606200   0.745400   0.911200   0.914400 
203   0.561800   0.565000   0.565000   0.565600   0.562400   0.578000   0.596400   0.603000   0.606000   0.604600   0.744000   0.910800   0.914000 
204   0.559800   0.563400   0.562400   0.564000   0.559600   0.575800   0.594400   0.600200   0.604000   0.603400   0.744400   0.911400   0.914200 
205   0.558800   0.561200   0.560800   0.561000   0.558400   0.574400   0.593200   0.599000   0.602400   0.601800   0.743000   0.910600   0.913400 
206   0.557000   0.559800   0.559000   0.560200   0.557200   0.573200   0.591200   0.597400   0.600000   0.600400   0.742200   0.910800   0.913800 
207   0.554800   0.557400   0.557400   0.556800   0.555000   0.571200   0.589600   0.595800   0.599000   0.598600   0.741400   0.910200   0.914000 
208   0.552600   0.554600   0.555600   0.555400   0.553200   0.569000   0.587200   0.594200   0.597400   0.597400   0.740400   0.910000   0.913000 
209   0.550800   0.553800   0.553600   0.554000   0.550800   0.568000   0.585400   0.592200   0.595600   0.595400   0.739800   0.909600   0.913000 
210   0.549200   0.551400   0.551800   0.551600   0.548800   0.566400   0.584200   0.590600   0.594200   0.594200   0.739000   0.909400   0.913200 
211   0.548200   0.550600   0.549800   0.549600   0.546800   0.565200   0.582200   0.589200   0.592000   0.593200   0.738400   0.908800   0.912600 
212   0.545600   0.547600   0.547400   0.547000   0.545000   0.564600   0.580800   0.587200   0.591200   0.591000   0.737600   0.909600   0.913000 
213   0.544200   0.546200   0.545400   0.546600   0.543600   0.562000   0.579600   0.585200   0.588600   0.589200   0.737000   0.908600   0.913000 
214   0.542800   0.544200   0.543800   0.545200   0.542000   0.561200   0.577600   0.583800   0.587000   0.588000   0.736200   0.908400   0.912600 
215   0.539800   0.542600   0.541400   0.542600   0.539600   0.559400   0.576200   0.582400   0.585000   0.586000   0.735200   0.908800   0.912600 
216   0.537200   0.540800   0.539600   0.540800   0.538400   0.558200   0.574000   0.580400   0.584000   0.585600   0.734600   0.908400   0.913000 
217   0.536200   0.538800   0.537600   0.538600   0.537000   0.556800   0.572400   0.578800   0.582200   0.583800   0.733600   0.908000   0.912600 
218   0.534400   0.536400   0.535400   0.537600   0.534400   0.555400   0.570600   0.576200   0.580200   0.582200   0.733400   0.907400   0.912200 
219   0.532200   0.535000   0.533800   0.535000   0.532600   0.553400   0.568800   0.574800   0.579000   0.580400   0.732400   0.907800   0.912200 
220   0.530800   0.533400   0.532800   0.533000   0.531200   0.552400   0.566800   0.573200   0.576800   0.579200   0.731400   0.908000   0.912400 
221   0.528600   0.531200   0.529400   0.531000   0.529400   0.550200   0.564600   0.571800   0.575200   0.578000   0.730600   0.907400   0.912600 
222   0.526000   0.529200   0.527800   0.529400   0.528000   0.549400   0.564200   0.569400   0.572800   0.576200   0.730200   0.907400   0.913000 
223   0.524200   0.528000   0.526000   0.527400   0.526000   0.547200   0.562000   0.568000   0.571800   0.574400   0.728800   0.907200   0.913000 
224   0.521800   0.524800   0.524400   0.524800   0.524000   0.545400   0.560400   0.565600   0.568800   0.573600   0.728400   0.907000   0.913200 
225   0.520400   0.523200   0.522800   0.523600   0.522200   0.543600   0.558600   0.564600   0.567200   0.571400   0.727600   0.906800   0.912600 
226   0.518400   0.521000   0.520800   0.521200   0.520400   0.542200   0.556200   0.563000   0.566000   0.570400   0.726800   0.906000   0.912600 
227   0.516800   0.519600   0.518400   0.519000   0.518400   0.540000   0.554600   0.560600   0.564000   0.569800   0.727600   0.905800   0.913200 
228   0.514800   0.517200   0.517200   0.517600   0.516600   0.539200   0.552800   0.559600   0.562200   0.568800   0.725600   0.906000   0.913200 
229   0.513200   0.515600   0.515000   0.515200   0.513800   0.537800   0.551200   0.557400   0.561000   0.566400   0.725000   0.906200   0.912800 
230   0.510800   0.513400   0.513400   0.513400   0.512800   0.535800   0.549600   0.555200   0.559200   0.565600   0.724000   0.906000   0.912400 
231   0.509600   0.511600   0.511200   0.511600   0.510800   0.534400   0.548000   0.554200   0.557400   0.563400   0.723800   0.905200   0.912600 
232   0.507600   0.509800   0.509000   0.509800   0.508600   0.532400   0.546200   0.552000   0.556400   0.562000   0.723000   0.904600   0.912800 
233   0.505800   0.507800   0.507800   0.507800   0.507200   0.531400   0.544400   0.550200   0.554600   0.561200   0.721800   0.905000   0.912400 
234   0.503000   0.506000   0.505800   0.505600   0.505000   0.530600   0.543400   0.548600   0.553200   0.560200   0.721000   0.905000   0.912800 
235   0.501600   0.504000   0.503600   0.503400   0.504200   0.528000   0.541000   0.547600   0.550800   0.559000   0.720600   0.904800   0.912400 
236   0.500000   0.502400   0.501600   0.502000   0.501600   0.527200   0.540200   0.546000   0.549000   0.557200   0.720200   0.904600   0.912800 
237   0.497800   0.500600   0.500200   0.500400   0.500000   0.525800   0.538600   0.543800   0.548000   0.556200   0.718600   0.904200   0.912400 
238   0.495200   0.498600   0.497400   0.498000   0.498400   0.524600   0.537000   0.542200   0.547000   0.554800   0.718000   0.904400   0.912400 
239   0.494200   0.496000   0.496000   0.496000   0.496400   0.523200   0.536400   0.541200   0.545200   0.553800   0.717000   0.904000   0.912400 
240   0.491600   0.494800   0.493600   0.494400   0.494400   0.521600   0.533800   0.538800   0.543200   0.553200   0.716600   0.903600   0.912800 
241   0.490000   0.493800   0.492600   0.492000   0.492200   0.519600   0.532200   0.537400   0.541600   0.552000   0.715400   0.903800   0.912400 
242   0.488400   0.491000   0.491000   0.490400   0.490400   0.518200   0.530800   0.536600   0.539600   0.550600   0.715200   0.904000   0.912200 
243   0.486400   0.489000   0.489000   0.488200   0.489200   0.515800   0.528600   0.533800   0.537800   0.549000   0.714600   0.903000   0.913000 
244   0.484600   0.487400   0.488000   0.486800   0.488400   0.515000   0.527800   0.532400   0.535800   0.547800   0.713600   0.903200   0.913000 
245   0.482800   0.486000   0.486000   0.484800   0.486000   0.513400   0.525800   0.530800   0.534400   0.546400   0.712800   0.902800   0.912800 
246   0.480800   0.483400   0.484200   0.482200   0.484800   0.512400   0.524000   0.528800   0.532800   0.545000   0.712200   0.903200   0.912200 
247   0.479600   0.482400   0.482400   0.480600   0.482800   0.510200   0.521600   0.526800   0.531000   0.544400   0.712000   0.902200   0.912400 
248   0.476600   0.480000   0.480000   0.479000   0.481400   0.508800   0.520800   0.524800   0.529800   0.543000   0.711000   0.901800   0.912400 
249   0.475600   0.477600   0.478600   0.477800   0.479200   0.507600   0.519800   0.523600   0.528000   0.542400   0.710000   0.902000   0.912600 
250   0.473800   0.476000   0.476800   0.474800   0.478000   0.505800   0.518000   0.521600   0.525400   0.541000   0.709200   0.901600   0.912800 
251   0.472200   0.474400   0.476200   0.472600   0.476800   0.504800   0.516200   0.520600   0.524400   0.539400   0.708600   0.902800   0.913000 
252   0.470000   0.472800   0.473400   0.471000   0.475000   0.503200   0.514800   0.517800   0.522400   0.539000   0.708000   0.901200   0.912600 
253   0.468000   0.471400   0.472400   0.470200   0.473800   0.501000   0.513000   0.515800   0.521000   0.538600   0.707000   0.901800   0.912400 
254   0.466000   0.468800   0.470000   0.468000   0.472200   0.500400   0.511400   0.514800   0.519400   0.536600   0.706400   0.901400   0.912200 
255   0.464200   0.467200   0.468600   0.465800   0.470400   0.498600   0.509800   0.513600   0.516600   0.535400   0.706000   0.900800   0.912400 
256   0.461600   0.465600   0.468000   0.464200   0.469200   0.497200   0.508800   0.511400   0.515600   0.533600   0.704800   0.900400   0.912400 
257   0.459800   0.464000   0.466000   0.462200   0.467600   0.496400   0.506600   0.509200   0.513400   0.533600   0.703800   0.900200   0.912800 
258   0.457600   0.462400   0.465000   0.460400   0.466600   0.495000   0.505000   0.508600   0.512600   0.532200   0.703200   0.900400   0.912000 
259   0.457000   0.459800   0.462600   0.458800   0.465400   0.493000   0.503600   0.506200   0.510800   0.531400   0.702800   0.900400   0.912400 
260   0.455800   0.458800   0.461600   0.457000   0.464000   0.491400   0.501600   0.504800   0.508600   0.529800   0.701800   0.900200   0.912000 
261   0.453400   0.456800   0.459800   0.455600   0.462400   0.490000   0.500600   0.503200   0.507000   0.528600   0.701000   0.900400   0.912400 
262   0.451200   0.454000   0.458600   0.454200   0.461200   0.488600   0.498800   0.500800   0.505400   0.527000   0.700600   0.900000   0.912400 
263   0.450200   0.453600   0.457200   0.453200   0.459800   0.487200   0.498000   0.499200   0.503600   0.526000   0.699000   0.899400   0.912600 
264   0.448000   0.451600   0.454600   0.450800   0.458000   0.485000   0.496400   0.498400   0.502000   0.524800   0.698800   0.899400   0.911800 
265   0.446600   0.449800   0.454200   0.449400   0.456600   0.483800   0.495000   0.496000   0.500600   0.524000   0.698000   0.900200   0.912000 
266   0.444800   0.447600   0.452600   0.447000   0.455000   0.482000   0.493000   0.494800   0.498000   0.522800   0.697200   0.899800   0.913000 
267   0.443200   0.446000   0.450200   0.445800   0.454200   0.481000   0.491600   0.492000   0.496400   0.521600   0.696200   0.899400   0.913200 
268   0.441600   0.444800   0.448800   0.444200   0.451800   0.479000   0.489800   0.490600   0.494800   0.520400   0.695600   0.899000   0.913000 
269   0.440400   0.443200   0.447400   0.442800   0.451000   0.478000   0.487600   0.489800   0.493200   0.519200   0.694600   0.900000   0.912800 
270   0.437800   0.441800   0.446800   0.441000   0.449400   0.476400   0.486200   0.487200   0.492200   0.518800   0.694400   0.899400   0.912600 
271   0.436400   0.440200   0.444200   0.439600   0.448000   0.474600   0.485000   0.485000   0.490200   0.517200   0.694000   0.898200   0.912800 
272   0.433400   0.438200   0.443200   0.438400   0.447000   0.472800   0.483800   0.484200   0.488800   0.515600   0.693200   0.898200   0.912400 
273   0.433200   0.436800   0.441800   0.437600   0.445400   0.471000   0.481400   0.481400   0.486600   0.514800   0.692800   0.897600   0.912600 
274   0.430600   0.435200   0.440000   0.436000   0.443600   0.469600   0.480800   0.480400   0.485200   0.513400   0.692000   0.897400   0.912400 
275   0.430000   0.434200   0.438000   0.433400   0.442200   0.468800   0.479200   0.478400   0.483000   0.512800   0.692000   0.897800   0.912200 
276   0.427800   0.432200   0.436800   0.433200   0.440800   0.466600   0.478000   0.476200   0.481600   0.511000   0.691400   0.897200   0.912400 
277   0.426000   0.430200   0.435600   0.431800   0.439600   0.465600   0.475800   0.475000   0.480000   0.510600   0.691000   0.897600   0.913000 
278   0.425200   0.429000   0.433200   0.430400   0.438000   0.463600   0.475200   0.474000   0.478600   0.510000   0.689800   0.897000   0.912400 
279   0.424200   0.427800   0.432200   0.429200   0.437600   0.462400   0.473600   0.471800   0.476800   0.508400   0.689800   0.896400   0.912800 
280   0.421400   0.426000   0.430200   0.427400   0.435400   0.461200   0.472400   0.470000   0.475200   0.507400   0.688800   0.896600   0.912400 
281   0.420000   0.424200   0.428200   0.426600   0.434600   0.458800   0.470800   0.468000   0.473000   0.505800   0.687800   0.895800   0.912200 
282   0.419200   0.422800   0.427200   0.425800   0.433400   0.457800   0.469400   0.466800   0.471000   0.505000   0.687400   0.895600   0.913400 
283   0.417800   0.421600   0.425200   0.424200   0.431200   0.455600   0.468800   0.464200   0.469800   0.503400   0.687200   0.895400   0.912400 
284   0.417200   0.420000   0.424600   0.422400   0.430200   0.454800   0.467600   0.463600   0.467400   0.502200   0.686000   0.896200   0.913000 
285   0.415800   0.419000   0.423000   0.421400   0.428200   0.453200   0.466000   0.461000   0.466000   0.501800   0.686200   0.895800   0.912200 
286   0.413800   0.417200   0.421400   0.420000   0.427800   0.451600   0.464400   0.459800   0.463800   0.500200   0.685200   0.895200   0.913000 
287   0.412400   0.415400   0.419600   0.418800   0.426400   0.450400   0.463200   0.457800   0.461800   0.498800   0.684400   0.894800   0.912400 
288   0.410800   0.414000   0.418800   0.417800   0.425200   0.449200   0.462000   0.456200   0.460200   0.497800   0.684000   0.894200   0.912200 
289   0.409000   0.412200   0.417000   0.416800   0.423200   0.447400   0.460400   0.453400   0.459200   0.496400   0.683400   0.894800   0.912400 
290   0.408200   0.410200   0.415200   0.414600   0.422200   0.446600   0.459200   0.452600   0.457400   0.496200   0.683000   0.894800   0.912200 
291   0.407200   0.409000   0.413800   0.414600   0.421400   0.444400   0.458200   0.451000   0.455800   0.494000   0.683000   0.894200   0.912600 
292   0.404000   0.408200   0.412400   0.412000   0.420200   0.443200   0.457000   0.448800   0.454200   0.493000   0.681800   0.894000   0.913600 
293   0.403000   0.406400   0.410400   0.411400   0.419000   0.443200   0.455800   0.447200   0.451800   0.491800   0.681400   0.894600   0.912600 
294   0.401800   0.405000   0.409200   0.409800   0.417600   0.440400   0.454200   0.445200   0.450800   0.490400   0.680800   0.893400   0.912600 
295   0.400400   0.403800   0.408600   0.408600   0.416600   0.439800   0.453000   0.443800   0.448600   0.489800   0.680600   0.893200   0.912400 
296   0.399800   0.402200   0.407000   0.407200   0.414600   0.438000   0.451600   0.442000   0.447400   0.488800   0.679800   0.893000   0.912200 
297   0.397000   0.400400   0.405800   0.406600   0.413200   0.437400   0.449800   0.440400   0.445400   0.488200   0.678800   0.892800   0.912600 
298   0.395800   0.398000   0.404600   0.405200   0.412600   0.436000   0.448800   0.438600   0.443600   0.486600   0.678200   0.892400   0.912200 
299   0.395400   0.398400   0.402400   0.403400   0.411800   0.434400   0.447000   0.437600   0.442200   0.486000   0.677600   0.892400   0.912600 
300   0.393000   0.396200   0.401800   0.402200   0.409600   0.432800   0.446200   0.435000   0.440800   0.484800   0.677400   0.891800   0.913200 
301   0.391800   0.394200   0.400000   0.400800   0.409000   0.432200   0.444400   0.433400   0.439000   0.483200   0.677200   0.891600   0.912800 
302   0.390600   0.393600   0.399400   0.399200   0.406800   0.430400   0.444000   0.432400   0.437000   0.482400   0.676800   0.892200   0.912800 
303   0.389000   0.391400   0.398400   0.397800   0.405800   0.428800   0.442600   0.430400   0.436000   0.481800   0.676800   0.892000   0.912600 
304   0.387400   0.390600   0.396400   0.396600   0.404800   0.428000   0.440800   0.428800   0.433800   0.480400   0.676400   0.891800   0.913400 
305   0.385400   0.389400   0.395200   0.395200   0.403000   0.426000   0.439800   0.426600   0.432400   0.480600   0.676600   0.891800   0.913200 
306   0.385000   0.387000   0.394800   0.393800   0.401400   0.424400   0.437800   0.424400   0.431000   0.479200   0.675400   0.890800   0.913000 
307   0.383000   0.386400   0.392600   0.392600   0.400600   0.423400   0.436800   0.423200   0.430000   0.478200   0.675200   0.891000   0.912200 
308   0.382800   0.383600   0.391400   0.391000   0.399200   0.422400   0.435000   0.422000   0.428800   0.477400   0.674400   0.891200   0.912800 
309   0.380400   0.382800   0.390000   0.390200   0.397200   0.421000   0.434000   0.419600   0.427400   0.475800   0.674200   0.890400   0.912400 
310   0.378400   0.381200   0.388800   0.388400   0.396200   0.419800   0.432800   0.418000   0.425800   0.475200   0.673600   0.890400   0.913000 
311   0.376800   0.379600   0.388200   0.386400   0.395400   0.419000   0.431000   0.415400   0.424600   0.473400   0.673800   0.890400   0.912800 
312   0.375400   0.379800   0.386400   0.386000   0.394000   0.417200   0.429600   0.414000   0.423000   0.473200   0.672800   0.890000   0.912400 
313   0.374600   0.378400   0.384600   0.384400   0.391800   0.415400   0.429400   0.413200   0.421800   0.471200   0.672400   0.889600   0.913600 
314   0.371800   0.376000   0.383800   0.384000   0.391400   0.413200   0.427600   0.411400   0.420800   0.471200   0.671800   0.889200   0.913200 
315   0.371200   0.374400   0.382800   0.382400   0.390000   0.413400   0.425800   0.409000   0.419800   0.470200   0.672600   0.889400   0.912800 
316   0.369400   0.373800   0.381400   0.380800   0.389000   0.411600   0.424000   0.407800   0.418600   0.469000   0.670800   0.889200   0.912600 
317   0.368600   0.372000   0.380000   0.379400   0.387800   0.410600   0.423400   0.405600   0.417400   0.468400   0.671000   0.889600   0.913800 
318   0.368200   0.371000   0.379200   0.377000   0.387000   0.409000   0.421600   0.404800   0.416200   0.467200   0.670800   0.888800   0.913200 
319   0.366200   0.369400   0.378200   0.376800   0.385400   0.407400   0.420200   0.402600   0.414800   0.467000   0.669200   0.888200   0.913400 
320   0.363800   0.367600   0.376600   0.374800   0.383000   0.405800   0.419200   0.401800   0.414000   0.466000   0.669200   0.888600   0.913600 
321   0.362800   0.366600   0.374600   0.373800   0.382600   0.404600   0.417800   0.400000   0.412400   0.465400   0.669400   0.888000   0.913200 
322   0.361800   0.365400   0.373000   0.372000   0.380800   0.404000   0.417200   0.398800   0.411600   0.464200   0.668400   0.887800   0.912400 
323   0.360800   0.364200   0.371600   0.371000   0.379200   0.401800   0.414800   0.396200   0.410600   0.462400   0.668200   0.888000   0.912800 
324   0.360200   0.362800   0.370600   0.369400   0.378600   0.400400   0.414000   0.395600   0.409600   0.462000   0.668000   0.887600   0.913200 
325   0.358200   0.361600   0.369400   0.368600   0.377000   0.399600   0.413400   0.394400   0.408400   0.460800   0.667800   0.887600   0.913200 
326   0.357000   0.360200   0.368400   0.367200   0.376000   0.398000   0.411600   0.391600   0.407200   0.460000   0.667400   0.887200   0.912800 
327   0.355600   0.358400   0.366600   0.365800   0.374800   0.396400   0.409000   0.389400   0.406400   0.458800   0.667200   0.887400   0.912600 
328   0.354600   0.358000   0.365200   0.364800   0.371800   0.395000   0.408200   0.388600   0.404600   0.458800   0.666600   0.887000   0.912800 
329   0.353400   0.356200   0.364200   0.363400   0.371800   0.393600   0.406800   0.386400   0.403600   0.457800   0.666400   0.885800   0.913000 
330   0.351600   0.354800   0.362800   0.361200   0.370600   0.392200   0.404800   0.384200   0.403200   0.456800   0.665400   0.885800   0.913200 
331   0.350800   0.354200   0.361000   0.361000   0.369200   0.391000   0.404000   0.384000   0.401400   0.455800   0.665400   0.886200   0.913200 
332   0.350000   0.353000   0.359800   0.359000   0.367400   0.389800   0.402800   0.382000   0.400000   0.455200   0.664600   0.886400   0.913200 
333   0.348600   0.351600   0.359400   0.357400   0.366600   0.389200   0.401800   0.381600   0.398200   0.454600   0.664200   0.885200   0.913200 
334   0.347800   0.350400   0.357000   0.356000   0.365200   0.387200   0.400600   0.379000   0.397200   0.453400   0.664000   0.885800   0.913200 
335   0.345800   0.349400   0.356000   0.355200   0.364200   0.386000   0.398400   0.377800   0.396200   0.452800   0.663800   0.885200   0.913400 
336   0.344800   0.347800   0.354600   0.354000   0.362400   0.384800   0.397000   0.376600   0.395400   0.452000   0.663600   0.885400   0.912600 
337   0.343200   0.346000   0.354000   0.353000   0.360800   0.383200   0.396000   0.374800   0.394400   0.451200   0.663400   0.885200   0.913000 
338   0.342400   0.344600   0.352800   0.351400   0.360200   0.381200   0.394000   0.373000   0.393000   0.450000   0.663600   0.884600   0.912800 
339   0.340800   0.344600   0.350600   0.350000   0.357800   0.380800   0.393000   0.371600   0.392000   0.449400   0.662400   0.884200   0.913000 
340   0.340000   0.341600   0.349000   0.348800   0.356600   0.379200   0.392200   0.370800   0.391400   0.449800   0.662200   0.884400   0.913000 
341   0.338200   0.341200   0.347600   0.347000   0.355200   0.378000   0.390000   0.368000   0.390400   0.447400   0.661200   0.884200   0.912800 
342   0.336800   0.340200   0.346600   0.345600   0.354400   0.376800   0.388800   0.366800   0.389600   0.447200   0.661400   0.883800   0.912800 
343   0.335600   0.337400   0.345200   0.344200   0.352600   0.375200   0.387800   0.365000   0.387400   0.446200   0.660600   0.883400   0.913000 
344   0.334000   0.336400   0.344400   0.343200   0.351000   0.373600   0.386600   0.363200   0.386800   0.446000   0.660000   0.883600   0.912800 
345   0.332600   0.335800   0.343000   0.342600   0.350200   0.372200   0.385200   0.361600   0.386000   0.445400   0.661600   0.883600   0.912600 
346   0.332000   0.333800   0.340800   0.341200   0.349200   0.371200   0.383400   0.360000   0.384600   0.444600   0.659800   0.883400   0.912400 
347   0.330400   0.332600   0.339800   0.339800   0.347800   0.369800   0.382600   0.358600   0.383200   0.443400   0.659600   0.882400   0.913000 
348   0.328800   0.330600   0.338800   0.338600   0.345800   0.368200   0.381200   0.357600   0.383000   0.442600   0.659800   0.883200   0.912600 
349   0.328000   0.329200   0.338000   0.337200   0.344800   0.366600   0.380200   0.355800   0.382200   0.443000   0.659000   0.882200   0.912800 
350   0.326200   0.328200   0.336200   0.336200   0.342800   0.365000   0.378600   0.354600   0.380800   0.441400   0.658800   0.882800   0.912600 
351   0.324600   0.327800   0.335600   0.334800   0.342000   0.364200   0.377200   0.353000   0.380000   0.441200   0.658600   0.882600   0.912400 
352   0.324200   0.326400   0.335000   0.333200   0.340800   0.363000   0.376400   0.352400   0.379000   0.441200   0.658200   0.881400   0.913000 
353   0.322600   0.325200   0.332800   0.332000   0.338400   0.362000   0.375200   0.350600   0.378200   0.440400   0.657800   0.882000   0.912600 
354   0.320800   0.323600   0.332200   0.330000   0.338000   0.361000   0.374200   0.349200   0.376600   0.439400   0.657000   0.881400   0.912800 
355   0.319400   0.321200   0.330800   0.329800   0.336200   0.360000   0.371800   0.348600   0.375400   0.439000   0.657200   0.881000   0.912600 
356   0.319200   0.319600   0.330000   0.327400   0.335800   0.358600   0.370200   0.345600   0.374200   0.437800   0.656800   0.881200   0.912400 
357   0.316800   0.318200   0.328400   0.327000   0.334000   0.356600   0.369000   0.344000   0.374000   0.437400   0.656600   0.881000   0.913000 
358   0.315200   0.316600   0.327400   0.326000   0.333000   0.356400   0.368800   0.343600   0.372400   0.437400   0.656000   0.880600   0.912600 
359   0.314200   0.315600   0.326000   0.325000   0.331600   0.354600   0.367400   0.341600   0.371200   0.436600   0.655400   0.880200   0.912800 
360   0.313400   0.313800   0.324600   0.324400   0.330400   0.354600   0.366000   0.339800   0.371000   0.436400   0.654600   0.880200   0.912600 
361   0.312600   0.312400   0.323800   0.322800   0.329200   0.353000   0.364800   0.339000   0.369800   0.435400   0.653600   0.880200   0.913200 
362   0.310600   0.311600   0.322800   0.322400   0.328600   0.353000   0.363400   0.337400   0.368200   0.434800   0.654200   0.879800   0.912600 
363   0.308800   0.310600   0.321800   0.321200   0.327200   0.351000   0.363000   0.335600   0.367800   0.434000   0.653400   0.879600   0.912800 
364   0.308200   0.308800   0.320200   0.319200   0.326600   0.350200   0.361400   0.335000   0.365800   0.433000   0.653400   0.878800   0.913400 
365   0.306400   0.308200   0.319000   0.319200   0.324400   0.348800   0.360200   0.333800   0.365800   0.432600   0.652800   0.879600   0.913000 
366   0.306200   0.306400   0.318600   0.318200   0.324400   0.347600   0.358600   0.332600   0.365000   0.432200   0.652200   0.879400   0.912400 
367   0.303800   0.305200   0.316200   0.317200   0.322400   0.346400   0.358000   0.330800   0.363600   0.431800   0.652200   0.878800   0.913000 
368   0.303000   0.304200   0.315400   0.315400   0.322600   0.345400   0.356800   0.329400   0.363400   0.431000   0.651600   0.879000   0.912600 
369   0.303000   0.302200   0.314800   0.315600   0.320600   0.343400   0.355400   0.328400   0.361600   0.430000   0.651600   0.878800   0.912600 
370   0.303000   0.301400   0.314200   0.314400   0.320000   0.343000   0.354000   0.327600   0.361000   0.429600   0.650400   0.878000   0.912800 
371   0.301200   0.300400   0.312800   0.313800   0.319200   0.341800   0.352800   0.326200   0.359800   0.429400   0.650200   0.878200   0.912800 
372   0.300600   0.299200   0.311800   0.312200   0.317200   0.339400   0.351600   0.325400   0.358800   0.428200   0.649800   0.877600   0.913000 
373   0.299200   0.298400   0.310600   0.311400   0.316200   0.338600   0.351400   0.324000   0.357800   0.428000   0.649800   0.877200   0.912600 
374   0.298400   0.296600   0.310000   0.310600   0.315400   0.338000   0.350000   0.323600   0.357200   0.427200   0.649800   0.878200   0.912800 
375   0.298400   0.295600   0.308600   0.309400   0.313800   0.336400   0.348800   0.322000   0.355800   0.426800   0.648400   0.876800   0.913400 
376   0.296600   0.294600   0.307400   0.308400   0.313800   0.335600   0.348000   0.321000   0.354200   0.426200   0.648200   0.876600   0.913000 
377   0.295600   0.293400   0.306800   0.307600   0.311600   0.333000   0.346400   0.320200   0.353800   0.425600   0.647600   0.877400   0.913200 
378   0.295000   0.292600   0.306200   0.306600   0.310600   0.331400   0.345800   0.320200   0.352400   0.425000   0.647400   0.876400   0.912800 
379   0.293400   0.291800   0.305200   0.306000   0.309200   0.331800   0.344200   0.319400   0.352000   0.424600   0.647400   0.876400   0.913800 
380   0.293000   0.291000   0.304000   0.305000   0.308000   0.329400   0.343200   0.317200   0.350800   0.423800   0.647200   0.876200   0.913000 
381   0.291800   0.290400   0.302600   0.303000   0.306600   0.329600   0.342800   0.316800   0.350000   0.423800   0.646600   0.876400   0.913000 
382   0.291400   0.289800   0.302200   0.302800   0.306600   0.328600   0.341800   0.315800   0.348800   0.423000   0.645800   0.876000   0.912400 
383   0.290200   0.288200   0.301200   0.301800   0.304200   0.326600   0.340400   0.315200   0.347800   0.422600   0.645600   0.876000   0.912400 
384   0.289800   0.287800   0.299400   0.301000   0.303000   0.326800   0.339000   0.314600   0.346200   0.421800   0.645200   0.875600   0.913000 
385   0.288400   0.287000   0.299000   0.300200   0.301800   0.324800   0.338000   0.313000   0.345600   0.421800   0.645000   0.875600   0.912400 
386   0.287200   0.285600   0.297800   0.298600   0.300800   0.323000   0.336800   0.312400   0.345000   0.420800   0.644800   0.875000   0.912400 
387   0.285600   0.285400   0.296800   0.298200   0.299400   0.322600   0.335600   0.311400   0.343600   0.420000   0.644400   0.875200   0.913000 
388   0.285400   0.283200   0.296000   0.296600   0.298800   0.321600   0.334600   0.310800   0.342600   0.419600   0.643400   0.874800   0.912800 
389   0.285400   0.282800   0.295200   0.296400   0.298000   0.320000   0.333600   0.309800   0.342000   0.418800   0.643200   0.874200   0.912600 
390   0.283200   0.282400   0.294200   0.295400   0.296600   0.319000   0.332400   0.309600   0.340800   0.418600   0.643200   0.874600   0.912400 
391   0.283200   0.281000   0.293600   0.294600   0.295000   0.318200   0.331000   0.308800   0.340400   0.417600   0.642400   0.874400   0.912800 
392   0.281400   0.279600   0.292800   0.293400   0.293400   0.316400   0.330000   0.307600   0.339200   0.417400   0.642000   0.873800   0.913600 
393   0.280000   0.278800   0.291800   0.292600   0.292400   0.314400   0.328600   0.306800   0.337800   0.416800   0.641600   0.873600   0.912800 
394   0.279400   0.278200   0.290800   0.291200   0.292000   0.313600   0.328000   0.306400   0.337000   0.416000   0.640800   0.873400   0.913000 
395   0.278800   0.277200   0.290200   0.290600   0.289000   0.313200   0.326600   0.305000   0.336400   0.415200   0.640400   0.873800   0.912600 
396   0.278400   0.276600   0.289200   0.288800   0.289400   0.311600   0.325600   0.304400   0.335400   0.413800   0.640400   0.873800   0.913000 
397   0.277200   0.275600   0.288000   0.289000   0.288400   0.310600   0.324400   0.303200   0.335000   0.414000   0.641000   0.873600   0.913200 
398   0.275800   0.274000   0.287000   0.287800   0.287400   0.309000   0.323200   0.302000   0.333600   0.413800   0.639400   0.873800   0.912800 
399   0.274800   0.273200   0.286400   0.287000   0.286200   0.308800   0.322000   0.302000   0.333000   0.412800   0.639400   0.873000   0.913800 
400   0.274000   0.271600   0.285200   0.285600   0.285600   0.307600   0.320200   0.301400   0.331800   0.412600   0.639200   0.872800   0.912400 
401   0.273400   0.271600   0.283800   0.284200   0.284600   0.306400   0.319400   0.299600   0.330000   0.412400   0.637800   0.873600   0.912600 
402   0.272200   0.270800   0.282600   0.283400   0.282800   0.305000   0.318600   0.299200   0.329800   0.411200   0.637800   0.873600   0.912600 
403   0.271600   0.269600   0.281600   0.283600   0.282200   0.304000   0.317600   0.298000   0.328600   0.411200   0.637400   0.873400   0.912600 
404   0.270400   0.268600   0.280800   0.281800   0.280800   0.302600   0.316000   0.297800   0.327800   0.409800   0.637200   0.873400   0.912800 
405   0.270000   0.267000   0.279800   0.281400   0.279800   0.301400   0.314800   0.297400   0.326400   0.410000   0.636200   0.873200   0.912400 
406   0.268800   0.266200   0.279000   0.280000   0.278600   0.301600   0.314000   0.296400   0.326200   0.409400   0.636000   0.873400   0.912400 
407   0.267600   0.265400   0.278200   0.280400   0.277800   0.300600   0.313200   0.295600   0.325600   0.408400   0.636000   0.873800   0.912400 
408   0.266800   0.263800   0.276400   0.278400   0.276400   0.299600   0.311800   0.294800   0.324600   0.407600   0.635600   0.873800   0.912600 
409   0.265000   0.263400   0.276200   0.277400   0.277200   0.299200   0.311000   0.294200   0.323800   0.407800   0.634800   0.873000   0.912600 
410   0.265000   0.262000   0.275400   0.277200   0.274400   0.298000   0.310000   0.293200   0.322800   0.406800   0.634400   0.873200   0.912800 
411   0.264000   0.261400   0.274200   0.277000   0.274600   0.297000   0.308800   0.291400   0.322400   0.405600   0.634000   0.873200   0.912400 
412   0.262800   0.260800   0.274000   0.275000   0.273600   0.296200   0.307400   0.291000   0.321200   0.405800   0.633600   0.873200   0.913600 
413   0.262800   0.259400   0.272600   0.274200   0.273400   0.295200   0.306400   0.291200   0.321200   0.405600   0.633800   0.873600   0.913200 
414   0.261200   0.259400   0.271400   0.272600   0.271600   0.293600   0.305000   0.289800   0.320600   0.404400   0.633400   0.873000   0.913400 
415   0.260400   0.257800   0.270600   0.271600   0.270800   0.293200   0.303800   0.289200   0.319800   0.403400   0.632400   0.873000   0.912800 
416   0.260000   0.257400   0.269800   0.270400   0.269600   0.292400   0.302400   0.288600   0.319400   0.403600   0.632200   0.873200   0.913200 
417   0.259000   0.256600   0.269000   0.270400   0.269200   0.291400   0.301600   0.287000   0.318600   0.402800   0.631600   0.873600   0.912800 
418   0.256800   0.255200   0.268200   0.269400   0.268200   0.291400   0.300400   0.286600   0.317600   0.402000   0.631000   0.873400   0.912800 
419   0.255800   0.254000   0.266800   0.268000   0.267200   0.288800   0.299200   0.285000   0.317200   0.401400   0.630800   0.873000   0.912800 
420   0.255400   0.254000   0.267000   0.267600   0.266000   0.288400   0.298400   0.285200   0.317800   0.401200   0.630800   0.873200   0.912600 
421   0.254800   0.253400   0.265600   0.266200   0.265400   0.287000   0.297200   0.283400   0.317000   0.399600   0.630800   0.873200   0.912800 
422   0.253000   0.251000   0.265000   0.265600   0.264200   0.286200   0.296000   0.283400   0.316800   0.399000   0.630000   0.874000   0.912400 
423   0.251800   0.251400   0.263200   0.264600   0.263600   0.285400   0.295400   0.282000   0.316800   0.398600   0.630200   0.873400   0.912800 
424   0.251800   0.250000   0.263200   0.263400   0.262800   0.284200   0.294200   0.281800   0.316400   0.398200   0.628800   0.873400   0.912600 
425   0.250400   0.249200   0.262200   0.261800   0.262200   0.283600   0.292800   0.280600   0.316200   0.398600   0.627800   0.873000   0.912400 
426   0.250000   0.248400   0.261400   0.260800   0.261200   0.283400   0.292000   0.280400   0.316000   0.397200   0.628800   0.874200   0.912800 
427   0.249600   0.247400   0.259600   0.260400   0.259800   0.283000   0.290200   0.279600   0.315600   0.395800   0.628000   0.873000   0.912600 
428   0.248600   0.246400   0.259000   0.259000   0.258600   0.281800   0.289200   0.279000   0.315600   0.395400   0.627400   0.872600   0.912400 
429   0.247600   0.245600   0.258400   0.258600   0.257400   0.281000   0.288200   0.278200   0.314600   0.395800   0.627000   0.873000   0.912800 
430   0.246800   0.245200   0.257600   0.257600   0.256600   0.280600   0.287000   0.276800   0.314600   0.395000   0.627600   0.873000   0.912600 
431   0.245800   0.244000   0.256200   0.256600   0.255400   0.280200   0.286000   0.277200   0.313600   0.394600   0.626400   0.872400   0.912800 
432   0.245200   0.243400   0.255400   0.255000   0.255200   0.280000   0.284800   0.275800   0.313200   0.393800   0.626200   0.872600   0.912400 
433   0.245000   0.242600   0.254400   0.254800   0.254800   0.278200   0.283600   0.275400   0.312800   0.392800   0.626000   0.873600   0.912400 
434   0.243800   0.241800   0.254000   0.253600   0.253400   0.278200   0.283400   0.274600   0.312800   0.392800   0.625200   0.872600   0.912600 
435   0.242400   0.241600   0.253400   0.252800   0.253000   0.277400   0.282000   0.273600   0.312000   0.392600   0.624800   0.872800   0.912400 
436   0.241600   0.240400   0.253000   0.251600   0.252400   0.277000   0.280600   0.272400   0.311400   0.392000   0.624600   0.873400   0.912800 
437   0.241600   0.239400   0.251200   0.250800   0.251400   0.277000   0.280400   0.272400   0.312000   0.390800   0.623600   0.873200   0.913200 
438   0.241200   0.238600   0.250600   0.250200   0.251000   0.277000   0.278400   0.271600   0.311000   0.391000   0.623600   0.873000   0.913000 
439   0.239400   0.238000   0.249600   0.249600   0.250200   0.276800   0.277400   0.269400   0.310400   0.390000   0.623200   0.873600   0.912800 
440   0.239600   0.237400   0.248800   0.247400   0.249200   0.276600   0.276200   0.270000   0.310000   0.389600   0.622600   0.873800   0.912800 
441   0.238800   0.237000   0.249400   0.246600   0.249200   0.276000   0.275600   0.268200   0.308800   0.389000   0.622200   0.873600   0.912800 
442   0.238400   0.235000   0.247600   0.245400   0.248400   0.276000   0.274000   0.268400   0.308600   0.388800   0.622200   0.873400   0.912800 
443   0.236800   0.235000   0.247000   0.244800   0.247800   0.276600   0.273400   0.267400   0.308800   0.388200   0.622600   0.873200   0.912200 
444   0.236800   0.234400   0.246000   0.244000   0.247600   0.276800   0.271400   0.266400   0.308000   0.387800   0.623000   0.873200   0.912400 
445   0.236800   0.233400   0.245400   0.244000   0.246800   0.276600   0.270200   0.265200   0.307600   0.387200   0.621600   0.873800   0.913000 
446   0.236800   0.233000   0.244200   0.242600   0.246400   0.276400   0.269400   0.266200   0.306600   0.386000   0.621600   0.873400   0.912200 
447   0.236400   0.232000   0.243800   0.242000   0.244800   0.275600   0.267800   0.265000   0.306800   0.386400   0.622000   0.873200   0.913000 
448   0.235200   0.231000   0.243800   0.240600   0.244800   0.275600   0.266800   0.263800   0.306000   0.385800   0.621800   0.873200   0.912800 
449   0.234600   0.230200   0.242800   0.240200   0.243600   0.275600   0.266400   0.264200   0.305600   0.385000   0.621400   0.873600   0.912800 
450   0.234000   0.230000   0.242000   0.239600   0.243400   0.275800   0.264600   0.263400   0.305000   0.385000   0.621800   0.873200   0.913000 
451   0.232800   0.229400   0.240200   0.238400   0.243200   0.275000   0.264000   0.263200   0.304400   0.384400   0.621800   0.873200   0.913000 
452   0.233000   0.227600   0.240200   0.238000   0.241800   0.275600   0.263600   0.262200   0.304400   0.383800   0.621800   0.872800   0.912800 
453   0.232200   0.227400   0.238400   0.236800   0.242200   0.274400   0.263000   0.262000   0.303800   0.383600   0.622800   0.873600   0.912400 
454   0.232000   0.227000   0.237800   0.236000   0.240800   0.273800   0.261400   0.261400   0.303200   0.383000   0.622600   0.873600   0.912200 
455   0.230800   0.225800   0.238000   0.235400   0.240600   0.274800   0.260400   0.260200   0.304000   0.383600   0.622200   0.873400   0.913600 
456   0.230600   0.225600   0.237000   0.233600   0.240000   0.273800   0.259600   0.259600   0.303200   0.383200   0.621600   0.872600   0.913400 
457   0.230200   0.224600   0.236200   0.233800   0.239800   0.274000   0.258800   0.260200   0.303000   0.381800   0.622200   0.873000   0.913400 
458   0.229600   0.224000   0.236200   0.233400   0.238800   0.274000   0.257400   0.259000   0.302600   0.381400   0.622400   0.872600   0.912600 
459   0.228800   0.223600   0.235600   0.232800   0.239000   0.273800   0.257200   0.259000   0.302600   0.381200   0.622200   0.872800   0.912600 
460   0.229400   0.223400   0.234600   0.232200   0.237800   0.273800   0.256800   0.258000   0.302200   0.381200   0.622400   0.873000   0.913000 
461   0.229400   0.222200   0.234000   0.231200   0.237800   0.274200   0.255600   0.257200   0.301800   0.380400   0.622000   0.873200   0.912800 
462   0.229200   0.222000   0.233400   0.230800   0.237800   0.274200   0.255000   0.257000   0.302000   0.380600   0.621800   0.872600   0.912600 
463   0.228600   0.221600   0.234000   0.230200   0.237400   0.273400   0.254600   0.256600   0.301600   0.379600   0.622400   0.872600   0.913200 
464   0.228400   0.220400   0.232600   0.229800   0.237200   0.273600   0.253600   0.255600   0.301200   0.379600   0.622200   0.873400   0.913000 
465   0.227600   0.221000   0.232200   0.229400   0.236800   0.273000   0.253400   0.254800   0.301400   0.378800   0.622200   0.872800   0.913200 
466   0.227600   0.220000   0.232200   0.228800   0.236400   0.273000   0.253000   0.254800   0.302000   0.377600   0.621800   0.872800   0.912800 
467   0.227600   0.219800   0.231800   0.228000   0.235400   0.272800   0.252000   0.254800   0.301800   0.378400   0.622000   0.872800   0.912800 
468   0.227400   0.219800   0.231400   0.228200   0.235200   0.272400   0.252000   0.253800   0.301600   0.377800   0.622200   0.873600   0.913000 
469   0.226200   0.219000   0.231400   0.228000   0.235400   0.273200   0.251200   0.253800   0.301800   0.377400   0.621600   0.872800   0.913000 
470   0.227000   0.219600   0.230600   0.227600   0.234600   0.273400   0.250200   0.254200   0.301800   0.377200   0.621600   0.873200   0.913000 
471   0.227000   0.218600   0.230200   0.227200   0.233800   0.273000   0.250200   0.253400   0.302000   0.377400   0.622000   0.872800   0.912800 
472   0.227200   0.219200   0.230200   0.226800   0.232800   0.273000   0.249600   0.254000   0.302000   0.376800   0.622200   0.872800   0.912800 
473   0.225800   0.218600   0.229200   0.226000   0.233200   0.272400   0.249200   0.252800   0.301200   0.376600   0.622000   0.873000   0.913000 
474   0.225600   0.217800   0.229800   0.226400   0.232800   0.273000   0.247400   0.252000   0.301600   0.376200   0.622600   0.873600   0.912800 
475   0.225000   0.217800   0.229000   0.225400   0.233000   0.272400   0.247000   0.252400   0.302400   0.376000   0.622600   0.872400   0.912600 
476   0.225000   0.217200   0.228600   0.225200   0.232200   0.273800   0.246800   0.251600   0.301600   0.376000   0.621800   0.872800   0.912600 
477   0.225000   0.217000   0.228400   0.225400   0.232200   0.273400   0.245600   0.251800   0.301200   0.375800   0.622000   0.873000   0.913200 
478   0.225200   0.217000   0.227400   0.224800   0.232000   0.272600   0.245800   0.252200   0.301200   0.376200   0.622200   0.873000   0.912600 
479   0.224400   0.216200   0.228200   0.224400   0.231400   0.273200   0.245000   0.252200   0.301200   0.375800   0.622200   0.872600   0.912600 
480   0.224600   0.216600   0.227800   0.224800   0.232000   0.272600   0.245000   0.251600   0.302000   0.375200   0.622600   0.872600   0.912600 
481   0.224200   0.215800   0.227400   0.224800   0.231800   0.273600   0.244400   0.251200   0.301600   0.375000   0.621600   0.872200   0.912600 
482   0.223600   0.215800   0.227200   0.225200   0.232400   0.272000   0.244600   0.250800   0.301600   0.375800   0.622200   0.872800   0.912600 
483   0.224000   0.215000   0.226400   0.225000   0.231400   0.273000   0.243600   0.251400   0.301400   0.375600   0.622400   0.873000   0.913200 
484   0.223600   0.215000   0.226400   0.225000   0.231600   0.272600   0.243400   0.251000   0.301000   0.375600   0.622600   0.873600   0.912800 
485   0.224000   0.215600   0.226400   0.225000   0.230600   0.273200   0.243800   0.251200   0.301400   0.375400   0.622400   0.873400   0.912600 
486   0.223400   0.214800   0.226000   0.224400   0.231200   0.272200   0.243200   0.250000   0.301200   0.375600   0.622400   0.873000   0.912600 
487   0.223400   0.214800   0.226400   0.225600   0.231600   0.273000   0.243800   0.250800   0.301200   0.376200   0.622800   0.873600   0.912200 
488   0.223600   0.215400   0.226200   0.225000   0.232000   0.271800   0.243600   0.251400   0.301400   0.375000   0.622800   0.874000   0.912200 
489   0.222800   0.215600   0.226400   0.225200   0.231800   0.273200   0.243400   0.249800   0.301400   0.374800   0.622600   0.873400   0.913000 
490   0.223200   0.215200   0.226200   0.225200   0.232000   0.273400   0.242800   0.250200   0.301600   0.375200   0.622400   0.873600   0.912600 
491   0.222000   0.214000   0.226200   0.225200   0.231800   0.272400   0.242800   0.250200   0.301000   0.375200   0.622200   0.873400   0.912600 
492   0.222800   0.214800   0.226000   0.225400   0.232000   0.273000   0.242200   0.249200   0.301400   0.375400   0.622400   0.873200   0.912600 
493   0.223000   0.214400   0.225600   0.225200   0.232200   0.272600   0.242200   0.249600   0.301000   0.374600   0.622000   0.873200   0.912400 
494   0.222600   0.213400   0.225600   0.225600   0.232600   0.272400   0.243000   0.249600   0.301200   0.375000   0.622400   0.873200   0.912800 
495   0.222800   0.213800   0.225800   0.225200   0.232000   0.272800   0.242200   0.249000   0.301400   0.374200   0.622400   0.873200   0.912600 
496   0.222800   0.213800   0.225800   0.225600   0.231800   0.273400   0.242200   0.248800   0.301400   0.375000   0.621800   0.872800   0.912800 
497   0.223000   0.212800   0.225600   0.225000   0.231600   0.272400   0.242600   0.248800   0.301800   0.374800   0.622200   0.873000   0.912600 
498   0.222600   0.213400   0.225200   0.225200   0.232400   0.273000   0.243000   0.248600   0.301600   0.374600   0.622800   0.873400   0.912600 
499   0.223000   0.213800   0.225200   0.224800   0.231800   0.272800   0.242400   0.248800   0.301600   0.374800   0.622600   0.873200   0.913000 
