0   0.999898
1   0.902494
2   0.855786
3   0.810834
4   0.770274
5   0.731080
6   0.693424
7   0.657780
8   0.624054
9   0.591862
10   0.561784
11   0.532874
12   0.506322
13   0.480316
14   0.455872
15   0.432360
16   0.409854
17   0.387450
18   0.367028
19   0.349026
20   0.330490
21   0.314054
22   0.297506
23   0.283068
24   0.267410
25   0.254394
26   0.242082
27   0.229522
28   0.216996
29   0.205378
30   0.194476
31   0.183636
32   0.173888
33   0.164888
34   0.156852
35   0.148748
36   0.141536
37   0.134064
38   0.127614
39   0.121976
40   0.116450
41   0.110332
42   0.104930
43   0.099766
44   0.095120
45   0.090582
46   0.086462
47   0.083108
48   0.079150
49   0.076344
50   0.072534
51   0.068412
52   0.064470
53   0.061884
54   0.057188
55   0.054356
56   0.051266
57   0.048700
58   0.047208
59   0.044768
60   0.042864
61   0.039090
62   0.036096
63   0.033066
64   0.031560
65   0.028846
66   0.025786
67   0.023288
68   0.020820
69   0.018422
70   0.016044
71   0.013774
72   0.011180
73   0.009052
74   0.007652
75   0.005676
76   0.003926
77   0.002872
78   0.002070
79  -0.000030
80  -0.001984
81  -0.004462
82  -0.006240
83  -0.007538
84  -0.008526
85  -0.008778
86  -0.009512
87  -0.010430
88  -0.011118
89  -0.011488
90  -0.011646
91  -0.011586
92  -0.011348
93  -0.011904
94  -0.013144
95  -0.013860
96  -0.014926
97  -0.015986
98  -0.015496
99  -0.015358
100  -0.014384
101  -0.014886
102  -0.014344
103  -0.013518
104  -0.013022
105  -0.011414
106  -0.011240
107  -0.009222
108  -0.008038
109  -0.007502
110  -0.007074
111  -0.006468
112  -0.004614
113  -0.003998
114  -0.004830
115  -0.004182
116  -0.003632
117  -0.002928
118  -0.003164
119  -0.002082
120  -0.001678
121  -0.000780
122   0.001656
123   0.001930
124   0.003120
125   0.004198
126   0.004178
127   0.004500
128   0.004476
129   0.002880
130   0.003150
131   0.002284
132   0.002794
133   0.002356
134   0.003244
135   0.003076
136   0.001970
137   0.001042
138   0.001856
139   0.002596
140   0.002862
141   0.004302
142   0.006084
143   0.005738
144   0.006324
145   0.006900
146   0.008718
147   0.009644
148   0.010846
149   0.011530
150   0.011468
151   0.011370
152   0.012436
153   0.012278
154   0.011882
155   0.012326
156   0.012004
157   0.012462
158   0.013168
159   0.013312
160   0.012916
161   0.012556
162   0.012702
163   0.012684
164   0.013744
165   0.015128
166   0.015080
167   0.015130
168   0.014696
169   0.014094
170   0.014052
171   0.014134
172   0.012952
173   0.011674
174   0.011316
175   0.010952
176   0.009080
177   0.008250
178   0.007288
179   0.006148
180   0.004584
181   0.003036
182   0.002628
183   0.000756
184   0.000840
185  -0.001164
186  -0.001052
187  -0.003040
188  -0.002322
189  -0.003228
190  -0.002622
191  -0.002492
192  -0.002482
193  -0.002328
194  -0.002596
195  -0.003334
196  -0.003342
197  -0.004042
198  -0.003496
199  -0.003058
200  -0.002684
201  -0.004276
202  -0.005668
203  -0.005624
204  -0.005964
205  -0.007160
206  -0.007106
207  -0.008124
208  -0.007570
209  -0.007762
210  -0.006660
211  -0.005214
212  -0.004318
213  -0.002238
214  -0.001428
215  -0.000574
216  -0.001018
217  -0.001150
218  -0.001628
219  -0.001944
220  -0.001696
221  -0.001016
222  -0.000758
223  -0.000646
224   0.000638
225   0.001732
226   0.003122
227   0.004372
228   0.005726
229   0.007266
230   0.009510
231   0.010708
232   0.012106
233   0.013470
234   0.012944
235   0.014564
236   0.014278
237   0.015998
238   0.016474
239   0.016732
240   0.017122
241   0.017952
242   0.018444
243   0.017656
244   0.016626
245   0.015350
246   0.013234
247   0.011606
248   0.008610
249   0.006830
250   0.003890
251   0.001122
252  -0.000096
253  -0.001438
254  -0.003660
255  -0.004192
256  -0.005676
257  -0.007452
258  -0.009304
259  -0.009706
260  -0.010278
261  -0.011264
262  -0.013070
263  -0.013370
264  -0.013356
265  -0.014668
266  -0.015664
267  -0.016524
268  -0.017744
269  -0.018590
270  -0.018484
271  -0.018816
272  -0.019748
273  -0.020078
274  -0.019456
275  -0.019742
276  -0.019988
277  -0.019600
278  -0.019646
279  -0.018802
280  -0.019074
281  -0.019226
282  -0.019202
283  -0.018402
284  -0.016664
285  -0.014652
286  -0.013914
287  -0.012038
288  -0.010272
289  -0.008840
290  -0.008494
291  -0.006736
292  -0.006358
293  -0.005484
294  -0.004242
295  -0.002744
296  -0.002562
297  -0.002652
298  -0.002716
299  -0.001870
300  -0.001072
301   0.000002
302   0.001610
303   0.004326
304   0.005744
305   0.007192
306   0.008574
307   0.009140
308   0.010242
309   0.011638
310   0.013658
311   0.014200
312   0.015636
313   0.016420
314   0.016232
315   0.016682
316   0.015616
317   0.015332
318   0.014312
319   0.013114
320   0.013384
321   0.013440
322   0.013468
323   0.013494
324   0.013906
325   0.012908
326   0.011950
327   0.010776
328   0.009202
329   0.008346
330   0.006556
331   0.004532
332   0.003628
333   0.003096
334   0.002036
335   0.000520
336   0.000710
337   0.000618
338   0.000954
339   0.000442
340   0.002082
341   0.004234
342   0.005984
343   0.008628
344   0.012324
345   0.014572
346   0.018166
347   0.021644
348   0.024050
349   0.025886
350   0.027788
351   0.029100
352   0.031040
353   0.032728
354   0.034172
355   0.034522
356   0.036368
357   0.038424
358   0.038432
359   0.039700
360   0.040874
361   0.041458
362   0.041526
363   0.040446
364   0.039770
365   0.039160
366   0.037640
367   0.036110
368   0.035136
369   0.034420
370   0.033604
371   0.030690
372   0.029324
373   0.028204
374   0.026370
375   0.025842
376   0.025302
377   0.025168
378   0.025170
379   0.024040
380   0.023376
381   0.022236
382   0.021010
383   0.021426
384   0.020590
385   0.021458
386   0.022876
387   0.022838
388   0.023010
389   0.023388
390   0.023290
391   0.022864
392   0.023526
393   0.022834
394   0.022488
395   0.021962
396   0.021266
397   0.020810
398   0.021280
399   0.021862
400   0.021260
401   0.021942
402   0.022556
403   0.023658
404   0.023418
405   0.023408
406   0.022770
407   0.024600
408   0.025300
409   0.026382
410   0.027992
411   0.028144
412   0.028516
413   0.028528
414   0.027514
415   0.027232
416   0.026394
417   0.025622
418   0.023836
419   0.021882
420   0.021436
421   0.020040
422   0.018208
423   0.015472
424   0.014498
425   0.012246
426   0.010278
427   0.008536
428   0.006632
429   0.004992
430   0.003568
431   0.001526
432   0.000488
433  -0.000650
434  -0.001186
435  -0.002032
436  -0.001540
437  -0.001610
438  -0.000542
439  -0.001028
440  -0.000878
441  -0.000876
442   0.000030
443   0.001170
444   0.002530
445   0.004828
446   0.005116
447   0.006368
448   0.008266
449   0.009294
450   0.010124
451   0.010304
452   0.011794
453   0.013356
454   0.014224
455   0.013838
456   0.012988
457   0.012664
458   0.012244
459   0.011640
460   0.012336
461   0.013094
462   0.012630
463   0.013606
464   0.014730
465   0.016190
466   0.017220
467   0.018676
468   0.019966
469   0.020598
470   0.021148
471   0.021638
472   0.021754
473   0.022288
474   0.021630
475   0.021760
476   0.021422
477   0.021508
478   0.021960
479   0.021984
480   0.021630
481   0.021278
482   0.021490
483   0.021220
484   0.020632
485   0.020482
486   0.020928
487   0.021030
488   0.021830
489   0.021544
490   0.021958
491   0.022334
492   0.021908
493   0.020980
494   0.021418
495   0.020134
496   0.019054
497   0.017822
498   0.016712
499   0.016712
500   0.015872
-499   0.015498
-498   0.014432
-497   0.013326
-496   0.013136
-495   0.012428
-494   0.013164
-493   0.012286
-492   0.012122
-491   0.012048
-490   0.011494
-489   0.010782
-488   0.009944
-487   0.007908
-486   0.006624
-485   0.005948
-484   0.004288
-483   0.003482
-482   0.004232
-481   0.002992
-480   0.001894
-479   0.001226
-478   0.000806
-477  -0.000430
-476  -0.000956
-475  -0.002172
-474  -0.003366
-473  -0.003738
-472  -0.004808
-471  -0.005354
-470  -0.005808
-469  -0.006832
-468  -0.008308
-467  -0.009544
-466  -0.011904
-465  -0.012834
-464  -0.013138
-463  -0.014524
-462  -0.015002
-461  -0.016612
-460  -0.015640
-459  -0.015486
-458  -0.015998
-457  -0.016338
-456  -0.016064
-455  -0.015744
-454  -0.015248
-453  -0.013428
-452  -0.011554
-451  -0.011028
-450  -0.010178
-449  -0.009924
-448  -0.009802
-447  -0.009458
-446  -0.007904
-445  -0.007802
-444  -0.007204
-443  -0.006526
-442  -0.005304
-441  -0.004964
-440  -0.004242
-439  -0.002096
-438  -0.001432
-437   0.000024
-436   0.000542
-435   0.000194
-434  -0.000172
-433   0.000630
-432   0.000352
-431   0.000350
-430  -0.000208
-429  -0.000804
-428  -0.001130
-427  -0.002164
-426  -0.002086
-425  -0.001852
-424  -0.000132
-423   0.001234
-422   0.002040
-421   0.003072
-420   0.003196
-419   0.004276
-418   0.005420
-417   0.006564
-416   0.007432
-415   0.008572
-414   0.009416
-413   0.008980
-412   0.010290
-411   0.009510
-410   0.009014
-409   0.008590
-408   0.007976
-407   0.007658
-406   0.006736
-405   0.006294
-404   0.006330
-403   0.006696
-402   0.006198
-401   0.005408
-400   0.004244
-399   0.002528
-398   0.000656
-397  -0.000132
-396  -0.002052
-395  -0.003712
-394  -0.003798
-393  -0.005050
-392  -0.005748
-391  -0.007038
-390  -0.007372
-389  -0.008682
-388  -0.008684
-387  -0.008862
-386  -0.008102
-385  -0.007628
-384  -0.007822
-383  -0.008416
-382  -0.008400
-381  -0.008928
-380  -0.009208
-379  -0.010282
-378  -0.011242
-377  -0.012690
-376  -0.014016
-375  -0.014262
-374  -0.014066
-373  -0.013910
-372  -0.013004
-371  -0.012460
-370  -0.013446
-369  -0.012780
-368  -0.012888
-367  -0.013600
-366  -0.013292
-365  -0.013374
-364  -0.012836
-363  -0.011606
-362  -0.011060
-361  -0.010052
-360  -0.009378
-359  -0.009290
-358  -0.009018
-357  -0.009352
-356  -0.010200
-355  -0.010490
-354  -0.010900
-353  -0.011498
-352  -0.010840
-351  -0.010590
-350  -0.009900
-349  -0.009252
-348  -0.009270
-347  -0.009710
-346  -0.009920
-345  -0.010450
-344  -0.010532
-343  -0.008910
-342  -0.008230
-341  -0.007572
-340  -0.006444
-339  -0.005780
-338  -0.004126
-337  -0.004004
-336  -0.002714
-335  -0.001206
-334  -0.000258
-333   0.001136
-332   0.002688
-331   0.004496
-330   0.004552
-329   0.005162
-328   0.006062
-327   0.006046
-326   0.007532
-325   0.008574
-324   0.009700
-323   0.010486
-322   0.011032
-321   0.011544
-320   0.012748
-319   0.013236
-318   0.014238
-317   0.014642
-316   0.015086
-315   0.014478
-314   0.013022
-313   0.012954
-312   0.012984
-311   0.012816
-310   0.013094
-309   0.013642
-308   0.013762
-307   0.015170
-306   0.017012
-305   0.017902
-304   0.018506
-303   0.019912
-302   0.019406
-301   0.019720
-300   0.020636
-299   0.021038
-298   0.021082
-297   0.021010
-296   0.021754
-295   0.021706
-294   0.022194
-293   0.023334
-292   0.023340
-291   0.023436
-290   0.025020
-289   0.024964
-288   0.025788
-287   0.026952
-286   0.027540
-285   0.028794
-284   0.028298
-283   0.027900
-282   0.028278
-281   0.028904
-280   0.029474
-279   0.029150
-278   0.029768
-277   0.029634
-276   0.029212
-275   0.029792
-274   0.029668
-273   0.029374
-272   0.029388
-271   0.029822
-270   0.029242
-269   0.028328
-268   0.026068
-267   0.024344
-266   0.021624
-265   0.019206
-264   0.017188
-263   0.016040
-262   0.015488
-261   0.014516
-260   0.013652
-259   0.013904
-258   0.012636
-257   0.012068
-256   0.011726
-255   0.012234
-254   0.012144
-253   0.013006
-252   0.013816
-251   0.013078
-250   0.012334
-249   0.012044
-248   0.011628
-247   0.010714
-246   0.010400
-245   0.010492
-244   0.011212
-243   0.011450
-242   0.011098
-241   0.011826
-240   0.012258
-239   0.012484
-238   0.013052
-237   0.013912
-236   0.015138
-235   0.015682
-234   0.016372
-233   0.017070
-232   0.017988
-231   0.019156
-230   0.019654
-229   0.019960
-228   0.020090
-227   0.020006
-226   0.019464
-225   0.019268
-224   0.018458
-223   0.019362
-222   0.020686
-221   0.020822
-220   0.021026
-219   0.021176
-218   0.021844
-217   0.021424
-216   0.021768
-215   0.020866
-214   0.020184
-213   0.019620
-212   0.018910
-211   0.017622
-210   0.017744
-209   0.016670
-208   0.016342
-207   0.016918
-206   0.016896
-205   0.017482
-204   0.019086
-203   0.018458
-202   0.019080
-201   0.019384
-200   0.020190
-199   0.019724
-198   0.018640
-197   0.016614
-196   0.014808
-195   0.012532
-194   0.010584
-193   0.009760
-192   0.008026
-191   0.006012
-190   0.004002
-189   0.002678
-188   0.000700
-187  -0.001618
-186  -0.002840
-185  -0.003586
-184  -0.004460
-183  -0.006092
-182  -0.006278
-181  -0.008278
-180  -0.007950
-179  -0.008676
-178  -0.009084
-177  -0.010400
-176  -0.011228
-175  -0.011354
-174  -0.012324
-173  -0.012250
-172  -0.011480
-171  -0.011368
-170  -0.011172
-169  -0.012566
-168  -0.013824
-167  -0.014276
-166  -0.014076
-165  -0.013558
-164  -0.013998
-163  -0.014710
-162  -0.014682
-161  -0.015042
-160  -0.014862
-159  -0.014240
-158  -0.014258
-157  -0.014388
-156  -0.012704
-155  -0.011420
-154  -0.010288
-153  -0.009200
-152  -0.008192
-151  -0.007964
-150  -0.006886
-149  -0.006326
-148  -0.004364
-147  -0.003458
-146  -0.003154
-145  -0.003288
-144  -0.001778
-143  -0.000892
-142  -0.000044
-141   0.001816
-140   0.003834
-139   0.004984
-138   0.006676
-137   0.007910
-136   0.008222
-135   0.008796
-134   0.009150
-133   0.009744
-132   0.009678
-131   0.010212
-130   0.011584
-129   0.012678
-128   0.014120
-127   0.015896
-126   0.017214
-125   0.018984
-124   0.018824
-123   0.019956
-122   0.020060
-121   0.019768
-120   0.019904
-119   0.018970
-118   0.018276
-117   0.015948
-116   0.015366
-115   0.014320
-114   0.013324
-113   0.013028
-112   0.011972
-111   0.011876
-110   0.012162
-109   0.012868
-108   0.013894
-107   0.013806
-106   0.013344
-105   0.012544
-104   0.012774
-103   0.011908
-102   0.010768
-101   0.011210
-100   0.010844
-99   0.011704
-98   0.012828
-97   0.012878
-96   0.013548
-95   0.013148
-94   0.013780
-93   0.013004
-92   0.012494
-91   0.011610
-90   0.012622
-89   0.014018
-88   0.014058
-87   0.015698
-86   0.017288
-85   0.018822
-84   0.019190
-83   0.019350
-82   0.019114
-81   0.018994
-80   0.018720
-79   0.019004
-78   0.020452
-77   0.021164
-76   0.021564
-75   0.023326
-74   0.023674
-73   0.023688
-72   0.023772
-71   0.023872
-70   0.023060
-69   0.023930
-68   0.023212
-67   0.024328
-66   0.025674
-65   0.025968
-64   0.027450
-63   0.028162
-62   0.028562
-61   0.029294
-60   0.031358
-59   0.034232
-58   0.036618
-57   0.039458
-56   0.044300
-55   0.047748
-54   0.052396
-53   0.055952
-52   0.059772
-51   0.063288
-50   0.068374
-49   0.072356
-48   0.075254
-47   0.079160
-46   0.082664
-45   0.086742
-44   0.089640
-43   0.094038
-42   0.098364
-41   0.102346
-40   0.107430
-39   0.112882
-38   0.118976
-37   0.125366
-36   0.132056
-35   0.139728
-34   0.145742
-33   0.153626
-32   0.162574
-31   0.172226
-30   0.182888
-29   0.193944
-28   0.205410
-27   0.218050
-26   0.231042
-25   0.245748
-24   0.260348
-23   0.276202
-22   0.291696
-21   0.308418
-20   0.325632
-19   0.344420
-18   0.364604
-17   0.384256
-16   0.406774
-15   0.430234
-14   0.454734
-13   0.481282
-12   0.507248
-11   0.534652
-10   0.562840
-9   0.592750
-8   0.624232
-7   0.658820
-6   0.694002
-5   0.731482
-4   0.771484
-3   0.812372
-2   0.855870
-1   0.903828
