0   0.930654
1   0.402360
2   0.306066
3   0.234566
4   0.180308
5   0.136596
6   0.103054
7   0.080050
8   0.060458
9   0.044534
10   0.034166
11   0.026918
12   0.021648
13   0.014926
14   0.012174
15   0.008788
16   0.009162
17   0.006514
18   0.003794
19   0.004076
20   0.002846
21   0.002010
22   0.002120
23   0.001772
24   0.000568
25   0.001834
26  -0.000442
27   0.001134
28   0.001694
29   0.000078
30   0.000390
31   0.001458
32   0.000398
33   0.000348
34   0.000020
35   0.000642
36   0.000902
37   0.001780
38   0.000238
39   0.001228
40   0.001144
41   0.000380
42  -0.001286
43  -0.000938
44   0.001270
45   0.000426
46   0.000572
47  -0.000436
48   0.000082
49   0.002094
50   0.000866
51   0.000036
52   0.001024
53   0.002154
54   0.000342
55   0.001790
56   0.001136
57   0.000884
58   0.001500
59   0.001936
60   0.002696
61   0.001422
62   0.001172
63   0.001522
64   0.002070
65   0.000768
66   0.002870
67   0.000408
68   0.000772
69   0.000704
70  -0.000480
71   0.000692
72   0.001490
73   0.001936
74   0.002196
75   0.003204
76   0.000942
77   0.002602
78   0.001488
79   0.000998
80   0.002874
81   0.000996
82   0.001390
83   0.001342
84  -0.000112
85  -0.000372
86   0.000130
87  -0.000910
88   0.000536
89   0.000664
90   0.002004
91   0.001898
92  -0.000462
93  -0.001462
94   0.001692
95   0.000078
96  -0.000844
97   0.000190
98  -0.001082
99  -0.000196
100  -0.004524
101  -0.004548
102  -0.002536
103  -0.003130
104  -0.002412
105  -0.002238
106  -0.001506
107  -0.000752
108  -0.000688
109  -0.002046
110   0.000614
111  -0.000820
112  -0.000528
113   0.000946
114   0.001558
115   0.002000
116   0.003530
117   0.000792
118   0.001976
119   0.003236
120   0.003564
121   0.003370
122   0.002522
123   0.002024
124   0.004570
125   0.003434
126   0.002494
127   0.003952
128   0.003266
129   0.001600
130   0.003250
131   0.002818
132   0.002592
133   0.003492
134   0.000934
135   0.000920
136   0.002512
137   0.000954
138   0.001158
139   0.000938
140   0.000320
141   0.002754
142  -0.000512
143   0.000038
144  -0.000818
145  -0.001570
146  -0.001298
147   0.000810
148   0.000292
149   0.001190
150   0.000658
151   0.001802
152   0.000334
153   0.000846
154  -0.000908
155   0.001174
156  -0.000798
157   0.002398
158  -0.000304
159   0.002228
160   0.005848
161   0.003588
162   0.004210
163   0.004872
164   0.002858
165   0.003812
166   0.002818
167   0.003446
168   0.002316
169   0.002040
170   0.004576
171   0.001120
172   0.002450
173   0.002790
174   0.003144
175   0.004218
176   0.003320
177   0.004320
178   0.002354
179   0.003130
180   0.001866
181   0.002026
182   0.000358
183   0.000346
184  -0.001944
185  -0.002146
186  -0.001672
187  -0.001308
188   0.000612
189   0.000914
190   0.001090
191  -0.000898
192   0.000480
193   0.002584
194   0.002096
195   0.000722
196   0.001246
197  -0.000944
198  -0.001322
199  -0.000138
200  -0.001192
201   0.000588
202   0.000674
203   0.000684
204   0.001068
205   0.002232
206   0.001456
207   0.003618
208   0.001270
209   0.000126
210   0.000202
211   0.000586
212  -0.000218
213  -0.000340
214   0.000074
215  -0.002086
216  -0.000904
217  -0.000624
218   0.000132
219  -0.000368
220   0.001230
221   0.000874
222   0.002432
223   0.003438
224   0.000296
225   0.001380
226   0.003586
227   0.002066
228   0.001776
229   0.001714
230   0.001202
231   0.001010
232   0.001788
233   0.001736
234   0.002158
235   0.002716
236   0.002526
237   0.001472
238  -0.000216
239   0.001098
240   0.001398
241  -0.000646
242   0.000600
243  -0.000460
244  -0.000598
245  -0.001384
246   0.001086
247   0.000766
248   0.000358
249  -0.000244
250   0.000500
251  -0.001278
252  -0.002038
253  -0.001826
254  -0.002392
255  -0.003616
256  -0.003086
257  -0.005170
258  -0.003572
259  -0.004194
260  -0.004012
261  -0.005068
262  -0.004616
263  -0.003474
264  -0.001402
265  -0.002666
266  -0.002802
267  -0.001494
268  -0.000764
269   0.001394
270   0.000742
271   0.000676
272   0.002056
273   0.001864
274   0.000854
275   0.002122
276   0.002358
277   0.001880
278  -0.000078
279   0.000136
280   0.000420
281  -0.001468
282  -0.001442
283  -0.001772
284  -0.002198
285  -0.002230
286  -0.002518
287  -0.002274
288  -0.002494
289  -0.001798
290  -0.001512
291  -0.000628
292  -0.000686
293   0.000166
294  -0.000566
295  -0.001352
296  -0.000916
297  -0.002314
298  -0.002490
299  -0.001806
300  -0.001196
301  -0.001324
302   0.000726
303  -0.000302
304  -0.001104
305  -0.002568
306  -0.003046
307  -0.003544
308  -0.003896
309  -0.003434
310  -0.003398
311  -0.002808
312  -0.000912
313  -0.001530
314  -0.002026
315  -0.003090
316  -0.002628
317  -0.000042
318   0.000640
319   0.000212
320   0.000094
321  -0.002216
322  -0.001052
323  -0.000092
324   0.000116
325  -0.000008
326   0.000818
327   0.002478
328   0.002254
329   0.000034
330   0.000390
331   0.001756
332   0.000600
333  -0.000118
334   0.000278
335   0.000490
336  -0.002246
337  -0.001162
338  -0.001200
339  -0.001492
340  -0.000272
341  -0.000802
342   0.001002
343   0.001960
344   0.001958
345   0.000746
346   0.002448
347   0.002162
348   0.002978
349   0.002380
350   0.003062
351   0.002560
352   0.002818
353   0.000096
354   0.001302
355   0.000036
356  -0.000238
357  -0.002810
358  -0.002226
359  -0.001398
360  -0.002478
361  -0.000944
362  -0.001500
363  -0.000658
364  -0.001214
365  -0.001970
366  -0.001696
367  -0.000786
368   0.000034
369   0.001056
370  -0.000164
371  -0.000490
372  -0.000536
373  -0.000118
374   0.001454
375   0.000434
376  -0.001418
377   0.000032
378   0.000968
379   0.001116
380  -0.000776
381   0.000646
382   0.000174
383   0.000988
384   0.002048
385  -0.000330
386   0.001378
387   0.000318
388   0.001730
389   0.000876
390  -0.001048
391  -0.000278
392  -0.001296
393  -0.001810
394   0.000830
395  -0.000242
396   0.000724
397   0.004224
398   0.000400
399   0.000142
400   0.001194
401   0.002290
402   0.002332
403   0.001926
404   0.002090
405   0.000556
406   0.002032
407   0.001608
408   0.002732
409   0.000736
410   0.002212
411   0.002774
412   0.000076
413   0.002282
414   0.000772
415   0.000396
416   0.001502
417  -0.001508
418  -0.001526
419  -0.001834
420  -0.001854
421  -0.001024
422  -0.002264
423  -0.003846
424  -0.004400
425  -0.003698
426  -0.001148
427  -0.003160
428  -0.003082
429  -0.003372
430  -0.002180
431  -0.002828
432  -0.002026
433  -0.001578
434  -0.000460
435  -0.001230
436  -0.000448
437  -0.000258
438  -0.001138
439  -0.000454
440   0.001094
441  -0.001248
442   0.000080
443  -0.001228
444  -0.002336
445  -0.003186
446  -0.001720
447  -0.003176
448  -0.001964
449  -0.003514
450  -0.005856
451  -0.004674
452  -0.004310
453  -0.003072
454  -0.006394
455  -0.003452
456  -0.005670
457  -0.005306
458  -0.003032
459  -0.001548
460  -0.003618
461  -0.002146
462  -0.002142
463  -0.000504
464   0.000388
465  -0.001946
466  -0.001158
467  -0.001694
468  -0.002172
469  -0.002226
470   0.001152
471  -0.000100
472   0.001902
473   0.000452
474   0.002948
475   0.001764
476   0.001694
477   0.000350
478   0.000858
479   0.000172
480   0.001920
481   0.001480
482   0.000200
483  -0.001928
484  -0.000542
485   0.001720
486   0.001532
487   0.001778
488  -0.000316
489   0.000884
490   0.000558
491   0.001322
492  -0.000598
493  -0.001978
494  -0.001274
495  -0.003528
496  -0.002512
497  -0.004382
498  -0.004676
499  -0.003994
500  -0.005498
-499  -0.004280
-498  -0.003480
-497  -0.002842
-496  -0.003108
-495  -0.002362
-494  -0.001568
-493  -0.001224
-492  -0.002658
-491  -0.001454
-490  -0.002218
-489   0.000226
-488   0.001042
-487   0.000062
-486  -0.000594
-485   0.001492
-484  -0.001946
-483  -0.000076
-482  -0.001508
-481  -0.001740
-480  -0.003806
-479  -0.002852
-478  -0.001958
-477  -0.002528
-476  -0.000960
-475  -0.001698
-474   0.000792
-473  -0.001188
-472  -0.000002
-471   0.002126
-470   0.000640
-469   0.000274
-468  -0.000078
-467  -0.001098
-466   0.000208
-465  -0.000524
-464   0.001148
-463   0.001028
-462   0.000870
-461  -0.001326
-460  -0.003380
-459  -0.001582
-458  -0.000892
-457  -0.002354
-456  -0.001568
-455   0.000028
-454  -0.002118
-453  -0.000556
-452  -0.001098
-451  -0.001866
-450  -0.001762
-449  -0.002492
-448  -0.001510
-447  -0.000440
-446   0.000076
-445   0.000172
-444   0.000458
-443   0.001538
-442   0.000756
-441   0.003140
-440   0.000984
-439   0.001490
-438   0.001400
-437   0.003248
-436   0.000406
-435   0.000940
-434   0.000590
-433  -0.000728
-432  -0.000810
-431  -0.000324
-430  -0.000378
-429   0.000806
-428  -0.000494
-427   0.000432
-426   0.001376
-425   0.003458
-424   0.002038
-423   0.001964
-422   0.002782
-421   0.003930
-420   0.003576
-419   0.003352
-418   0.003838
-417   0.003744
-416   0.005754
-415   0.004238
-414   0.004816
-413   0.004502
-412   0.004654
-411   0.003014
-410   0.003392
-409   0.003924
-408   0.002914
-407   0.002118
-406   0.000794
-405   0.000466
-404   0.000906
-403  -0.000214
-402   0.001044
-401   0.000492
-400  -0.000560
-399  -0.000656
-398  -0.002186
-397  -0.001164
-396   0.000098
-395   0.000982
-394  -0.002952
-393  -0.001908
-392  -0.001192
-391  -0.003324
-390  -0.004222
-389  -0.004106
-388  -0.002014
-387  -0.003128
-386  -0.001900
-385  -0.002792
-384  -0.003922
-383  -0.002534
-382  -0.001744
-381  -0.001030
-380   0.000628
-379   0.000120
-378  -0.002586
-377  -0.003026
-376  -0.000328
-375   0.001246
-374   0.002344
-373   0.002926
-372   0.002640
-371   0.002280
-370   0.001370
-369   0.000138
-368   0.001200
-367  -0.000322
-366   0.000076
-365   0.001600
-364   0.000952
-363   0.002130
-362   0.001350
-361   0.000344
-360   0.002208
-359   0.001732
-358   0.003030
-357   0.003598
-356   0.003462
-355   0.003200
-354   0.003736
-353   0.003588
-352   0.003242
-351   0.003884
-350   0.001890
-349   0.002194
-348   0.001716
-347   0.002220
-346   0.001426
-345   0.000218
-344  -0.000264
-343  -0.000198
-342   0.000276
-341   0.000018
-340   0.000126
-339   0.001844
-338   0.001492
-337   0.003020
-336   0.003488
-335   0.005256
-334   0.002678
-333   0.002450
-332   0.001200
-331   0.001080
-330   0.001206
-329   0.000628
-328  -0.000290
-327   0.002022
-326   0.000392
-325   0.003146
-324   0.003336
-323   0.004116
-322   0.003088
-321   0.000690
-320   0.001468
-319  -0.000644
-318  -0.001018
-317   0.000154
-316   0.000344
-315  -0.000944
-314  -0.001326
-313   0.000386
-312  -0.000416
-311  -0.000396
-310  -0.000490
-309  -0.001138
-308  -0.001832
-307  -0.002396
-306  -0.002386
-305  -0.000934
-304  -0.001344
-303   0.001914
-302  -0.000110
-301  -0.000900
-300   0.000666
-299  -0.000440
-298  -0.000260
-297  -0.001182
-296  -0.000182
-295  -0.000606
-294  -0.000962
-293  -0.000304
-292   0.001382
-291   0.000514
-290   0.000138
-289   0.002116
-288   0.000436
-287   0.000340
-286   0.000554
-285   0.000862
-284   0.001408
-283   0.000708
-282   0.000700
-281   0.000948
-280   0.001504
-279  -0.000286
-278   0.001356
-277   0.001444
-276  -0.000926
-275  -0.001204
-274  -0.000798
-273  -0.002052
-272  -0.001220
-271  -0.001000
-270  -0.001578
-269  -0.002458
-268  -0.003214
-267  -0.000674
-266  -0.002016
-265   0.000756
-264  -0.001410
-263  -0.002644
-262  -0.001036
-261  -0.000224
-260  -0.000342
-259   0.000568
-258   0.001100
-257   0.001814
-256   0.001238
-255   0.001566
-254   0.001342
-253   0.000714
-252  -0.000722
-251  -0.000472
-250  -0.001482
-249  -0.002070
-248  -0.002666
-247  -0.002300
-246  -0.001698
-245  -0.002658
-244  -0.001190
-243  -0.001188
-242  -0.001684
-241  -0.001404
-240  -0.000866
-239  -0.000424
-238   0.000682
-237   0.000140
-236  -0.001064
-235   0.000500
-234   0.000316
-233   0.001730
-232  -0.001006
-231  -0.001838
-230   0.000334
-229  -0.001056
-228  -0.000898
-227  -0.001460
-226  -0.002770
-225  -0.002262
-224  -0.003084
-223  -0.003084
-222  -0.002468
-221  -0.004118
-220  -0.004024
-219  -0.001396
-218  -0.001282
-217  -0.001074
-216  -0.001056
-215   0.001768
-214  -0.000312
-213  -0.001886
-212  -0.000250
-211   0.000552
-210  -0.001068
-209  -0.001374
-208  -0.001330
-207  -0.000968
-206  -0.000282
-205  -0.000886
-204  -0.000034
-203  -0.000532
-202  -0.000232
-201  -0.000540
-200  -0.001892
-199  -0.000696
-198   0.001338
-197   0.000034
-196   0.001680
-195   0.000450
-194   0.001222
-193   0.001188
-192  -0.000046
-191  -0.000356
-190  -0.000462
-189  -0.000970
-188   0.000024
-187   0.002220
-186   0.000334
-185   0.001492
-184   0.002904
-183   0.000436
-182   0.000108
-181  -0.002156
-180  -0.001104
-179  -0.002032
-178  -0.003242
-177  -0.002154
-176  -0.001182
-175  -0.002030
-174  -0.002484
-173   0.000438
-172  -0.000614
-171  -0.001696
-170   0.000242
-169  -0.000036
-168   0.000750
-167   0.001054
-166   0.000164
-165   0.001522
-164   0.002416
-163   0.002970
-162   0.005924
-161   0.005016
-160   0.004442
-159   0.002916
-158   0.001882
-157   0.002304
-156   0.000378
-155   0.001164
-154   0.001704
-153  -0.001338
-152  -0.001614
-151  -0.000272
-150  -0.002350
-149  -0.001974
-148  -0.001398
-147  -0.002528
-146  -0.003444
-145  -0.002574
-144  -0.002194
-143  -0.001068
-142  -0.002358
-141  -0.002284
-140  -0.004554
-139  -0.001848
-138  -0.002402
-137  -0.002212
-136  -0.000938
-135   0.000672
-134   0.000240
-133   0.000794
-132   0.000382
-131   0.002238
-130   0.001714
-129   0.000542
-128   0.001784
-127   0.000952
-126   0.001090
-125   0.000146
-124   0.000920
-123  -0.000402
-122   0.001246
-121  -0.003060
-120  -0.002854
-119  -0.000240
-118   0.000414
-117  -0.001206
-116  -0.001150
-115  -0.000550
-114  -0.001550
-113  -0.000520
-112  -0.000692
-111  -0.003074
-110  -0.003088
-109  -0.001868
-108  -0.000704
-107  -0.001534
-106  -0.000548
-105  -0.001606
-104  -0.000256
-103   0.000438
-102  -0.000712
-101   0.001132
-100  -0.000550
-99   0.000588
-98   0.001110
-97   0.000924
-96   0.000992
-95   0.001374
-94   0.000322
-93   0.003714
-92   0.001260
-91   0.000634
-90   0.001310
-89  -0.000078
-88  -0.000202
-87  -0.000286
-86  -0.002654
-85  -0.002506
-84  -0.000622
-83  -0.000272
-82  -0.000520
-81  -0.000230
-80  -0.001116
-79  -0.001476
-78  -0.003226
-77  -0.003960
-76  -0.002622
-75  -0.000724
-74  -0.002418
-73  -0.002156
-72  -0.001922
-71   0.000014
-70  -0.001216
-69  -0.001384
-68  -0.002584
-67  -0.001786
-66  -0.001512
-65  -0.002072
-64  -0.000610
-63   0.001986
-62   0.000542
-61   0.000158
-60   0.000430
-59  -0.000482
-58   0.001674
-57  -0.001558
-56  -0.002314
-55  -0.002862
-54  -0.003252
-53  -0.002806
-52  -0.003832
-51  -0.002384
-50  -0.000222
-49  -0.001782
-48  -0.001358
-47  -0.001420
-46  -0.002714
-45  -0.000664
-44  -0.003500
-43  -0.002362
-42  -0.002312
-41  -0.001838
-40  -0.001072
-39   0.000446
-38   0.000632
-37   0.001228
-36   0.002440
-35   0.001260
-34   0.001174
-33   0.001406
-32  -0.000212
-31  -0.000080
-30   0.000346
-29   0.000282
-28  -0.002086
-27  -0.000900
-26  -0.001460
-25  -0.001136
-24   0.002258
-23   0.003770
-22   0.003850
-21   0.003532
-20   0.003014
-19   0.006726
-18   0.005284
-17   0.003406
-16   0.005836
-15   0.008150
-14   0.010250
-13   0.012790
-12   0.019720
-11   0.027734
-10   0.035808
-9   0.044672
-8   0.060358
-7   0.079626
-6   0.104056
-5   0.137246
-4   0.179328
-3   0.235354
-2   0.305670
-1   0.401138
