0   0.621676
1   0.618692
2   0.616900
3   0.615104
4   0.613300
5   0.611446
6   0.609438
7   0.607424
8   0.605352
9   0.603250
10   0.601082
11   0.598870
12   0.596614
13   0.594386
14   0.591908
15   0.589154
16   0.586392
17   0.583654
18   0.581134
19   0.578268
20   0.575542
21   0.572698
22   0.569698
23   0.566838
24   0.563898
25   0.560964
26   0.558100
27   0.555240
28   0.552362
29   0.549662
30   0.546740
31   0.543878
32   0.540940
33   0.537888
34   0.534976
35   0.532028
36   0.529156
37   0.526276
38   0.523490
39   0.520650
40   0.517986
41   0.515222
42   0.512340
43   0.509374
44   0.506266
45   0.503136
46   0.500060
47   0.496880
48   0.493816
49   0.490790
50   0.487796
51   0.484840
52   0.481880
53   0.478858
54   0.475946
55   0.473050
56   0.470270
57   0.467382
58   0.464452
59   0.461482
60   0.458382
61   0.455416
62   0.452106
63   0.448580
64   0.445186
65   0.441938
66   0.438392
67   0.434714
68   0.431114
69   0.427228
70   0.423598
71   0.419906
72   0.416298
73   0.412654
74   0.409150
75   0.405758
76   0.402412
77   0.399022
78   0.395626
79   0.392136
80   0.388656
81   0.385288
82   0.381836
83   0.378398
84   0.374980
85   0.371752
86   0.368556
87   0.365498
88   0.362462
89   0.359628
90   0.357010
91   0.354476
92   0.352022
93   0.349458
94   0.346990
95   0.344680
96   0.342518
97   0.340180
98   0.337822
99   0.335382
100   0.332908
101   0.330582
102   0.328430
103   0.326274
104   0.324212
105   0.322080
106   0.319726
107   0.317478
108   0.315164
109   0.313002
110   0.310652
111   0.308422
112   0.306132
113   0.303996
114   0.301886
115   0.299756
116   0.297574
117   0.295358
118   0.293260
119   0.291156
120   0.288936
121   0.286880
122   0.284692
123   0.282292
124   0.279892
125   0.277538
126   0.274994
127   0.272564
128   0.270152
129   0.267536
130   0.265002
131   0.262446
132   0.259764
133   0.257036
134   0.254366
135   0.251742
136   0.249162
137   0.246636
138   0.244088
139   0.241472
140   0.238748
141   0.236162
142   0.233538
143   0.230862
144   0.228338
145   0.225974
146   0.223576
147   0.221128
148   0.218752
149   0.216326
150   0.214058
151   0.211744
152   0.209548
153   0.207548
154   0.205388
155   0.203276
156   0.201196
157   0.199236
158   0.197396
159   0.195292
160   0.193280
161   0.191334
162   0.189430
163   0.187422
164   0.185466
165   0.183592
166   0.181608
167   0.179594
168   0.177602
169   0.175730
170   0.173696
171   0.171698
172   0.169418
173   0.167336
174   0.165444
175   0.163470
176   0.161644
177   0.159910
178   0.158172
179   0.156682
180   0.155108
181   0.153444
182   0.151814
183   0.150184
184   0.148478
185   0.146822
186   0.145262
187   0.143632
188   0.141922
189   0.140294
190   0.138470
191   0.136748
192   0.134982
193   0.133164
194   0.131516
195   0.129922
196   0.128226
197   0.126464
198   0.124816
199   0.123328
200   0.121882
201   0.120398
202   0.118892
203   0.117494
204   0.116086
205   0.114742
206   0.113348
207   0.112188
208   0.110892
209   0.109736
210   0.108494
211   0.107354
212   0.106360
213   0.105514
214   0.104460
215   0.103506
216   0.102630
217   0.101908
218   0.101438
219   0.100904
220   0.100356
221   0.099880
222   0.099324
223   0.098814
224   0.098146
225   0.097432
226   0.096614
227   0.095590
228   0.094542
229   0.093718
230   0.092780
231   0.091824
232   0.090894
233   0.089984
234   0.089188
235   0.088442
236   0.087694
237   0.087016
238   0.086526
239   0.086052
240   0.085628
241   0.085306
242   0.085050
243   0.084718
244   0.084316
245   0.083880
246   0.083532
247   0.083280
248   0.082876
249   0.082564
250   0.082182
251   0.081680
252   0.081194
253   0.080916
254   0.080660
255   0.080376
256   0.080024
257   0.079790
258   0.079742
259   0.079604
260   0.079482
261   0.079390
262   0.079192
263   0.079120
264   0.079118
265   0.079040
266   0.078986
267   0.078856
268   0.078742
269   0.078694
270   0.078490
271   0.078486
272   0.078648
273   0.078742
274   0.078654
275   0.078840
276   0.079102
277   0.079386
278   0.079708
279   0.080066
280   0.080324
281   0.080286
282   0.080284
283   0.080286
284   0.080304
285   0.080156
286   0.080158
287   0.080252
288   0.080092
289   0.080126
290   0.080078
291   0.080072
292   0.080098
293   0.080092
294   0.080114
295   0.080170
296   0.080270
297   0.080486
298   0.080710
299   0.081022
300   0.081326
301   0.081598
302   0.082110
303   0.082374
304   0.082672
305   0.082950
306   0.083194
307   0.083524
308   0.083768
309   0.084208
310   0.084844
311   0.085352
312   0.085902
313   0.086484
314   0.086850
315   0.087168
316   0.087454
317   0.088062
318   0.088700
319   0.089264
320   0.089764
321   0.090518
322   0.091312
323   0.092028
324   0.092546
325   0.093108
326   0.093690
327   0.094242
328   0.094662
329   0.095280
330   0.095864
331   0.096446
332   0.097052
333   0.097760
334   0.098358
335   0.098978
336   0.099666
337   0.100428
338   0.101256
339   0.102006
340   0.102748
341   0.103642
342   0.104554
343   0.105584
344   0.106562
345   0.107486
346   0.108426
347   0.109404
348   0.110310
349   0.111232
350   0.112304
351   0.113418
352   0.114504
353   0.115590
354   0.116920
355   0.118270
356   0.119582
357   0.120942
358   0.122354
359   0.123692
360   0.125196
361   0.126818
362   0.128388
363   0.130252
364   0.132112
365   0.133988
366   0.135806
367   0.137474
368   0.139218
369   0.141036
370   0.142662
371   0.144310
372   0.145706
373   0.147136
374   0.148572
375   0.149844
376   0.151128
377   0.152482
378   0.153798
379   0.155080
380   0.156442
381   0.157692
382   0.159110
383   0.160356
384   0.161402
385   0.162546
386   0.163690
387   0.164700
388   0.165770
389   0.166728
390   0.167902
391   0.169108
392   0.170446
393   0.171692
394   0.172846
395   0.174070
396   0.175226
397   0.176324
398   0.177358
399   0.178420
400   0.179484
401   0.180482
402   0.181440
403   0.182100
404   0.182698
405   0.183418
406   0.183982
407   0.184540
408   0.184960
409   0.185384
410   0.185798
411   0.186260
412   0.186694
413   0.187278
414   0.187822
415   0.188386
416   0.188682
417   0.189100
418   0.189358
419   0.189660
420   0.189926
421   0.190194
422   0.190554
423   0.190836
424   0.191152
425   0.191388
426   0.191636
427   0.191990
428   0.192418
429   0.193090
430   0.193796
431   0.194378
432   0.194886
433   0.195350
434   0.195790
435   0.196196
436   0.196434
437   0.196770
438   0.197004
439   0.197244
440   0.197504
441   0.197722
442   0.198036
443   0.198206
444   0.198156
445   0.198094
446   0.197938
447   0.197858
448   0.197658
449   0.197478
450   0.197292
451   0.197182
452   0.197018
453   0.196756
454   0.196406
455   0.196002
456   0.195372
457   0.194790
458   0.194224
459   0.193716
460   0.193246
461   0.192808
462   0.192258
463   0.191556
464   0.190844
465   0.190342
466   0.189826
467   0.189386
468   0.188878
469   0.188288
470   0.187746
471   0.187190
472   0.186668
473   0.186178
474   0.185562
475   0.185006
476   0.184382
477   0.183872
478   0.183370
479   0.182822
480   0.182250
481   0.181654
482   0.181246
483   0.181000
484   0.180694
485   0.180232
486   0.179692
487   0.179042
488   0.178428
489   0.177808
490   0.177310
491   0.176866
492   0.176352
493   0.175778
494   0.175276
495   0.174810
496   0.174372
497   0.173928
498   0.173342
499   0.172874
500   0.172550
-499   0.172346
-498   0.172124
-497   0.171744
-496   0.171366
-495   0.170892
-494   0.170334
-493   0.169960
-492   0.169588
-491   0.169332
-490   0.169088
-489   0.168824
-488   0.168558
-487   0.168340
-486   0.168224
-485   0.168058
-484   0.167958
-483   0.167684
-482   0.167500
-481   0.167336
-480   0.167128
-479   0.166914
-478   0.166904
-477   0.166760
-476   0.166732
-475   0.166638
-474   0.166672
-473   0.166812
-472   0.166986
-471   0.167144
-470   0.167398
-469   0.167696
-468   0.168248
-467   0.168862
-466   0.169532
-465   0.170348
-464   0.171168
-463   0.172032
-462   0.172862
-461   0.173772
-460   0.174470
-459   0.175074
-458   0.175862
-457   0.176634
-456   0.177582
-455   0.178410
-454   0.179168
-453   0.179732
-452   0.180304
-451   0.180918
-450   0.181528
-449   0.182286
-448   0.182788
-447   0.183440
-446   0.184080
-445   0.184636
-444   0.185148
-443   0.185760
-442   0.186142
-441   0.186434
-440   0.186844
-439   0.187284
-438   0.187776
-437   0.188194
-436   0.188826
-435   0.189460
-434   0.190100
-433   0.190788
-432   0.191488
-431   0.192326
-430   0.193196
-429   0.193914
-428   0.194682
-427   0.195278
-426   0.196074
-425   0.196742
-424   0.197600
-423   0.198230
-422   0.198866
-421   0.199622
-420   0.200376
-419   0.201142
-418   0.201864
-417   0.202662
-416   0.203358
-415   0.203974
-414   0.204564
-413   0.205252
-412   0.205978
-411   0.206528
-410   0.207132
-409   0.207646
-408   0.208164
-407   0.208546
-406   0.208962
-405   0.209390
-404   0.209608
-403   0.209862
-402   0.209902
-401   0.210084
-400   0.210304
-399   0.210520
-398   0.210668
-397   0.210708
-396   0.210690
-395   0.210674
-394   0.210644
-393   0.210602
-392   0.210602
-391   0.210630
-390   0.210496
-389   0.210614
-388   0.210774
-387   0.210860
-386   0.210992
-385   0.211166
-384   0.211152
-383   0.211122
-382   0.211138
-381   0.211024
-380   0.210914
-379   0.210814
-378   0.210714
-377   0.210534
-376   0.210362
-375   0.210184
-374   0.209988
-373   0.209594
-372   0.209188
-371   0.208814
-370   0.208580
-369   0.208412
-368   0.208082
-367   0.207644
-366   0.207374
-365   0.207042
-364   0.206776
-363   0.206326
-362   0.205834
-361   0.205244
-360   0.204670
-359   0.204344
-358   0.203794
-357   0.203434
-356   0.203064
-355   0.202484
-354   0.201702
-353   0.201082
-352   0.200340
-351   0.199676
-350   0.199136
-349   0.198718
-348   0.198452
-347   0.198192
-346   0.198044
-345   0.197776
-344   0.197608
-343   0.197534
-342   0.197726
-341   0.197946
-340   0.198286
-339   0.198498
-338   0.198740
-337   0.199168
-336   0.199294
-335   0.199626
-334   0.199920
-333   0.200352
-332   0.200700
-331   0.201022
-330   0.201398
-329   0.201884
-328   0.202580
-327   0.203282
-326   0.204086
-325   0.204634
-324   0.205372
-323   0.206146
-322   0.207066
-321   0.208042
-320   0.208866
-319   0.209760
-318   0.210740
-317   0.211630
-316   0.212484
-315   0.213512
-314   0.214446
-313   0.215504
-312   0.216700
-311   0.217912
-310   0.219222
-309   0.220308
-308   0.221526
-307   0.222712
-306   0.223988
-305   0.225402
-304   0.226700
-303   0.228140
-302   0.229258
-301   0.230378
-300   0.231608
-299   0.232758
-298   0.233774
-297   0.234756
-296   0.235842
-295   0.236898
-294   0.238132
-293   0.239298
-292   0.240566
-291   0.241702
-290   0.242752
-289   0.243888
-288   0.245000
-287   0.246138
-286   0.247272
-285   0.248346
-284   0.249312
-283   0.250334
-282   0.251210
-281   0.252050
-280   0.252856
-279   0.253798
-278   0.254728
-277   0.255784
-276   0.256828
-275   0.257646
-274   0.258464
-273   0.259386
-272   0.260194
-271   0.261002
-270   0.261656
-269   0.262380
-268   0.263064
-267   0.263706
-266   0.264408
-265   0.265154
-264   0.266108
-263   0.267102
-262   0.268216
-261   0.269420
-260   0.270566
-259   0.271770
-258   0.272900
-257   0.274052
-256   0.275234
-255   0.276376
-254   0.277514
-253   0.278876
-252   0.280354
-251   0.281820
-250   0.283082
-249   0.284352
-248   0.285592
-247   0.287032
-246   0.288478
-245   0.289792
-244   0.291050
-243   0.292440
-242   0.293806
-241   0.295244
-240   0.296570
-239   0.297792
-238   0.299058
-237   0.300434
-236   0.301734
-235   0.303074
-234   0.304376
-233   0.305652
-232   0.306974
-231   0.308212
-230   0.309330
-229   0.310348
-228   0.311262
-227   0.312450
-226   0.313574
-225   0.314572
-224   0.315482
-223   0.316290
-222   0.317078
-221   0.317634
-220   0.318276
-219   0.318816
-218   0.319502
-217   0.320264
-216   0.320754
-215   0.321480
-214   0.322176
-213   0.323088
-212   0.323878
-211   0.324994
-210   0.325820
-209   0.326416
-208   0.327056
-207   0.327764
-206   0.328696
-205   0.329566
-204   0.330646
-203   0.331712
-202   0.332860
-201   0.334028
-200   0.335320
-199   0.336528
-198   0.337600
-197   0.338732
-196   0.339686
-195   0.340708
-194   0.341894
-193   0.342834
-192   0.343552
-191   0.344080
-190   0.344904
-189   0.345724
-188   0.346544
-187   0.347332
-186   0.348158
-185   0.349106
-184   0.350126
-183   0.351164
-182   0.352154
-181   0.353218
-180   0.354338
-179   0.355754
-178   0.357002
-177   0.358542
-176   0.360124
-175   0.361716
-174   0.363088
-173   0.364488
-172   0.365850
-171   0.367238
-170   0.368428
-169   0.369472
-168   0.370388
-167   0.371520
-166   0.372748
-165   0.374044
-164   0.375448
-163   0.376800
-162   0.378128
-161   0.379478
-160   0.380904
-159   0.382316
-158   0.383800
-157   0.385234
-156   0.386706
-155   0.388436
-154   0.390090
-153   0.391786
-152   0.393590
-151   0.395404
-150   0.397310
-149   0.399060
-148   0.400886
-147   0.402926
-146   0.404824
-145   0.406804
-144   0.408790
-143   0.410756
-142   0.412764
-141   0.414732
-140   0.416628
-139   0.418648
-138   0.420670
-137   0.422616
-136   0.424480
-135   0.426410
-134   0.428334
-133   0.430052
-132   0.431826
-131   0.433402
-130   0.434990
-129   0.436390
-128   0.437850
-127   0.439250
-126   0.440698
-125   0.442116
-124   0.443552
-123   0.445078
-122   0.446596
-121   0.448348
-120   0.450124
-119   0.451968
-118   0.453602
-117   0.455380
-116   0.457262
-115   0.459014
-114   0.460736
-113   0.462440
-112   0.464294
-111   0.466222
-110   0.468118
-109   0.469920
-108   0.471696
-107   0.473394
-106   0.475166
-105   0.476876
-104   0.478520
-103   0.480180
-102   0.481820
-101   0.483506
-100   0.485346
-99   0.486960
-98   0.488524
-97   0.490160
-96   0.491824
-95   0.493568
-94   0.495200
-93   0.496982
-92   0.498868
-91   0.500960
-90   0.503012
-89   0.505002
-88   0.507040
-87   0.508878
-86   0.510706
-85   0.512476
-84   0.514074
-83   0.515748
-82   0.517422
-81   0.519022
-80   0.520580
-79   0.522092
-78   0.523514
-77   0.524808
-76   0.526172
-75   0.527482
-74   0.528984
-73   0.530328
-72   0.531658
-71   0.533004
-70   0.534464
-69   0.535844
-68   0.537162
-67   0.538548
-66   0.539874
-65   0.541064
-64   0.542354
-63   0.543672
-62   0.544996
-61   0.546336
-60   0.547630
-59   0.548958
-58   0.550280
-57   0.551700
-56   0.553254
-55   0.554906
-54   0.556418
-53   0.557952
-52   0.559514
-51   0.560958
-50   0.562306
-49   0.563848
-48   0.565342
-47   0.566600
-46   0.567856
-45   0.569158
-44   0.570418
-43   0.571774
-42   0.573106
-41   0.574506
-40   0.575890
-39   0.577184
-38   0.578514
-37   0.579936
-36   0.581222
-35   0.582534
-34   0.583704
-33   0.584886
-32   0.586110
-31   0.587324
-30   0.588668
-29   0.589972
-28   0.591190
-27   0.592370
-26   0.593692
-25   0.594984
-24   0.596416
-23   0.597702
-22   0.598898
-21   0.600068
-20   0.601344
-19   0.602514
-18   0.603678
-17   0.604728
-16   0.605818
-15   0.606768
-14   0.607688
-13   0.608694
-12   0.609652
-11   0.610474
-10   0.611348
-9   0.612306
-8   0.613180
-7   0.614120
-6   0.615060
-5   0.615970
-4   0.616864
-3   0.617856
-2   0.618776
-1   0.619658
