r MCS_10 MCS_20 MCS_40 MCS_80 MCS_160 MCS_320 MCS_640 MCS_1280 MCS_2560 MCS_5120 MCS_10240 MCS_20480 MCS_40960 
0   1.000000   1.000000   1.000000   1.000000   1.000000   1.000000   1.000000   1.000000   1.000000   1.000000   1.000000   1.000000   1.000000 
1   0.995000   0.995000   0.995000   0.995000   0.995000   0.995000   0.995000   0.995000   0.995200   0.995400   0.996000   0.996200   0.997400 
2   0.991200   0.991200   0.991200   0.991200   0.991200   0.991200   0.991200   0.991200   0.991600   0.991800   0.993000   0.993400   0.995600 
3   0.987400   0.987400   0.987400   0.987400   0.987400   0.987400   0.987400   0.987400   0.988000   0.988200   0.990000   0.990600   0.993800 
4   0.983600   0.983600   0.983600   0.983600   0.983600   0.983600   0.983600   0.983600   0.984400   0.984600   0.987000   0.987800   0.992000 
5   0.979800   0.979800   0.979800   0.979800   0.979800   0.979800   0.979800   0.979800   0.980800   0.981000   0.984000   0.985000   0.990200 
6   0.976000   0.976000   0.976000   0.976000   0.976000   0.976000   0.976000   0.976000   0.977200   0.977400   0.981000   0.982200   0.988400 
7   0.972200   0.972200   0.972200   0.972200   0.972200   0.972200   0.972200   0.972200   0.973600   0.973800   0.978000   0.979400   0.986600 
8   0.968400   0.968400   0.968400   0.968400   0.968400   0.968400   0.968400   0.968400   0.970000   0.970200   0.975000   0.976600   0.984800 
9   0.964600   0.964600   0.964600   0.964600   0.964600   0.964600   0.964600   0.964600   0.966400   0.966600   0.972000   0.973800   0.983000 
10   0.960800   0.960800   0.960800   0.960800   0.960800   0.960800   0.960800   0.960800   0.962800   0.963000   0.969000   0.971000   0.981200 
11   0.957000   0.957000   0.957000   0.957000   0.957000   0.957000   0.957000   0.957000   0.959200   0.959400   0.966000   0.968200   0.979400 
12   0.953200   0.953200   0.953200   0.953200   0.953200   0.953200   0.953200   0.953200   0.955600   0.955800   0.963000   0.965400   0.977600 
13   0.949400   0.949400   0.949400   0.949400   0.949400   0.949400   0.949400   0.949400   0.952000   0.952200   0.960000   0.962600   0.975800 
14   0.945600   0.945600   0.945600   0.945600   0.945600   0.945600   0.945600   0.945600   0.948400   0.948600   0.957000   0.959800   0.974000 
15   0.941800   0.941800   0.941800   0.941800   0.941800   0.941800   0.941800   0.941800   0.944800   0.945000   0.954000   0.957000   0.972200 
16   0.938000   0.938000   0.938000   0.938000   0.938000   0.938000   0.938000   0.938000   0.941200   0.941400   0.951000   0.954200   0.970400 
17   0.934200   0.934200   0.934200   0.934200   0.934200   0.934200   0.934200   0.934200   0.937600   0.937800   0.948000   0.951400   0.968600 
18   0.930400   0.930400   0.930400   0.930400   0.930400   0.930400   0.930400   0.930400   0.934000   0.934200   0.945000   0.948600   0.966800 
19   0.926600   0.926600   0.926600   0.926600   0.926600   0.926600   0.926600   0.926600   0.930400   0.930600   0.942000   0.945800   0.965000 
20   0.922800   0.922800   0.922800   0.922800   0.922800   0.922800   0.922800   0.922800   0.926800   0.927000   0.939000   0.943000   0.963200 
21   0.919000   0.919000   0.919000   0.919000   0.919000   0.919000   0.919000   0.919000   0.923200   0.923400   0.936000   0.940200   0.961400 
22   0.915200   0.915200   0.915200   0.915200   0.915200   0.915200   0.915200   0.915200   0.919600   0.919800   0.933000   0.937400   0.959600 
23   0.911400   0.911400   0.911400   0.911400   0.911400   0.911400   0.911400   0.911400   0.916000   0.916200   0.930000   0.934600   0.957800 
24   0.907600   0.907600   0.907600   0.907600   0.907600   0.907600   0.907600   0.907600   0.912400   0.912600   0.927000   0.931800   0.956000 
25   0.903800   0.903800   0.903800   0.903800   0.903800   0.903800   0.903800   0.903800   0.908800   0.909000   0.924000   0.929000   0.954200 
26   0.900000   0.900000   0.900000   0.900000   0.900000   0.900000   0.900000   0.900000   0.905200   0.905400   0.921000   0.926200   0.952400 
27   0.896200   0.896200   0.896200   0.896200   0.896200   0.896200   0.896200   0.896200   0.901600   0.901800   0.918000   0.923400   0.950600 
28   0.892400   0.892400   0.892400   0.892400   0.892400   0.892400   0.892400   0.892400   0.898000   0.898200   0.915000   0.920600   0.948800 
29   0.888600   0.888600   0.888600   0.888600   0.888600   0.888600   0.888600   0.888600   0.894400   0.894600   0.912000   0.917800   0.947000 
30   0.884800   0.884800   0.884800   0.884800   0.884800   0.884800   0.884800   0.884800   0.890800   0.891000   0.909000   0.915000   0.945200 
31   0.881000   0.881000   0.881000   0.881000   0.881000   0.881000   0.881000   0.881000   0.887200   0.887400   0.906000   0.912200   0.943400 
32   0.877200   0.877200   0.877200   0.877200   0.877200   0.877200   0.877200   0.877200   0.883600   0.883800   0.903000   0.909400   0.941600 
33   0.873400   0.873400   0.873400   0.873400   0.873400   0.873400   0.873400   0.873400   0.880000   0.880200   0.900000   0.906600   0.939800 
34   0.869600   0.869600   0.869600   0.869600   0.869600   0.869600   0.869600   0.869600   0.876400   0.876600   0.897000   0.903800   0.938000 
35   0.865800   0.865800   0.865800   0.865800   0.865800   0.865800   0.865800   0.865800   0.872800   0.873000   0.894000   0.901000   0.936200 
36   0.862000   0.862000   0.862000   0.862000   0.862000   0.862000   0.862000   0.862000   0.869200   0.869400   0.891000   0.898200   0.934400 
37   0.858200   0.858200   0.858200   0.858200   0.858200   0.858200   0.858200   0.858200   0.865600   0.865800   0.888000   0.895400   0.932600 
38   0.854400   0.854400   0.854400   0.854400   0.854400   0.854400   0.854400   0.854400   0.862000   0.862200   0.885000   0.892600   0.930800 
39   0.850600   0.850600   0.850600   0.850600   0.850600   0.850600   0.850600   0.850600   0.858400   0.858600   0.882000   0.889800   0.929000 
40   0.846800   0.846800   0.846800   0.846800   0.846800   0.846800   0.846800   0.846800   0.854800   0.855000   0.879000   0.887000   0.927200 
41   0.843000   0.843000   0.843000   0.843000   0.843000   0.843000   0.843000   0.843000   0.851200   0.851400   0.876000   0.884200   0.925400 
42   0.839200   0.839200   0.839200   0.839200   0.839200   0.839200   0.839200   0.839200   0.847600   0.847800   0.873000   0.881400   0.923600 
43   0.835400   0.835400   0.835400   0.835400   0.835400   0.835400   0.835400   0.835400   0.844000   0.844200   0.870000   0.878600   0.921800 
44   0.831600   0.831600   0.831600   0.831600   0.831600   0.831600   0.831600   0.831600   0.840400   0.840600   0.867000   0.875800   0.920000 
45   0.827800   0.827800   0.827800   0.827800   0.827800   0.827800   0.827800   0.827800   0.836800   0.837000   0.864000   0.873000   0.918200 
46   0.824000   0.824000   0.824000   0.824000   0.824000   0.824000   0.824000   0.824000   0.833200   0.833400   0.861000   0.870200   0.916400 
47   0.820200   0.820200   0.820200   0.820200   0.820200   0.820200   0.820200   0.820200   0.829600   0.829800   0.858000   0.867600   0.914600 
48   0.816400   0.816400   0.816400   0.816400   0.816400   0.816400   0.816400   0.816400   0.826000   0.826200   0.855000   0.865000   0.912800 
49   0.812600   0.812600   0.812600   0.812600   0.812600   0.812600   0.812600   0.812600   0.822400   0.822600   0.852000   0.862400   0.911000 
50   0.808800   0.808800   0.808800   0.808800   0.808800   0.808800   0.808800   0.808800   0.818800   0.819000   0.849000   0.859800   0.909200 
51   0.805000   0.805000   0.805000   0.805000   0.805000   0.805000   0.805000   0.805000   0.815200   0.815400   0.846000   0.857200   0.907400 
52   0.801200   0.801200   0.801200   0.801200   0.801200   0.801200   0.801200   0.801200   0.811600   0.811800   0.843000   0.854600   0.905600 
53   0.797400   0.797400   0.797400   0.797400   0.797400   0.797400   0.797400   0.797400   0.808000   0.808200   0.840000   0.852000   0.903800 
54   0.793600   0.793600   0.793600   0.793600   0.793600   0.793600   0.793600   0.793600   0.804400   0.804600   0.837000   0.849400   0.902000 
55   0.789800   0.789800   0.789800   0.789800   0.789800   0.789800   0.789800   0.789800   0.800800   0.801000   0.834000   0.846800   0.900200 
56   0.786000   0.786000   0.786000   0.786000   0.786000   0.786000   0.786000   0.786000   0.797200   0.797400   0.831000   0.844200   0.898400 
57   0.782200   0.782200   0.782200   0.782200   0.782200   0.782200   0.782200   0.782200   0.793600   0.793800   0.828000   0.841600   0.896600 
58   0.778400   0.778400   0.778400   0.778400   0.778400   0.778400   0.778400   0.778400   0.790000   0.790400   0.825000   0.839000   0.894800 
59   0.774600   0.774600   0.774600   0.774600   0.774600   0.774600   0.774600   0.774600   0.786400   0.787000   0.822200   0.836400   0.893000 
60   0.770800   0.770800   0.770800   0.770800   0.770800   0.770800   0.770800   0.770800   0.782800   0.783600   0.819400   0.833800   0.891200 
61   0.767000   0.767000   0.767000   0.767000   0.767000   0.767000   0.767000   0.767000   0.779200   0.780200   0.816600   0.831200   0.889400 
62   0.763200   0.763200   0.763200   0.763200   0.763200   0.763200   0.763200   0.763200   0.775600   0.776800   0.813800   0.828600   0.887600 
63   0.759400   0.759400   0.759400   0.759400   0.759400   0.759400   0.759400   0.759400   0.772000   0.773400   0.811000   0.826000   0.885800 
64   0.755600   0.755600   0.755600   0.755600   0.755600   0.755600   0.755600   0.755600   0.768400   0.770000   0.808200   0.823400   0.884000 
65   0.751800   0.751800   0.751800   0.751800   0.751800   0.751800   0.751800   0.751800   0.764800   0.766600   0.805400   0.820800   0.882200 
66   0.748000   0.748000   0.748000   0.748000   0.748000   0.748000   0.748000   0.748000   0.761200   0.763200   0.802600   0.818200   0.880400 
67   0.744200   0.744200   0.744200   0.744200   0.744200   0.744200   0.744200   0.744200   0.757600   0.760000   0.799800   0.815600   0.878600 
68   0.740400   0.740400   0.740400   0.740400   0.740400   0.740400   0.740400   0.740400   0.754000   0.756800   0.797000   0.813000   0.876800 
69   0.736600   0.736600   0.736600   0.736600   0.736600   0.736600   0.736600   0.736600   0.750400   0.753600   0.794200   0.810400   0.875000 
70   0.732800   0.732800   0.732800   0.732800   0.732800   0.732800   0.732800   0.732800   0.746800   0.750400   0.791400   0.807800   0.873200 
71   0.729000   0.729000   0.729000   0.729000   0.729000   0.729000   0.729000   0.729000   0.743200   0.747200   0.788600   0.805200   0.871400 
72   0.725200   0.725200   0.725200   0.725200   0.725200   0.725200   0.725200   0.725200   0.739600   0.744000   0.785800   0.802600   0.869800 
73   0.721400   0.721400   0.721400   0.721400   0.721400   0.721400   0.721400   0.721400   0.736000   0.740800   0.783000   0.800000   0.868200 
74   0.717600   0.717600   0.717600   0.717600   0.717600   0.717600   0.717600   0.717600   0.732400   0.737800   0.780200   0.797400   0.866600 
75   0.713800   0.713800   0.713800   0.713800   0.713800   0.713800   0.713800   0.713800   0.728800   0.734800   0.777400   0.794800   0.865000 
76   0.710000   0.710000   0.710000   0.710000   0.710000   0.710000   0.710000   0.710000   0.725200   0.731800   0.774600   0.792200   0.863400 
77   0.706200   0.706200   0.706200   0.706200   0.706200   0.706200   0.706200   0.706200   0.721600   0.728800   0.771800   0.789600   0.861800 
78   0.702400   0.702400   0.702400   0.702400   0.702400   0.702400   0.702400   0.702400   0.718000   0.725800   0.769000   0.787000   0.860200 
79   0.698600   0.698600   0.698600   0.698600   0.698600   0.698600   0.698600   0.698600   0.714400   0.722800   0.766200   0.784400   0.858800 
80   0.694800   0.694800   0.694800   0.694800   0.694800   0.694800   0.694800   0.694800   0.710800   0.719800   0.763400   0.781800   0.857400 
81   0.691000   0.691000   0.691000   0.691000   0.691000   0.691000   0.691000   0.691000   0.707200   0.716800   0.760600   0.779200   0.856000 
82   0.687200   0.687200   0.687200   0.687200   0.687200   0.687200   0.687200   0.687200   0.703600   0.713800   0.757800   0.776600   0.854600 
83   0.683400   0.683400   0.683400   0.683400   0.683400   0.683400   0.683400   0.683400   0.700000   0.710800   0.755000   0.774000   0.853200 
84   0.679600   0.679600   0.679600   0.679600   0.679600   0.679600   0.679600   0.679600   0.696400   0.707800   0.752200   0.771400   0.851800 
85   0.675800   0.675800   0.675800   0.675800   0.675800   0.675800   0.675800   0.675800   0.692800   0.704800   0.749400   0.768800   0.850400 
86   0.672000   0.672000   0.672000   0.672000   0.672000   0.672000   0.672000   0.672000   0.689200   0.701800   0.746600   0.766200   0.849000 
87   0.668200   0.668200   0.668200   0.668200   0.668200   0.668200   0.668200   0.668200   0.685600   0.698800   0.743800   0.763600   0.847600 
88   0.664400   0.664400   0.664400   0.664400   0.664400   0.664400   0.664400   0.664400   0.682000   0.695800   0.741000   0.761000   0.846200 
89   0.660600   0.660600   0.660600   0.660600   0.660600   0.660600   0.660600   0.660600   0.678400   0.692800   0.738200   0.758400   0.844800 
90   0.656800   0.656800   0.656800   0.656800   0.656800   0.656800   0.656800   0.656800   0.674800   0.689800   0.735400   0.755800   0.843400 
91   0.653000   0.653000   0.653000   0.653000   0.653000   0.653000   0.653000   0.653000   0.671400   0.686800   0.732600   0.753200   0.842000 
92   0.649200   0.649200   0.649200   0.649200   0.649200   0.649200   0.649200   0.649200   0.667800   0.683800   0.729800   0.750600   0.840600 
93   0.645400   0.645400   0.645400   0.645400   0.645400   0.645400   0.645400   0.645400   0.664200   0.680800   0.727000   0.748000   0.839200 
94   0.641600   0.641600   0.641600   0.641600   0.641600   0.641600   0.641600   0.641600   0.660600   0.677800   0.724200   0.745400   0.838000 
95   0.637800   0.637800   0.637800   0.637800   0.637800   0.637800   0.637800   0.637800   0.657000   0.674800   0.721400   0.742800   0.836800 
96   0.634000   0.634000   0.634000   0.634000   0.634000   0.634000   0.634000   0.634000   0.653600   0.671800   0.718600   0.740200   0.835600 
97   0.630200   0.630200   0.630200   0.630200   0.630200   0.630200   0.630200   0.630200   0.650200   0.668800   0.715800   0.737600   0.834400 
98   0.626400   0.626400   0.626400   0.626400   0.626400   0.626400   0.626400   0.626400   0.646800   0.665800   0.713000   0.735000   0.833200 
99   0.622600   0.622600   0.622600   0.622600   0.622600   0.622600   0.622600   0.622600   0.643400   0.662800   0.710200   0.732400   0.832000 
100   0.618800   0.618800   0.618800   0.618800   0.618800   0.618800   0.618800   0.618800   0.640000   0.659800   0.707400   0.729800   0.830800 
101   0.615000   0.615000   0.615000   0.615000   0.615000   0.615000   0.615000   0.615200   0.636600   0.656800   0.704600   0.727200   0.829600 
102   0.611200   0.611200   0.611200   0.611200   0.611200   0.611200   0.611200   0.611600   0.633200   0.653800   0.701800   0.724600   0.828400 
103   0.607400   0.607400   0.607400   0.607400   0.607400   0.607400   0.607400   0.608000   0.629800   0.651000   0.699000   0.722000   0.827200 
104   0.603600   0.603600   0.603600   0.603600   0.603600   0.603600   0.603600   0.604400   0.626400   0.648200   0.696200   0.719400   0.826000 
105   0.599800   0.599800   0.599800   0.599800   0.599800   0.599800   0.599800   0.600800   0.623000   0.645400   0.693400   0.716800   0.824800 
106   0.596000   0.596000   0.596000   0.596000   0.596000   0.596000   0.596000   0.597200   0.619600   0.642600   0.690600   0.714200   0.823600 
107   0.592200   0.592200   0.592200   0.592200   0.592200   0.592200   0.592200   0.593600   0.616200   0.639800   0.687800   0.711600   0.822400 
108   0.588400   0.588400   0.588400   0.588400   0.588400   0.588400   0.588400   0.590000   0.612800   0.637200   0.685000   0.709000   0.821200 
109   0.584600   0.584600   0.584600   0.584600   0.584600   0.584600   0.584600   0.586400   0.609400   0.634600   0.682200   0.706400   0.820000 
110   0.580800   0.580800   0.580800   0.580800   0.580800   0.580800   0.580800   0.582800   0.606000   0.632000   0.679400   0.703800   0.818800 
111   0.577000   0.577000   0.577000   0.577000   0.577000   0.577000   0.577000   0.579200   0.602600   0.629400   0.676600   0.701200   0.817600 
112   0.573200   0.573200   0.573200   0.573200   0.573200   0.573200   0.573200   0.575600   0.599200   0.626800   0.673800   0.698600   0.816400 
113   0.569400   0.569400   0.569400   0.569400   0.569400   0.569400   0.569400   0.572000   0.595800   0.624200   0.671000   0.696000   0.815200 
114   0.565600   0.565600   0.565600   0.565600   0.565600   0.565600   0.565600   0.568400   0.592600   0.621600   0.668200   0.693400   0.814000 
115   0.561800   0.561800   0.561800   0.561800   0.561800   0.561800   0.561800   0.564800   0.589200   0.619000   0.665400   0.690800   0.812800 
116   0.558000   0.558000   0.558000   0.558000   0.558000   0.558000   0.558000   0.561200   0.585800   0.616400   0.662600   0.688200   0.811600 
117   0.554200   0.554200   0.554200   0.554200   0.554200   0.554200   0.554200   0.557600   0.582400   0.613800   0.659800   0.685600   0.810400 
118   0.550400   0.550400   0.550400   0.550400   0.550400   0.550400   0.550400   0.554000   0.579000   0.611200   0.657000   0.683000   0.809200 
119   0.546600   0.546600   0.546600   0.546600   0.546600   0.546600   0.546600   0.550600   0.575600   0.608600   0.654200   0.680400   0.808000 
120   0.542800   0.542800   0.542800   0.542800   0.542800   0.542800   0.542800   0.547000   0.572200   0.606000   0.651800   0.678000   0.806800 
121   0.539000   0.539000   0.539000   0.539000   0.539000   0.539000   0.539000   0.543400   0.568800   0.603400   0.649200   0.675600   0.805600 
122   0.535200   0.535200   0.535200   0.535200   0.535200   0.535200   0.535200   0.539800   0.565400   0.600800   0.646600   0.673200   0.804400 
123   0.531400   0.531400   0.531400   0.531400   0.531400   0.531400   0.531400   0.536200   0.562000   0.598200   0.644000   0.670800   0.803200 
124   0.527800   0.527600   0.527600   0.527600   0.527600   0.527600   0.527600   0.532600   0.558600   0.595600   0.641400   0.668600   0.802000 
125   0.524200   0.523800   0.523800   0.523800   0.523800   0.523800   0.523800   0.529000   0.555200   0.593000   0.638800   0.666400   0.800800 
126   0.520600   0.520000   0.520000   0.520000   0.520000   0.520200   0.520000   0.525400   0.551800   0.590400   0.636200   0.664200   0.799600 
127   0.517000   0.516200   0.516200   0.516200   0.516200   0.516400   0.516200   0.521800   0.548400   0.587800   0.633600   0.662000   0.798400 
128   0.513400   0.512400   0.512400   0.512400   0.512400   0.512600   0.512400   0.518200   0.545000   0.585200   0.631000   0.659800   0.797200 
129   0.509800   0.508600   0.508600   0.508600   0.508600   0.508800   0.508800   0.514600   0.541600   0.582600   0.628400   0.657600   0.796000 
130   0.506200   0.504800   0.504800   0.504800   0.504800   0.505000   0.505200   0.511000   0.538200   0.580000   0.625800   0.655400   0.794800 
131   0.502600   0.501000   0.501000   0.501000   0.501000   0.501200   0.501600   0.507400   0.534800   0.577400   0.623200   0.653200   0.793600 
132   0.499000   0.497200   0.497200   0.497200   0.497200   0.497400   0.498200   0.504000   0.531400   0.574800   0.620600   0.651000   0.792400 
133   0.495400   0.493400   0.493400   0.493400   0.493400   0.493600   0.494600   0.500400   0.528200   0.572200   0.618000   0.648800   0.791200 
134   0.491800   0.489600   0.489600   0.489600   0.489600   0.489800   0.491000   0.496800   0.525000   0.569600   0.615400   0.646600   0.790000 
135   0.488200   0.485800   0.485800   0.485800   0.485800   0.486000   0.487400   0.493200   0.521800   0.567000   0.612800   0.644400   0.788800 
136   0.484600   0.482000   0.482000   0.482000   0.482000   0.482200   0.483800   0.489600   0.518600   0.564400   0.610200   0.642200   0.787600 
137   0.481000   0.478400   0.478200   0.478200   0.478200   0.478600   0.480200   0.486000   0.515400   0.561800   0.607600   0.640000   0.786400 
138   0.477400   0.474800   0.474400   0.474400   0.474400   0.475000   0.476600   0.482400   0.512200   0.559200   0.605000   0.637800   0.785200 
139   0.473800   0.471200   0.470800   0.470600   0.470600   0.471400   0.473000   0.478800   0.509000   0.556600   0.602400   0.635600   0.784000 
140   0.470200   0.467600   0.467200   0.466800   0.466800   0.467800   0.469400   0.475200   0.505800   0.554000   0.599800   0.633400   0.782800 
141   0.466600   0.464000   0.463600   0.463000   0.463000   0.464200   0.465800   0.471600   0.502600   0.551400   0.597400   0.631200   0.781600 
142   0.463000   0.460400   0.460000   0.459200   0.459200   0.460600   0.462200   0.468000   0.499400   0.548800   0.595000   0.629000   0.780400 
143   0.459400   0.456800   0.456400   0.455400   0.455400   0.457000   0.458600   0.464400   0.496200   0.546200   0.592600   0.626800   0.779200 
144   0.455800   0.453200   0.452800   0.451800   0.451600   0.453400   0.455000   0.460800   0.493000   0.543600   0.590200   0.624600   0.778000 
145   0.452200   0.449600   0.449200   0.448200   0.447800   0.449800   0.451400   0.457200   0.489800   0.541000   0.587800   0.622400   0.776800 
146   0.448600   0.446000   0.445600   0.444800   0.444000   0.446200   0.447800   0.453600   0.486600   0.538400   0.585400   0.620200   0.775600 
147   0.445000   0.442400   0.442000   0.441400   0.440600   0.442600   0.444400   0.450000   0.483400   0.536200   0.583200   0.618000   0.774400 
148   0.441600   0.438800   0.438600   0.438000   0.437200   0.439000   0.441000   0.446400   0.480200   0.533800   0.580800   0.615800   0.773200 
149   0.438200   0.435200   0.435200   0.434600   0.433800   0.435400   0.437600   0.442800   0.477000   0.531400   0.578400   0.613600   0.772000 
150   0.435000   0.431600   0.431800   0.431200   0.430400   0.431800   0.434200   0.439200   0.474000   0.529000   0.576000   0.611400   0.770800 
151   0.431800   0.428000   0.428400   0.427800   0.427000   0.428200   0.430800   0.435600   0.470800   0.526600   0.573600   0.609200   0.769600 
152   0.428600   0.424400   0.425000   0.424400   0.423600   0.424600   0.427400   0.432000   0.467600   0.524400   0.571200   0.607000   0.768400 
153   0.425400   0.421000   0.421600   0.421000   0.420400   0.421000   0.424000   0.428600   0.464400   0.522200   0.568800   0.604800   0.767200 
154   0.422200   0.417800   0.418200   0.417600   0.417200   0.417400   0.420800   0.425200   0.461200   0.520000   0.566400   0.602600   0.766000 
155   0.419000   0.414600   0.414800   0.414200   0.414000   0.413800   0.417600   0.421800   0.458000   0.517800   0.564000   0.600600   0.764800 
156   0.415800   0.411400   0.411400   0.410800   0.410800   0.410200   0.414400   0.418400   0.454800   0.515600   0.561600   0.598600   0.763600 
157   0.412600   0.408200   0.408000   0.407400   0.407600   0.406600   0.411200   0.415000   0.451800   0.513400   0.559200   0.596600   0.762400 
158   0.409400   0.405000   0.404800   0.404200   0.404400   0.403000   0.408000   0.411600   0.448800   0.511200   0.556800   0.594600   0.761200 
159   0.406200   0.401800   0.401600   0.401000   0.401200   0.399400   0.404800   0.408200   0.445800   0.509000   0.554400   0.592600   0.760000 
160   0.403000   0.398600   0.398400   0.397800   0.398000   0.395800   0.401600   0.404800   0.442800   0.506800   0.552000   0.590600   0.758800 
161   0.399800   0.395400   0.395200   0.394600   0.394800   0.392200   0.398400   0.401400   0.439800   0.504600   0.549600   0.588600   0.757600 
162   0.396600   0.392200   0.392000   0.391600   0.391600   0.388800   0.395200   0.398000   0.436800   0.502400   0.547200   0.586600   0.756400 
163   0.393400   0.389000   0.388800   0.388600   0.388600   0.385400   0.392000   0.394600   0.433800   0.500200   0.544800   0.584600   0.755200 
164   0.390400   0.385800   0.385600   0.385600   0.385600   0.382000   0.388800   0.391400   0.431000   0.498000   0.542400   0.582600   0.754000 
165   0.387400   0.382600   0.382400   0.382600   0.382600   0.378600   0.385600   0.388200   0.428200   0.495800   0.540200   0.580600   0.752800 
166   0.384400   0.379400   0.379200   0.379600   0.379600   0.375200   0.382400   0.385000   0.425400   0.493600   0.537800   0.578600   0.751600 
167   0.381400   0.376200   0.376000   0.376600   0.376600   0.371800   0.379200   0.381800   0.422600   0.491400   0.535400   0.576600   0.750400 
168   0.378400   0.373200   0.372800   0.373600   0.373600   0.368400   0.376000   0.378600   0.419800   0.489200   0.533000   0.574600   0.749200 
169   0.375400   0.370200   0.370000   0.370600   0.370600   0.365000   0.372800   0.375400   0.417000   0.487000   0.530600   0.572600   0.748000 
170   0.372400   0.367400   0.367400   0.367600   0.367600   0.361600   0.369600   0.372200   0.414200   0.484800   0.528200   0.570600   0.746800 
171   0.369400   0.364600   0.364600   0.364600   0.364600   0.358400   0.366400   0.369000   0.411400   0.482600   0.525800   0.568600   0.745600 
172   0.366400   0.361800   0.361800   0.361600   0.361600   0.355200   0.363200   0.365800   0.408600   0.480400   0.523400   0.566800   0.744400 
173   0.363400   0.359000   0.359000   0.358800   0.358600   0.352000   0.360200   0.362600   0.405800   0.478200   0.521000   0.565000   0.743200 
174   0.360400   0.356200   0.356200   0.355800   0.355600   0.348800   0.357200   0.359400   0.403000   0.476000   0.518600   0.563200   0.742000 
175   0.357600   0.353400   0.353400   0.352800   0.352600   0.345600   0.354200   0.356200   0.400200   0.473800   0.516200   0.561400   0.740800 
176   0.354800   0.350600   0.350600   0.349800   0.349600   0.342400   0.351200   0.353000   0.397400   0.471600   0.513800   0.559600   0.739600 
177   0.352200   0.347800   0.347800   0.346800   0.346800   0.339200   0.348200   0.349800   0.394600   0.469400   0.511400   0.557800   0.738400 
178   0.349400   0.345000   0.345000   0.343800   0.344000   0.336000   0.345200   0.346600   0.391800   0.467200   0.509000   0.556000   0.737200 
179   0.346600   0.342200   0.342200   0.340800   0.341200   0.333000   0.342200   0.343400   0.389000   0.465000   0.506800   0.554200   0.736000 
180   0.343800   0.339400   0.339400   0.337800   0.338400   0.330000   0.339200   0.340200   0.386200   0.462800   0.504600   0.552400   0.734800 
181   0.341000   0.336600   0.336600   0.334800   0.335600   0.327000   0.336200   0.337200   0.383400   0.460600   0.502400   0.550600   0.733600 
182   0.338200   0.333800   0.333800   0.331800   0.332800   0.324000   0.333200   0.334000   0.380600   0.458400   0.500200   0.548800   0.732400 
183   0.335400   0.331000   0.331000   0.328800   0.330000   0.321400   0.330200   0.331000   0.378000   0.456200   0.498000   0.547000   0.731200 
184   0.332600   0.328400   0.328200   0.325800   0.327200   0.318800   0.327400   0.328200   0.375200   0.454000   0.495800   0.545200   0.730000 
185   0.329800   0.325600   0.325400   0.322800   0.324400   0.316400   0.324400   0.325400   0.372400   0.451800   0.493600   0.543400   0.728800 
186   0.327000   0.322800   0.322600   0.320000   0.321600   0.313800   0.321400   0.322600   0.369600   0.449600   0.491400   0.541600   0.727600 
187   0.324200   0.320000   0.319800   0.317200   0.319000   0.311400   0.318400   0.319800   0.366800   0.447400   0.489200   0.539800   0.726400 
188   0.321400   0.317200   0.317000   0.314600   0.316200   0.308800   0.315400   0.317000   0.364000   0.445200   0.487000   0.538000   0.725200 
189   0.318600   0.314400   0.314200   0.312000   0.313600   0.306200   0.312400   0.314200   0.361200   0.443000   0.484800   0.536200   0.724000 
190   0.315800   0.311600   0.311600   0.309600   0.311000   0.303600   0.309400   0.311400   0.358400   0.440800   0.482600   0.534400   0.722800 
191   0.313000   0.308800   0.309000   0.307000   0.308400   0.301000   0.306400   0.308600   0.355600   0.438600   0.480400   0.532600   0.721600 
192   0.310200   0.306000   0.306400   0.304400   0.305800   0.298400   0.303400   0.305800   0.352800   0.436400   0.478200   0.530800   0.720400 
193   0.307400   0.303200   0.303800   0.301800   0.303200   0.295800   0.300400   0.303000   0.350000   0.434200   0.476000   0.529000   0.719200 
194   0.304600   0.300400   0.301400   0.299200   0.300600   0.293200   0.297400   0.300200   0.347200   0.432000   0.473800   0.527200   0.718000 
195   0.302200   0.297600   0.298800   0.296600   0.298200   0.290600   0.294600   0.297400   0.344600   0.429800   0.471600   0.525400   0.716800 
196   0.299600   0.295000   0.296200   0.294000   0.295600   0.288000   0.291800   0.294600   0.342000   0.427600   0.469400   0.523600   0.715600 
197   0.297000   0.292200   0.293600   0.291400   0.293000   0.285400   0.289000   0.291800   0.339400   0.425600   0.467200   0.521800   0.714400 
198   0.294400   0.289400   0.291000   0.288800   0.290600   0.282800   0.286200   0.289000   0.336800   0.423400   0.465000   0.520200   0.713200 
199   0.291800   0.286600   0.288400   0.286200   0.288200   0.280200   0.283400   0.286200   0.334200   0.421200   0.462800   0.518600   0.712000 
200   0.289200   0.283800   0.285800   0.283600   0.285800   0.277600   0.280600   0.283400   0.331600   0.419000   0.460600   0.517000   0.710800 
201   0.286600   0.281200   0.283200   0.281000   0.283400   0.275000   0.277800   0.280600   0.329000   0.416800   0.458400   0.515400   0.709600 
202   0.284000   0.278600   0.280600   0.278400   0.281000   0.272400   0.275200   0.277800   0.326400   0.414600   0.456200   0.513800   0.708400 
203   0.281400   0.276000   0.278000   0.275800   0.278600   0.269800   0.272600   0.275000   0.323800   0.412400   0.454000   0.512200   0.707200 
204   0.278800   0.273400   0.275400   0.273200   0.276200   0.267200   0.270000   0.272200   0.321400   0.410200   0.451800   0.510600   0.706000 
205   0.276200   0.270800   0.272800   0.270600   0.273800   0.264600   0.267400   0.269400   0.319200   0.408000   0.449600   0.509000   0.704800 
206   0.273600   0.268200   0.270200   0.268200   0.271400   0.262000   0.265000   0.266600   0.317000   0.405800   0.447400   0.507400   0.703600 
207   0.271000   0.265600   0.267600   0.265600   0.269000   0.259400   0.262600   0.263800   0.314800   0.403600   0.445200   0.505800   0.702400 
208   0.268400   0.263000   0.265000   0.263000   0.266600   0.256800   0.260200   0.261000   0.312600   0.401400   0.443000   0.504200   0.701200 
209   0.266000   0.260400   0.262400   0.260400   0.264200   0.254200   0.257800   0.258200   0.310400   0.399200   0.440800   0.502600   0.700000 
210   0.263600   0.258000   0.260000   0.257800   0.261800   0.251600   0.255400   0.255400   0.308200   0.397000   0.438600   0.501200   0.698800 
211   0.261200   0.255600   0.257400   0.255200   0.259400   0.249200   0.253000   0.252600   0.306000   0.394800   0.436400   0.499600   0.697600 
212   0.258800   0.253200   0.254800   0.252600   0.257000   0.246800   0.250600   0.249800   0.303800   0.392600   0.434200   0.498000   0.696400 
213   0.256400   0.250800   0.252200   0.250000   0.254600   0.244400   0.248200   0.247000   0.301600   0.390400   0.432000   0.496400   0.695200 
214   0.254000   0.248400   0.249600   0.247400   0.252200   0.242000   0.245800   0.244200   0.299400   0.388200   0.429800   0.494800   0.694000 
215   0.251600   0.246200   0.247000   0.244800   0.249800   0.239600   0.243400   0.241400   0.297200   0.386000   0.427600   0.493200   0.692800 
216   0.249200   0.243800   0.244400   0.242200   0.247400   0.237200   0.241200   0.238600   0.295000   0.383800   0.425400   0.491600   0.691600 
217   0.246800   0.241400   0.242000   0.239600   0.245000   0.234800   0.238800   0.235800   0.292800   0.381600   0.423200   0.490000   0.690400 
218   0.244400   0.239000   0.239600   0.237000   0.242600   0.232400   0.236400   0.233000   0.290600   0.379400   0.421000   0.488400   0.689200 
219   0.242000   0.236600   0.237200   0.234600   0.240200   0.230000   0.234000   0.230400   0.288400   0.377200   0.418800   0.486800   0.688000 
220   0.239600   0.234200   0.234800   0.232200   0.237800   0.227600   0.231600   0.227800   0.286200   0.375000   0.416600   0.485200   0.686800 
221   0.237200   0.231800   0.232400   0.229800   0.235400   0.225200   0.229200   0.225200   0.284200   0.372800   0.414400   0.483600   0.685600 
222   0.235000   0.229400   0.230000   0.227400   0.233000   0.222800   0.226800   0.222600   0.282000   0.370600   0.412200   0.482000   0.684400 
223   0.232600   0.227000   0.227600   0.225000   0.230600   0.220400   0.224400   0.220200   0.279800   0.368400   0.410000   0.480600   0.683200 
224   0.230200   0.224600   0.225200   0.222600   0.228200   0.218200   0.222000   0.217800   0.277600   0.366200   0.407800   0.479200   0.682000 
225   0.227800   0.222200   0.222800   0.220200   0.225800   0.216000   0.219600   0.215400   0.275400   0.364000   0.405600   0.477800   0.680800 
226   0.225400   0.219800   0.220400   0.217800   0.223400   0.213800   0.217200   0.213000   0.273200   0.361800   0.403400   0.476400   0.679600 
227   0.223000   0.217400   0.218000   0.215400   0.221000   0.211600   0.214800   0.210600   0.271000   0.359600   0.401200   0.475000   0.678400 
228   0.220600   0.215000   0.215600   0.213000   0.218600   0.209400   0.212400   0.208400   0.268800   0.357400   0.399000   0.473600   0.677200 
229   0.218200   0.212600   0.213200   0.210600   0.216200   0.207200   0.210000   0.206200   0.266600   0.355200   0.396800   0.472200   0.676000 
230   0.215800   0.210200   0.210800   0.208200   0.213800   0.205000   0.207600   0.204000   0.264400   0.353000   0.394600   0.470800   0.674800 
231   0.213400   0.207800   0.208400   0.205800   0.211400   0.202800   0.205400   0.201800   0.262200   0.351000   0.392600   0.469400   0.673600 
232   0.211000   0.205400   0.206000   0.203400   0.209000   0.200600   0.203200   0.199600   0.260000   0.349000   0.390600   0.468000   0.672400 
233   0.208600   0.203000   0.203600   0.201000   0.206600   0.198400   0.201000   0.197400   0.257800   0.347000   0.388600   0.466600   0.671200 
234   0.206200   0.200600   0.201200   0.198600   0.204200   0.196200   0.199000   0.195200   0.255600   0.345000   0.386600   0.465200   0.670000 
235   0.203800   0.198200   0.198800   0.196200   0.201800   0.194000   0.197000   0.193000   0.253400   0.343000   0.384600   0.463800   0.668800 
236   0.201400   0.195800   0.196400   0.193800   0.199400   0.191800   0.195000   0.191000   0.251200   0.341000   0.382600   0.462400   0.667600 
237   0.199000   0.193400   0.194000   0.191400   0.197000   0.189600   0.193000   0.188800   0.249000   0.339000   0.380600   0.461000   0.666400 
238   0.196600   0.191000   0.191600   0.189000   0.194600   0.187400   0.191000   0.186600   0.246800   0.337400   0.378600   0.459600   0.665200 
239   0.194200   0.188600   0.189200   0.186600   0.192200   0.185200   0.189000   0.184400   0.244600   0.335800   0.376600   0.458200   0.664000 
240   0.191800   0.186200   0.186800   0.184200   0.189800   0.183000   0.187000   0.182200   0.242400   0.334200   0.374600   0.456800   0.662800 
241   0.189400   0.183800   0.184400   0.181800   0.187400   0.180800   0.185000   0.180000   0.240200   0.332600   0.372600   0.455400   0.661600 
242   0.187000   0.181400   0.182000   0.179400   0.185000   0.178600   0.183000   0.177800   0.238000   0.331000   0.370600   0.454000   0.660400 
243   0.184600   0.179000   0.179600   0.177200   0.182600   0.176600   0.181000   0.175600   0.235800   0.329600   0.368600   0.452600   0.659200 
244   0.182200   0.176600   0.177200   0.175000   0.180200   0.174600   0.179200   0.173400   0.233600   0.328200   0.366600   0.451200   0.658000 
245   0.179800   0.174200   0.174800   0.172800   0.178000   0.172600   0.177400   0.171200   0.231400   0.326800   0.364600   0.449800   0.656800 
246   0.177400   0.172000   0.172400   0.170600   0.175800   0.170800   0.175600   0.169000   0.229400   0.325400   0.362600   0.448400   0.655600 
247   0.175200   0.169800   0.170000   0.168400   0.173600   0.169000   0.173800   0.167000   0.227400   0.324000   0.360800   0.447000   0.654400 
248   0.173000   0.167600   0.167600   0.166200   0.171400   0.167200   0.172200   0.165000   0.225400   0.322600   0.359000   0.445600   0.653200 
249   0.170800   0.165400   0.165400   0.164000   0.169200   0.165400   0.170400   0.163000   0.223400   0.321200   0.357200   0.444200   0.652000 
250   0.168600   0.163200   0.163200   0.161800   0.167000   0.163600   0.168600   0.161000   0.221600   0.319800   0.355400   0.442800   0.650800 
251   0.166400   0.161000   0.161000   0.159600   0.164800   0.161800   0.166800   0.159200   0.219800   0.318400   0.353600   0.441400   0.649600 
252   0.164200   0.158800   0.158800   0.157600   0.162600   0.160000   0.165000   0.157600   0.218000   0.317000   0.351800   0.440000   0.648400 
253   0.162000   0.156600   0.156600   0.155600   0.160400   0.158200   0.163200   0.156200   0.216200   0.315600   0.350000   0.438600   0.647200 
254   0.159800   0.154400   0.154400   0.153600   0.158200   0.156400   0.161400   0.154800   0.214400   0.314200   0.348200   0.437200   0.646000 
255   0.157600   0.152200   0.152200   0.151600   0.156000   0.154800   0.159600   0.153400   0.212600   0.312800   0.346400   0.435800   0.644800 
256   0.155400   0.150000   0.150000   0.149600   0.153800   0.153000   0.158000   0.152000   0.210800   0.311400   0.344600   0.434400   0.643600 
257   0.153200   0.147800   0.147800   0.147600   0.151600   0.151200   0.156400   0.150600   0.209000   0.310200   0.342800   0.433200   0.642400 
258   0.151000   0.145600   0.145600   0.145600   0.149400   0.149400   0.154800   0.149200   0.207200   0.308800   0.341000   0.431800   0.641200 
259   0.148800   0.143400   0.143600   0.143600   0.147200   0.147600   0.153200   0.147800   0.205400   0.307400   0.339200   0.430400   0.640000 
260   0.146600   0.141200   0.141600   0.141600   0.145000   0.145800   0.151600   0.146400   0.203600   0.306000   0.337400   0.429000   0.638800 
261   0.144400   0.139000   0.139600   0.139600   0.142800   0.144000   0.150000   0.145000   0.201800   0.304600   0.335600   0.427600   0.637600 
262   0.142200   0.136800   0.137600   0.137600   0.140800   0.142200   0.148400   0.143600   0.200000   0.303200   0.333800   0.426200   0.636400 
263   0.140000   0.134600   0.135600   0.135600   0.138800   0.140400   0.147000   0.142200   0.198200   0.301800   0.332000   0.424800   0.635200 
264   0.137800   0.132400   0.133600   0.133600   0.136800   0.138800   0.145400   0.140800   0.196400   0.300400   0.330200   0.423400   0.634000 
265   0.135600   0.130200   0.131800   0.131600   0.135000   0.137200   0.143800   0.139400   0.194600   0.299000   0.328400   0.422200   0.632800 
266   0.133400   0.128000   0.130000   0.129800   0.133200   0.135600   0.142400   0.138000   0.192800   0.297600   0.326800   0.420800   0.631800 
267   0.131200   0.125800   0.128200   0.128000   0.131400   0.134000   0.141000   0.136600   0.191000   0.296200   0.325400   0.419400   0.630800 
268   0.129000   0.123600   0.126400   0.126200   0.129600   0.132400   0.139600   0.135400   0.189200   0.294800   0.324000   0.418000   0.629800 
269   0.126800   0.121400   0.124600   0.124400   0.128000   0.130800   0.138200   0.134000   0.187400   0.293400   0.322600   0.416600   0.629000 
270   0.124600   0.119400   0.122800   0.122800   0.126400   0.129200   0.137000   0.132600   0.185600   0.292000   0.321200   0.415200   0.628200 
271   0.122800   0.117400   0.121000   0.121200   0.124800   0.127600   0.135600   0.131200   0.183800   0.290600   0.319800   0.413800   0.627400 
272   0.121000   0.115400   0.119200   0.119800   0.123200   0.126000   0.134200   0.129800   0.182000   0.289200   0.318400   0.412400   0.626600 
273   0.119200   0.113400   0.117400   0.118400   0.121600   0.124400   0.133000   0.128400   0.180200   0.288000   0.317000   0.411000   0.625800 
274   0.117400   0.111800   0.115800   0.117000   0.120000   0.122800   0.131800   0.127000   0.178400   0.286600   0.315600   0.409600   0.625000 
275   0.115600   0.110200   0.114200   0.115600   0.118600   0.121200   0.130600   0.125600   0.176600   0.285200   0.314200   0.408200   0.624200 
276   0.113800   0.108600   0.112600   0.114200   0.117400   0.119600   0.129400   0.124200   0.174800   0.283800   0.312800   0.406800   0.623400 
277   0.112200   0.107000   0.111000   0.112800   0.116000   0.118000   0.128400   0.122800   0.173000   0.282400   0.311400   0.405400   0.622600 
278   0.110600   0.105400   0.109400   0.111400   0.114600   0.116400   0.127400   0.121400   0.171200   0.281000   0.310000   0.404000   0.621800 
279   0.109000   0.103800   0.108000   0.110200   0.113200   0.115000   0.126400   0.120000   0.169400   0.279600   0.308600   0.402600   0.621000 
280   0.107400   0.102200   0.106600   0.108800   0.111800   0.113600   0.125400   0.118600   0.167600   0.278200   0.307200   0.401200   0.620200 
281   0.105800   0.100800   0.105200   0.107400   0.110400   0.112200   0.124400   0.117400   0.165800   0.276800   0.306000   0.399800   0.619400 
282   0.104200   0.099600   0.103800   0.106000   0.109000   0.110800   0.123400   0.116200   0.164000   0.275400   0.304800   0.398400   0.618600 
283   0.102600   0.098400   0.102400   0.104600   0.107600   0.109400   0.122400   0.115000   0.162200   0.274000   0.303600   0.397000   0.617800 
284   0.101000   0.097200   0.101000   0.103200   0.106200   0.108000   0.121400   0.113800   0.160400   0.272600   0.302400   0.395600   0.617000 
285   0.099400   0.096000   0.099800   0.101800   0.105000   0.106800   0.120400   0.112600   0.158800   0.271200   0.301200   0.394200   0.616200 
286   0.097800   0.094800   0.098400   0.100400   0.103800   0.105600   0.119400   0.111400   0.157200   0.269800   0.300000   0.392800   0.615400 
287   0.096400   0.093600   0.097000   0.099000   0.102600   0.104400   0.118400   0.110200   0.155600   0.268400   0.298800   0.391400   0.614600 
288   0.095000   0.092400   0.095600   0.097600   0.101400   0.103200   0.117400   0.109000   0.154000   0.267000   0.297600   0.390000   0.613800 
289   0.093600   0.091200   0.094200   0.096200   0.100200   0.102000   0.116400   0.107800   0.152400   0.265600   0.296400   0.388600   0.613000 
290   0.092400   0.090000   0.092800   0.095000   0.099200   0.100800   0.115400   0.106600   0.150800   0.264400   0.295200   0.387200   0.612200 
291   0.091200   0.088800   0.091400   0.093600   0.098000   0.099600   0.114400   0.105600   0.149200   0.263200   0.294000   0.385800   0.611400 
292   0.090000   0.087600   0.090000   0.092200   0.096800   0.098400   0.113400   0.104600   0.147600   0.262000   0.292800   0.384400   0.610600 
293   0.088800   0.086400   0.088800   0.090800   0.095600   0.097200   0.112400   0.103600   0.146000   0.260800   0.291600   0.383000   0.609800 
294   0.087600   0.085200   0.087600   0.089400   0.094400   0.096000   0.111400   0.102600   0.144400   0.259600   0.290400   0.381600   0.609000 
295   0.086400   0.084000   0.086400   0.088200   0.093200   0.094800   0.110400   0.101600   0.142800   0.258400   0.289200   0.380200   0.608200 
296   0.085200   0.082800   0.085200   0.087000   0.092000   0.093600   0.109400   0.100600   0.141200   0.257200   0.288000   0.378800   0.607400 
297   0.084000   0.081600   0.084000   0.085800   0.090800   0.092400   0.108400   0.099600   0.139600   0.256000   0.286800   0.377400   0.606600 
298   0.082800   0.080400   0.082800   0.084600   0.089600   0.091200   0.107400   0.098600   0.138200   0.254800   0.285600   0.376000   0.605800 
299   0.081600   0.079200   0.081600   0.083400   0.088600   0.090000   0.106400   0.097800   0.136800   0.253600   0.284400   0.374600   0.605000 
300   0.080400   0.078000   0.080400   0.082400   0.087600   0.089000   0.105400   0.096800   0.135400   0.252400   0.283200   0.373200   0.604200 
301   0.079200   0.076800   0.079200   0.081600   0.086600   0.088000   0.104400   0.095800   0.134000   0.251400   0.282000   0.371800   0.603400 
302   0.078000   0.075800   0.078200   0.080600   0.085600   0.087000   0.103400   0.094800   0.132800   0.250400   0.280800   0.370400   0.602600 
303   0.076800   0.074600   0.077200   0.079600   0.084600   0.086000   0.102400   0.093800   0.131800   0.249400   0.279600   0.369000   0.601800 
304   0.075600   0.073600   0.076200   0.078600   0.083600   0.085000   0.101400   0.092800   0.130800   0.248400   0.278400   0.367600   0.601000 
305   0.074400   0.073000   0.075200   0.077600   0.082600   0.084000   0.100400   0.091800   0.129800   0.247400   0.277200   0.366200   0.600200 
306   0.073600   0.072000   0.074200   0.076600   0.081600   0.083000   0.099400   0.090800   0.128800   0.246400   0.276000   0.364800   0.599400 
307   0.072800   0.071000   0.073400   0.075600   0.080600   0.082000   0.098400   0.089800   0.127800   0.245400   0.274800   0.363400   0.598600 
308   0.071800   0.070000   0.072400   0.074600   0.079600   0.081000   0.097400   0.088800   0.126800   0.244400   0.273600   0.362000   0.597800 
309   0.070800   0.069000   0.071400   0.073600   0.078600   0.080000   0.096400   0.088000   0.125800   0.243400   0.272400   0.360600   0.597000 
310   0.069800   0.068000   0.070400   0.072600   0.077600   0.079000   0.095400   0.087200   0.124800   0.242400   0.271200   0.359200   0.596200 
311   0.069000   0.067000   0.069400   0.071600   0.076800   0.078000   0.094400   0.086400   0.123800   0.241600   0.270000   0.357600   0.595400 
312   0.068200   0.066000   0.068400   0.070600   0.076000   0.077000   0.093400   0.085600   0.122800   0.240800   0.268800   0.356200   0.594600 
313   0.067400   0.065000   0.067400   0.069600   0.075200   0.076200   0.092400   0.084800   0.121800   0.240000   0.267600   0.354800   0.593800 
314   0.066600   0.064000   0.066400   0.068600   0.074400   0.075400   0.091400   0.084000   0.120800   0.239200   0.266400   0.353400   0.593000 
315   0.065800   0.063200   0.065400   0.067600   0.073600   0.074600   0.090400   0.083200   0.119800   0.238400   0.265200   0.352000   0.592200 
316   0.065000   0.062400   0.064200   0.066600   0.072800   0.073800   0.089600   0.082400   0.118800   0.237600   0.264000   0.350600   0.591400 
317   0.064200   0.061600   0.063000   0.065600   0.072000   0.073000   0.088800   0.081600   0.117800   0.236800   0.262800   0.349200   0.590600 
318   0.063400   0.060800   0.061800   0.064600   0.071200   0.072200   0.088000   0.080800   0.116800   0.236000   0.261600   0.347800   0.590000 
319   0.062600   0.060000   0.060600   0.063600   0.070400   0.071200   0.087200   0.080000   0.115800   0.235200   0.260400   0.346400   0.589400 
320   0.061800   0.059200   0.059400   0.062600   0.069600   0.070200   0.086400   0.079200   0.114800   0.234400   0.259200   0.345000   0.588800 
321   0.061000   0.058400   0.058200   0.061600   0.068800   0.069200   0.085600   0.078400   0.113800   0.233600   0.258000   0.343600   0.588200 
322   0.060200   0.057600   0.057000   0.060600   0.068000   0.068200   0.084800   0.077600   0.112800   0.232800   0.256800   0.342200   0.587600 
323   0.059400   0.056600   0.055800   0.059600   0.067200   0.067200   0.084000   0.076800   0.111800   0.232000   0.255600   0.340800   0.587000 
324   0.058400   0.055600   0.054600   0.058600   0.066400   0.066200   0.083200   0.076000   0.110800   0.231200   0.254400   0.339400   0.586400 
325   0.057400   0.054600   0.053400   0.057800   0.065600   0.065200   0.082400   0.075400   0.109800   0.230400   0.253200   0.338000   0.585800 
326   0.056400   0.053600   0.052200   0.057000   0.064800   0.064200   0.081600   0.074800   0.108800   0.229600   0.252000   0.336600   0.585200 
327   0.055400   0.052600   0.051000   0.056200   0.064000   0.063200   0.080800   0.074200   0.107800   0.228800   0.250800   0.335200   0.584600 
328   0.054400   0.051600   0.049800   0.055400   0.063200   0.062200   0.080000   0.073600   0.106800   0.228000   0.249600   0.333800   0.584000 
329   0.053400   0.050600   0.048600   0.054600   0.062400   0.061200   0.079200   0.073000   0.105800   0.227200   0.248400   0.332400   0.583400 
330   0.052400   0.049600   0.047400   0.053800   0.061600   0.060200   0.078400   0.072400   0.104800   0.226400   0.247200   0.331200   0.582800 
331   0.051400   0.048600   0.046200   0.053000   0.060800   0.059200   0.077600   0.071800   0.103800   0.225600   0.246000   0.330000   0.582200 
332   0.050400   0.047600   0.045000   0.052200   0.060000   0.058200   0.076800   0.071200   0.102800   0.224800   0.244800   0.329000   0.581600 
333   0.049400   0.046600   0.043800   0.051200   0.059200   0.057200   0.076000   0.070600   0.101800   0.224000   0.243600   0.328000   0.581000 
334   0.048400   0.045600   0.042800   0.050200   0.058400   0.056200   0.075200   0.070000   0.100800   0.223200   0.242400   0.327000   0.580400 
335   0.047400   0.044600   0.041800   0.049200   0.057400   0.055200   0.074400   0.069400   0.100000   0.222400   0.241200   0.326000   0.579800 
336   0.046400   0.043600   0.040800   0.048200   0.056400   0.054200   0.073600   0.068800   0.099200   0.221600   0.240000   0.325000   0.579200 
337   0.045400   0.042400   0.039600   0.047200   0.055400   0.053200   0.072800   0.068200   0.098400   0.220800   0.238800   0.324000   0.578600 
338   0.044200   0.041200   0.038400   0.046200   0.054400   0.052200   0.072000   0.067600   0.097600   0.220000   0.237600   0.323000   0.578000 
339   0.043000   0.040000   0.037200   0.045200   0.053400   0.051200   0.071200   0.067000   0.096800   0.219200   0.236400   0.322000   0.577400 
340   0.041800   0.038800   0.036000   0.044200   0.052600   0.050200   0.070400   0.066400   0.096000   0.218400   0.235200   0.321000   0.576800 
341   0.040600   0.037600   0.034800   0.043200   0.051800   0.049200   0.069600   0.065800   0.095200   0.217600   0.234000   0.320000   0.576200 
342   0.039400   0.036400   0.033600   0.042200   0.050800   0.048200   0.068800   0.065200   0.094400   0.216800   0.232800   0.319000   0.575600 
343   0.038200   0.035200   0.032400   0.041200   0.049800   0.047400   0.068000   0.064600   0.093600   0.216000   0.231600   0.318000   0.575000 
344   0.037000   0.034000   0.031200   0.040200   0.048800   0.046600   0.067200   0.064000   0.092800   0.215200   0.230400   0.317200   0.574400 
345   0.035800   0.032800   0.030000   0.039200   0.047800   0.045800   0.066400   0.063600   0.092000   0.214400   0.229200   0.316400   0.573800 
346   0.034600   0.031600   0.028800   0.038200   0.046800   0.045000   0.065600   0.063200   0.091200   0.213600   0.228200   0.315600   0.573200 
347   0.033400   0.030400   0.027600   0.037200   0.045800   0.044200   0.064800   0.062800   0.090400   0.212800   0.227200   0.314800   0.572600 
348   0.032200   0.029200   0.026400   0.036200   0.044800   0.043400   0.064000   0.062400   0.089600   0.212000   0.226200   0.314000   0.572000 
349   0.031000   0.028000   0.025200   0.035000   0.043800   0.042600   0.063400   0.062000   0.089000   0.211200   0.225200   0.313200   0.571400 
350   0.029800   0.026800   0.024000   0.033800   0.042800   0.041800   0.062800   0.061600   0.088400   0.210200   0.224200   0.312400   0.570800 
351   0.028600   0.025600   0.022800   0.032600   0.041800   0.041000   0.062200   0.061200   0.087800   0.209200   0.223200   0.311600   0.570200 
352   0.027400   0.024400   0.021600   0.031400   0.040800   0.040200   0.061800   0.060800   0.087200   0.208200   0.222200   0.310800   0.569600 
353   0.026200   0.023200   0.020400   0.030200   0.039800   0.039200   0.061400   0.060400   0.086600   0.207200   0.221200   0.310000   0.569000 
354   0.025000   0.022000   0.019200   0.029000   0.038800   0.038200   0.061000   0.060000   0.086000   0.206200   0.220200   0.309200   0.568400 
355   0.023800   0.020800   0.018000   0.027800   0.037800   0.037200   0.060600   0.059600   0.085400   0.205200   0.219200   0.308400   0.567800 
356   0.022600   0.019600   0.016800   0.026600   0.036800   0.036200   0.060200   0.059200   0.084800   0.204400   0.218200   0.307600   0.567200 
357   0.021400   0.018400   0.015600   0.025400   0.035800   0.035200   0.059800   0.058800   0.084200   0.203600   0.217200   0.306800   0.566600 
358   0.020200   0.017200   0.014400   0.024200   0.034800   0.034200   0.059400   0.058400   0.083600   0.202800   0.216200   0.306000   0.566000 
359   0.019000   0.016000   0.013200   0.023000   0.033800   0.033200   0.058800   0.058000   0.083000   0.202200   0.215200   0.305200   0.565400 
360   0.017800   0.014800   0.012000   0.021800   0.032800   0.032200   0.058200   0.057600   0.082400   0.201600   0.214200   0.304400   0.564800 
361   0.016600   0.013600   0.010800   0.020600   0.031800   0.031200   0.057600   0.057200   0.081800   0.201000   0.213200   0.303600   0.564200 
362   0.015400   0.012400   0.009600   0.019400   0.030800   0.030200   0.057000   0.056800   0.081200   0.200400   0.212200   0.302800   0.563600 
363   0.014200   0.011200   0.008400   0.018400   0.029800   0.029200   0.056400   0.056400   0.080600   0.200000   0.211200   0.302000   0.563000 
364   0.013000   0.010000   0.007400   0.017400   0.028800   0.028200   0.055800   0.056200   0.080200   0.199600   0.210200   0.301400   0.562400 
365   0.011800   0.008800   0.006400   0.016400   0.027800   0.027200   0.055200   0.056000   0.079600   0.199200   0.209200   0.300800   0.561800 
366   0.010600   0.007600   0.005400   0.015400   0.026800   0.026200   0.054600   0.055800   0.079000   0.198800   0.208200   0.300200   0.561200 
367   0.009400   0.006400   0.004400   0.014400   0.025800   0.025200   0.054000   0.055600   0.078200   0.198400   0.207200   0.299600   0.560600 
368   0.008200   0.005200   0.003400   0.013400   0.024800   0.024200   0.053400   0.055400   0.077400   0.198000   0.206200   0.299000   0.560000 
369   0.007000   0.004000   0.002400   0.012400   0.023800   0.023200   0.052800   0.055200   0.076600   0.197600   0.205200   0.298400   0.559400 
370   0.005800   0.002800   0.001400   0.011400   0.022800   0.022200   0.052200   0.055000   0.075800   0.197200   0.204200   0.297800   0.558800 
371   0.004600   0.001600   0.000400   0.010400   0.021800   0.021200   0.051600   0.054800   0.075000   0.196800   0.203200   0.297200   0.558200 
372   0.003600   0.000400  -0.000600   0.009400   0.020800   0.020200   0.051000   0.054600   0.074200   0.196400   0.202200   0.296600   0.557600 
373   0.002600  -0.000800  -0.001600   0.008400   0.019800   0.019200   0.050400   0.054400   0.073400   0.196000   0.201200   0.296000   0.557000 
374   0.001600  -0.002000  -0.002600   0.007400   0.018800   0.018200   0.049800   0.054200   0.072600   0.195600   0.200200   0.295400   0.556400 
375   0.000600  -0.003000  -0.003600   0.006400   0.017800   0.017200   0.049200   0.054000   0.071800   0.195200   0.199200   0.294800   0.555800 
376  -0.000400  -0.004000  -0.004600   0.005400   0.016800   0.016200   0.048600   0.053800   0.071000   0.194800   0.198200   0.294200   0.555200 
377  -0.001400  -0.005000  -0.005600   0.004400   0.015800   0.015200   0.048000   0.053600   0.070200   0.194400   0.197200   0.293600   0.554800 
378  -0.002400  -0.006000  -0.006600   0.003400   0.014800   0.014200   0.047400   0.053400   0.069400   0.194000   0.196200   0.293000   0.554400 
379  -0.003200  -0.007000  -0.007600   0.002400   0.013800   0.013200   0.046800   0.053200   0.068600   0.193600   0.195200   0.292400   0.554000 
380  -0.004000  -0.007800  -0.008600   0.001400   0.012800   0.012200   0.046200   0.053000   0.067800   0.193200   0.194200   0.291800   0.553600 
381  -0.004800  -0.008600  -0.009600   0.000400   0.011800   0.011200   0.045600   0.052600   0.067000   0.192800   0.193200   0.291200   0.553200 
382  -0.005600  -0.009400  -0.010600  -0.000600   0.010800   0.010200   0.045000   0.052200   0.066200   0.192400   0.192200   0.290600   0.552800 
383  -0.006400  -0.010200  -0.011600  -0.001600   0.009800   0.009200   0.044400   0.051800   0.065400   0.192000   0.191200   0.290000   0.552400 
384  -0.007200  -0.011000  -0.012600  -0.002600   0.008800   0.008200   0.043800   0.051400   0.064600   0.191600   0.190200   0.289400   0.552000 
385  -0.007800  -0.011800  -0.013600  -0.003600   0.007800   0.007200   0.043200   0.051000   0.063800   0.191200   0.189200   0.289000   0.551600 
386  -0.008400  -0.012600  -0.014600  -0.004600   0.006800   0.006200   0.043000   0.050600   0.063000   0.190800   0.188200   0.288600   0.551200 
387  -0.009000  -0.013400  -0.015600  -0.005400   0.005800   0.005200   0.042800   0.050200   0.062200   0.190400   0.187200   0.288200   0.550800 
388  -0.009600  -0.014200  -0.016400  -0.006200   0.004800   0.004200   0.042600   0.049800   0.061400   0.190000   0.186200   0.287800   0.550400 
389  -0.010200  -0.015000  -0.017000  -0.006800   0.003800   0.003200   0.042400   0.049400   0.060600   0.189600   0.185200   0.287400   0.550000 
390  -0.010800  -0.015800  -0.017600  -0.007400   0.002800   0.002200   0.042200   0.049000   0.060000   0.189200   0.184200   0.287000   0.549600 
391  -0.011400  -0.016600  -0.018200  -0.008000   0.001800   0.001200   0.042000   0.048600   0.059400   0.188800   0.183200   0.286600   0.549200 
392  -0.012000  -0.017200  -0.018800  -0.008600   0.000800   0.000200   0.041800   0.048200   0.058800   0.188400   0.182200   0.286200   0.548800 
393  -0.012600  -0.017800  -0.019200  -0.009200  -0.000200  -0.000800   0.041600   0.047800   0.058200   0.188000   0.181200   0.285800   0.548400 
394  -0.013200  -0.018400  -0.019600  -0.009800  -0.001200  -0.001800   0.041400   0.047400   0.057600   0.187600   0.180200   0.285400   0.548000 
395  -0.013800  -0.019000  -0.020000  -0.010200  -0.002000  -0.002800   0.041200   0.047000   0.057000   0.187200   0.179000   0.285000   0.547600 
396  -0.014400  -0.019600  -0.020400  -0.010600  -0.002800  -0.003800   0.041000   0.046600   0.056400   0.186800   0.178000   0.284600   0.547200 
397  -0.015000  -0.020200  -0.020800  -0.011000  -0.003600  -0.004800   0.040800   0.046200   0.055800   0.186400   0.177000   0.284200   0.546800 
398  -0.015600  -0.020800  -0.021200  -0.011400  -0.004400  -0.005800   0.040600   0.045800   0.055400   0.186000   0.176000   0.283800   0.546400 
399  -0.016000  -0.021400  -0.021600  -0.011800  -0.005200  -0.006800   0.040400   0.045400   0.055000   0.185600   0.175000   0.283400   0.546000 
400  -0.016400  -0.022000  -0.022000  -0.012200  -0.006000  -0.007800   0.040000   0.045000   0.054600   0.185200   0.174000   0.283000   0.545600 
401  -0.016800  -0.022600  -0.022400  -0.012600  -0.006800  -0.008800   0.039600   0.044600   0.054200   0.184800   0.173000   0.282600   0.545200 
402  -0.017200  -0.023200  -0.022800  -0.013000  -0.007600  -0.009800   0.039200   0.044200   0.053800   0.184400   0.172000   0.282200   0.544800 
403  -0.017600  -0.023800  -0.023200  -0.013400  -0.008400  -0.010800   0.038800   0.043800   0.053400   0.184000   0.171200   0.281800   0.544400 
404  -0.018000  -0.024400  -0.023600  -0.013800  -0.009200  -0.011800   0.038400   0.043400   0.053200   0.183600   0.170600   0.281400   0.544000 
405  -0.018400  -0.024800  -0.024000  -0.014200  -0.010000  -0.012800   0.038000   0.042800   0.053000   0.183200   0.170000   0.281000   0.543600 
406  -0.018800  -0.025200  -0.024400  -0.014600  -0.010800  -0.013800   0.037600   0.042200   0.052800   0.182800   0.169400   0.280600   0.543200 
407  -0.019200  -0.025600  -0.024800  -0.015000  -0.011600  -0.014600   0.037200   0.041600   0.052600   0.182400   0.168800   0.280200   0.542800 
408  -0.019600  -0.026000  -0.025000  -0.015400  -0.012400  -0.015400   0.036800   0.041000   0.052400   0.182000   0.168200   0.279800   0.542400 
409  -0.020000  -0.026400  -0.025200  -0.015800  -0.013000  -0.016200   0.036400   0.040400   0.052000   0.181600   0.167600   0.279400   0.542000 
410  -0.020400  -0.026800  -0.025400  -0.016200  -0.013600  -0.017000   0.036000   0.039800   0.051600   0.181200   0.167000   0.279000   0.541600 
411  -0.020800  -0.027200  -0.025600  -0.016400  -0.014200  -0.017800   0.035600   0.039200   0.051200   0.180800   0.166400   0.278600   0.541200 
412  -0.021200  -0.027400  -0.025800  -0.016600  -0.014800  -0.018600   0.035200   0.038600   0.050800   0.180400   0.165800   0.278200   0.540800 
413  -0.021600  -0.027600  -0.026000  -0.016800  -0.015400  -0.019400   0.034800   0.038000   0.050400   0.180000   0.165200   0.277800   0.540400 
414  -0.022000  -0.027800  -0.026200  -0.017000  -0.016000  -0.020200   0.034400   0.037400   0.050000   0.179600   0.164600   0.277400   0.540000 
415  -0.022400  -0.028000  -0.026400  -0.017200  -0.016600  -0.021000   0.034000   0.036800   0.049600   0.179200   0.164000   0.277000   0.539600 
416  -0.022800  -0.028200  -0.026600  -0.017400  -0.017200  -0.021800   0.033600   0.036400   0.049200   0.178800   0.163600   0.276600   0.539200 
417  -0.023200  -0.028400  -0.026800  -0.017600  -0.017800  -0.022600   0.033200   0.036000   0.049000   0.178400   0.163200   0.276200   0.538800 
418  -0.023600  -0.028600  -0.027000  -0.017800  -0.018400  -0.023400   0.032800   0.035600   0.048800   0.178000   0.162800   0.275800   0.538400 
419  -0.024000  -0.028800  -0.027200  -0.018000  -0.019000  -0.024000   0.032400   0.035200   0.048600   0.177600   0.162400   0.275400   0.538000 
420  -0.024400  -0.029000  -0.027400  -0.018200  -0.019400  -0.024600   0.032000   0.034800   0.048400   0.177400   0.162000   0.275000   0.537600 
421  -0.024800  -0.029200  -0.027600  -0.018400  -0.019800  -0.025200   0.031600   0.034400   0.048200   0.177200   0.161600   0.274600   0.537200 
422  -0.025200  -0.029400  -0.027800  -0.018600  -0.020200  -0.025800   0.031200   0.034000   0.048000   0.177000   0.161200   0.274200   0.536800 
423  -0.025400  -0.029600  -0.028000  -0.018800  -0.020600  -0.026400   0.030800   0.033600   0.047800   0.176800   0.160800   0.273800   0.536400 
424  -0.025600  -0.029800  -0.028200  -0.019000  -0.021000  -0.027000   0.030400   0.033200   0.047600   0.176600   0.160400   0.273400   0.536000 
425  -0.025800  -0.030000  -0.028400  -0.019200  -0.021400  -0.027600   0.030000   0.032800   0.047400   0.176400   0.160000   0.273000   0.535600 
426  -0.026000  -0.030200  -0.028600  -0.019400  -0.021800  -0.028200   0.029600   0.032400   0.047200   0.176200   0.159600   0.272600   0.535200 
427  -0.026200  -0.030400  -0.028800  -0.019600  -0.022200  -0.028800   0.029200   0.032000   0.047000   0.176000   0.159200   0.272200   0.534800 
428  -0.026400  -0.030600  -0.029000  -0.019800  -0.022600  -0.029200   0.028800   0.031600   0.046800   0.175800   0.158800   0.271800   0.534400 
429  -0.026600  -0.030800  -0.029200  -0.020000  -0.023000  -0.029600   0.028400   0.031200   0.046600   0.175600   0.158600   0.271400   0.534000 
430  -0.026800  -0.031000  -0.029400  -0.020200  -0.023400  -0.030000   0.028000   0.030800   0.046400   0.175400   0.158400   0.271000   0.533600 
431  -0.027000  -0.031200  -0.029600  -0.020400  -0.023800  -0.030400   0.027600   0.030400   0.046200   0.175200   0.158200   0.270600   0.533200 
432  -0.027200  -0.031400  -0.029800  -0.020600  -0.024200  -0.030800   0.027200   0.030000   0.046000   0.175000   0.158000   0.270200   0.532800 
433  -0.027400  -0.031600  -0.030000  -0.020800  -0.024600  -0.031200   0.026800   0.029400   0.045800   0.174800   0.157800   0.269800   0.532400 
434  -0.027600  -0.031800  -0.030200  -0.021000  -0.025000  -0.031600   0.026400   0.028800   0.045600   0.174600   0.157600   0.269400   0.532000 
435  -0.027800  -0.032000  -0.030400  -0.021200  -0.025400  -0.032000   0.026000   0.028000   0.045400   0.174400   0.157400   0.269000   0.531600 
436  -0.028000  -0.032200  -0.030600  -0.021400  -0.025800  -0.032400   0.025600   0.027200   0.045200   0.174200   0.157200   0.268600   0.531200 
437  -0.028200  -0.032400  -0.030800  -0.021600  -0.026200  -0.032800   0.025200   0.026400   0.045000   0.174000   0.157000   0.268200   0.530800 
438  -0.028400  -0.032600  -0.031000  -0.021800  -0.026600  -0.033200   0.024800   0.025600   0.044800   0.173800   0.156800   0.267800   0.530400 
439  -0.028600  -0.032800  -0.031200  -0.022000  -0.027000  -0.033600   0.024400   0.024800   0.044600   0.173600   0.156600   0.267400   0.530000 
440  -0.028800  -0.033000  -0.031400  -0.022200  -0.027400  -0.033800   0.024000   0.024000   0.044400   0.173400   0.156400   0.267000   0.529600 
441  -0.029000  -0.033200  -0.031600  -0.022400  -0.027800  -0.034000   0.023600   0.023200   0.044200   0.173200   0.156200   0.266600   0.529200 
442  -0.029200  -0.033400  -0.031800  -0.022600  -0.028200  -0.034200   0.023200   0.022400   0.044000   0.173000   0.156000   0.266200   0.528800 
443  -0.029400  -0.033600  -0.032000  -0.022800  -0.028600  -0.034400   0.022800   0.021600   0.043800   0.172800   0.155800   0.265800   0.528400 
444  -0.029600  -0.033800  -0.032200  -0.023000  -0.029000  -0.034600   0.022400   0.020800   0.043600   0.172600   0.155600   0.265400   0.528000 
445  -0.029800  -0.034000  -0.032400  -0.023200  -0.029400  -0.034800   0.022000   0.020000   0.043400   0.172400   0.155400   0.265000   0.527600 
446  -0.030000  -0.034200  -0.032600  -0.023400  -0.029800  -0.035000   0.021600   0.019200   0.043200   0.172200   0.155200   0.264600   0.527200 
447  -0.030200  -0.034400  -0.032800  -0.023600  -0.030000  -0.035200   0.021200   0.018400   0.043000   0.172000   0.155000   0.264200   0.526800 
448  -0.030400  -0.034600  -0.033000  -0.023800  -0.030200  -0.035400   0.020800   0.017600   0.042800   0.171800   0.154800   0.263800   0.526400 
449  -0.030600  -0.034800  -0.033200  -0.024000  -0.030400  -0.035600   0.020600   0.017000   0.042600   0.171600   0.154600   0.263400   0.526000 
450  -0.030800  -0.035000  -0.033400  -0.024200  -0.030600  -0.035800   0.020600   0.016400   0.042400   0.171400   0.154400   0.263000   0.525600 
451  -0.031000  -0.035200  -0.033600  -0.024400  -0.030800  -0.036000   0.020600   0.015800   0.042200   0.171200   0.154200   0.262600   0.525200 
452  -0.031200  -0.035400  -0.033800  -0.024600  -0.031000  -0.036200   0.020600   0.015200   0.042000   0.171000   0.154000   0.262200   0.524800 
453  -0.031400  -0.035600  -0.034000  -0.024800  -0.031200  -0.036400   0.020600   0.014600   0.041800   0.170800   0.153800   0.261800   0.524400 
454  -0.031600  -0.035800  -0.034200  -0.025000  -0.031400  -0.036600   0.020600   0.014000   0.041600   0.170800   0.153600   0.261400   0.524000 
455  -0.032000  -0.036200  -0.034400  -0.025200  -0.031600  -0.036800   0.020600   0.013400   0.041400   0.170800   0.153400   0.261000   0.523600 
456  -0.032400  -0.036600  -0.034600  -0.025400  -0.031800  -0.037000   0.020600   0.012800   0.041200   0.170800   0.153200   0.260600   0.523200 
457  -0.032800  -0.037000  -0.034800  -0.025600  -0.032000  -0.037200   0.020600   0.012200   0.041000   0.170800   0.153000   0.260200   0.522800 
458  -0.033200  -0.037400  -0.035000  -0.025800  -0.032200  -0.037400   0.020600   0.011600   0.040800   0.170800   0.152800   0.259800   0.522400 
459  -0.033600  -0.037800  -0.035200  -0.026000  -0.032600  -0.037400   0.020600   0.011000   0.040600   0.170800   0.152600   0.259400   0.522000 
460  -0.034000  -0.038200  -0.035400  -0.026200  -0.033000  -0.037400   0.020600   0.010400   0.040400   0.170800   0.152400   0.259000   0.521600 
461  -0.034400  -0.038600  -0.035600  -0.026600  -0.033400  -0.037400   0.020600   0.009800   0.040200   0.170800   0.152200   0.258600   0.521200 
462  -0.034800  -0.039000  -0.035800  -0.027000  -0.033800  -0.037400   0.020600   0.009200   0.040000   0.170800   0.152000   0.258200   0.520800 
463  -0.035200  -0.039400  -0.036000  -0.027400  -0.034200  -0.037400   0.020600   0.008600   0.039800   0.170800   0.151800   0.257800   0.520400 
464  -0.035600  -0.039800  -0.036200  -0.027800  -0.034600  -0.037400   0.020800   0.008000   0.039600   0.170800   0.151600   0.257400   0.520000 
465  -0.036000  -0.040200  -0.036600  -0.028200  -0.035000  -0.037400   0.021000   0.007400   0.039400   0.170800   0.151400   0.257000   0.519600 
466  -0.036400  -0.040600  -0.037000  -0.028600  -0.035600  -0.037400   0.021200   0.006800   0.039200   0.170800   0.151200   0.256600   0.519200 
467  -0.036800  -0.041000  -0.037400  -0.029000  -0.036200  -0.037400   0.021400   0.006400   0.039000   0.170800   0.151000   0.256400   0.518800 
468  -0.037200  -0.041400  -0.037800  -0.029400  -0.036800  -0.037400   0.021600   0.006000   0.038800   0.170800   0.150800   0.256200   0.518400 
469  -0.037600  -0.041800  -0.038200  -0.029800  -0.037400  -0.037400   0.022000   0.005800   0.038600   0.170800   0.150600   0.256000   0.518000 
470  -0.038000  -0.042200  -0.038600  -0.030200  -0.038000  -0.037400   0.022400   0.005600   0.038400   0.170600   0.150400   0.255800   0.517600 
471  -0.038400  -0.042600  -0.039000  -0.030600  -0.038400  -0.037400   0.022800   0.005400   0.038200   0.170600   0.150200   0.255600   0.517200 
472  -0.038800  -0.043000  -0.039400  -0.031000  -0.038800  -0.037400   0.023200   0.005200   0.038000   0.170600   0.150000   0.255400   0.516800 
473  -0.039000  -0.043400  -0.039800  -0.031400  -0.039200  -0.037400   0.023600   0.005000   0.037800   0.170600   0.149800   0.255200   0.516400 
474  -0.039200  -0.043800  -0.040200  -0.031800  -0.039600  -0.037400   0.023800   0.004800   0.037600   0.170600   0.149600   0.255000   0.516000 
475  -0.039400  -0.044200  -0.040800  -0.032200  -0.040000  -0.037600   0.024000   0.004600   0.037400   0.170600   0.149400   0.254800   0.515600 
476  -0.039600  -0.044600  -0.041400  -0.032600  -0.040400  -0.037800   0.024200   0.004400   0.037200   0.170600   0.149200   0.254600   0.515200 
477  -0.039800  -0.045000  -0.042000  -0.033000  -0.040800  -0.038000   0.024400   0.004200   0.037000   0.170600   0.149000   0.254400   0.514800 
478  -0.040000  -0.045400  -0.042600  -0.033400  -0.041200  -0.038200   0.024600   0.004000   0.036800   0.170600   0.148800   0.254200   0.514400 
479  -0.040200  -0.045800  -0.043200  -0.033800  -0.041600  -0.038400   0.024800   0.003800   0.036600   0.170600   0.148600   0.254000   0.514200 
480  -0.040400  -0.046200  -0.043800  -0.034200  -0.042000  -0.038600   0.025000   0.003600   0.036400   0.170600   0.148400   0.253800   0.514000 
481  -0.040600  -0.046600  -0.044400  -0.034600  -0.042400  -0.038800   0.025200   0.003400   0.036200   0.170600   0.148200   0.253600   0.513800 
482  -0.040800  -0.047000  -0.045000  -0.035000  -0.042800  -0.039000   0.025400   0.003200   0.036000   0.170600   0.148200   0.253400   0.513600 
483  -0.041000  -0.047600  -0.045600  -0.035400  -0.043000  -0.039200   0.025600   0.003000   0.035800   0.170600   0.148200   0.253200   0.513400 
484  -0.041200  -0.048200  -0.046000  -0.035800  -0.043200  -0.039400   0.025800   0.002800   0.035600   0.170600   0.148200   0.253000   0.513200 
485  -0.041600  -0.048600  -0.046400  -0.036000  -0.043400  -0.039600   0.026000   0.002600   0.035400   0.170600   0.148200   0.252800   0.513000 
486  -0.042000  -0.049000  -0.046800  -0.036200  -0.043600  -0.039800   0.026200   0.002600   0.035200   0.170600   0.148200   0.252600   0.512800 
487  -0.042200  -0.049400  -0.047200  -0.036400  -0.043800  -0.039800   0.026400   0.002600   0.035000   0.170600   0.148200   0.252400   0.512600 
488  -0.042400  -0.049800  -0.047600  -0.036600  -0.043800  -0.039800   0.026600   0.002600   0.035000   0.170600   0.148200   0.252200   0.512400 
489  -0.042600  -0.050200  -0.048000  -0.036800  -0.043800  -0.039600   0.026800   0.002600   0.035000   0.170600   0.148200   0.252000   0.512400 
490  -0.042800  -0.050400  -0.048400  -0.037200  -0.043800  -0.039400   0.027000   0.002600   0.035000   0.170600   0.148200   0.251800   0.512400 
491  -0.043000  -0.050600  -0.048800  -0.037600  -0.043800  -0.039200   0.027200   0.002600   0.035000   0.170600   0.148200   0.251600   0.512400 
492  -0.043200  -0.050800  -0.049200  -0.038000  -0.043800  -0.039000   0.027400   0.002600   0.035000   0.170600   0.148200   0.251400   0.512400 
493  -0.043400  -0.051000  -0.049600  -0.038400  -0.043800  -0.038800   0.027600   0.002600   0.035000   0.170600   0.148200   0.251200   0.512400 
494  -0.043400  -0.051200  -0.050000  -0.038600  -0.043800  -0.038600   0.027800   0.002600   0.035000   0.170600   0.148200   0.251000   0.512400 
495  -0.043400  -0.051400  -0.050200  -0.038800  -0.043800  -0.038600   0.028000   0.002600   0.035000   0.170600   0.148200   0.250800   0.512400 
496  -0.043400  -0.051600  -0.050200  -0.039000  -0.043800  -0.038600   0.028200   0.002600   0.035000   0.170600   0.148200   0.250800   0.512400 
497  -0.043400  -0.051600  -0.050200  -0.039200  -0.043800  -0.038600   0.028400   0.002600   0.035000   0.170600   0.148200   0.250800   0.512400 
498  -0.043400  -0.051600  -0.050200  -0.039400  -0.043800  -0.038600   0.028600   0.002600   0.035000   0.170600   0.148200   0.250800   0.512400 
499  -0.043400  -0.051600  -0.050200  -0.039600  -0.043800  -0.038600   0.028600   0.002600   0.035000   0.170600   0.148200   0.250800   0.512400 
