0   0.724036
1   0.721848
2   0.719722
3   0.717688
4   0.715554
5   0.713642
6   0.711560
7   0.709542
8   0.707448
9   0.705226
10   0.703046
11   0.700958
12   0.698962
13   0.697092
14   0.695246
15   0.693332
16   0.691286
17   0.689214
18   0.687194
19   0.685140
20   0.682960
21   0.680946
22   0.678828
23   0.676962
24   0.674990
25   0.672846
26   0.670618
27   0.668490
28   0.666320
29   0.664170
30   0.661956
31   0.659880
32   0.657782
33   0.655802
34   0.653972
35   0.652148
36   0.650444
37   0.648654
38   0.647060
39   0.645536
40   0.643884
41   0.642314
42   0.640788
43   0.639472
44   0.637990
45   0.636592
46   0.635364
47   0.634166
48   0.632994
49   0.631678
50   0.630518
51   0.629308
52   0.628048
53   0.626646
54   0.625382
55   0.624054
56   0.622676
57   0.621382
58   0.620120
59   0.618922
60   0.617730
61   0.616630
62   0.615514
63   0.614392
64   0.613310
65   0.612214
66   0.611216
67   0.610300
68   0.609344
69   0.608336
70   0.607260
71   0.606072
72   0.604762
73   0.603494
74   0.602112
75   0.600734
76   0.599482
77   0.598180
78   0.596898
79   0.595538
80   0.594116
81   0.592502
82   0.591006
83   0.589536
84   0.588228
85   0.586832
86   0.585318
87   0.583668
88   0.581896
89   0.579998
90   0.578076
91   0.576110
92   0.574102
93   0.571930
94   0.569572
95   0.567390
96   0.565392
97   0.563260
98   0.561180
99   0.559046
100   0.556942
101   0.554892
102   0.552948
103   0.550964
104   0.549026
105   0.546980
106   0.545110
107   0.543158
108   0.541140
109   0.539140
110   0.537052
111   0.534892
112   0.532884
113   0.530786
114   0.528922
115   0.527026
116   0.525144
117   0.523456
118   0.521804
119   0.520140
120   0.518462
121   0.516514
122   0.514598
123   0.512722
124   0.510798
125   0.508948
126   0.507092
127   0.505162
128   0.503126
129   0.501276
130   0.499364
131   0.497236
132   0.495222
133   0.493152
134   0.490828
135   0.488782
136   0.486758
137   0.484690
138   0.482700
139   0.480756
140   0.478982
141   0.476980
142   0.474954
143   0.473108
144   0.471084
145   0.468848
146   0.466486
147   0.464166
148   0.461792
149   0.459306
150   0.456924
151   0.454626
152   0.452264
153   0.450022
154   0.447810
155   0.445518
156   0.443404
157   0.441258
158   0.439168
159   0.437182
160   0.435178
161   0.433170
162   0.431140
163   0.429060
164   0.426920
165   0.424818
166   0.422790
167   0.420780
168   0.418756
169   0.416704
170   0.414660
171   0.412562
172   0.410514
173   0.408546
174   0.406502
175   0.404380
176   0.402462
177   0.400412
178   0.398282
179   0.396054
180   0.393790
181   0.391732
182   0.389630
183   0.387472
184   0.385346
185   0.383350
186   0.381248
187   0.379236
188   0.377248
189   0.375334
190   0.373346
191   0.371382
192   0.369364
193   0.367548
194   0.365586
195   0.363702
196   0.361820
197   0.360020
198   0.358110
199   0.356270
200   0.354374
201   0.352346
202   0.350278
203   0.348226
204   0.346100
205   0.343794
206   0.341590
207   0.339478
208   0.337258
209   0.335006
210   0.332562
211   0.330222
212   0.327964
213   0.325534
214   0.323078
215   0.320780
216   0.318562
217   0.316368
218   0.314232
219   0.311962
220   0.309782
221   0.307442
222   0.305320
223   0.303326
224   0.301384
225   0.299492
226   0.297470
227   0.295504
228   0.293404
229   0.291208
230   0.289076
231   0.286882
232   0.284682
233   0.282628
234   0.280530
235   0.278524
236   0.276526
237   0.274434
238   0.272340
239   0.270334
240   0.268350
241   0.266360
242   0.264290
243   0.262354
244   0.260384
245   0.258300
246   0.256116
247   0.254006
248   0.252060
249   0.250066
250   0.247980
251   0.246080
252   0.244166
253   0.242216
254   0.240458
255   0.238748
256   0.237134
257   0.235320
258   0.233568
259   0.232000
260   0.230348
261   0.228782
262   0.227410
263   0.225988
264   0.224446
265   0.223014
266   0.221560
267   0.220086
268   0.218542
269   0.216794
270   0.214982
271   0.213356
272   0.211702
273   0.210124
274   0.208702
275   0.207118
276   0.205530
277   0.203946
278   0.202252
279   0.200688
280   0.199046
281   0.197528
282   0.196210
283   0.194652
284   0.193104
285   0.191628
286   0.190162
287   0.188720
288   0.187338
289   0.186008
290   0.184738
291   0.183526
292   0.182254
293   0.181070
294   0.179830
295   0.178666
296   0.177572
297   0.176538
298   0.175564
299   0.174606
300   0.173646
301   0.172630
302   0.171728
303   0.170758
304   0.169980
305   0.169290
306   0.168632
307   0.168018
308   0.167378
309   0.166882
310   0.166278
311   0.165614
312   0.164970
313   0.164336
314   0.163676
315   0.163006
316   0.162330
317   0.161670
318   0.161010
319   0.160228
320   0.159620
321   0.159036
322   0.158502
323   0.157824
324   0.157186
325   0.156388
326   0.155552
327   0.154810
328   0.154060
329   0.153444
330   0.152572
331   0.151622
332   0.150610
333   0.149734
334   0.148890
335   0.148278
336   0.147786
337   0.147186
338   0.146682
339   0.146368
340   0.146046
341   0.145804
342   0.145558
343   0.145340
344   0.144942
345   0.144668
346   0.144246
347   0.143914
348   0.143610
349   0.143418
350   0.143184
351   0.143090
352   0.142988
353   0.142924
354   0.142986
355   0.143188
356   0.143476
357   0.143932
358   0.144330
359   0.144686
360   0.144980
361   0.145202
362   0.145430
363   0.145578
364   0.145698
365   0.145806
366   0.146126
367   0.146304
368   0.146466
369   0.146602
370   0.146682
371   0.146906
372   0.147276
373   0.147724
374   0.148030
375   0.148214
376   0.148412
377   0.148412
378   0.148426
379   0.148272
380   0.148212
381   0.148054
382   0.148080
383   0.148166
384   0.148064
385   0.148096
386   0.148138
387   0.148274
388   0.148334
389   0.148564
390   0.148774
391   0.148966
392   0.149214
393   0.149544
394   0.149770
395   0.150122
396   0.150616
397   0.151106
398   0.151514
399   0.151958
400   0.152506
401   0.153102
402   0.153506
403   0.153884
404   0.154262
405   0.154666
406   0.155132
407   0.155528
408   0.156084
409   0.156544
410   0.156920
411   0.157512
412   0.158198
413   0.158720
414   0.159094
415   0.159638
416   0.159904
417   0.160140
418   0.160332
419   0.160414
420   0.160664
421   0.160804
422   0.161334
423   0.161754
424   0.162410
425   0.163134
426   0.163764
427   0.164154
428   0.164442
429   0.164818
430   0.165030
431   0.165374
432   0.165778
433   0.166124
434   0.166648
435   0.167086
436   0.167660
437   0.168450
438   0.169252
439   0.170116
440   0.171080
441   0.171880
442   0.172612
443   0.173432
444   0.174308
445   0.175180
446   0.176026
447   0.177000
448   0.177998
449   0.179240
450   0.180390
451   0.181468
452   0.182670
453   0.183846
454   0.184924
455   0.185764
456   0.186716
457   0.187706
458   0.188594
459   0.189566
460   0.190486
461   0.191514
462   0.192586
463   0.193788
464   0.194868
465   0.196076
466   0.197382
467   0.198782
468   0.199964
469   0.201376
470   0.202894
471   0.204526
472   0.206178
473   0.207782
474   0.209568
475   0.210982
476   0.212316
477   0.213678
478   0.214934
479   0.216222
480   0.217512
481   0.218944
482   0.220664
483   0.222386
484   0.224104
485   0.225836
486   0.227790
487   0.229810
488   0.232000
489   0.234020
490   0.235976
491   0.238078
492   0.240268
493   0.242618
494   0.244722
495   0.246906
496   0.248902
497   0.251174
498   0.253340
499   0.255328
500   0.257414
-499   0.259558
-498   0.261872
-497   0.264382
-496   0.266818
-495   0.269128
-494   0.271404
-493   0.273842
-492   0.275984
-491   0.278144
-490   0.280108
-489   0.282122
-488   0.284164
-487   0.286294
-486   0.288308
-485   0.290212
-484   0.292114
-483   0.294082
-482   0.296026
-481   0.298026
-480   0.299982
-479   0.301894
-478   0.303926
-477   0.305794
-476   0.307550
-475   0.309146
-474   0.310948
-473   0.312686
-472   0.314570
-471   0.316488
-470   0.318396
-469   0.320594
-468   0.322732
-467   0.324858
-466   0.326968
-465   0.329068
-464   0.331364
-463   0.333588
-462   0.335970
-461   0.338216
-460   0.340518
-459   0.342596
-458   0.344606
-457   0.346514
-456   0.348570
-455   0.350278
-454   0.351954
-453   0.353892
-452   0.355602
-451   0.357390
-450   0.359256
-449   0.361284
-448   0.363232
-447   0.365250
-446   0.367342
-445   0.369490
-444   0.371734
-443   0.374032
-442   0.376154
-441   0.378230
-440   0.380248
-439   0.382236
-438   0.384392
-437   0.386484
-436   0.388478
-435   0.390392
-434   0.392096
-433   0.393778
-432   0.395412
-431   0.397060
-430   0.398426
-429   0.399868
-428   0.401440
-427   0.402922
-426   0.404494
-425   0.406080
-424   0.407534
-423   0.408896
-422   0.410236
-421   0.411596
-420   0.412730
-419   0.414062
-418   0.415318
-417   0.416582
-416   0.417906
-415   0.419178
-414   0.420396
-413   0.421524
-412   0.422906
-411   0.424170
-410   0.425550
-409   0.426954
-408   0.428442
-407   0.429770
-406   0.431128
-405   0.432256
-404   0.433312
-403   0.434204
-402   0.435156
-401   0.436124
-400   0.437216
-399   0.438090
-398   0.439044
-397   0.439850
-396   0.440614
-395   0.441448
-394   0.442368
-393   0.443132
-392   0.444002
-391   0.444894
-390   0.445612
-389   0.446268
-388   0.446672
-387   0.447132
-386   0.447668
-385   0.448198
-384   0.448784
-383   0.449204
-382   0.449760
-381   0.450278
-380   0.450664
-379   0.451184
-378   0.451688
-377   0.452106
-376   0.452534
-375   0.453000
-374   0.453368
-373   0.453760
-372   0.454212
-371   0.454678
-370   0.455102
-369   0.455426
-368   0.455796
-367   0.456234
-366   0.456812
-365   0.457452
-364   0.458040
-363   0.458690
-362   0.459270
-361   0.459802
-360   0.460346
-359   0.460904
-358   0.461424
-357   0.461950
-356   0.462538
-355   0.463084
-354   0.463598
-353   0.464120
-352   0.464676
-351   0.465176
-350   0.465626
-349   0.466082
-348   0.466556
-347   0.467066
-346   0.467386
-345   0.468048
-344   0.468494
-343   0.469016
-342   0.469598
-341   0.470196
-340   0.470792
-339   0.471274
-338   0.471764
-337   0.472236
-336   0.472814
-335   0.473122
-334   0.473542
-333   0.473970
-332   0.474370
-331   0.474806
-330   0.475212
-329   0.475636
-328   0.475874
-327   0.476142
-326   0.476254
-325   0.476580
-324   0.476842
-323   0.477136
-322   0.477310
-321   0.477254
-320   0.477200
-319   0.477204
-318   0.477300
-317   0.477410
-316   0.477442
-315   0.477506
-314   0.477618
-313   0.477752
-312   0.477784
-311   0.477724
-310   0.477628
-309   0.477510
-308   0.477478
-307   0.477538
-306   0.477606
-305   0.477692
-304   0.477952
-303   0.478212
-302   0.478474
-301   0.478780
-300   0.478948
-299   0.478914
-298   0.479096
-297   0.479196
-296   0.479320
-295   0.479414
-294   0.479622
-293   0.479806
-292   0.479880
-291   0.480054
-290   0.480292
-289   0.480400
-288   0.480404
-287   0.480524
-286   0.480650
-285   0.480636
-284   0.480486
-283   0.480382
-282   0.480330
-281   0.480296
-280   0.480378
-279   0.480426
-278   0.480456
-277   0.480436
-276   0.480424
-275   0.480482
-274   0.480448
-273   0.480324
-272   0.479894
-271   0.479646
-270   0.479380
-269   0.479194
-268   0.479050
-267   0.478808
-266   0.478520
-265   0.478332
-264   0.478260
-263   0.478258
-262   0.478190
-261   0.478228
-260   0.478386
-259   0.478524
-258   0.478874
-257   0.479258
-256   0.479654
-255   0.480028
-254   0.480530
-253   0.480960
-252   0.481528
-251   0.482052
-250   0.482600
-249   0.483334
-248   0.484162
-247   0.485084
-246   0.485974
-245   0.486654
-244   0.487476
-243   0.488336
-242   0.489294
-241   0.490330
-240   0.491614
-239   0.492794
-238   0.493920
-237   0.495162
-236   0.496352
-235   0.497488
-234   0.498698
-233   0.499794
-232   0.500768
-231   0.501826
-230   0.502698
-229   0.503688
-228   0.504596
-227   0.505484
-226   0.506280
-225   0.506944
-224   0.507638
-223   0.508508
-222   0.509234
-221   0.510126
-220   0.510974
-219   0.511854
-218   0.512710
-217   0.513680
-216   0.514716
-215   0.515728
-214   0.516812
-213   0.517980
-212   0.519216
-211   0.520496
-210   0.521716
-209   0.523030
-208   0.524224
-207   0.525390
-206   0.526440
-205   0.527738
-204   0.529018
-203   0.530308
-202   0.531470
-201   0.532718
-200   0.533974
-199   0.535280
-198   0.536614
-197   0.537690
-196   0.538830
-195   0.540082
-194   0.541338
-193   0.542460
-192   0.543568
-191   0.544730
-190   0.545836
-189   0.546708
-188   0.547630
-187   0.548356
-186   0.549198
-185   0.549904
-184   0.550572
-183   0.551200
-182   0.551820
-181   0.552582
-180   0.553284
-179   0.553942
-178   0.554574
-177   0.555158
-176   0.555680
-175   0.556180
-174   0.556718
-173   0.557284
-172   0.557834
-171   0.558326
-170   0.558800
-169   0.559290
-168   0.559798
-167   0.560230
-166   0.560732
-165   0.561244
-164   0.561796
-163   0.562316
-162   0.562784
-161   0.563142
-160   0.563468
-159   0.563834
-158   0.564184
-157   0.564442
-156   0.564660
-155   0.564894
-154   0.565306
-153   0.565526
-152   0.565786
-151   0.566100
-150   0.566414
-149   0.566976
-148   0.567444
-147   0.567842
-146   0.568228
-145   0.568576
-144   0.568914
-143   0.569170
-142   0.569352
-141   0.569558
-140   0.569854
-139   0.570046
-138   0.570386
-137   0.570654
-136   0.571046
-135   0.571268
-134   0.571648
-133   0.572016
-132   0.572420
-131   0.572780
-130   0.573154
-129   0.573514
-128   0.573956
-127   0.574346
-126   0.574692
-125   0.575120
-124   0.575574
-123   0.575988
-122   0.576232
-121   0.576614
-120   0.577058
-119   0.577456
-118   0.577832
-117   0.578168
-116   0.578668
-115   0.579114
-114   0.579678
-113   0.580262
-112   0.580756
-111   0.581276
-110   0.581842
-109   0.582370
-108   0.583040
-107   0.583766
-106   0.584494
-105   0.585076
-104   0.585664
-103   0.586246
-102   0.586892
-101   0.587590
-100   0.588264
-99   0.588918
-98   0.589550
-97   0.590368
-96   0.591146
-95   0.591820
-94   0.592418
-93   0.593108
-92   0.593804
-91   0.594616
-90   0.595414
-89   0.596342
-88   0.597274
-87   0.598206
-86   0.599154
-85   0.600028
-84   0.600922
-83   0.601984
-82   0.603200
-81   0.604506
-80   0.605956
-79   0.607382
-78   0.608834
-77   0.610350
-76   0.611912
-75   0.613478
-74   0.615060
-73   0.616652
-72   0.618178
-71   0.619646
-70   0.621082
-69   0.622562
-68   0.623978
-67   0.625446
-66   0.626856
-65   0.628254
-64   0.629680
-63   0.631100
-62   0.632440
-61   0.633810
-60   0.635272
-59   0.636550
-58   0.637812
-57   0.639132
-56   0.640590
-55   0.642004
-54   0.643310
-53   0.644604
-52   0.645936
-51   0.647078
-50   0.648128
-49   0.649144
-48   0.650214
-47   0.651430
-46   0.652636
-45   0.653912
-44   0.655096
-43   0.656290
-42   0.657452
-41   0.658724
-40   0.659970
-39   0.661158
-38   0.662296
-37   0.663330
-36   0.664306
-35   0.665358
-34   0.666434
-33   0.667484
-32   0.668460
-31   0.669644
-30   0.670806
-29   0.672024
-28   0.673538
-27   0.675054
-26   0.676614
-25   0.678218
-24   0.679768
-23   0.681376
-22   0.682928
-21   0.684594
-20   0.686244
-19   0.687960
-18   0.689762
-17   0.691442
-16   0.693132
-15   0.694932
-14   0.696748
-13   0.698692
-12   0.700668
-11   0.702738
-10   0.704778
-9   0.706944
-8   0.708958
-7   0.710834
-6   0.712610
-5   0.714428
-4   0.716434
-3   0.718472
-2   0.720358
-1   0.722146
