r MCS_10 MCS_20 MCS_40 MCS_80 MCS_160 MCS_320 MCS_640 MCS_1280 MCS_2560 MCS_5120 MCS_10240 MCS_20480 MCS_40960 
0   1.000000   1.000000   1.000000   1.000000   1.000000   1.000000   1.000000   1.000000   1.000000   1.000000   1.000000   1.000000   1.000000 
1   0.996000   0.996000   0.996000   0.996000   0.996000   0.996000   0.996000   0.996200   0.996600   0.997000   0.997400   0.998000   0.998600 
2   0.992000   0.992000   0.992000   0.992000   0.992000   0.992000   0.992000   0.992400   0.993200   0.994000   0.994800   0.996000   0.997200 
3   0.988000   0.988000   0.988000   0.988000   0.988000   0.988000   0.988000   0.988600   0.989800   0.991000   0.992200   0.994000   0.995800 
4   0.984000   0.984000   0.984000   0.984000   0.984000   0.984000   0.984000   0.984800   0.986400   0.988000   0.989600   0.992000   0.994400 
5   0.980000   0.980000   0.980000   0.980000   0.980000   0.980000   0.980000   0.981000   0.983000   0.985000   0.987000   0.990000   0.993000 
6   0.976000   0.976000   0.976000   0.976000   0.976000   0.976000   0.976000   0.977200   0.979600   0.982000   0.984400   0.988000   0.991600 
7   0.972000   0.972000   0.972000   0.972000   0.972000   0.972000   0.972000   0.973400   0.976200   0.979000   0.981800   0.986000   0.990200 
8   0.968000   0.968000   0.968000   0.968000   0.968000   0.968000   0.968000   0.969600   0.972800   0.976000   0.979200   0.984000   0.988800 
9   0.964000   0.964000   0.964000   0.964000   0.964000   0.964000   0.964000   0.965800   0.969400   0.973000   0.976600   0.982000   0.987400 
10   0.960000   0.960000   0.960000   0.960000   0.960000   0.960000   0.960000   0.962000   0.966000   0.970000   0.974000   0.980200   0.986000 
11   0.956000   0.956000   0.956000   0.956000   0.956000   0.956000   0.956000   0.958200   0.962600   0.967000   0.971400   0.978400   0.984600 
12   0.952000   0.952000   0.952000   0.952000   0.952000   0.952000   0.952000   0.954400   0.959200   0.964000   0.968800   0.976600   0.983200 
13   0.948000   0.948000   0.948000   0.948000   0.948000   0.948000   0.948000   0.950600   0.955800   0.961000   0.966200   0.974800   0.981800 
14   0.944000   0.944000   0.944000   0.944000   0.944000   0.944000   0.944000   0.946800   0.952400   0.958000   0.963600   0.973000   0.980400 
15   0.940000   0.940000   0.940000   0.940000   0.940000   0.940000   0.940000   0.943000   0.949000   0.955000   0.961000   0.971200   0.979000 
16   0.936000   0.936000   0.936000   0.936000   0.936000   0.936000   0.936000   0.939200   0.945600   0.952000   0.958400   0.969400   0.977600 
17   0.932000   0.932000   0.932000   0.932000   0.932000   0.932000   0.932000   0.935400   0.942200   0.949000   0.955800   0.967600   0.976200 
18   0.928000   0.928000   0.928000   0.928000   0.928000   0.928000   0.928000   0.931600   0.938800   0.946000   0.953200   0.965800   0.974800 
19   0.924000   0.924000   0.924000   0.924000   0.924000   0.924000   0.924000   0.927800   0.935400   0.943000   0.950600   0.964000   0.973400 
20   0.920000   0.920000   0.920000   0.920000   0.920000   0.920000   0.920000   0.924000   0.932000   0.940000   0.948000   0.962200   0.972000 
21   0.916000   0.916000   0.916000   0.916000   0.916000   0.916000   0.916000   0.920200   0.928600   0.937000   0.945400   0.960400   0.970600 
22   0.912000   0.912000   0.912000   0.912000   0.912000   0.912000   0.912000   0.916400   0.925200   0.934000   0.942800   0.958600   0.969200 
23   0.908000   0.908000   0.908000   0.908000   0.908000   0.908000   0.908000   0.912600   0.921800   0.931000   0.940200   0.956800   0.967800 
24   0.904000   0.904000   0.904000   0.904000   0.904000   0.904000   0.904000   0.908800   0.918400   0.928000   0.937600   0.955000   0.966400 
25   0.900000   0.900000   0.900000   0.900000   0.900000   0.900000   0.900000   0.905000   0.915000   0.925000   0.935000   0.953200   0.965000 
26   0.896000   0.896000   0.896000   0.896000   0.896000   0.896000   0.896000   0.901200   0.911600   0.922000   0.932400   0.951400   0.963600 
27   0.892000   0.892000   0.892000   0.892000   0.892000   0.892000   0.892000   0.897400   0.908200   0.919000   0.929800   0.949600   0.962200 
28   0.888000   0.888000   0.888000   0.888000   0.888000   0.888000   0.888000   0.893600   0.904800   0.916000   0.927200   0.947800   0.960800 
29   0.884000   0.884000   0.884000   0.884000   0.884000   0.884000   0.884000   0.889800   0.901400   0.913000   0.924600   0.946000   0.959400 
30   0.880000   0.880000   0.880000   0.880000   0.880000   0.880000   0.880000   0.886000   0.898000   0.910000   0.922000   0.944200   0.958000 
31   0.876000   0.876000   0.876000   0.876000   0.876000   0.876000   0.876000   0.882200   0.894600   0.907000   0.919400   0.942400   0.956600 
32   0.872000   0.872000   0.872000   0.872000   0.872000   0.872000   0.872000   0.878400   0.891200   0.904000   0.916800   0.940600   0.955200 
33   0.868000   0.868000   0.868000   0.868000   0.868000   0.868000   0.868000   0.874600   0.887800   0.901000   0.914200   0.938800   0.953800 
34   0.864000   0.864000   0.864000   0.864000   0.864000   0.864000   0.864000   0.870800   0.884400   0.898000   0.911600   0.937000   0.952400 
35   0.860000   0.860000   0.860000   0.860000   0.860000   0.860000   0.860000   0.867000   0.881000   0.895000   0.909000   0.935200   0.951000 
36   0.856000   0.856000   0.856000   0.856000   0.856000   0.856000   0.856000   0.863200   0.877600   0.892000   0.906400   0.933400   0.949600 
37   0.852000   0.852000   0.852000   0.852000   0.852000   0.852000   0.852000   0.859400   0.874200   0.889000   0.903800   0.931600   0.948200 
38   0.848000   0.848000   0.848000   0.848000   0.848000   0.848000   0.848000   0.855600   0.870800   0.886000   0.901200   0.929800   0.946800 
39   0.844000   0.844000   0.844000   0.844000   0.844000   0.844000   0.844000   0.851800   0.867400   0.883000   0.898600   0.928000   0.945400 
40   0.840000   0.840000   0.840000   0.840000   0.840000   0.840000   0.840000   0.848000   0.864000   0.880000   0.896000   0.926200   0.944000 
41   0.836000   0.836000   0.836000   0.836000   0.836000   0.836000   0.836000   0.844200   0.860600   0.877000   0.893400   0.924400   0.942600 
42   0.832000   0.832000   0.832000   0.832000   0.832000   0.832000   0.832000   0.840400   0.857200   0.874000   0.890800   0.922600   0.941200 
43   0.828000   0.828000   0.828000   0.828000   0.828000   0.828000   0.828000   0.836600   0.853800   0.871000   0.888200   0.920800   0.939800 
44   0.824000   0.824000   0.824000   0.824000   0.824000   0.824000   0.824000   0.832800   0.850400   0.868000   0.885600   0.919000   0.938400 
45   0.820000   0.820000   0.820000   0.820000   0.820000   0.820000   0.820000   0.829000   0.847000   0.865000   0.883000   0.917200   0.937000 
46   0.816000   0.816000   0.816000   0.816000   0.816000   0.816000   0.816000   0.825200   0.843600   0.862000   0.880400   0.915400   0.935600 
47   0.812000   0.812000   0.812000   0.812000   0.812000   0.812000   0.812000   0.821400   0.840200   0.859000   0.877800   0.913600   0.934200 
48   0.808000   0.808000   0.808000   0.808000   0.808000   0.808000   0.808000   0.817600   0.836800   0.856000   0.875200   0.911800   0.932800 
49   0.804000   0.804000   0.804000   0.804000   0.804000   0.804000   0.804000   0.813800   0.833400   0.853000   0.872600   0.910000   0.931400 
50   0.800000   0.800000   0.800000   0.800000   0.800000   0.800000   0.800000   0.810000   0.830000   0.850000   0.870000   0.908200   0.930000 
51   0.796000   0.796000   0.796000   0.796000   0.796000   0.796000   0.796000   0.806200   0.826600   0.847000   0.867400   0.906400   0.928600 
52   0.792000   0.792000   0.792000   0.792000   0.792000   0.792000   0.792000   0.802400   0.823200   0.844000   0.864800   0.904600   0.927200 
53   0.788000   0.788000   0.788000   0.788000   0.788000   0.788000   0.788000   0.798600   0.819800   0.841000   0.862200   0.902800   0.925800 
54   0.784000   0.784000   0.784000   0.784000   0.784000   0.784000   0.784000   0.794800   0.816400   0.838000   0.859600   0.901000   0.924400 
55   0.780000   0.780000   0.780000   0.780000   0.780000   0.780000   0.780000   0.791000   0.813000   0.835000   0.857000   0.899200   0.923000 
56   0.776000   0.776000   0.776000   0.776000   0.776000   0.776000   0.776000   0.787200   0.809600   0.832000   0.854400   0.897400   0.921600 
57   0.772000   0.772000   0.772000   0.772000   0.772000   0.772000   0.772000   0.783400   0.806200   0.829000   0.851800   0.895600   0.920200 
58   0.768000   0.768000   0.768000   0.768000   0.768000   0.768000   0.768000   0.779600   0.802800   0.826000   0.849200   0.893800   0.918800 
59   0.764000   0.764000   0.764000   0.764000   0.764000   0.764000   0.764000   0.775800   0.799400   0.823000   0.846600   0.892000   0.917400 
60   0.760000   0.760000   0.760000   0.760000   0.760000   0.760000   0.760000   0.772000   0.796000   0.820000   0.844000   0.890200   0.916000 
61   0.756000   0.756000   0.756000   0.756000   0.756000   0.756000   0.756000   0.768200   0.792600   0.817000   0.841400   0.888400   0.914600 
62   0.752000   0.752000   0.752000   0.752000   0.752000   0.752000   0.752000   0.764400   0.789200   0.814000   0.838800   0.886600   0.913200 
63   0.748000   0.748000   0.748000   0.748000   0.748000   0.748000   0.748000   0.760600   0.785800   0.811000   0.836200   0.884800   0.911800 
64   0.744000   0.744000   0.744000   0.744000   0.744000   0.744000   0.744000   0.756800   0.782400   0.808000   0.833600   0.883000   0.910400 
65   0.740000   0.740000   0.740000   0.740000   0.740000   0.740000   0.740000   0.753000   0.779000   0.805000   0.831000   0.881200   0.909000 
66   0.736000   0.736000   0.736000   0.736000   0.736000   0.736000   0.736000   0.749200   0.775600   0.802000   0.828400   0.879400   0.907600 
67   0.732000   0.732000   0.732000   0.732000   0.732000   0.732000   0.732000   0.745400   0.772200   0.799000   0.825800   0.877600   0.906200 
68   0.728000   0.728000   0.728000   0.728000   0.728000   0.728000   0.728000   0.741600   0.768800   0.796000   0.823200   0.875800   0.904800 
69   0.724000   0.724000   0.724000   0.724000   0.724000   0.724000   0.724000   0.737800   0.765400   0.793000   0.820600   0.874000   0.903400 
70   0.720000   0.720000   0.720000   0.720000   0.720000   0.720000   0.720000   0.734000   0.762000   0.790000   0.818000   0.872200   0.902000 
71   0.716000   0.716000   0.716000   0.716000   0.716000   0.716000   0.716000   0.730200   0.758600   0.787000   0.815400   0.870400   0.900600 
72   0.712000   0.712000   0.712000   0.712000   0.712000   0.712000   0.712000   0.726400   0.755200   0.784000   0.812800   0.868600   0.899200 
73   0.708000   0.708000   0.708000   0.708000   0.708000   0.708000   0.708000   0.722600   0.751800   0.781000   0.810200   0.866800   0.897800 
74   0.704000   0.704000   0.704000   0.704000   0.704000   0.704000   0.704000   0.718800   0.748400   0.778000   0.807600   0.865000   0.896400 
75   0.700000   0.700000   0.700000   0.700000   0.700000   0.700000   0.700000   0.715000   0.745000   0.775000   0.805000   0.863200   0.895000 
76   0.696000   0.696000   0.696000   0.696000   0.696000   0.696000   0.696000   0.711200   0.741600   0.772200   0.802400   0.861400   0.893600 
77   0.692000   0.692000   0.692000   0.692000   0.692000   0.692000   0.692000   0.707400   0.738200   0.769400   0.799800   0.859600   0.892200 
78   0.688000   0.688000   0.688000   0.688000   0.688000   0.688000   0.688000   0.703600   0.734800   0.766600   0.797200   0.857800   0.890800 
79   0.684000   0.684000   0.684000   0.684000   0.684000   0.684000   0.684000   0.699800   0.731400   0.763800   0.794600   0.856000   0.889400 
80   0.680000   0.680000   0.680000   0.680000   0.680000   0.680000   0.680000   0.696000   0.728000   0.761000   0.792000   0.854200   0.888000 
81   0.676000   0.676200   0.676000   0.676000   0.676000   0.676200   0.676000   0.692200   0.724600   0.758200   0.789400   0.852400   0.886600 
82   0.672000   0.672400   0.672000   0.672000   0.672000   0.672400   0.672000   0.688400   0.721400   0.755400   0.786800   0.850600   0.885200 
83   0.668000   0.668600   0.668000   0.668000   0.668000   0.668600   0.668000   0.684600   0.718200   0.752600   0.784200   0.848800   0.883800 
84   0.664000   0.664800   0.664000   0.664000   0.664000   0.664800   0.664000   0.680800   0.715000   0.749800   0.781600   0.847000   0.882400 
85   0.660000   0.661000   0.660000   0.660000   0.660000   0.661000   0.660000   0.677000   0.711800   0.747000   0.779000   0.845200   0.881000 
86   0.656200   0.657200   0.656000   0.656000   0.656000   0.657200   0.656000   0.673200   0.708600   0.744200   0.776400   0.843400   0.879600 
87   0.652400   0.653400   0.652000   0.652000   0.652000   0.653400   0.652000   0.669400   0.705400   0.741400   0.773800   0.841600   0.878200 
88   0.648600   0.649600   0.648000   0.648000   0.648000   0.649600   0.648000   0.665600   0.702200   0.738600   0.771200   0.839800   0.876800 
89   0.644800   0.645800   0.644200   0.644000   0.644000   0.646000   0.644200   0.661800   0.699000   0.735800   0.768600   0.838000   0.875400 
90   0.641000   0.642000   0.640400   0.640000   0.640000   0.642400   0.640400   0.658000   0.695800   0.733000   0.766000   0.836200   0.874000 
91   0.637200   0.638200   0.636600   0.636000   0.636000   0.638800   0.636600   0.654200   0.692600   0.730200   0.763400   0.834400   0.872600 
92   0.633400   0.634400   0.632800   0.632000   0.632000   0.635200   0.632800   0.650400   0.689400   0.727400   0.760800   0.832600   0.871200 
93   0.629600   0.630600   0.629000   0.628000   0.628000   0.631600   0.629000   0.646600   0.686200   0.724600   0.758200   0.830800   0.869800 
94   0.625800   0.626800   0.625200   0.624000   0.624000   0.628000   0.625200   0.642800   0.683000   0.721800   0.755600   0.829000   0.868400 
95   0.622000   0.623000   0.621400   0.620000   0.620000   0.624400   0.621400   0.639000   0.679800   0.719000   0.753000   0.827200   0.867000 
96   0.618200   0.619200   0.617600   0.616000   0.616000   0.620800   0.617600   0.635200   0.676600   0.716200   0.750400   0.825400   0.865600 
97   0.614400   0.615400   0.613800   0.612000   0.612000   0.617200   0.613800   0.631400   0.673400   0.713400   0.747800   0.823600   0.864200 
98   0.610600   0.611600   0.610000   0.608000   0.608000   0.613600   0.610000   0.627600   0.670200   0.710600   0.745200   0.821800   0.862800 
99   0.606800   0.607800   0.606200   0.604000   0.604000   0.610000   0.606200   0.623800   0.667000   0.707800   0.742600   0.820000   0.861400 
100   0.603000   0.604000   0.602400   0.600000   0.600000   0.606400   0.602400   0.620000   0.663800   0.705000   0.740000   0.818200   0.860000 
101   0.599200   0.600200   0.598600   0.596000   0.596200   0.602800   0.598600   0.616200   0.660600   0.702200   0.737400   0.816400   0.858600 
102   0.595400   0.596400   0.594800   0.592000   0.592600   0.599200   0.595000   0.612400   0.657400   0.699400   0.734800   0.814600   0.857200 
103   0.591600   0.592600   0.591000   0.588000   0.589000   0.595600   0.591400   0.608600   0.654200   0.696600   0.732200   0.812800   0.855800 
104   0.587800   0.588800   0.587200   0.584200   0.585400   0.592000   0.587800   0.604800   0.651000   0.693800   0.729600   0.811000   0.854400 
105   0.584000   0.585000   0.583400   0.580400   0.581800   0.588400   0.584200   0.601000   0.647800   0.691000   0.727000   0.809200   0.853000 
106   0.580200   0.581200   0.579600   0.576600   0.578200   0.585000   0.580600   0.597200   0.644600   0.688200   0.724400   0.807400   0.851600 
107   0.576400   0.577400   0.575800   0.572800   0.574600   0.581600   0.577000   0.593400   0.641400   0.685400   0.721800   0.805600   0.850200 
108   0.572600   0.573600   0.572000   0.569000   0.571000   0.578200   0.573400   0.589600   0.638200   0.682600   0.719200   0.803800   0.848800 
109   0.568800   0.569800   0.568200   0.565200   0.567400   0.574800   0.569800   0.586000   0.635000   0.679800   0.716600   0.802000   0.847400 
110   0.565000   0.566000   0.564400   0.561400   0.563800   0.571400   0.566200   0.582400   0.631800   0.677000   0.714000   0.800200   0.846000 
111   0.561200   0.562200   0.560600   0.557600   0.560400   0.568000   0.562600   0.578800   0.628600   0.674200   0.711400   0.798400   0.844600 
112   0.557400   0.558400   0.556800   0.553800   0.557000   0.564600   0.559000   0.575200   0.625400   0.671400   0.708800   0.796600   0.843200 
113   0.553600   0.554600   0.553000   0.550000   0.553600   0.561200   0.555600   0.571600   0.622200   0.668600   0.706200   0.794800   0.841800 
114   0.549800   0.550800   0.549200   0.546200   0.550200   0.557800   0.552200   0.568000   0.619000   0.665800   0.703600   0.793000   0.840400 
115   0.546000   0.547000   0.545400   0.542400   0.546800   0.554400   0.548800   0.564400   0.615800   0.663000   0.701000   0.791200   0.839000 
116   0.542200   0.543200   0.541600   0.538600   0.543600   0.551000   0.545600   0.560800   0.612600   0.660200   0.698400   0.789400   0.837600 
117   0.538400   0.539400   0.537800   0.534800   0.540400   0.547600   0.542400   0.557200   0.609400   0.657400   0.695800   0.787600   0.836200 
118   0.534600   0.535600   0.534000   0.531000   0.537200   0.544200   0.539200   0.553600   0.606200   0.654600   0.693200   0.785800   0.834800 
119   0.530800   0.531800   0.530200   0.527200   0.534000   0.540800   0.536000   0.550000   0.603000   0.651800   0.690600   0.784000   0.833400 
120   0.527000   0.528000   0.526400   0.523400   0.530800   0.537400   0.533000   0.546400   0.599800   0.649000   0.688000   0.782200   0.832000 
121   0.523200   0.524200   0.522600   0.519600   0.527600   0.534200   0.530000   0.542800   0.596600   0.646200   0.685400   0.780400   0.830600 
122   0.519600   0.520400   0.518800   0.515800   0.524400   0.531000   0.527000   0.539200   0.593400   0.643400   0.682800   0.778600   0.829200 
123   0.516000   0.516800   0.515000   0.512000   0.521200   0.527800   0.524000   0.535600   0.590200   0.640600   0.680200   0.776800   0.827800 
124   0.512400   0.513200   0.511200   0.508200   0.518000   0.524600   0.521000   0.532000   0.587000   0.637800   0.677600   0.775000   0.826400 
125   0.508800   0.509600   0.507400   0.504600   0.514800   0.521400   0.518000   0.528400   0.583800   0.635000   0.675000   0.773200   0.825000 
126   0.505200   0.506000   0.503600   0.501000   0.511600   0.518400   0.515000   0.524800   0.580600   0.632200   0.672400   0.771400   0.823600 
127   0.501600   0.502400   0.499800   0.497400   0.508400   0.515400   0.512000   0.521200   0.577400   0.629400   0.669800   0.769600   0.822200 
128   0.498200   0.498800   0.496000   0.494000   0.505200   0.512400   0.509000   0.517800   0.574200   0.626600   0.667200   0.767800   0.820800 
129   0.494800   0.495200   0.492400   0.490600   0.502000   0.509600   0.506000   0.514400   0.571000   0.623800   0.664600   0.766000   0.819400 
130   0.491400   0.491600   0.488800   0.487200   0.498800   0.506800   0.503000   0.511000   0.568000   0.621000   0.662000   0.764200   0.818000 
131   0.488000   0.488000   0.485200   0.483800   0.495600   0.504000   0.500000   0.507600   0.565000   0.618200   0.659400   0.762400   0.816600 
132   0.484600   0.484400   0.481600   0.480400   0.492400   0.501200   0.497000   0.504200   0.562000   0.615400   0.656800   0.760600   0.815200 
133   0.481200   0.480800   0.478000   0.477000   0.489200   0.498400   0.494000   0.500800   0.559000   0.612600   0.654200   0.758800   0.813800 
134   0.477800   0.477200   0.474600   0.473600   0.486000   0.495600   0.491000   0.497400   0.556000   0.609800   0.651600   0.757000   0.812400 
135   0.474400   0.473600   0.471200   0.470200   0.482800   0.492800   0.488000   0.494000   0.553000   0.607000   0.649000   0.755200   0.811000 
136   0.471000   0.470000   0.467800   0.466800   0.479600   0.490000   0.485000   0.490600   0.550000   0.604200   0.646400   0.753400   0.809600 
137   0.467600   0.466400   0.464400   0.463400   0.476400   0.487200   0.482000   0.487200   0.547000   0.601400   0.644000   0.751600   0.808200 
138   0.464200   0.462800   0.461000   0.460200   0.473200   0.484400   0.479000   0.483800   0.544000   0.598600   0.641600   0.749800   0.806800 
139   0.460800   0.459400   0.457600   0.457000   0.470000   0.481600   0.476000   0.480400   0.541000   0.595800   0.639200   0.748000   0.805400 
140   0.457400   0.456000   0.454200   0.453800   0.466800   0.478800   0.473000   0.477000   0.538000   0.593000   0.636800   0.746200   0.804000 
141   0.454200   0.452600   0.450800   0.450600   0.463600   0.476000   0.470000   0.473600   0.535000   0.590200   0.634400   0.744400   0.802600 
142   0.451000   0.449400   0.447400   0.447400   0.460400   0.473200   0.467000   0.470200   0.532000   0.587400   0.632000   0.742600   0.801200 
143   0.447800   0.446200   0.444200   0.444200   0.457200   0.470400   0.464000   0.466800   0.529000   0.584600   0.629600   0.740800   0.799800 
144   0.444600   0.443000   0.441000   0.441000   0.454000   0.467600   0.461000   0.463400   0.526000   0.581800   0.627200   0.739000   0.798400 
145   0.441400   0.439800   0.437800   0.437800   0.450800   0.464800   0.458000   0.460000   0.523000   0.579000   0.624800   0.737200   0.797000 
146   0.438200   0.436600   0.434600   0.434600   0.447600   0.462000   0.455000   0.456600   0.520000   0.576200   0.622400   0.735400   0.795600 
147   0.435000   0.433400   0.431600   0.431400   0.444400   0.459200   0.452000   0.453200   0.517000   0.573400   0.620000   0.733600   0.794200 
148   0.431800   0.430200   0.428600   0.428400   0.441200   0.456400   0.449000   0.449800   0.514000   0.570600   0.617600   0.731800   0.792800 
149   0.428600   0.427000   0.425600   0.425400   0.438000   0.453600   0.446000   0.446400   0.511000   0.567800   0.615200   0.730000   0.791400 
150   0.425400   0.424000   0.422600   0.422400   0.434800   0.450800   0.443000   0.443000   0.508000   0.565200   0.612800   0.728200   0.790000 
151   0.422200   0.421000   0.419600   0.419400   0.431600   0.448000   0.440000   0.439600   0.505000   0.562600   0.610400   0.726400   0.788600 
152   0.419000   0.418000   0.416600   0.416400   0.428400   0.445200   0.437000   0.436200   0.502000   0.560000   0.608000   0.724600   0.787200 
153   0.415800   0.415000   0.413600   0.413400   0.425200   0.442400   0.434000   0.432800   0.499000   0.557400   0.605600   0.722800   0.785800 
154   0.412600   0.412000   0.410600   0.410400   0.422000   0.439600   0.431000   0.429400   0.496000   0.554800   0.603200   0.721000   0.784400 
155   0.409400   0.409000   0.407600   0.407400   0.418800   0.436800   0.428000   0.426000   0.493000   0.552200   0.600800   0.719200   0.783000 
156   0.406200   0.406000   0.404600   0.404400   0.415600   0.434000   0.425000   0.422600   0.490000   0.549600   0.598400   0.717400   0.781600 
157   0.403000   0.403000   0.401600   0.401400   0.412400   0.431200   0.422000   0.419200   0.487000   0.547000   0.596000   0.715600   0.780200 
158   0.399800   0.400000   0.398600   0.398400   0.409200   0.428400   0.419000   0.415800   0.484000   0.544400   0.593600   0.713800   0.778800 
159   0.396600   0.397000   0.395600   0.395400   0.406000   0.425600   0.416000   0.412400   0.481000   0.541800   0.591200   0.712000   0.777400 
160   0.393400   0.394000   0.392600   0.392400   0.402800   0.422800   0.413000   0.409000   0.478000   0.539200   0.588800   0.710200   0.776000 
161   0.390200   0.391000   0.389600   0.389400   0.399600   0.420000   0.410000   0.405600   0.475000   0.536600   0.586400   0.708400   0.774600 
162   0.387000   0.388000   0.386600   0.386400   0.396400   0.417200   0.407000   0.402200   0.472000   0.534000   0.584000   0.706600   0.773200 
163   0.384000   0.385000   0.383600   0.383400   0.393200   0.414400   0.404000   0.398800   0.469000   0.531400   0.581600   0.704800   0.771800 
164   0.381000   0.382000   0.380600   0.380400   0.390000   0.411600   0.401000   0.395400   0.466000   0.528800   0.579200   0.703000   0.770400 
165   0.378000   0.379000   0.377800   0.377400   0.386800   0.408800   0.398000   0.392000   0.463000   0.526200   0.576800   0.701200   0.769000 
166   0.375000   0.376000   0.375000   0.374400   0.383600   0.406000   0.395000   0.388600   0.460000   0.523600   0.574400   0.699400   0.767600 
167   0.372200   0.373000   0.372200   0.371400   0.380400   0.403200   0.392000   0.385200   0.457000   0.521000   0.572000   0.697600   0.766200 
168   0.369400   0.370000   0.369400   0.368400   0.377400   0.400400   0.389000   0.381800   0.454000   0.518400   0.569600   0.695800   0.764800 
169   0.366600   0.367000   0.366600   0.365400   0.374400   0.397600   0.386000   0.378400   0.451000   0.515800   0.567200   0.694000   0.763400 
170   0.363800   0.364000   0.363800   0.362400   0.371600   0.394800   0.383000   0.375000   0.448000   0.513200   0.564800   0.692200   0.762000 
171   0.361000   0.361000   0.361000   0.359400   0.368800   0.392000   0.380000   0.371600   0.445000   0.510600   0.562400   0.690400   0.760600 
172   0.358200   0.358000   0.358200   0.356400   0.366000   0.389200   0.377000   0.368200   0.442000   0.508000   0.560000   0.688600   0.759200 
173   0.355400   0.355000   0.355400   0.353400   0.363400   0.386400   0.374000   0.364800   0.439000   0.505400   0.557600   0.686800   0.757800 
174   0.352600   0.352000   0.352600   0.350600   0.360800   0.383600   0.371200   0.361400   0.436000   0.502800   0.555200   0.685000   0.756400 
175   0.349800   0.349200   0.350000   0.347800   0.358200   0.380800   0.368400   0.358000   0.433000   0.500200   0.552800   0.683200   0.755000 
176   0.347000   0.346400   0.347400   0.345000   0.355600   0.378000   0.365600   0.354600   0.430000   0.497800   0.550400   0.681400   0.753600 
177   0.344200   0.343600   0.344800   0.342200   0.353000   0.375400   0.362800   0.351200   0.427000   0.495400   0.548000   0.679600   0.752200 
178   0.341400   0.340800   0.342200   0.339400   0.350400   0.372800   0.360000   0.347800   0.424000   0.493000   0.545600   0.677800   0.750800 
179   0.338600   0.338200   0.339600   0.336600   0.347800   0.370200   0.357200   0.344400   0.421000   0.490600   0.543200   0.676000   0.749400 
180   0.335800   0.335600   0.337000   0.333800   0.345200   0.367600   0.354400   0.341000   0.418000   0.488200   0.540800   0.674200   0.748000 
181   0.333000   0.333000   0.334400   0.331000   0.342600   0.365000   0.351600   0.337600   0.415000   0.485800   0.538400   0.672400   0.746600 
182   0.330200   0.330400   0.331800   0.328200   0.340000   0.362400   0.348800   0.334200   0.412000   0.483600   0.536000   0.670600   0.745200 
183   0.327400   0.327800   0.329200   0.325400   0.337400   0.359800   0.346000   0.330800   0.409000   0.481400   0.533600   0.668800   0.743800 
184   0.324600   0.325200   0.326600   0.322600   0.334800   0.357200   0.343200   0.327400   0.406000   0.479200   0.531200   0.667000   0.742400 
185   0.321800   0.322600   0.324000   0.319800   0.332200   0.354600   0.340400   0.324000   0.403000   0.477000   0.528800   0.665200   0.741000 
186   0.319000   0.320000   0.321400   0.317200   0.329600   0.352000   0.337600   0.320600   0.400000   0.474800   0.526400   0.663400   0.739600 
187   0.316400   0.317400   0.318800   0.314600   0.327200   0.349400   0.334800   0.317200   0.397000   0.472600   0.524000   0.661600   0.738200 
188   0.313800   0.314800   0.316200   0.312000   0.324800   0.346800   0.332000   0.313800   0.394000   0.470400   0.521600   0.659800   0.736800 
189   0.311200   0.312200   0.313600   0.309400   0.322400   0.344200   0.329200   0.310400   0.391000   0.468400   0.519200   0.658000   0.735400 
190   0.308600   0.309600   0.311000   0.306800   0.320000   0.341600   0.326400   0.307000   0.388000   0.466400   0.516800   0.656200   0.734000 
191   0.306000   0.307000   0.308400   0.304400   0.317600   0.339000   0.323600   0.303800   0.385000   0.464400   0.514400   0.654400   0.732600 
192   0.303400   0.304400   0.305800   0.302000   0.315200   0.336400   0.320800   0.300600   0.382000   0.462400   0.512000   0.652600   0.731200 
193   0.300800   0.301800   0.303200   0.299600   0.312800   0.333800   0.318000   0.297400   0.379200   0.460400   0.509800   0.650800   0.729800 
194   0.298200   0.299200   0.300600   0.297200   0.310400   0.331200   0.315200   0.294200   0.376400   0.458400   0.507600   0.649000   0.728400 
195   0.295600   0.296800   0.298000   0.294800   0.308000   0.328600   0.312400   0.291000   0.373600   0.456400   0.505400   0.647200   0.727000 
196   0.293000   0.294400   0.295400   0.292400   0.305600   0.326000   0.309600   0.287800   0.370800   0.454400   0.503200   0.645400   0.725600 
197   0.290400   0.292000   0.292800   0.290000   0.303200   0.323400   0.306800   0.284600   0.368000   0.452400   0.501000   0.643600   0.724200 
198   0.287800   0.289600   0.290200   0.287600   0.300800   0.320800   0.304000   0.281400   0.365200   0.450400   0.498800   0.641800   0.722800 
199   0.285200   0.287200   0.287600   0.285200   0.298600   0.318200   0.301200   0.278200   0.362400   0.448400   0.496600   0.640000   0.721400 
200   0.282600   0.284800   0.285000   0.282800   0.296400   0.315600   0.298400   0.275000   0.359600   0.446400   0.494600   0.638200   0.720000 
201   0.280000   0.282400   0.282400   0.280400   0.294200   0.313000   0.295600   0.271800   0.356800   0.444400   0.492600   0.636400   0.718600 
202   0.277400   0.280000   0.279800   0.278000   0.292000   0.310400   0.292800   0.268600   0.354000   0.442400   0.490600   0.634600   0.717200 
203   0.274800   0.277600   0.277200   0.275600   0.289800   0.307800   0.290000   0.265600   0.351200   0.440400   0.488800   0.632800   0.715800 
204   0.272200   0.275200   0.274600   0.273200   0.287600   0.305200   0.287200   0.262600   0.348400   0.438400   0.487000   0.631000   0.714600 
205   0.269600   0.272800   0.272000   0.270800   0.285400   0.302600   0.284400   0.259600   0.345600   0.436400   0.485200   0.629200   0.713400 
206   0.267200   0.270400   0.269600   0.268400   0.283200   0.300000   0.281800   0.256600   0.342800   0.434400   0.483400   0.627400   0.712200 
207   0.264800   0.268000   0.267200   0.266000   0.281000   0.297400   0.279200   0.253600   0.340000   0.432400   0.481600   0.625600   0.711000 
208   0.262400   0.265600   0.264800   0.263600   0.278800   0.295000   0.276600   0.250600   0.337200   0.430400   0.479800   0.623800   0.709800 
209   0.260000   0.263200   0.262400   0.261400   0.276600   0.292600   0.274000   0.247600   0.334400   0.428400   0.478000   0.622000   0.708600 
210   0.257600   0.260800   0.260000   0.259200   0.274400   0.290200   0.271400   0.244600   0.331600   0.426400   0.476200   0.620200   0.707400 
211   0.255200   0.258400   0.257600   0.257000   0.272200   0.287800   0.268800   0.241600   0.328800   0.424400   0.474400   0.618400   0.706200 
212   0.252800   0.256000   0.255200   0.254800   0.270000   0.285400   0.266200   0.238600   0.326000   0.422400   0.472600   0.616600   0.705000 
213   0.250400   0.253600   0.252800   0.252600   0.267800   0.283000   0.263600   0.235600   0.323200   0.420400   0.470800   0.614800   0.703800 
214   0.248000   0.251200   0.250400   0.250400   0.265600   0.280600   0.260800   0.232600   0.320400   0.418400   0.469000   0.613000   0.702600 
215   0.245600   0.248800   0.248000   0.248200   0.263400   0.278200   0.258000   0.229600   0.317600   0.416400   0.467200   0.611200   0.701400 
216   0.243200   0.246400   0.245600   0.246000   0.261200   0.276000   0.255200   0.226600   0.314800   0.414400   0.465400   0.609400   0.700200 
217   0.240800   0.244000   0.243200   0.243800   0.259000   0.273800   0.252400   0.223600   0.312000   0.412400   0.463600   0.607600   0.699000 
218   0.238400   0.241600   0.240800   0.241600   0.256800   0.271600   0.249600   0.220600   0.309200   0.410400   0.461800   0.605800   0.697800 
219   0.236000   0.239200   0.238400   0.239400   0.254600   0.269400   0.246800   0.217600   0.306400   0.408400   0.460000   0.604000   0.696600 
220   0.233600   0.236800   0.236000   0.237200   0.252400   0.267200   0.244000   0.214600   0.303600   0.406400   0.458200   0.602200   0.695400 
221   0.231200   0.234400   0.233800   0.235000   0.250200   0.265000   0.241200   0.211600   0.300800   0.404400   0.456400   0.600400   0.694200 
222   0.228800   0.232000   0.231600   0.232800   0.248000   0.262800   0.238400   0.208600   0.298000   0.402400   0.454600   0.598600   0.693000 
223   0.226400   0.229600   0.229400   0.230600   0.245800   0.260600   0.235600   0.205600   0.295200   0.400400   0.452800   0.596800   0.691800 
224   0.224000   0.227200   0.227200   0.228400   0.243600   0.258400   0.232800   0.202800   0.292400   0.398400   0.451000   0.595000   0.690600 
225   0.221600   0.224800   0.225000   0.226200   0.241400   0.256200   0.230000   0.200000   0.289600   0.396400   0.449200   0.593200   0.689400 
226   0.219200   0.222400   0.222800   0.224000   0.239200   0.253800   0.227200   0.197200   0.286800   0.394400   0.447400   0.591400   0.688200 
227   0.216800   0.220000   0.220600   0.221800   0.237000   0.251400   0.224400   0.194400   0.284000   0.392600   0.445600   0.589600   0.687000 
228   0.214400   0.217600   0.218400   0.219600   0.234800   0.249000   0.221600   0.191600   0.281200   0.390800   0.443800   0.587800   0.685800 
229   0.212000   0.215200   0.216200   0.217400   0.232600   0.246600   0.218800   0.188800   0.278400   0.389000   0.442000   0.586000   0.684600 
230   0.209600   0.212800   0.214000   0.215200   0.230400   0.244200   0.216000   0.186000   0.275600   0.387200   0.440200   0.584200   0.683400 
231   0.207400   0.210400   0.211800   0.213000   0.228200   0.241800   0.213200   0.183200   0.272800   0.385400   0.438400   0.582400   0.682200 
232   0.205200   0.208000   0.209600   0.210800   0.226000   0.239600   0.210600   0.180400   0.270000   0.383600   0.436600   0.580600   0.681000 
233   0.203000   0.205600   0.207400   0.208600   0.223800   0.237400   0.208000   0.177600   0.267200   0.381800   0.434800   0.578800   0.679800 
234   0.200800   0.203200   0.205200   0.206400   0.221600   0.235200   0.205400   0.174800   0.264400   0.380000   0.433000   0.577000   0.678600 
235   0.198600   0.200800   0.203000   0.204200   0.219400   0.233000   0.202800   0.172000   0.261600   0.378200   0.431200   0.575200   0.677400 
236   0.196400   0.198400   0.200800   0.202000   0.217200   0.230800   0.200200   0.169200   0.258800   0.376400   0.429400   0.573400   0.676200 
237   0.194200   0.196000   0.198800   0.199800   0.215000   0.228600   0.197600   0.166400   0.256000   0.374600   0.427600   0.571600   0.675000 
238   0.192000   0.193600   0.196800   0.197600   0.212800   0.226400   0.195000   0.163600   0.253200   0.372800   0.425800   0.569800   0.673800 
239   0.189800   0.191400   0.194800   0.195400   0.210600   0.224200   0.192400   0.160800   0.250400   0.371000   0.424000   0.568000   0.672600 
240   0.187600   0.189200   0.192800   0.193200   0.208400   0.222000   0.189800   0.158000   0.247600   0.369200   0.422200   0.566200   0.671400 
241   0.185400   0.187000   0.190800   0.191000   0.206200   0.219800   0.187200   0.155200   0.244800   0.367400   0.420400   0.564400   0.670200 
242   0.183200   0.184800   0.188800   0.188800   0.204000   0.217600   0.184600   0.152400   0.242000   0.365600   0.418600   0.562600   0.669000 
243   0.181000   0.182600   0.186800   0.186600   0.201800   0.215400   0.182000   0.149600   0.239200   0.363800   0.416800   0.560800   0.667800 
244   0.178800   0.180600   0.184800   0.184400   0.199600   0.213200   0.179400   0.146800   0.236400   0.362000   0.415000   0.559000   0.666600 
245   0.176600   0.178600   0.182800   0.182200   0.197400   0.211000   0.176800   0.144000   0.233600   0.360200   0.413200   0.557200   0.665600 
246   0.174400   0.176600   0.180800   0.180000   0.195200   0.208800   0.174200   0.141200   0.230800   0.358400   0.411400   0.555400   0.664600 
247   0.172200   0.174600   0.178800   0.177800   0.193000   0.206600   0.171600   0.138400   0.228000   0.356600   0.409600   0.553600   0.663600 
248   0.170000   0.172600   0.176800   0.175600   0.190800   0.204400   0.169200   0.135800   0.225200   0.354800   0.407800   0.551800   0.662600 
249   0.167800   0.170600   0.174800   0.173400   0.188600   0.202200   0.166800   0.133200   0.222400   0.353000   0.406000   0.550000   0.661600 
250   0.165600   0.168600   0.172800   0.171200   0.186600   0.200000   0.164600   0.130600   0.219600   0.351200   0.404200   0.548200   0.660600 
251   0.163400   0.166600   0.170800   0.169000   0.184600   0.197800   0.162400   0.128000   0.216800   0.349400   0.402400   0.546400   0.659600 
252   0.161200   0.164600   0.168800   0.166800   0.182600   0.195600   0.160200   0.125600   0.214000   0.347600   0.400600   0.544600   0.658600 
253   0.159000   0.162600   0.166800   0.164600   0.180600   0.193400   0.158000   0.123200   0.211200   0.345800   0.398800   0.542800   0.657600 
254   0.156800   0.160600   0.164800   0.162400   0.178600   0.191200   0.155800   0.120800   0.208400   0.344000   0.397000   0.541000   0.656600 
255   0.154600   0.158600   0.162800   0.160200   0.176600   0.189000   0.153600   0.118400   0.205600   0.342200   0.395200   0.539200   0.655600 
256   0.152600   0.156600   0.160800   0.158200   0.174600   0.186800   0.151400   0.116000   0.202800   0.340400   0.393400   0.537400   0.654600 
257   0.150600   0.154600   0.158800   0.156200   0.172600   0.184600   0.149200   0.113600   0.200000   0.338600   0.391600   0.535600   0.653600 
258   0.148600   0.152600   0.156800   0.154200   0.170600   0.182400   0.147000   0.111200   0.197200   0.336800   0.389800   0.533800   0.652600 
259   0.146600   0.150600   0.154800   0.152200   0.168800   0.180200   0.144800   0.108800   0.194400   0.335000   0.388000   0.532000   0.651600 
260   0.144600   0.148600   0.152800   0.150200   0.167000   0.178000   0.142600   0.106600   0.191600   0.333200   0.386200   0.530200   0.650600 
261   0.142600   0.146600   0.150800   0.148200   0.165200   0.175800   0.140400   0.104400   0.189000   0.331400   0.384400   0.528400   0.649600 
262   0.140600   0.144600   0.148800   0.146200   0.163400   0.173600   0.138200   0.102200   0.186400   0.329600   0.382600   0.526600   0.648600 
263   0.138600   0.142600   0.146800   0.144200   0.161600   0.171400   0.136000   0.100000   0.184000   0.327800   0.380800   0.524800   0.647600 
264   0.136600   0.140600   0.144800   0.142200   0.159800   0.169200   0.133800   0.097800   0.181600   0.326000   0.379000   0.523000   0.646600 
265   0.134600   0.138600   0.142800   0.140200   0.158000   0.167000   0.131600   0.095600   0.179200   0.324200   0.377400   0.521200   0.645600 
266   0.132600   0.136600   0.140800   0.138200   0.156200   0.164800   0.129400   0.093600   0.177000   0.322400   0.375800   0.519400   0.644600 
267   0.130600   0.134600   0.138800   0.136200   0.154400   0.162600   0.127200   0.091600   0.174800   0.320600   0.374200   0.517600   0.643600 
268   0.128600   0.132600   0.136800   0.134200   0.152600   0.160400   0.125000   0.089600   0.172600   0.318800   0.372600   0.515800   0.642600 
269   0.126600   0.130600   0.134800   0.132200   0.150800   0.158200   0.122800   0.087600   0.170400   0.317000   0.371000   0.514000   0.641600 
270   0.124600   0.128600   0.132800   0.130200   0.149000   0.156000   0.120600   0.085600   0.168200   0.315200   0.369400   0.512200   0.640600 
271   0.122600   0.126600   0.130800   0.128200   0.147200   0.153800   0.118400   0.083600   0.166000   0.313400   0.367800   0.510400   0.639600 
272   0.120800   0.124600   0.128800   0.126200   0.145400   0.151600   0.116200   0.081800   0.163800   0.311600   0.366200   0.508600   0.638600 
273   0.119000   0.122600   0.126800   0.124400   0.143600   0.149400   0.114000   0.080000   0.161600   0.309800   0.364600   0.506800   0.637600 
274   0.117200   0.120600   0.124800   0.122600   0.141800   0.147200   0.111800   0.078200   0.159400   0.308000   0.363000   0.505000   0.636600 
275   0.115400   0.118600   0.122800   0.120800   0.140000   0.145000   0.109600   0.076400   0.157200   0.306200   0.361400   0.503200   0.635600 
276   0.113600   0.116600   0.121000   0.119000   0.138200   0.142800   0.107400   0.074800   0.155000   0.304400   0.359800   0.501400   0.634600 
277   0.111800   0.114600   0.119200   0.117200   0.136400   0.140600   0.105200   0.073200   0.152800   0.302600   0.358200   0.499600   0.633600 
278   0.110000   0.112800   0.117400   0.115400   0.134600   0.138400   0.103000   0.071600   0.150600   0.300800   0.356600   0.497800   0.632600 
279   0.108200   0.111000   0.115600   0.113600   0.132800   0.136200   0.100800   0.070000   0.148400   0.299200   0.355000   0.496000   0.631600 
280   0.106400   0.109200   0.113800   0.111800   0.131000   0.134000   0.098600   0.068400   0.146200   0.297600   0.353400   0.494200   0.630600 
281   0.104600   0.107400   0.112200   0.110000   0.129200   0.131800   0.096400   0.066800   0.144200   0.296000   0.351800   0.492400   0.629600 
282   0.102800   0.105600   0.110600   0.108200   0.127400   0.129600   0.094200   0.065200   0.142200   0.294400   0.350200   0.490600   0.628600 
283   0.101000   0.103800   0.109000   0.106400   0.125600   0.127400   0.092000   0.063600   0.140200   0.292800   0.348600   0.488800   0.627600 
284   0.099200   0.102000   0.107400   0.104600   0.123800   0.125200   0.089800   0.062000   0.138200   0.291200   0.347000   0.487000   0.626600 
285   0.097400   0.100200   0.105800   0.102600   0.122000   0.123000   0.087600   0.060400   0.136200   0.289600   0.345400   0.485200   0.625600 
286   0.095600   0.098400   0.104200   0.100600   0.120200   0.120800   0.085400   0.058800   0.134200   0.288000   0.343800   0.483400   0.624600 
287   0.093800   0.096600   0.102600   0.098600   0.118400   0.118600   0.083200   0.057200   0.132200   0.286400   0.342200   0.481600   0.623600 
288   0.092000   0.094600   0.101000   0.096600   0.116400   0.116400   0.081000   0.055600   0.130200   0.284800   0.340600   0.479800   0.622600 
289   0.090200   0.092600   0.099200   0.094600   0.114400   0.114200   0.078800   0.054000   0.128200   0.283200   0.339000   0.478000   0.621600 
290   0.088200   0.090600   0.097400   0.092600   0.112400   0.112000   0.076600   0.052400   0.126200   0.281600   0.337400   0.476200   0.620600 
291   0.086200   0.088600   0.095600   0.090600   0.110400   0.109800   0.074400   0.050800   0.124200   0.280000   0.335800   0.474400   0.619600 
292   0.084200   0.086600   0.093800   0.088600   0.108400   0.107600   0.072200   0.049200   0.122200   0.278400   0.334200   0.472800   0.618600 
293   0.082400   0.084600   0.092000   0.086600   0.106400   0.105400   0.070000   0.047600   0.120200   0.276800   0.332600   0.471200   0.617600 
294   0.080600   0.082600   0.090200   0.084600   0.104400   0.103200   0.067800   0.046000   0.118200   0.275200   0.331000   0.469600   0.616600 
295   0.078800   0.080600   0.088400   0.082600   0.102400   0.101000   0.065600   0.044400   0.116200   0.273600   0.329400   0.468000   0.615600 
296   0.077000   0.078800   0.086600   0.080600   0.100400   0.098800   0.063400   0.042800   0.114200   0.272000   0.327800   0.466400   0.614600 
297   0.075200   0.077000   0.084800   0.078600   0.098400   0.096600   0.061200   0.041200   0.112200   0.270400   0.326200   0.464800   0.613600 
298   0.073400   0.075200   0.083000   0.076600   0.096400   0.094400   0.059000   0.039600   0.110200   0.268800   0.324600   0.463200   0.612600 
299   0.071600   0.073400   0.081200   0.074600   0.094400   0.092200   0.056800   0.038000   0.108200   0.267200   0.323000   0.461600   0.611600 
300   0.069800   0.071600   0.079400   0.072600   0.092400   0.090000   0.054600   0.036400   0.106200   0.265600   0.321400   0.460000   0.610600 
301   0.068000   0.069800   0.077600   0.070600   0.090400   0.087800   0.052600   0.034800   0.104200   0.264000   0.319800   0.458400   0.609600 
302   0.066200   0.068000   0.075800   0.068600   0.088400   0.085600   0.050600   0.033200   0.102400   0.262400   0.318200   0.456800   0.608600 
303   0.064400   0.066200   0.074000   0.066800   0.086400   0.083400   0.048600   0.031600   0.100600   0.260800   0.316600   0.455200   0.607600 
304   0.062600   0.064400   0.072200   0.065000   0.084400   0.081200   0.046600   0.030000   0.098800   0.259200   0.315000   0.453600   0.606600 
305   0.060800   0.062600   0.070400   0.063200   0.082400   0.079000   0.044600   0.028400   0.097000   0.257600   0.313400   0.452000   0.605600 
306   0.059000   0.060800   0.068600   0.061400   0.080400   0.077000   0.042600   0.026800   0.095200   0.256000   0.311800   0.450400   0.604600 
307   0.057200   0.059000   0.066800   0.059600   0.078400   0.075000   0.040600   0.025200   0.093400   0.254400   0.310200   0.448800   0.603600 
308   0.055400   0.057200   0.065000   0.057800   0.076400   0.073000   0.038600   0.023600   0.091600   0.252800   0.308800   0.447200   0.602600 
309   0.053600   0.055600   0.063200   0.056000   0.074400   0.071000   0.036600   0.022000   0.089800   0.251200   0.307400   0.445600   0.601600 
310   0.051800   0.054000   0.061400   0.054200   0.072400   0.069000   0.034600   0.020400   0.088000   0.249600   0.306000   0.444000   0.600600 
311   0.050000   0.052400   0.059600   0.052400   0.070400   0.067000   0.032600   0.018800   0.086400   0.248000   0.304600   0.442400   0.599600 
312   0.048200   0.050800   0.057800   0.050600   0.068400   0.065000   0.030600   0.017200   0.084800   0.246400   0.303200   0.440800   0.598600 
313   0.046400   0.049200   0.056000   0.048800   0.066400   0.063000   0.028600   0.015600   0.083200   0.244800   0.301800   0.439200   0.597600 
314   0.044600   0.047600   0.054200   0.047000   0.064400   0.061000   0.026800   0.014000   0.081600   0.243200   0.300400   0.437600   0.596600 
315   0.043000   0.046000   0.052400   0.045200   0.062400   0.059000   0.025000   0.012400   0.080200   0.241600   0.299000   0.436000   0.595600 
316   0.041400   0.044400   0.050600   0.043400   0.060400   0.057000   0.023200   0.011000   0.078800   0.240000   0.297600   0.434400   0.594600 
317   0.039800   0.042800   0.048800   0.041600   0.058400   0.055000   0.021400   0.009600   0.077400   0.238400   0.296200   0.432800   0.593600 
318   0.038200   0.041200   0.047000   0.039800   0.056400   0.053200   0.019600   0.008200   0.076000   0.236800   0.294800   0.431200   0.592600 
319   0.036600   0.039600   0.045200   0.038000   0.054400   0.051600   0.017800   0.006800   0.074600   0.235200   0.293400   0.429600   0.591600 
320   0.035000   0.038000   0.043400   0.036200   0.052400   0.050200   0.016200   0.005400   0.073200   0.233600   0.292000   0.428000   0.590600 
321   0.033400   0.036400   0.041600   0.034400   0.050400   0.048800   0.014600   0.004000   0.071800   0.232000   0.290600   0.426400   0.589600 
322   0.031800   0.034800   0.039800   0.032800   0.048400   0.047400   0.013000   0.002600   0.070400   0.230400   0.289200   0.425000   0.588600 
323   0.030200   0.033200   0.038000   0.031200   0.046400   0.046000   0.011600   0.001200   0.069000   0.228800   0.287800   0.423600   0.587600 
324   0.028600   0.031600   0.036200   0.029600   0.044400   0.044600   0.010200  -0.000200   0.067600   0.227200   0.286400   0.422200   0.586600 
325   0.027000   0.030000   0.034400   0.028000   0.042600   0.043200   0.008800  -0.001600   0.066200   0.225600   0.285000   0.420800   0.585600 
326   0.025400   0.028400   0.032600   0.026400   0.040800   0.041800   0.007400  -0.003000   0.064800   0.224000   0.283600   0.419400   0.584600 
327   0.023800   0.026800   0.030800   0.024800   0.039000   0.040400   0.006000  -0.004400   0.063400   0.222400   0.282200   0.418000   0.583600 
328   0.022200   0.025200   0.029000   0.023200   0.037200   0.039000   0.004600  -0.005800   0.062000   0.220800   0.280800   0.416600   0.582600 
329   0.020600   0.023600   0.027200   0.021600   0.035400   0.037600   0.003200  -0.007200   0.060600   0.219200   0.279400   0.415200   0.581600 
330   0.019000   0.022000   0.025400   0.020000   0.033600   0.036200   0.002000  -0.008600   0.059200   0.217600   0.278000   0.413800   0.580600 
331   0.017400   0.020400   0.023800   0.018400   0.031800   0.034800   0.000800  -0.010000   0.057800   0.216200   0.276600   0.412400   0.579600 
332   0.015800   0.018800   0.022200   0.016800   0.030000   0.033400  -0.000400  -0.011400   0.056400   0.214800   0.275200   0.411000   0.578600 
333   0.014200   0.017200   0.020600   0.015200   0.028200   0.032000  -0.001600  -0.012800   0.055000   0.213400   0.273800   0.409600   0.577600 
334   0.012600   0.015600   0.019000   0.013600   0.026400   0.030600  -0.002800  -0.014200   0.053600   0.212200   0.272400   0.408200   0.576800 
335   0.011000   0.014000   0.017400   0.012000   0.024600   0.029200  -0.004000  -0.015600   0.052200   0.211000   0.271000   0.406800   0.576000 
336   0.009400   0.012400   0.015800   0.010400   0.022800   0.027800  -0.005200  -0.017000   0.050800   0.209800   0.269600   0.405400   0.575200 
337   0.007800   0.010800   0.014200   0.008800   0.021000   0.026400  -0.006400  -0.018400   0.049400   0.208600   0.268400   0.404000   0.574400 
338   0.006200   0.009200   0.012600   0.007200   0.019200   0.025200  -0.007600  -0.019800   0.048000   0.207400   0.267200   0.402600   0.573600 
339   0.004600   0.007600   0.011000   0.005600   0.017400   0.024000  -0.008800  -0.021200   0.046600   0.206400   0.266000   0.401200   0.572800 
340   0.003000   0.006000   0.009400   0.004000   0.015600   0.022800  -0.010000  -0.022600   0.045200   0.205400   0.264800   0.399800   0.572000 
341   0.001400   0.004400   0.007800   0.002400   0.013800   0.021600  -0.011200  -0.024000   0.043800   0.204400   0.263800   0.398400   0.571200 
342  -0.000200   0.002800   0.006200   0.000800   0.012000   0.020400  -0.012400  -0.025400   0.042400   0.203600   0.262800   0.397000   0.570400 
343  -0.001800   0.001200   0.004600  -0.000800   0.010200   0.019200  -0.013600  -0.026800   0.041000   0.202800   0.261800   0.395600   0.569600 
344  -0.003400  -0.000400   0.003000  -0.002400   0.008400   0.018000  -0.014800  -0.028200   0.039600   0.202000   0.260800   0.394200   0.568800 
345  -0.005000  -0.002000   0.001400  -0.004000   0.006600   0.016800  -0.016000  -0.029600   0.038200   0.201200   0.260000   0.392800   0.568000 
346  -0.006600  -0.003600  -0.000200  -0.005600   0.004800   0.015600  -0.017200  -0.031000   0.036800   0.200400   0.259200   0.391400   0.567200 
347  -0.008200  -0.005200  -0.001800  -0.007200   0.003200   0.014400  -0.018400  -0.032400   0.035400   0.199600   0.258400   0.390000   0.566400 
348  -0.009800  -0.006800  -0.003400  -0.008800   0.001600   0.013200  -0.019600  -0.033800   0.034000   0.198800   0.257600   0.388600   0.565600 
349  -0.011400  -0.008400  -0.005000  -0.010400  -0.000000   0.012000  -0.020800  -0.035200   0.032600   0.198000   0.257000   0.387200   0.564800 
350  -0.013000  -0.010000  -0.006600  -0.012000  -0.001600   0.010800  -0.022000  -0.036600   0.031200   0.197200   0.256400   0.385800   0.564000 
351  -0.014600  -0.011600  -0.008200  -0.013600  -0.003200   0.009600  -0.023200  -0.038000   0.029800   0.196400   0.255800   0.384400   0.563200 
352  -0.016200  -0.013200  -0.009800  -0.015200  -0.004800   0.008400  -0.024400  -0.039400   0.028400   0.195600   0.255200   0.383000   0.562400 
353  -0.017800  -0.014800  -0.011400  -0.016800  -0.006400   0.007200  -0.025600  -0.040800   0.027000   0.194800   0.254600   0.381600   0.561600 
354  -0.019400  -0.016400  -0.013000  -0.018400  -0.008000   0.006000  -0.026800  -0.042200   0.025600   0.194000   0.254000   0.380200   0.560800 
355  -0.021000  -0.018000  -0.014600  -0.020000  -0.009600   0.004800  -0.028000  -0.043600   0.024200   0.193200   0.253400   0.378800   0.560000 
356  -0.022600  -0.019600  -0.016200  -0.021600  -0.011200   0.003600  -0.029200  -0.045000   0.022800   0.192400   0.252800   0.377400   0.559200 
357  -0.024200  -0.021200  -0.017800  -0.023200  -0.012800   0.002400  -0.030400  -0.046400   0.021400   0.191600   0.252200   0.376000   0.558400 
358  -0.025800  -0.022800  -0.019400  -0.024800  -0.014400   0.001200  -0.031600  -0.047800   0.020000   0.190800   0.251600   0.374600   0.557600 
359  -0.027400  -0.024400  -0.021000  -0.026400  -0.016000   0.000000  -0.032800  -0.049200   0.018600   0.190000   0.251000   0.373200   0.556800 
360  -0.029000  -0.026000  -0.022600  -0.028000  -0.017600  -0.001200  -0.034000  -0.050600   0.017200   0.189200   0.250400   0.371800   0.556000 
361  -0.030600  -0.027600  -0.024200  -0.029600  -0.019200  -0.002400  -0.035200  -0.052000   0.015800   0.188400   0.249800   0.370400   0.555400 
362  -0.032200  -0.029000  -0.025800  -0.031200  -0.020800  -0.003600  -0.036400  -0.053400   0.014200   0.187600   0.249200   0.369000   0.554800 
363  -0.033800  -0.030400  -0.027400  -0.032800  -0.022400  -0.004800  -0.037600  -0.054800   0.012600   0.186800   0.248600   0.367600   0.554200 
364  -0.035400  -0.031800  -0.028800  -0.034400  -0.024000  -0.006000  -0.038800  -0.056200   0.011000   0.186000   0.248000   0.366200   0.553600 
365  -0.037000  -0.033200  -0.030200  -0.036000  -0.025600  -0.007200  -0.040000  -0.057600   0.009400   0.185200   0.247400   0.364800   0.553000 
366  -0.038600  -0.034600  -0.031600  -0.037600  -0.027000  -0.008400  -0.041200  -0.059000   0.007800   0.184400   0.246800   0.363400   0.552400 
367  -0.040200  -0.036000  -0.033000  -0.039200  -0.028400  -0.009600  -0.042400  -0.060400   0.006200   0.183600   0.246200   0.362000   0.551800 
368  -0.041800  -0.037400  -0.034400  -0.040600  -0.029800  -0.010800  -0.043600  -0.061600   0.004600   0.182800   0.245600   0.360600   0.551200 
369  -0.043400  -0.038800  -0.035800  -0.042000  -0.031200  -0.012000  -0.044800  -0.062800   0.003000   0.182000   0.245000   0.359200   0.550600 
370  -0.045000  -0.040200  -0.037200  -0.043400  -0.032400  -0.013200  -0.046000  -0.064000   0.001400   0.181400   0.244400   0.357800   0.550000 
371  -0.046400  -0.041600  -0.038600  -0.044800  -0.033600  -0.014400  -0.047200  -0.065000  -0.000000   0.180800   0.243800   0.356400   0.549400 
372  -0.047800  -0.043000  -0.040000  -0.046200  -0.034800  -0.015600  -0.048400  -0.066000  -0.001400   0.180200   0.243200   0.355000   0.548800 
373  -0.049200  -0.044400  -0.041400  -0.047600  -0.036000  -0.016800  -0.049600  -0.067000  -0.002800   0.179600   0.242600   0.353600   0.548200 
374  -0.050600  -0.045800  -0.042600  -0.049000  -0.037200  -0.018000  -0.050600  -0.068000  -0.004200   0.179000   0.242000   0.352200   0.547600 
375  -0.052000  -0.047200  -0.043800  -0.050400  -0.038400  -0.019200  -0.051600  -0.069000  -0.005400   0.178400   0.241400   0.350800   0.547000 
376  -0.053400  -0.048600  -0.045000  -0.051800  -0.039400  -0.020400  -0.052600  -0.070000  -0.006600   0.177800   0.240800   0.349600   0.546400 
377  -0.054800  -0.050000  -0.046200  -0.053000  -0.040400  -0.021600  -0.053600  -0.071000  -0.007800   0.177200   0.240200   0.348400   0.545800 
378  -0.056200  -0.051200  -0.047400  -0.054200  -0.041400  -0.022800  -0.054600  -0.072000  -0.009000   0.176600   0.239600   0.347200   0.545200 
379  -0.057600  -0.052400  -0.048600  -0.055400  -0.042400  -0.024000  -0.055600  -0.073000  -0.010200   0.176000   0.239000   0.346000   0.544600 
380  -0.059000  -0.053600  -0.049800  -0.056600  -0.043400  -0.025200  -0.056600  -0.074000  -0.011400   0.175400   0.238400   0.344800   0.544000 
381  -0.060200  -0.054800  -0.051000  -0.057800  -0.044400  -0.026400  -0.057600  -0.075000  -0.012600   0.174800   0.237800   0.343600   0.543400 
382  -0.061400  -0.056000  -0.052200  -0.059000  -0.045400  -0.027600  -0.058400  -0.076000  -0.013800   0.174200   0.237200   0.342400   0.542800 
383  -0.062600  -0.057200  -0.053400  -0.060200  -0.046400  -0.028600  -0.059200  -0.077000  -0.015000   0.173600   0.236600   0.341200   0.542200 
384  -0.063800  -0.058400  -0.054600  -0.061400  -0.047400  -0.029600  -0.060000  -0.078000  -0.016200   0.173000   0.236000   0.340000   0.541600 
385  -0.065000  -0.059600  -0.055800  -0.062600  -0.048400  -0.030600  -0.060800  -0.078800  -0.017400   0.172400   0.235400   0.338800   0.541000 
386  -0.066200  -0.060800  -0.057000  -0.063800  -0.049400  -0.031600  -0.061600  -0.079600  -0.018600   0.171800   0.234800   0.337600   0.540400 
387  -0.067400  -0.062000  -0.058200  -0.065000  -0.050400  -0.032600  -0.062400  -0.080400  -0.019800   0.171200   0.234200   0.336400   0.539800 
388  -0.068600  -0.063000  -0.059400  -0.066200  -0.051400  -0.033600  -0.063200  -0.081200  -0.021000   0.170600   0.233600   0.335200   0.539200 
389  -0.069800  -0.064000  -0.060600  -0.067200  -0.052400  -0.034600  -0.064000  -0.082000  -0.022200   0.170000   0.233000   0.334000   0.538600 
390  -0.071000  -0.065000  -0.061800  -0.068200  -0.053400  -0.035600  -0.064800  -0.082800  -0.023400   0.169400   0.232400   0.332800   0.538000 
391  -0.072200  -0.066000  -0.063000  -0.069200  -0.054400  -0.036600  -0.065600  -0.083600  -0.024600   0.168800   0.231800   0.331600   0.537400 
392  -0.073400  -0.067000  -0.064200  -0.070200  -0.055400  -0.037600  -0.066400  -0.084400  -0.025800   0.168200   0.231200   0.330400   0.536800 
393  -0.074600  -0.068000  -0.065400  -0.071200  -0.056400  -0.038400  -0.067200  -0.085200  -0.027000   0.167600   0.230600   0.329200   0.536200 
394  -0.075800  -0.069000  -0.066600  -0.072200  -0.057400  -0.039200  -0.068000  -0.086000  -0.028200   0.167000   0.230000   0.328000   0.535600 
395  -0.077000  -0.070000  -0.067800  -0.073200  -0.058400  -0.040000  -0.068800  -0.086800  -0.029400   0.166400   0.229400   0.326800   0.535200 
396  -0.078000  -0.071000  -0.068800  -0.074200  -0.059400  -0.040800  -0.069600  -0.087600  -0.030600   0.165800   0.228800   0.325600   0.534800 
397  -0.079000  -0.072000  -0.069800  -0.075200  -0.060400  -0.041600  -0.070400  -0.088400  -0.031800   0.165200   0.228200   0.324400   0.534400 
398  -0.080000  -0.073000  -0.070800  -0.076200  -0.061400  -0.042400  -0.071200  -0.089200  -0.033000   0.164600   0.227600   0.323200   0.534000 
399  -0.081000  -0.074000  -0.071800  -0.077200  -0.062400  -0.043200  -0.072000  -0.090000  -0.034200   0.164000   0.227000   0.322000   0.533600 
400  -0.082000  -0.075000  -0.072800  -0.078200  -0.063200  -0.044000  -0.072800  -0.090800  -0.035400   0.163400   0.226400   0.321000   0.533200 
401  -0.083000  -0.076000  -0.073800  -0.079200  -0.064000  -0.044800  -0.073600  -0.091600  -0.036600   0.162800   0.225800   0.320000   0.532800 
402  -0.084000  -0.077000  -0.074800  -0.080200  -0.064800  -0.045600  -0.074200  -0.092400  -0.037800   0.162200   0.225200   0.319000   0.532400 
403  -0.085000  -0.078000  -0.075800  -0.081200  -0.065600  -0.046400  -0.074800  -0.093200  -0.038800   0.161600   0.224600   0.318200   0.532000 
404  -0.086000  -0.079000  -0.076800  -0.082200  -0.066400  -0.047200  -0.075400  -0.094000  -0.039800   0.161000   0.224000   0.317400   0.531600 
405  -0.087000  -0.080000  -0.077800  -0.083000  -0.067200  -0.048000  -0.076000  -0.094800  -0.040800   0.160400   0.223400   0.316600   0.531200 
406  -0.088000  -0.081000  -0.078800  -0.083800  -0.068000  -0.048800  -0.076400  -0.095600  -0.041800   0.159800   0.222800   0.315800   0.530800 
407  -0.089000  -0.082000  -0.079800  -0.084600  -0.068800  -0.049600  -0.076800  -0.096400  -0.042800   0.159200   0.222200   0.315000   0.530600 
408  -0.090000  -0.083000  -0.080800  -0.085400  -0.069600  -0.050400  -0.077200  -0.097200  -0.043800   0.158600   0.221600   0.314200   0.530400 
409  -0.091000  -0.084000  -0.081800  -0.086200  -0.070400  -0.051200  -0.077400  -0.098000  -0.044800   0.158000   0.221000   0.313400   0.530200 
410  -0.092000  -0.085000  -0.082800  -0.087200  -0.071200  -0.052000  -0.077600  -0.098800  -0.045800   0.157400   0.220400   0.312600   0.530000 
411  -0.093000  -0.086000  -0.083800  -0.088200  -0.072000  -0.052600  -0.077800  -0.099600  -0.046600   0.156800   0.219800   0.311800   0.529800 
412  -0.094000  -0.087000  -0.084600  -0.089200  -0.072800  -0.053000  -0.078000  -0.100400  -0.047400   0.156200   0.219200   0.311000   0.529600 
413  -0.095000  -0.088000  -0.085400  -0.090200  -0.073600  -0.053400  -0.078200  -0.101200  -0.048200   0.155600   0.218600   0.310200   0.529400 
414  -0.096000  -0.089000  -0.086200  -0.091200  -0.074400  -0.053800  -0.078400  -0.101800  -0.049000   0.155000   0.218000   0.309400   0.529200 
415  -0.097000  -0.090000  -0.087000  -0.092200  -0.075200  -0.054200  -0.078400  -0.102400  -0.049800   0.154400   0.217600   0.308800   0.529000 
416  -0.098000  -0.091000  -0.087800  -0.093200  -0.076000  -0.054600  -0.078200  -0.103000  -0.050600   0.153800   0.217200   0.308200   0.528800 
417  -0.099000  -0.092000  -0.088600  -0.094200  -0.076800  -0.055000  -0.078000  -0.103600  -0.051200   0.153200   0.217000   0.307600   0.528600 
418  -0.099800  -0.093000  -0.089400  -0.095200  -0.077600  -0.055400  -0.077800  -0.104200  -0.051800   0.152800   0.216800   0.307000   0.528400 
419  -0.100600  -0.094000  -0.090200  -0.096200  -0.078200  -0.055800  -0.077600  -0.104800  -0.052400   0.152400   0.216600   0.306400   0.528200 
420  -0.101400  -0.094800  -0.091000  -0.097200  -0.078800  -0.056200  -0.077400  -0.105400  -0.053000   0.152000   0.216400   0.305800   0.528000 
421  -0.102200  -0.095200  -0.091800  -0.098200  -0.079400  -0.056400  -0.077200  -0.106000  -0.053600   0.151600   0.216200   0.305200   0.527800 
422  -0.102800  -0.095600  -0.092600  -0.099200  -0.080000  -0.056600  -0.077000  -0.106600  -0.054200   0.151200   0.216000   0.304600   0.527600 
423  -0.103400  -0.096000  -0.093400  -0.100200  -0.080600  -0.056800  -0.076800  -0.107200  -0.054800   0.150800   0.215800   0.304000   0.527600 
424  -0.104000  -0.096400  -0.094200  -0.101200  -0.081200  -0.057000  -0.076600  -0.107600  -0.055400   0.150400   0.215600   0.303400   0.527600 
425  -0.104400  -0.096800  -0.095000  -0.102200  -0.081800  -0.057200  -0.076400  -0.108000  -0.056000   0.150000   0.215400   0.302800   0.527600 
426  -0.104800  -0.097200  -0.095800  -0.103200  -0.082400  -0.057400  -0.076200  -0.108400  -0.056600   0.149600   0.215200   0.302200   0.527600 
427  -0.105200  -0.097800  -0.096600  -0.104200  -0.083000  -0.057600  -0.076000  -0.108800  -0.057200   0.149200   0.215000   0.301800   0.527600 
428  -0.105600  -0.098200  -0.097400  -0.105200  -0.083400  -0.057800  -0.075600  -0.109200  -0.057800   0.148800   0.214800   0.301400   0.527600 
429  -0.106000  -0.098600  -0.098200  -0.106200  -0.083800  -0.058000  -0.075200  -0.109600  -0.058400   0.148400   0.214600   0.301000   0.527600 
430  -0.106400  -0.099000  -0.099000  -0.107200  -0.084200  -0.058200  -0.074800  -0.110000  -0.059000   0.148000   0.214400   0.300600   0.527600 
431  -0.106600  -0.099400  -0.099800  -0.108200  -0.084800  -0.058400  -0.074400  -0.110400  -0.059600   0.147600   0.214200   0.300400   0.527600 
432  -0.106800  -0.099800  -0.100600  -0.109200  -0.085400  -0.058600  -0.074000  -0.110800  -0.060200   0.147200   0.214000   0.300200   0.527600 
433  -0.107000  -0.100200  -0.101400  -0.110200  -0.086000  -0.058800  -0.073600  -0.111200  -0.060800   0.146800   0.213800   0.300000   0.527600 
434  -0.107400  -0.100600  -0.102000  -0.111000  -0.086600  -0.058800  -0.073200  -0.111600  -0.061400   0.146400   0.213600   0.299800   0.527600 
435  -0.107800  -0.101000  -0.102600  -0.111800  -0.087000  -0.058800  -0.072800  -0.112000  -0.062000   0.146000   0.213400   0.299600   0.527600 
436  -0.108200  -0.101400  -0.103200  -0.112400  -0.087400  -0.058800  -0.072400  -0.112400  -0.062400   0.145600   0.213200   0.299400   0.527600 
437  -0.108600  -0.101600  -0.103600  -0.113000  -0.087800  -0.058800  -0.072000  -0.112800  -0.062800   0.145200   0.213000   0.299200   0.527600 
438  -0.109000  -0.101800  -0.103800  -0.113600  -0.088200  -0.058800  -0.071600  -0.113000  -0.063200   0.144800   0.212800   0.299000   0.527600 
439  -0.109400  -0.102000  -0.104000  -0.114200  -0.088600  -0.058800  -0.071200  -0.113200  -0.063600   0.144400   0.212600   0.298800   0.527600 
440  -0.109800  -0.102200  -0.104200  -0.114800  -0.089000  -0.059000  -0.070800  -0.113400  -0.064000   0.144000   0.212400   0.298600   0.527600 
441  -0.110000  -0.102400  -0.104400  -0.115400  -0.089400  -0.059200  -0.070400  -0.113400  -0.064400   0.143600   0.212200   0.298400   0.527600 
442  -0.110200  -0.102600  -0.104600  -0.116000  -0.089800  -0.059400  -0.070000  -0.113200  -0.064800   0.143200   0.212000   0.298200   0.527600 
443  -0.110400  -0.102800  -0.104800  -0.116600  -0.090200  -0.059800  -0.069600  -0.113000  -0.065200   0.142800   0.211800   0.298000   0.527600 
444  -0.110600  -0.103000  -0.105000  -0.117200  -0.090600  -0.060200  -0.069200  -0.112800  -0.065600   0.142400   0.211600   0.297800   0.527600 
445  -0.110800  -0.103200  -0.105200  -0.117600  -0.091000  -0.060600  -0.068800  -0.112600  -0.066000   0.142000   0.211400   0.297600   0.527600 
446  -0.111000  -0.103400  -0.105400  -0.118000  -0.091400  -0.061000  -0.068400  -0.112400  -0.066400   0.141600   0.211200   0.297400   0.527600 
447  -0.111200  -0.103600  -0.105600  -0.118200  -0.091800  -0.061400  -0.068000  -0.112200  -0.066800   0.141200   0.211000   0.297200   0.527600 
448  -0.111400  -0.103800  -0.105800  -0.118400  -0.092200  -0.061800  -0.067600  -0.112000  -0.067200   0.140800   0.210800   0.297000   0.527600 
449  -0.111600  -0.104000  -0.106000  -0.118800  -0.092400  -0.062200  -0.067200  -0.111800  -0.067600   0.140400   0.210600   0.296800   0.527600 
450  -0.111800  -0.104400  -0.106200  -0.119200  -0.092600  -0.062600  -0.066800  -0.111600  -0.068000   0.140000   0.210400   0.296600   0.527600 
451  -0.112000  -0.104800  -0.106400  -0.119600  -0.092800  -0.063000  -0.066400  -0.111400  -0.068400   0.139600   0.210200   0.296400   0.527600 
452  -0.112200  -0.105200  -0.106600  -0.120000  -0.093000  -0.063400  -0.066000  -0.111200  -0.068800   0.139200   0.210000   0.296200   0.527600 
453  -0.112200  -0.105600  -0.106800  -0.120200  -0.093200  -0.063800  -0.065600  -0.111000  -0.069200   0.138800   0.209800   0.296000   0.527600 
454  -0.112200  -0.106000  -0.107000  -0.120400  -0.093400  -0.064200  -0.065200  -0.110800  -0.069600   0.138400   0.209600   0.295800   0.527600 
455  -0.112400  -0.106200  -0.107200  -0.120600  -0.093600  -0.064600  -0.064800  -0.110600  -0.070000   0.138000   0.209400   0.295600   0.527600 
456  -0.112600  -0.106400  -0.107400  -0.120800  -0.093600  -0.065000  -0.064400  -0.110400  -0.070600   0.137600   0.209200   0.295400   0.527600 
457  -0.112800  -0.106600  -0.107600  -0.121000  -0.093800  -0.065200  -0.064000  -0.110200  -0.071200   0.137200   0.209000   0.295200   0.527600 
458  -0.113000  -0.106800  -0.107800  -0.121200  -0.094000  -0.065400  -0.063600  -0.110000  -0.071800   0.136800   0.208800   0.295000   0.527600 
459  -0.113200  -0.107000  -0.108000  -0.121400  -0.094200  -0.065600  -0.063200  -0.109800  -0.072400   0.136400   0.208600   0.294800   0.527600 
460  -0.113400  -0.107000  -0.108200  -0.121600  -0.094200  -0.065800  -0.062800  -0.109600  -0.073000   0.136000   0.208400   0.294600   0.527600 
461  -0.113600  -0.106800  -0.108200  -0.121800  -0.094200  -0.066000  -0.062400  -0.109400  -0.073600   0.135600   0.208200   0.294400   0.527600 
462  -0.113800  -0.106600  -0.108200  -0.122000  -0.094200  -0.066200  -0.062000  -0.109200  -0.074200   0.135200   0.208000   0.294200   0.527600 
463  -0.114000  -0.106400  -0.108000  -0.122200  -0.094200  -0.066400  -0.061600  -0.109000  -0.074800   0.134800   0.207800   0.294000   0.527600 
464  -0.114200  -0.106200  -0.108000  -0.122400  -0.094000  -0.066600  -0.061200  -0.108800  -0.075400   0.134400   0.207600   0.293800   0.527600 
465  -0.114400  -0.106000  -0.108000  -0.122600  -0.093800  -0.066600  -0.060800  -0.108600  -0.076000   0.134000   0.207400   0.293600   0.527600 
466  -0.114200  -0.105800  -0.108000  -0.122800  -0.093600  -0.066600  -0.060400  -0.108400  -0.076600   0.133600   0.207200   0.293400   0.527600 
467  -0.114000  -0.105600  -0.108000  -0.123000  -0.093400  -0.066600  -0.060000  -0.108200  -0.077200   0.133200   0.207000   0.293200   0.527600 
468  -0.113800  -0.105400  -0.108000  -0.123200  -0.093200  -0.066600  -0.059600  -0.108000  -0.077800   0.132800   0.206800   0.293000   0.527600 
469  -0.113600  -0.105200  -0.108000  -0.123200  -0.093000  -0.066600  -0.059200  -0.107800  -0.078400   0.132400   0.206600   0.292800   0.527600 
470  -0.113400  -0.105000  -0.108000  -0.123200  -0.092800  -0.066600  -0.058800  -0.107600  -0.079000   0.132000   0.206400   0.292600   0.527600 
471  -0.113200  -0.104800  -0.108000  -0.123200  -0.092600  -0.066600  -0.058400  -0.107400  -0.079600   0.131600   0.206200   0.292400   0.527600 
472  -0.113000  -0.104600  -0.108000  -0.123200  -0.092400  -0.066600  -0.058000  -0.107200  -0.080200   0.131200   0.206000   0.292200   0.527600 
473  -0.112800  -0.104400  -0.108000  -0.123200  -0.092200  -0.066600  -0.057600  -0.107000  -0.080600   0.130800   0.205800   0.292000   0.527600 
474  -0.112600  -0.104200  -0.107800  -0.123200  -0.092000  -0.066600  -0.057400  -0.106800  -0.081000   0.130400   0.205600   0.291800   0.527600 
475  -0.112400  -0.104000  -0.107600  -0.123200  -0.091800  -0.066600  -0.057400  -0.106600  -0.081400   0.130000   0.205400   0.291600   0.527600 
476  -0.112200  -0.103800  -0.107400  -0.123200  -0.091600  -0.066600  -0.057400  -0.106400  -0.081800   0.129600   0.205200   0.291400   0.527600 
477  -0.112000  -0.103600  -0.107200  -0.123200  -0.091400  -0.066600  -0.057400  -0.106000  -0.082200   0.129200   0.205000   0.291200   0.527600 
478  -0.111800  -0.103400  -0.107000  -0.123200  -0.091200  -0.066600  -0.057400  -0.105600  -0.082600   0.128800   0.204800   0.291000   0.527600 
479  -0.111600  -0.103200  -0.106800  -0.123000  -0.091000  -0.066600  -0.057400  -0.105200  -0.082800   0.128400   0.204600   0.290800   0.527600 
480  -0.111400  -0.103000  -0.106600  -0.122800  -0.090800  -0.066600  -0.057400  -0.104800  -0.083000   0.128000   0.204400   0.290600   0.527600 
481  -0.111400  -0.102800  -0.106400  -0.122600  -0.090600  -0.066600  -0.057400  -0.104400  -0.083200   0.127600   0.204200   0.290400   0.527600 
482  -0.111400  -0.102600  -0.106200  -0.122400  -0.090400  -0.066600  -0.057400  -0.104000  -0.083400   0.127200   0.204000   0.290200   0.527600 
483  -0.111400  -0.102600  -0.106000  -0.122200  -0.090200  -0.066600  -0.057400  -0.103800  -0.083600   0.126800   0.203800   0.290000   0.527600 
484  -0.111400  -0.102600  -0.105800  -0.122000  -0.090000  -0.066600  -0.057400  -0.103600  -0.083800   0.126600   0.203600   0.289800   0.527600 
485  -0.111400  -0.102600  -0.105600  -0.121800  -0.089800  -0.066600  -0.057400  -0.103400  -0.084000   0.126400   0.203400   0.289600   0.527600 
486  -0.111400  -0.102600  -0.105400  -0.121600  -0.089800  -0.066600  -0.057400  -0.103200  -0.084200   0.126200   0.203200   0.289400   0.527600 
487  -0.111400  -0.102600  -0.105200  -0.121400  -0.089800  -0.066600  -0.057400  -0.103000  -0.084400   0.126000   0.203000   0.289200   0.527600 
488  -0.111400  -0.102600  -0.105000  -0.121200  -0.089800  -0.066600  -0.057400  -0.102800  -0.084600   0.125800   0.202800   0.289000   0.527600 
489  -0.111400  -0.102600  -0.104800  -0.121000  -0.089800  -0.066600  -0.057400  -0.102600  -0.084800   0.125600   0.202600   0.288800   0.527600 
490  -0.111400  -0.102600  -0.104600  -0.120800  -0.089800  -0.066600  -0.057200  -0.102400  -0.085000   0.125400   0.202400   0.288600   0.527600 
491  -0.111400  -0.102600  -0.104400  -0.120600  -0.089800  -0.066600  -0.057000  -0.102200  -0.085200   0.125200   0.202200   0.288600   0.527600 
492  -0.111400  -0.102600  -0.104200  -0.120400  -0.089800  -0.066600  -0.056800  -0.102000  -0.085400   0.125000   0.202000   0.288600   0.527600 
493  -0.111400  -0.102600  -0.104000  -0.120200  -0.089800  -0.066600  -0.056600  -0.101800  -0.085600   0.124800   0.201800   0.288600   0.527600 
494  -0.111400  -0.102600  -0.103800  -0.120000  -0.089800  -0.066800  -0.056400  -0.101600  -0.085800   0.124600   0.201600   0.288600   0.527600 
495  -0.111400  -0.102600  -0.103800  -0.120000  -0.089800  -0.066800  -0.056200  -0.101600  -0.086000   0.124400   0.201400   0.288600   0.527600 
496  -0.111400  -0.102600  -0.103800  -0.120000  -0.089800  -0.066800  -0.056200  -0.101600  -0.086200   0.124200   0.201200   0.288600   0.527600 
497  -0.111400  -0.102600  -0.103800  -0.120000  -0.089800  -0.066800  -0.056200  -0.101600  -0.086200   0.124000   0.201000   0.288600   0.527600 
498  -0.111400  -0.102600  -0.103800  -0.120000  -0.089800  -0.066800  -0.056200  -0.101600  -0.086200   0.123800   0.200800   0.288600   0.527600 
499  -0.111400  -0.102600  -0.103800  -0.120000  -0.089800  -0.066800  -0.056200  -0.101600  -0.086200   0.123800   0.200800   0.288600   0.527600 
