0   0.819844
1   0.817394
2   0.815054
3   0.812590
4   0.810194
5   0.807566
6   0.805064
7   0.802524
8   0.799878
9   0.797472
10   0.794958
11   0.792520
12   0.790190
13   0.787764
14   0.785410
15   0.783082
16   0.780660
17   0.778256
18   0.775960
19   0.773690
20   0.771664
21   0.769478
22   0.767446
23   0.765448
24   0.763374
25   0.761312
26   0.759384
27   0.757456
28   0.755468
29   0.753410
30   0.751322
31   0.749440
32   0.747370
33   0.745390
34   0.743362
35   0.741454
36   0.739590
37   0.737738
38   0.735834
39   0.733794
40   0.731694
41   0.729594
42   0.727576
43   0.725524
44   0.723620
45   0.721564
46   0.719540
47   0.717610
48   0.715924
49   0.714138
50   0.712388
51   0.710660
52   0.709162
53   0.707542
54   0.705830
55   0.704104
56   0.702494
57   0.701194
58   0.699764
59   0.698282
60   0.696500
61   0.694818
62   0.693094
63   0.691394
64   0.689614
65   0.687920
66   0.686144
67   0.684426
68   0.682776
69   0.681164
70   0.679586
71   0.677954
72   0.676262
73   0.674518
74   0.672502
75   0.670616
76   0.668658
77   0.666992
78   0.665224
79   0.663432
80   0.661700
81   0.659958
82   0.658198
83   0.656380
84   0.654544
85   0.652698
86   0.651058
87   0.649356
88   0.647840
89   0.646322
90   0.644890
91   0.643384
92   0.641770
93   0.640024
94   0.638244
95   0.636362
96   0.634474
97   0.632458
98   0.630368
99   0.628266
100   0.626128
101   0.623772
102   0.621464
103   0.619156
104   0.617046
105   0.614782
106   0.612430
107   0.610204
108   0.608158
109   0.606032
110   0.603822
111   0.601690
112   0.599720
113   0.597822
114   0.596088
115   0.594296
116   0.592406
117   0.590498
118   0.588726
119   0.587030
120   0.585456
121   0.583786
122   0.582056
123   0.580306
124   0.578254
125   0.576210
126   0.574232
127   0.572268
128   0.570428
129   0.568448
130   0.566474
131   0.564614
132   0.562478
133   0.560392
134   0.558304
135   0.556110
136   0.554106
137   0.551916
138   0.549836
139   0.547834
140   0.545900
141   0.543874
142   0.542026
143   0.540206
144   0.538434
145   0.536616
146   0.535100
147   0.533406
148   0.531682
149   0.529868
150   0.528126
151   0.526398
152   0.524496
153   0.522636
154   0.520530
155   0.518472
156   0.516492
157   0.514550
158   0.512558
159   0.510676
160   0.508596
161   0.506716
162   0.505032
163   0.503284
164   0.501444
165   0.499702
166   0.497922
167   0.496146
168   0.494478
169   0.492852
170   0.491220
171   0.489364
172   0.487586
173   0.485960
174   0.484276
175   0.482686
176   0.480966
177   0.479360
178   0.477794
179   0.476218
180   0.474668
181   0.473216
182   0.471880
183   0.470560
184   0.469242
185   0.467902
186   0.466660
187   0.465364
188   0.464190
189   0.462928
190   0.461646
191   0.460490
192   0.459190
193   0.457790
194   0.456512
195   0.455292
196   0.453876
197   0.452554
198   0.451328
199   0.450020
200   0.448820
201   0.447580
202   0.446294
203   0.445258
204   0.444200
205   0.443284
206   0.442300
207   0.441212
208   0.440096
209   0.438952
210   0.437950
211   0.436884
212   0.436048
213   0.435138
214   0.434090
215   0.433134
216   0.431918
217   0.430730
218   0.429536
219   0.428402
220   0.427484
221   0.426542
222   0.425344
223   0.424098
224   0.423022
225   0.422100
226   0.421226
227   0.420188
228   0.419124
229   0.418110
230   0.416796
231   0.415446
232   0.414112
233   0.412740
234   0.411434
235   0.410128
236   0.408732
237   0.407364
238   0.406064
239   0.404666
240   0.403138
241   0.401558
242   0.399966
243   0.398326
244   0.396756
245   0.395302
246   0.393810
247   0.392316
248   0.390846
249   0.389446
250   0.388070
251   0.386758
252   0.385436
253   0.384088
254   0.382592
255   0.381206
256   0.379816
257   0.378250
258   0.376790
259   0.375356
260   0.373886
261   0.372296
262   0.370792
263   0.369330
264   0.368190
265   0.366998
266   0.365784
267   0.364242
268   0.362846
269   0.361506
270   0.360280
271   0.359114
272   0.357786
273   0.356466
274   0.354986
275   0.353552
276   0.352046
277   0.350562
278   0.349244
279   0.347808
280   0.346388
281   0.344834
282   0.343224
283   0.341614
284   0.339880
285   0.338416
286   0.337042
287   0.335576
288   0.334146
289   0.332834
290   0.331588
291   0.330294
292   0.328610
293   0.327044
294   0.325478
295   0.323816
296   0.322180
297   0.320408
298   0.318502
299   0.316542
300   0.314470
301   0.312188
302   0.310214
303   0.308148
304   0.306320
305   0.304482
306   0.302752
307   0.300890
308   0.299006
309   0.297152
310   0.295344
311   0.293428
312   0.291616
313   0.289674
314   0.287588
315   0.285536
316   0.283602
317   0.281654
318   0.279904
319   0.278188
320   0.276502
321   0.274864
322   0.273136
323   0.271372
324   0.269646
325   0.268110
326   0.266484
327   0.265098
328   0.263560
329   0.262178
330   0.260688
331   0.259340
332   0.257960
333   0.256764
334   0.255552
335   0.254394
336   0.253246
337   0.252066
338   0.250900
339   0.249734
340   0.248562
341   0.247312
342   0.245834
343   0.244374
344   0.243026
345   0.241680
346   0.240260
347   0.238772
348   0.237314
349   0.235992
350   0.234706
351   0.233316
352   0.232036
353   0.230818
354   0.229606
355   0.228306
356   0.227068
357   0.225564
358   0.224016
359   0.222358
360   0.221048
361   0.219762
362   0.218402
363   0.217042
364   0.215790
365   0.214670
366   0.213466
367   0.212306
368   0.211046
369   0.209906
370   0.208588
371   0.207336
372   0.206090
373   0.204894
374   0.203770
375   0.202604
376   0.201318
377   0.199958
378   0.198696
379   0.197372
380   0.196014
381   0.194646
382   0.193292
383   0.191948
384   0.190634
385   0.189364
386   0.188088
387   0.186952
388   0.185850
389   0.184586
390   0.183208
391   0.181852
392   0.180754
393   0.179476
394   0.178122
395   0.176902
396   0.175824
397   0.174834
398   0.173884
399   0.172996
400   0.172184
401   0.171262
402   0.170330
403   0.169328
404   0.168142
405   0.166926
406   0.165576
407   0.164272
408   0.162956
409   0.161708
410   0.160482
411   0.159034
412   0.157712
413   0.156432
414   0.155074
415   0.154012
416   0.152960
417   0.151852
418   0.150882
419   0.150000
420   0.149072
421   0.148136
422   0.147122
423   0.146056
424   0.145176
425   0.144134
426   0.143146
427   0.142056
428   0.140934
429   0.139796
430   0.138684
431   0.137482
432   0.136326
433   0.135136
434   0.133988
435   0.132908
436   0.132010
437   0.131134
438   0.130122
439   0.129070
440   0.128168
441   0.127150
442   0.126166
443   0.125156
444   0.124324
445   0.123420
446   0.122738
447   0.122026
448   0.121324
449   0.120612
450   0.119878
451   0.119098
452   0.118328
453   0.117616
454   0.117196
455   0.116704
456   0.116302
457   0.115946
458   0.115592
459   0.115246
460   0.114916
461   0.114578
462   0.114130
463   0.113774
464   0.113208
465   0.112820
466   0.112262
467   0.111774
468   0.111208
469   0.110562
470   0.109780
471   0.109142
472   0.108458
473   0.107910
474   0.107420
475   0.106900
476   0.106528
477   0.106102
478   0.105538
479   0.105198
480   0.104914
481   0.104774
482   0.104684
483   0.104506
484   0.104300
485   0.104214
486   0.104122
487   0.104102
488   0.103940
489   0.103838
490   0.103776
491   0.103672
492   0.103806
493   0.104060
494   0.104192
495   0.104432
496   0.104744
497   0.105112
498   0.105536
499   0.106036
500   0.106460
-499   0.106912
-498   0.107666
-497   0.108378
-496   0.108884
-495   0.109390
-494   0.109694
-493   0.110084
-492   0.110392
-491   0.110746
-490   0.111190
-489   0.111568
-488   0.112010
-487   0.112420
-486   0.113014
-485   0.113540
-484   0.114240
-483   0.114760
-482   0.115424
-481   0.116006
-480   0.116656
-479   0.117184
-478   0.117586
-477   0.117900
-476   0.118172
-475   0.118542
-474   0.118926
-473   0.119254
-472   0.119446
-471   0.119778
-470   0.119966
-469   0.120068
-468   0.120070
-467   0.120166
-466   0.120100
-465   0.120072
-464   0.119936
-463   0.119954
-462   0.119832
-461   0.119726
-460   0.119624
-459   0.119696
-458   0.119956
-457   0.120140
-456   0.120378
-455   0.120608
-454   0.120964
-453   0.121364
-452   0.122022
-451   0.122674
-450   0.123220
-449   0.123688
-448   0.124090
-447   0.124536
-446   0.125202
-445   0.125814
-444   0.126382
-443   0.126908
-442   0.127696
-441   0.128498
-440   0.129186
-439   0.129870
-438   0.130404
-437   0.130996
-436   0.131550
-435   0.131940
-434   0.132276
-433   0.132656
-432   0.132984
-431   0.133430
-430   0.134094
-429   0.134836
-428   0.135668
-427   0.136628
-426   0.137604
-425   0.138552
-424   0.139308
-423   0.140106
-422   0.140708
-421   0.141462
-420   0.142082
-419   0.142818
-418   0.143494
-417   0.144276
-416   0.144986
-415   0.145550
-414   0.146134
-413   0.146670
-412   0.147398
-411   0.148354
-410   0.149342
-409   0.150372
-408   0.151294
-407   0.152240
-406   0.153008
-405   0.153858
-404   0.154932
-403   0.156018
-402   0.157126
-401   0.158136
-400   0.159164
-399   0.160066
-398   0.160998
-397   0.161966
-396   0.163064
-395   0.164096
-394   0.164872
-393   0.165526
-392   0.166552
-391   0.167614
-390   0.168624
-389   0.169770
-388   0.170710
-387   0.171636
-386   0.172428
-385   0.173320
-384   0.174194
-383   0.175206
-382   0.176098
-381   0.177014
-380   0.177790
-379   0.178534
-378   0.179314
-377   0.180128
-376   0.180980
-375   0.181880
-374   0.182794
-373   0.183718
-372   0.184652
-371   0.185566
-370   0.186472
-369   0.187568
-368   0.188598
-367   0.189684
-366   0.190466
-365   0.191432
-364   0.192210
-363   0.192970
-362   0.193992
-361   0.194968
-360   0.195718
-359   0.196694
-358   0.197540
-357   0.198384
-356   0.199186
-355   0.200056
-354   0.200816
-353   0.201460
-352   0.202132
-351   0.202742
-350   0.203380
-349   0.204102
-348   0.204988
-347   0.205804
-346   0.206384
-345   0.207156
-344   0.208040
-343   0.209118
-342   0.210106
-341   0.211172
-340   0.212026
-339   0.213036
-338   0.214118
-337   0.215088
-336   0.216242
-335   0.217232
-334   0.218534
-333   0.219778
-332   0.221030
-331   0.222252
-330   0.223562
-329   0.224838
-328   0.226028
-327   0.227476
-326   0.228626
-325   0.230078
-324   0.231200
-323   0.232412
-322   0.233802
-321   0.235072
-320   0.236476
-319   0.237968
-318   0.239528
-317   0.241094
-316   0.242580
-315   0.244142
-314   0.245680
-313   0.247188
-312   0.248620
-311   0.249990
-310   0.251624
-309   0.253096
-308   0.254590
-307   0.255960
-306   0.257146
-305   0.258356
-304   0.259528
-303   0.260682
-302   0.261760
-301   0.263128
-300   0.264664
-299   0.265916
-298   0.267168
-297   0.268542
-296   0.269876
-295   0.271186
-294   0.272516
-293   0.273776
-292   0.275186
-291   0.276510
-290   0.278028
-289   0.279638
-288   0.281216
-287   0.282782
-286   0.284506
-285   0.286096
-284   0.287790
-283   0.289494
-282   0.291254
-281   0.293058
-280   0.294714
-279   0.296638
-278   0.298546
-277   0.300574
-276   0.302476
-275   0.304452
-274   0.306312
-273   0.308130
-272   0.309966
-271   0.311790
-270   0.313436
-269   0.315040
-268   0.316670
-267   0.318260
-266   0.319858
-265   0.321318
-264   0.322782
-263   0.324114
-262   0.325424
-261   0.326826
-260   0.328314
-259   0.329730
-258   0.331206
-257   0.332698
-256   0.334092
-255   0.335348
-254   0.336578
-253   0.337772
-252   0.339110
-251   0.340390
-250   0.341660
-249   0.342984
-248   0.344446
-247   0.345750
-246   0.347256
-245   0.348692
-244   0.350300
-243   0.351910
-242   0.353778
-241   0.355878
-240   0.358010
-239   0.359934
-238   0.361746
-237   0.363544
-236   0.365558
-235   0.367492
-234   0.369448
-233   0.371140
-232   0.373072
-231   0.374982
-230   0.376744
-229   0.378428
-228   0.380110
-227   0.381722
-226   0.383432
-225   0.385072
-224   0.386606
-223   0.388128
-222   0.389838
-221   0.391332
-220   0.392816
-219   0.394184
-218   0.395320
-217   0.396550
-216   0.397774
-215   0.399154
-214   0.400566
-213   0.401890
-212   0.403148
-211   0.404436
-210   0.405798
-209   0.407046
-208   0.408082
-207   0.409304
-206   0.410528
-205   0.411744
-204   0.412928
-203   0.414114
-202   0.415306
-201   0.416740
-200   0.418056
-199   0.419434
-198   0.420896
-197   0.422300
-196   0.423786
-195   0.425168
-194   0.426576
-193   0.428124
-192   0.429780
-191   0.431514
-190   0.433430
-189   0.435472
-188   0.437460
-187   0.439440
-186   0.441458
-185   0.443272
-184   0.444984
-183   0.446898
-182   0.448522
-181   0.450254
-180   0.451840
-179   0.453508
-178   0.455314
-177   0.456954
-176   0.458580
-175   0.460244
-174   0.461682
-173   0.463124
-172   0.464504
-171   0.466074
-170   0.467446
-169   0.468866
-168   0.470288
-167   0.471810
-166   0.473524
-165   0.475164
-164   0.476610
-163   0.478294
-162   0.479958
-161   0.481530
-160   0.483392
-159   0.485134
-158   0.487012
-157   0.488854
-156   0.490698
-155   0.492526
-154   0.494364
-153   0.496110
-152   0.497696
-151   0.499324
-150   0.500902
-149   0.502542
-148   0.504146
-147   0.505662
-146   0.507272
-145   0.508952
-144   0.510586
-143   0.512070
-142   0.513586
-141   0.515114
-140   0.516682
-139   0.518244
-138   0.519844
-137   0.521460
-136   0.523046
-135   0.524582
-134   0.526252
-133   0.527854
-132   0.529574
-131   0.531416
-130   0.533280
-129   0.535210
-128   0.537238
-127   0.539030
-126   0.540838
-125   0.542566
-124   0.544276
-123   0.545882
-122   0.547478
-121   0.549012
-120   0.550622
-119   0.552330
-118   0.553864
-117   0.555566
-116   0.557440
-115   0.559338
-114   0.561318
-113   0.563276
-112   0.565278
-111   0.567332
-110   0.569358
-109   0.571390
-108   0.573224
-107   0.575148
-106   0.577126
-105   0.579238
-104   0.581108
-103   0.583186
-102   0.585004
-101   0.586778
-100   0.588708
-99   0.590886
-98   0.593054
-97   0.595136
-96   0.597238
-95   0.599488
-94   0.601548
-93   0.603712
-92   0.605744
-91   0.607888
-90   0.609752
-89   0.611634
-88   0.613638
-87   0.615414
-86   0.617278
-85   0.619084
-84   0.620762
-83   0.622512
-82   0.624244
-81   0.626064
-80   0.627938
-79   0.629828
-78   0.631624
-77   0.633566
-76   0.635342
-75   0.637214
-74   0.639258
-73   0.641326
-72   0.643268
-71   0.645250
-70   0.647292
-69   0.649574
-68   0.651688
-67   0.653654
-66   0.655644
-65   0.657434
-64   0.659208
-63   0.660954
-62   0.662620
-61   0.664430
-60   0.666266
-59   0.668088
-58   0.669922
-57   0.671788
-56   0.673846
-55   0.675970
-54   0.678242
-53   0.680456
-52   0.682574
-51   0.684850
-50   0.687190
-49   0.689524
-48   0.691858
-47   0.694360
-46   0.696840
-45   0.699386
-44   0.701830
-43   0.704278
-42   0.706910
-41   0.709574
-40   0.712148
-39   0.714648
-38   0.717302
-37   0.719902
-36   0.722572
-35   0.725302
-34   0.728156
-33   0.730830
-32   0.733476
-31   0.736338
-30   0.738936
-29   0.741680
-28   0.744464
-27   0.747188
-26   0.750006
-25   0.752888
-24   0.755748
-23   0.758648
-22   0.761556
-21   0.764348
-20   0.767048
-19   0.769780
-18   0.772498
-17   0.775046
-16   0.777504
-15   0.779926
-14   0.782210
-13   0.784546
-12   0.786790
-11   0.789178
-10   0.791594
-9   0.794096
-8   0.796760
-7   0.799630
-6   0.802300
-5   0.805134
-4   0.808150
-3   0.811074
-2   0.813912
-1   0.816850
