0   0.533338
1   0.530770
2   0.528088
3   0.525438
4   0.522750
5   0.520108
6   0.517498
7   0.514906
8   0.512366
9   0.509676
10   0.506958
11   0.504270
12   0.501526
13   0.498882
14   0.496030
15   0.493204
16   0.490372
17   0.487454
18   0.484662
19   0.481818
20   0.478958
21   0.476032
22   0.472996
23   0.469918
24   0.466788
25   0.463628
26   0.460248
27   0.457090
28   0.453770
29   0.450900
30   0.447854
31   0.444762
32   0.441556
33   0.438390
34   0.435336
35   0.432224
36   0.429134
37   0.426204
38   0.423248
39   0.420152
40   0.417140
41   0.414024
42   0.411120
43   0.408072
44   0.405014
45   0.401958
46   0.399078
47   0.396084
48   0.392900
49   0.389664
50   0.386252
51   0.382596
52   0.378916
53   0.375266
54   0.371638
55   0.368312
56   0.365048
57   0.361872
58   0.358788
59   0.355886
60   0.352694
61   0.349518
62   0.346214
63   0.342760
64   0.339604
65   0.336472
66   0.333426
67   0.330240
68   0.327096
69   0.324020
70   0.320702
71   0.317592
72   0.314384
73   0.311168
74   0.307818
75   0.304488
76   0.301372
77   0.298208
78   0.295336
79   0.292088
80   0.288878
81   0.285672
82   0.282542
83   0.279592
84   0.276730
85   0.273758
86   0.270940
87   0.268262
88   0.265460
89   0.262890
90   0.260210
91   0.257638
92   0.255100
93   0.252514
94   0.249834
95   0.247048
96   0.244328
97   0.241692
98   0.239164
99   0.236748
100   0.234178
101   0.231658
102   0.229228
103   0.226694
104   0.224246
105   0.221962
106   0.219766
107   0.217736
108   0.215386
109   0.213200
110   0.211074
111   0.209054
112   0.207034
113   0.204928
114   0.202888
115   0.200804
116   0.198656
117   0.196522
118   0.194514
119   0.192570
120   0.190652
121   0.188808
122   0.187014
123   0.185144
124   0.183322
125   0.181538
126   0.179934
127   0.178174
128   0.176482
129   0.174874
130   0.173150
131   0.171322
132   0.169486
133   0.167738
134   0.166028
135   0.164370
136   0.162690
137   0.160938
138   0.159240
139   0.157486
140   0.155854
141   0.154246
142   0.152824
143   0.151450
144   0.150016
145   0.148596
146   0.147164
147   0.145718
148   0.144174
149   0.142648
150   0.141018
151   0.139546
152   0.138074
153   0.136726
154   0.135280
155   0.133816
156   0.132484
157   0.131180
158   0.129890
159   0.128618
160   0.127248
161   0.125812
162   0.124512
163   0.123180
164   0.121884
165   0.120664
166   0.119490
167   0.118348
168   0.117236
169   0.116192
170   0.115126
171   0.114092
172   0.113040
173   0.111958
174   0.110862
175   0.109672
176   0.108482
177   0.107342
178   0.106160
179   0.104874
180   0.103682
181   0.102426
182   0.101222
183   0.100134
184   0.099080
185   0.098000
186   0.096894
187   0.095712
188   0.094524
189   0.093296
190   0.092244
191   0.091306
192   0.090338
193   0.089334
194   0.088410
195   0.087410
196   0.086494
197   0.085528
198   0.084502
199   0.083248
200   0.082230
201   0.081072
202   0.079880
203   0.078794
204   0.077556
205   0.076456
206   0.075266
207   0.074172
208   0.073016
209   0.071882
210   0.070754
211   0.069562
212   0.068468
213   0.067288
214   0.066042
215   0.064848
216   0.063548
217   0.062274
218   0.061060
219   0.059868
220   0.058712
221   0.057648
222   0.056518
223   0.055212
224   0.053788
225   0.052418
226   0.051082
227   0.049758
228   0.048450
229   0.047320
230   0.046166
231   0.044882
232   0.043666
233   0.042520
234   0.041356
235   0.040120
236   0.038826
237   0.037562
238   0.036340
239   0.035278
240   0.034206
241   0.033104
242   0.032170
243   0.031100
244   0.030176
245   0.029312
246   0.028552
247   0.027864
248   0.027158
249   0.026474
250   0.025786
251   0.025070
252   0.024242
253   0.023470
254   0.022674
255   0.021808
256   0.020972
257   0.020222
258   0.019486
259   0.018838
260   0.018168
261   0.017484
262   0.016848
263   0.016252
264   0.015622
265   0.015108
266   0.014528
267   0.013868
268   0.013246
269   0.012594
270   0.011886
271   0.011130
272   0.010414
273   0.009696
274   0.009004
275   0.008324
276   0.007726
277   0.007038
278   0.006212
279   0.005270
280   0.004412
281   0.003624
282   0.002912
283   0.002192
284   0.001406
285   0.000614
286   0.000010
287  -0.000624
288  -0.001232
289  -0.001786
290  -0.002274
291  -0.002862
292  -0.003382
293  -0.004098
294  -0.004740
295  -0.005450
296  -0.006130
297  -0.006822
298  -0.007618
299  -0.008362
300  -0.009044
301  -0.009782
302  -0.010428
303  -0.011136
304  -0.011732
305  -0.012320
306  -0.012874
307  -0.013484
308  -0.014152
309  -0.014764
310  -0.015282
311  -0.015876
312  -0.016316
313  -0.016740
314  -0.017186
315  -0.017446
316  -0.017698
317  -0.017874
318  -0.017994
319  -0.018202
320  -0.018338
321  -0.018488
322  -0.018756
323  -0.019076
324  -0.019332
325  -0.019496
326  -0.019770
327  -0.020030
328  -0.020308
329  -0.020600
330  -0.020906
331  -0.021288
332  -0.021716
333  -0.022058
334  -0.022316
335  -0.022670
336  -0.023022
337  -0.023356
338  -0.023806
339  -0.024320
340  -0.024790
341  -0.025262
342  -0.025534
343  -0.025738
344  -0.025818
345  -0.025936
346  -0.026078
347  -0.026172
348  -0.026156
349  -0.026214
350  -0.026474
351  -0.026756
352  -0.026986
353  -0.027136
354  -0.027184
355  -0.027318
356  -0.027526
357  -0.027954
358  -0.028418
359  -0.028842
360  -0.029142
361  -0.029420
362  -0.029746
363  -0.030148
364  -0.030304
365  -0.030440
366  -0.030574
367  -0.030786
368  -0.031044
369  -0.031486
370  -0.031858
371  -0.032330
372  -0.032676
373  -0.032954
374  -0.033034
375  -0.033276
376  -0.033550
377  -0.033800
378  -0.034094
379  -0.034230
380  -0.034292
381  -0.034334
382  -0.034238
383  -0.034120
384  -0.033854
385  -0.033562
386  -0.033418
387  -0.033226
388  -0.033072
389  -0.032922
390  -0.032852
391  -0.032670
392  -0.032662
393  -0.032408
394  -0.032238
395  -0.032050
396  -0.031804
397  -0.031484
398  -0.031094
399  -0.030684
400  -0.030642
401  -0.030526
402  -0.030224
403  -0.029746
404  -0.029354
405  -0.029116
406  -0.028982
407  -0.028686
408  -0.028544
409  -0.028392
410  -0.028304
411  -0.028128
412  -0.027778
413  -0.027312
414  -0.026880
415  -0.026476
416  -0.026088
417  -0.025606
418  -0.025162
419  -0.024764
420  -0.024224
421  -0.023752
422  -0.023330
423  -0.022782
424  -0.022330
425  -0.021994
426  -0.021400
427  -0.020942
428  -0.020552
429  -0.020002
430  -0.019598
431  -0.019208
432  -0.018756
433  -0.018360
434  -0.017836
435  -0.017514
436  -0.017252
437  -0.017018
438  -0.016824
439  -0.016720
440  -0.016520
441  -0.016240
442  -0.016052
443  -0.015904
444  -0.015670
445  -0.015544
446  -0.015686
447  -0.015832
448  -0.015890
449  -0.016080
450  -0.016368
451  -0.016680
452  -0.017154
453  -0.017246
454  -0.017380
455  -0.017602
456  -0.017938
457  -0.018024
458  -0.018040
459  -0.017866
460  -0.017772
461  -0.017608
462  -0.017250
463  -0.017020
464  -0.016716
465  -0.016480
466  -0.016448
467  -0.016314
468  -0.016088
469  -0.016088
470  -0.016148
471  -0.016264
472  -0.016288
473  -0.016434
474  -0.016614
475  -0.016796
476  -0.017060
477  -0.017482
478  -0.017756
479  -0.018142
480  -0.018358
481  -0.018588
482  -0.018816
483  -0.019160
484  -0.019402
485  -0.019574
486  -0.019640
487  -0.019966
488  -0.020174
489  -0.020250
490  -0.020314
491  -0.020476
492  -0.020426
493  -0.020618
494  -0.020698
495  -0.020656
496  -0.020698
497  -0.020698
498  -0.020792
499  -0.020830
500  -0.020914
-499  -0.021018
-498  -0.021162
-497  -0.021278
-496  -0.021478
-495  -0.021672
-494  -0.021900
-493  -0.022178
-492  -0.022684
-491  -0.023156
-490  -0.023642
-489  -0.024124
-488  -0.024502
-487  -0.024832
-486  -0.025222
-485  -0.025648
-484  -0.026194
-483  -0.026722
-482  -0.027158
-481  -0.027670
-480  -0.028142
-479  -0.028442
-478  -0.028766
-477  -0.029066
-476  -0.029674
-475  -0.030328
-474  -0.030790
-473  -0.031126
-472  -0.031420
-471  -0.031876
-470  -0.032352
-469  -0.032844
-468  -0.033442
-467  -0.034184
-466  -0.034784
-465  -0.035532
-464  -0.036216
-463  -0.036994
-462  -0.037824
-461  -0.038590
-460  -0.039418
-459  -0.040222
-458  -0.040950
-457  -0.041708
-456  -0.042522
-455  -0.043370
-454  -0.044364
-453  -0.045390
-452  -0.046422
-451  -0.047618
-450  -0.048646
-449  -0.049784
-448  -0.050896
-447  -0.051944
-446  -0.052802
-445  -0.053824
-444  -0.054894
-443  -0.055968
-442  -0.057054
-441  -0.058184
-440  -0.059210
-439  -0.060120
-438  -0.061186
-437  -0.062290
-436  -0.063462
-435  -0.064702
-434  -0.065962
-433  -0.067290
-432  -0.068702
-431  -0.070170
-430  -0.071840
-429  -0.073546
-428  -0.075148
-427  -0.076590
-426  -0.077894
-425  -0.079212
-424  -0.080558
-423  -0.081852
-422  -0.083158
-421  -0.084562
-420  -0.085670
-419  -0.086854
-418  -0.087938
-417  -0.088694
-416  -0.089214
-415  -0.089866
-414  -0.090740
-413  -0.091600
-412  -0.092608
-411  -0.093574
-410  -0.094662
-409  -0.095790
-408  -0.097056
-407  -0.098036
-406  -0.099068
-405  -0.100016
-404  -0.100998
-403  -0.101786
-402  -0.102768
-401  -0.103540
-400  -0.104480
-399  -0.105586
-398  -0.106710
-397  -0.107930
-396  -0.109034
-395  -0.110276
-394  -0.111448
-393  -0.112618
-392  -0.113772
-391  -0.114836
-390  -0.115690
-389  -0.116628
-388  -0.117462
-387  -0.118330
-386  -0.119200
-385  -0.119984
-384  -0.120660
-383  -0.121556
-382  -0.122370
-381  -0.123084
-380  -0.123690
-379  -0.124158
-378  -0.124544
-377  -0.125062
-376  -0.125626
-375  -0.126240
-374  -0.126866
-373  -0.127370
-372  -0.128058
-371  -0.128744
-370  -0.129460
-369  -0.130164
-368  -0.130718
-367  -0.131538
-366  -0.132426
-365  -0.133142
-364  -0.133790
-363  -0.134522
-362  -0.135278
-361  -0.135972
-360  -0.136584
-359  -0.137280
-358  -0.137756
-357  -0.138218
-356  -0.138632
-355  -0.138910
-354  -0.139108
-353  -0.139420
-352  -0.139598
-351  -0.139780
-350  -0.139960
-349  -0.140162
-348  -0.140236
-347  -0.140052
-346  -0.140018
-345  -0.139966
-344  -0.139942
-343  -0.139942
-342  -0.139956
-341  -0.139804
-340  -0.139984
-339  -0.140036
-338  -0.140208
-337  -0.140558
-336  -0.140672
-335  -0.140962
-334  -0.141070
-333  -0.140980
-332  -0.141138
-331  -0.141422
-330  -0.141572
-329  -0.141804
-328  -0.141862
-327  -0.141964
-326  -0.142258
-325  -0.142422
-324  -0.142574
-323  -0.142824
-322  -0.143214
-321  -0.143502
-320  -0.143802
-319  -0.144190
-318  -0.144482
-317  -0.144410
-316  -0.144164
-315  -0.144126
-314  -0.144108
-313  -0.144028
-312  -0.143956
-311  -0.143868
-310  -0.143754
-309  -0.143576
-308  -0.143314
-307  -0.143056
-306  -0.142798
-305  -0.142600
-304  -0.142368
-303  -0.142112
-302  -0.141910
-301  -0.141374
-300  -0.140956
-299  -0.140290
-298  -0.139374
-297  -0.138362
-296  -0.137300
-295  -0.136146
-294  -0.134822
-293  -0.133826
-292  -0.132742
-291  -0.131610
-290  -0.130278
-289  -0.129150
-288  -0.127826
-287  -0.126376
-286  -0.125024
-285  -0.123364
-284  -0.121806
-283  -0.120376
-282  -0.119028
-281  -0.117640
-280  -0.116406
-279  -0.114980
-278  -0.113480
-277  -0.111980
-276  -0.110532
-275  -0.108646
-274  -0.106862
-273  -0.105040
-272  -0.103472
-271  -0.101926
-270  -0.100426
-269  -0.098998
-268  -0.097566
-267  -0.095986
-266  -0.094264
-265  -0.092470
-264  -0.090798
-263  -0.089082
-262  -0.087288
-261  -0.085400
-260  -0.083414
-259  -0.081204
-258  -0.079100
-257  -0.077266
-256  -0.075494
-255  -0.073784
-254  -0.072048
-253  -0.070202
-252  -0.068510
-251  -0.066734
-250  -0.065006
-249  -0.063146
-248  -0.061402
-247  -0.059610
-246  -0.057772
-245  -0.055976
-244  -0.054336
-243  -0.052656
-242  -0.050918
-241  -0.049132
-240  -0.047262
-239  -0.045358
-238  -0.043660
-237  -0.042024
-236  -0.040494
-235  -0.038956
-234  -0.037274
-233  -0.035548
-232  -0.033936
-231  -0.032384
-230  -0.030564
-229  -0.028978
-228  -0.027450
-227  -0.026100
-226  -0.024610
-225  -0.023122
-224  -0.021706
-223  -0.020282
-222  -0.018842
-221  -0.017232
-220  -0.015440
-219  -0.013830
-218  -0.012132
-217  -0.010384
-216  -0.008710
-215  -0.006942
-214  -0.005210
-213  -0.003442
-212  -0.001636
-211   0.000266
-210   0.002056
-209   0.003724
-208   0.005414
-207   0.007256
-206   0.009202
-205   0.011224
-204   0.013180
-203   0.015444
-202   0.017632
-201   0.019936
-200   0.022186
-199   0.024450
-198   0.026530
-197   0.028638
-196   0.030644
-195   0.032794
-194   0.035094
-193   0.037404
-192   0.039726
-191   0.041920
-190   0.044058
-189   0.046082
-188   0.048190
-187   0.050220
-186   0.052414
-185   0.054702
-184   0.056974
-183   0.059390
-182   0.061662
-181   0.063992
-180   0.066216
-179   0.068202
-178   0.070278
-177   0.072372
-176   0.074486
-175   0.076708
-174   0.078692
-173   0.080698
-172   0.082670
-171   0.084498
-170   0.086126
-169   0.087980
-168   0.089804
-167   0.091778
-166   0.093406
-165   0.095164
-164   0.096904
-163   0.098426
-162   0.100012
-161   0.101602
-160   0.103148
-159   0.104680
-158   0.106228
-157   0.107744
-156   0.109206
-155   0.110672
-154   0.112310
-153   0.114034
-152   0.115686
-151   0.117222
-150   0.118748
-149   0.120140
-148   0.121738
-147   0.123370
-146   0.125092
-145   0.126980
-144   0.129044
-143   0.130990
-142   0.133006
-141   0.135112
-140   0.137266
-139   0.139618
-138   0.142022
-137   0.144496
-136   0.147112
-135   0.149726
-134   0.152472
-133   0.155246
-132   0.158126
-131   0.161470
-130   0.164296
-129   0.167162
-128   0.169926
-127   0.172674
-126   0.175628
-125   0.178402
-124   0.181098
-123   0.183970
-122   0.186996
-121   0.189646
-120   0.192494
-119   0.195114
-118   0.197854
-117   0.200480
-116   0.203202
-115   0.205728
-114   0.208346
-113   0.210748
-112   0.213138
-111   0.215604
-110   0.218334
-109   0.221044
-108   0.223660
-107   0.226328
-106   0.229060
-105   0.231952
-104   0.234828
-103   0.237758
-102   0.240804
-101   0.244002
-100   0.247206
-99   0.250200
-98   0.253366
-97   0.256500
-96   0.259478
-95   0.262474
-94   0.265464
-93   0.268588
-92   0.271654
-91   0.274860
-90   0.278334
-89   0.281808
-88   0.285156
-87   0.288562
-86   0.292030
-85   0.295508
-84   0.299196
-83   0.303056
-82   0.306968
-81   0.310854
-80   0.314836
-79   0.318556
-78   0.322484
-77   0.326350
-76   0.330220
-75   0.334128
-74   0.338214
-73   0.342234
-72   0.346128
-71   0.349714
-70   0.353184
-69   0.356810
-68   0.360502
-67   0.363898
-66   0.367234
-65   0.370546
-64   0.373776
-63   0.376920
-62   0.380024
-61   0.383222
-60   0.386284
-59   0.389230
-58   0.392178
-57   0.395158
-56   0.398164
-55   0.401212
-54   0.404338
-53   0.407696
-52   0.411016
-51   0.414466
-50   0.417784
-49   0.421114
-48   0.424308
-47   0.427512
-46   0.430912
-45   0.434206
-44   0.437432
-43   0.440796
-42   0.444064
-41   0.447416
-40   0.450692
-39   0.453832
-38   0.456862
-37   0.459890
-36   0.463142
-35   0.466140
-34   0.469022
-33   0.471582
-32   0.474188
-31   0.476796
-30   0.479232
-29   0.481884
-28   0.484256
-27   0.486470
-26   0.488610
-25   0.490608
-24   0.492456
-23   0.494346
-22   0.496074
-21   0.497796
-20   0.499598
-19   0.501350
-18   0.503136
-17   0.504886
-16   0.506570
-15   0.508100
-14   0.509652
-13   0.511306
-12   0.512906
-11   0.514372
-10   0.515994
-9   0.517528
-8   0.519084
-7   0.520638
-6   0.522352
-5   0.524080
-4   0.526044
-3   0.527864
-2   0.529638
-1   0.531474
