0   1.000000
1   0.998018
2   0.996116
3   0.994128
4   0.992086
5   0.990154
6   0.988014
7   0.985940
8   0.983998
9   0.982124
10   0.980252
11   0.978408
12   0.976574
13   0.974728
14   0.972966
15   0.971170
16   0.969584
17   0.968030
18   0.966606
19   0.965192
20   0.963610
21   0.962030
22   0.960568
23   0.958994
24   0.957416
25   0.955906
26   0.954514
27   0.952938
28   0.951266
29   0.949618
30   0.947952
31   0.946342
32   0.944662
33   0.943008
34   0.941268
35   0.939450
36   0.937768
37   0.936078
38   0.934316
39   0.932512
40   0.930680
41   0.929036
42   0.927356
43   0.925672
44   0.924046
45   0.922498
46   0.920910
47   0.919364
48   0.917948
49   0.916568
50   0.915162
51   0.913578
52   0.912082
53   0.910592
54   0.909104
55   0.907610
56   0.906340
57   0.905138
58   0.904024
59   0.902988
60   0.901892
61   0.900862
62   0.899886
63   0.898932
64   0.897978
65   0.897048
66   0.896126
67   0.895232
68   0.894298
69   0.893452
70   0.892490
71   0.891630
72   0.890788
73   0.889942
74   0.889102
75   0.888286
76   0.887480
77   0.886676
78   0.885698
79   0.884688
80   0.883842
81   0.882988
82   0.882072
83   0.881224
84   0.880270
85   0.879238
86   0.878232
87   0.877348
88   0.876396
89   0.875522
90   0.874596
91   0.873672
92   0.872716
93   0.871768
94   0.870944
95   0.870002
96   0.869050
97   0.868116
98   0.867106
99   0.866050
100   0.865054
101   0.864032
102   0.862866
103   0.861642
104   0.860206
105   0.858882
106   0.857558
107   0.856288
108   0.855140
109   0.854010
110   0.852866
111   0.851768
112   0.850570
113   0.849474
114   0.848282
115   0.847224
116   0.846204
117   0.845144
118   0.844150
119   0.843054
120   0.841988
121   0.840874
122   0.839852
123   0.838828
124   0.837836
125   0.836878
126   0.835994
127   0.835008
128   0.834180
129   0.833268
130   0.832348
131   0.831418
132   0.830524
133   0.829694
134   0.828916
135   0.828134
136   0.827346
137   0.826540
138   0.825654
139   0.824664
140   0.823672
141   0.822772
142   0.821792
143   0.820710
144   0.819566
145   0.818424
146   0.817236
147   0.816078
148   0.814854
149   0.813644
150   0.812344
151   0.811044
152   0.809664
153   0.808366
154   0.807014
155   0.805848
156   0.804664
157   0.803630
158   0.802612
159   0.801506
160   0.800528
161   0.799522
162   0.798604
163   0.797716
164   0.796778
165   0.795794
166   0.794854
167   0.793922
168   0.792996
169   0.792118
170   0.791180
171   0.790356
172   0.789506
173   0.788606
174   0.787640
175   0.786712
176   0.785682
177   0.784600
178   0.783350
179   0.781976
180   0.780532
181   0.779076
182   0.777626
183   0.776098
184   0.774524
185   0.772936
186   0.771338
187   0.769752
188   0.768218
189   0.766668
190   0.765048
191   0.763410
192   0.761652
193   0.759882
194   0.758124
195   0.756432
196   0.754726
197   0.752956
198   0.751248
199   0.749564
200   0.747636
201   0.745748
202   0.743938
203   0.741950
204   0.739760
205   0.737668
206   0.735678
207   0.733612
208   0.731602
209   0.729532
210   0.727480
211   0.725468
212   0.723428
213   0.721340
214   0.719328
215   0.717428
216   0.715204
217   0.712990
218   0.710584
219   0.708206
220   0.705814
221   0.703694
222   0.701406
223   0.699190
224   0.696762
225   0.694486
226   0.692312
227   0.690076
228   0.688110
229   0.685912
230   0.683750
231   0.681720
232   0.679618
233   0.677660
234   0.675728
235   0.673936
236   0.672246
237   0.670468
238   0.668710
239   0.667018
240   0.665226
241   0.663452
242   0.661684
243   0.659844
244   0.657960
245   0.656120
246   0.654272
247   0.652492
248   0.650700
249   0.648952
250   0.647268
251   0.645556
252   0.643952
253   0.642316
254   0.640786
255   0.639328
256   0.637972
257   0.636580
258   0.635226
259   0.633988
260   0.632760
261   0.631542
262   0.630124
263   0.628508
264   0.627012
265   0.625430
266   0.623822
267   0.622192
268   0.620760
269   0.619228
270   0.617820
271   0.616358
272   0.614828
273   0.613242
274   0.611728
275   0.610350
276   0.608990
277   0.607624
278   0.606312
279   0.604970
280   0.603642
281   0.602312
282   0.601112
283   0.599924
284   0.598794
285   0.597726
286   0.596696
287   0.595744
288   0.594794
289   0.593848
290   0.592756
291   0.591738
292   0.590706
293   0.589702
294   0.588592
295   0.587354
296   0.586148
297   0.584682
298   0.583396
299   0.582120
300   0.580804
301   0.579554
302   0.578254
303   0.576788
304   0.575452
305   0.574164
306   0.572802
307   0.571460
308   0.570122
309   0.568580
310   0.566990
311   0.565440
312   0.563924
313   0.562174
314   0.560328
315   0.558538
316   0.556546
317   0.554542
318   0.552618
319   0.550710
320   0.548798
321   0.546758
322   0.544880
323   0.542872
324   0.540692
325   0.538540
326   0.536516
327   0.534568
328   0.532640
329   0.530804
330   0.529062
331   0.527256
332   0.525538
333   0.523672
334   0.521852
335   0.520252
336   0.518594
337   0.516918
338   0.515204
339   0.513738
340   0.512114
341   0.510446
342   0.508812
343   0.507196
344   0.505526
345   0.503994
346   0.502486
347   0.501164
348   0.499892
349   0.498576
350   0.497128
351   0.495662
352   0.494234
353   0.492864
354   0.491490
355   0.489948
356   0.488226
357   0.486546
358   0.484938
359   0.483276
360   0.481556
361   0.479768
362   0.478058
363   0.476430
364   0.474984
365   0.473460
366   0.471900
367   0.470414
368   0.468804
369   0.467180
370   0.465646
371   0.464000
372   0.462384
373   0.460680
374   0.459174
375   0.457660
376   0.456202
377   0.454762
378   0.453322
379   0.451866
380   0.450572
381   0.449370
382   0.448252
383   0.447126
384   0.445956
385   0.444854
386   0.443616
387   0.442426
388   0.441242
389   0.440040
390   0.438968
391   0.438000
392   0.436872
393   0.435602
394   0.434406
395   0.433200
396   0.432008
397   0.430746
398   0.429746
399   0.428596
400   0.427754
401   0.426838
402   0.425770
403   0.424728
404   0.423706
405   0.422506
406   0.421302
407   0.420008
408   0.418756
409   0.417372
410   0.416024
411   0.414618
412   0.413350
413   0.412050
414   0.410764
415   0.409562
416   0.408442
417   0.407202
418   0.406060
419   0.404880
420   0.403878
421   0.402840
422   0.401888
423   0.400978
424   0.400064
425   0.399348
426   0.398486
427   0.397800
428   0.397146
429   0.396368
430   0.395544
431   0.394738
432   0.394108
433   0.393308
434   0.392430
435   0.391294
436   0.390120
437   0.388868
438   0.387782
439   0.386674
440   0.385604
441   0.384818
442   0.383860
443   0.383002
444   0.382106
445   0.381102
446   0.380244
447   0.379454
448   0.378780
449   0.378246
450   0.377506
451   0.376876
452   0.376290
453   0.375690
454   0.375260
455   0.374742
456   0.374150
457   0.373774
458   0.373090
459   0.372616
460   0.372114
461   0.371760
462   0.371544
463   0.371232
464   0.370758
465   0.370354
466   0.369862
467   0.369320
468   0.368846
469   0.368200
470   0.367684
471   0.367174
472   0.366546
473   0.366060
474   0.365500
475   0.364964
476   0.364380
477   0.363892
478   0.363382
479   0.362956
480   0.362442
481   0.361980
482   0.361212
483   0.360510
484   0.359840
485   0.359140
486   0.358476
487   0.358044
488   0.357698
489   0.357292
490   0.356968
491   0.356604
492   0.356396
493   0.356126
494   0.355926
495   0.355714
496   0.355496
497   0.355272
498   0.355038
499   0.354874
500   0.354614
-499   0.354390
-498   0.354070
-497   0.353786
-496   0.353522
-495   0.353098
-494   0.352598
-493   0.352222
-492   0.351832
-491   0.351536
-490   0.351214
-489   0.350924
-488   0.350528
-487   0.350004
-486   0.349376
-485   0.348800
-484   0.348054
-483   0.347306
-482   0.346424
-481   0.345458
-480   0.344248
-479   0.343242
-478   0.342276
-477   0.341454
-476   0.340728
-475   0.340000
-474   0.339352
-473   0.338882
-472   0.338236
-471   0.337682
-470   0.336978
-469   0.336462
-468   0.335610
-467   0.334900
-466   0.334312
-465   0.333684
-464   0.333008
-463   0.332162
-462   0.331100
-461   0.330042
-460   0.329088
-459   0.328088
-458   0.327004
-457   0.326056
-456   0.324914
-455   0.323720
-454   0.322658
-453   0.321534
-452   0.320570
-451   0.319532
-450   0.318660
-449   0.317830
-448   0.316984
-447   0.316200
-446   0.315310
-445   0.314520
-444   0.313686
-443   0.312676
-442   0.311904
-441   0.311052
-440   0.310276
-439   0.309522
-438   0.308746
-437   0.308046
-436   0.307490
-435   0.306996
-434   0.306650
-433   0.306154
-432   0.305856
-431   0.305506
-430   0.305174
-429   0.304986
-428   0.304998
-427   0.305034
-426   0.305110
-425   0.305428
-424   0.305696
-423   0.305994
-422   0.305938
-421   0.306014
-420   0.306062
-419   0.306076
-418   0.306092
-417   0.306056
-416   0.306188
-415   0.306150
-414   0.306028
-413   0.305928
-412   0.305914
-411   0.305814
-410   0.305746
-409   0.305588
-408   0.305626
-407   0.305846
-406   0.305820
-405   0.305854
-404   0.305962
-403   0.306054
-402   0.306192
-401   0.306090
-400   0.306058
-399   0.306104
-398   0.306018
-397   0.305918
-396   0.305910
-395   0.305948
-394   0.305938
-393   0.305998
-392   0.306054
-391   0.306134
-390   0.306318
-389   0.306466
-388   0.306686
-387   0.306888
-386   0.307148
-385   0.307372
-384   0.307740
-383   0.308016
-382   0.308230
-381   0.308660
-380   0.309032
-379   0.309328
-378   0.309620
-377   0.309796
-376   0.310136
-375   0.310318
-374   0.310662
-373   0.311036
-372   0.311478
-371   0.311958
-370   0.312564
-369   0.313238
-368   0.313870
-367   0.314654
-366   0.315506
-365   0.316528
-364   0.317762
-363   0.318852
-362   0.320046
-361   0.321284
-360   0.322558
-359   0.323748
-358   0.324942
-357   0.326160
-356   0.327332
-355   0.328418
-354   0.329566
-353   0.330800
-352   0.332094
-351   0.333310
-350   0.334600
-349   0.335822
-348   0.337190
-347   0.338822
-346   0.340420
-345   0.342170
-344   0.343558
-343   0.345132
-342   0.346638
-341   0.348236
-340   0.349714
-339   0.351220
-338   0.352852
-337   0.354506
-336   0.356060
-335   0.357692
-334   0.359250
-333   0.360864
-332   0.362478
-331   0.364010
-330   0.365546
-329   0.367008
-328   0.368592
-327   0.370210
-326   0.371678
-325   0.373248
-324   0.374844
-323   0.376464
-322   0.378230
-321   0.379970
-320   0.381528
-319   0.383136
-318   0.384786
-317   0.386780
-316   0.388654
-315   0.390586
-314   0.392412
-313   0.394196
-312   0.396038
-311   0.397956
-310   0.399978
-309   0.401912
-308   0.403754
-307   0.405576
-306   0.407312
-305   0.409036
-304   0.410730
-303   0.412456
-302   0.414060
-301   0.415644
-300   0.417044
-299   0.418460
-298   0.419968
-297   0.421536
-296   0.423102
-295   0.424840
-294   0.426538
-293   0.428426
-292   0.430214
-291   0.431994
-290   0.433682
-289   0.435498
-288   0.437318
-287   0.439002
-286   0.440920
-285   0.442716
-284   0.444402
-283   0.446134
-282   0.447916
-281   0.449624
-280   0.451136
-279   0.452812
-278   0.454288
-277   0.455860
-276   0.457546
-275   0.459190
-274   0.460976
-273   0.462746
-272   0.464532
-271   0.466402
-270   0.468310
-269   0.470196
-268   0.472096
-267   0.473872
-266   0.475768
-265   0.477690
-264   0.479598
-263   0.481574
-262   0.483366
-261   0.485314
-260   0.487322
-259   0.489150
-258   0.491150
-257   0.493096
-256   0.495136
-255   0.497060
-254   0.499100
-253   0.501052
-252   0.502980
-251   0.505014
-250   0.507264
-249   0.509450
-248   0.511610
-247   0.513676
-246   0.515646
-245   0.517562
-244   0.519536
-243   0.521376
-242   0.523302
-241   0.525110
-240   0.526862
-239   0.528624
-238   0.530360
-237   0.532168
-236   0.533934
-235   0.535666
-234   0.537478
-233   0.539094
-232   0.540850
-231   0.542818
-230   0.544752
-229   0.546720
-228   0.548654
-227   0.550444
-226   0.552280
-225   0.554136
-224   0.555968
-223   0.557850
-222   0.559842
-221   0.561660
-220   0.563428
-219   0.565106
-218   0.566610
-217   0.568004
-216   0.569346
-215   0.570670
-214   0.572004
-213   0.573514
-212   0.575052
-211   0.576694
-210   0.578454
-209   0.580216
-208   0.581882
-207   0.583618
-206   0.585430
-205   0.587180
-204   0.588914
-203   0.590654
-202   0.592314
-201   0.593888
-200   0.595528
-199   0.597128
-198   0.598812
-197   0.600342
-196   0.601910
-195   0.603338
-194   0.604728
-193   0.606244
-192   0.607656
-191   0.609106
-190   0.610514
-189   0.612064
-188   0.613656
-187   0.615208
-186   0.616760
-185   0.618276
-184   0.619738
-183   0.621200
-182   0.622640
-181   0.624066
-180   0.625446
-179   0.626762
-178   0.628188
-177   0.629462
-176   0.630752
-175   0.631892
-174   0.633016
-173   0.634258
-172   0.635490
-171   0.636902
-170   0.638250
-169   0.639586
-168   0.641070
-167   0.642578
-166   0.644234
-165   0.645718
-164   0.647252
-163   0.648688
-162   0.650188
-161   0.651692
-160   0.653144
-159   0.654738
-158   0.656366
-157   0.658116
-156   0.659866
-155   0.661840
-154   0.663876
-153   0.666014
-152   0.668064
-151   0.670126
-150   0.672016
-149   0.673786
-148   0.675682
-147   0.677540
-146   0.679410
-145   0.681420
-144   0.683360
-143   0.685420
-142   0.687516
-141   0.689546
-140   0.691570
-139   0.693648
-138   0.695812
-137   0.698086
-136   0.700190
-135   0.702350
-134   0.704608
-133   0.707006
-132   0.709320
-131   0.711676
-130   0.714174
-129   0.716628
-128   0.718998
-127   0.721604
-126   0.724156
-125   0.726816
-124   0.729276
-123   0.731758
-122   0.734320
-121   0.736954
-120   0.739504
-119   0.741900
-118   0.744346
-117   0.746912
-116   0.749378
-115   0.751976
-114   0.754634
-113   0.757176
-112   0.759562
-111   0.762104
-110   0.764778
-109   0.767314
-108   0.769768
-107   0.772210
-106   0.774516
-105   0.776828
-104   0.778994
-103   0.781144
-102   0.783272
-101   0.785272
-100   0.787248
-99   0.789336
-98   0.791606
-97   0.793926
-96   0.796102
-95   0.798324
-94   0.800484
-93   0.802638
-92   0.804730
-91   0.806728
-90   0.808706
-89   0.810678
-88   0.812634
-87   0.814486
-86   0.816280
-85   0.818052
-84   0.819764
-83   0.821376
-82   0.822878
-81   0.824452
-80   0.825920
-79   0.827452
-78   0.829082
-77   0.830756
-76   0.832466
-75   0.834214
-74   0.836050
-73   0.837826
-72   0.839622
-71   0.841342
-70   0.843022
-69   0.844790
-68   0.846482
-67   0.848248
-66   0.850040
-65   0.851762
-64   0.853408
-63   0.855226
-62   0.857080
-61   0.858968
-60   0.860896
-59   0.862696
-58   0.864492
-57   0.866202
-56   0.868012
-55   0.869810
-54   0.871558
-53   0.873220
-52   0.874958
-51   0.876766
-50   0.878452
-49   0.880458
-48   0.882218
-47   0.884004
-46   0.885846
-45   0.887712
-44   0.889666
-43   0.891750
-42   0.893934
-41   0.896248
-40   0.898520
-39   0.900714
-38   0.902876
-37   0.905206
-36   0.907516
-35   0.909714
-34   0.911928
-33   0.914100
-32   0.916448
-31   0.918882
-30   0.921302
-29   0.923774
-28   0.926232
-27   0.928892
-26   0.931518
-25   0.934054
-24   0.936582
-23   0.939164
-22   0.941638
-21   0.944146
-20   0.946396
-19   0.948674
-18   0.951074
-17   0.953520
-16   0.956048
-15   0.958670
-14   0.961290
-13   0.963940
-12   0.966540
-11   0.969114
-10   0.971788
-9   0.974430
-8   0.977068
-7   0.979746
-6   0.982466
-5   0.985182
-4   0.987874
-3   0.990854
-2   0.993914
-1   0.996902
