0   0.870122
1   0.619744
2   0.576222
3   0.535972
4   0.498822
5   0.464796
6   0.431522
7   0.404048
8   0.375424
9   0.349570
10   0.326234
11   0.302964
12   0.283282
13   0.265202
14   0.247046
15   0.228954
16   0.213332
17   0.198494
18   0.186476
19   0.173480
20   0.160672
21   0.150460
22   0.140674
23   0.132324
24   0.123946
25   0.115300
26   0.106252
27   0.099858
28   0.093384
29   0.086508
30   0.081960
31   0.076278
32   0.072580
33   0.068112
34   0.064870
35   0.062680
36   0.056200
37   0.054276
38   0.051828
39   0.047870
40   0.044562
41   0.043746
42   0.042502
43   0.041152
44   0.038392
45   0.038542
46   0.036340
47   0.033720
48   0.031326
49   0.029596
50   0.028746
51   0.027184
52   0.023860
53   0.023126
54   0.020256
55   0.018460
56   0.015986
57   0.013916
58   0.012074
59   0.009850
60   0.006634
61   0.005240
62   0.002604
63   0.001510
64  -0.000960
65  -0.001380
66  -0.003306
67  -0.002718
68  -0.003094
69  -0.004208
70  -0.004888
71  -0.003596
72  -0.004352
73  -0.004390
74  -0.005842
75  -0.003268
76  -0.003780
77  -0.004178
78  -0.006486
79  -0.006044
80  -0.005702
81  -0.004998
82  -0.006228
83  -0.006494
84  -0.005934
85  -0.005326
86  -0.005706
87  -0.007682
88  -0.007250
89  -0.008416
90  -0.006804
91  -0.005698
92  -0.007114
93  -0.007294
94  -0.007998
95  -0.006050
96  -0.004808
97  -0.005812
98  -0.003828
99  -0.003850
100  -0.003196
101  -0.002306
102  -0.001088
103  -0.002880
104  -0.001612
105  -0.002176
106  -0.002272
107  -0.001212
108  -0.000872
109  -0.001302
110  -0.000086
111   0.000738
112   0.001698
113   0.001690
114   0.001912
115   0.000470
116   0.002898
117   0.001346
118   0.002844
119   0.003692
120   0.004384
121   0.004032
122   0.003624
123   0.003480
124   0.002654
125   0.001904
126   0.001732
127   0.000152
128   0.000662
129  -0.000360
130  -0.000100
131   0.000172
132   0.001228
133   0.000132
134   0.001468
135   0.000002
136   0.001532
137   0.002242
138   0.001332
139   0.000976
140   0.000382
141   0.000620
142   0.000656
143  -0.000064
144  -0.000010
145   0.001070
146   0.000566
147   0.000464
148  -0.000464
149   0.000666
150   0.000960
151   0.001102
152   0.002794
153   0.003276
154   0.002214
155   0.002620
156   0.004378
157   0.004950
158   0.005044
159   0.005666
160   0.007102
161   0.008220
162   0.007858
163   0.007308
164   0.007254
165   0.007674
166   0.007592
167   0.009032
168   0.008848
169   0.009514
170   0.010572
171   0.011792
172   0.012628
173   0.011958
174   0.011482
175   0.011500
176   0.013712
177   0.014694
178   0.015314
179   0.015278
180   0.015306
181   0.015972
182   0.013462
183   0.011664
184   0.011268
185   0.010124
186   0.009332
187   0.008764
188   0.008110
189   0.008534
190   0.007050
191   0.006596
192   0.006598
193   0.003802
194   0.003398
195   0.002204
196   0.002104
197   0.002762
198   0.002862
199   0.002214
200   0.001424
201   0.001700
202   0.000918
203   0.000392
204  -0.000494
205  -0.000144
206   0.000500
207   0.001838
208   0.001782
209   0.003444
210   0.003958
211   0.004636
212   0.005634
213   0.005530
214   0.005354
215   0.004922
216   0.006290
217   0.005402
218   0.004518
219   0.004546
220   0.006794
221   0.006888
222   0.006766
223   0.006008
224   0.006164
225   0.006530
226   0.005884
227   0.006814
228   0.006832
229   0.008212
230   0.007590
231   0.007668
232   0.006304
233   0.006172
234   0.006348
235   0.005270
236   0.005992
237   0.005192
238   0.005270
239   0.004492
240   0.005556
241   0.005700
242   0.006584
243   0.005758
244   0.005500
245   0.006854
246   0.007260
247   0.006292
248   0.008060
249   0.005968
250   0.004910
251   0.005824
252   0.005450
253   0.005144
254   0.002794
255   0.002472
256   0.003660
257   0.003004
258   0.002924
259   0.003828
260   0.002866
261   0.003064
262   0.004542
263   0.004260
264   0.004754
265   0.004758
266   0.005442
267   0.007994
268   0.007994
269   0.010184
270   0.010834
271   0.009806
272   0.009622
273   0.010914
274   0.010838
275   0.009082
276   0.011010
277   0.011594
278   0.011482
279   0.012296
280   0.010874
281   0.013068
282   0.012596
283   0.012694
284   0.014298
285   0.012590
286   0.014010
287   0.012734
288   0.011946
289   0.014254
290   0.013990
291   0.014862
292   0.013670
293   0.014560
294   0.013408
295   0.012172
296   0.009570
297   0.008962
298   0.008322
299   0.006374
300   0.007184
301   0.005782
302   0.004702
303   0.003922
304   0.005782
305   0.005982
306   0.005894
307   0.006054
308   0.005966
309   0.006752
310   0.008446
311   0.008114
312   0.008020
313   0.007864
314   0.008434
315   0.008102
316   0.004764
317   0.003952
318   0.004604
319   0.003506
320   0.003224
321   0.002832
322   0.002848
323   0.002468
324   0.002866
325   0.001462
326   0.001104
327   0.000900
328   0.001436
329   0.001024
330   0.002178
331   0.002580
332   0.001700
333   0.002148
334   0.003942
335   0.005294
336   0.005468
337   0.003804
338   0.004840
339   0.005286
340   0.004908
341   0.005548
342   0.005214
343   0.006198
344   0.006786
345   0.006944
346   0.008272
347   0.007908
348   0.007256
349   0.008538
350   0.008110
351   0.008364
352   0.007744
353   0.006446
354   0.005924
355   0.005510
356   0.003896
357   0.003070
358   0.002996
359   0.002508
360   0.002388
361   0.003170
362   0.004116
363   0.003142
364   0.001908
365   0.004172
366   0.002804
367   0.002660
368   0.004030
369   0.004892
370   0.005092
371   0.003280
372   0.002476
373   0.003204
374   0.002708
375   0.003316
376   0.002344
377   0.003494
378   0.003184
379   0.004072
380   0.003818
381   0.005374
382   0.004742
383   0.005182
384   0.006774
385   0.007494
386   0.009066
387   0.009098
388   0.010044
389   0.012632
390   0.010658
391   0.012764
392   0.011332
393   0.012048
394   0.010460
395   0.009268
396   0.008784
397   0.009864
398   0.008750
399   0.006712
400   0.006614
401   0.007010
402   0.007000
403   0.006016
404   0.005998
405   0.005138
406   0.005988
407   0.006752
408   0.006386
409   0.005974
410   0.004774
411   0.003204
412   0.003464
413   0.003812
414   0.003162
415   0.002948
416   0.001438
417   0.000268
418  -0.001038
419  -0.000806
420  -0.001218
421   0.000278
422   0.000556
423   0.001060
424   0.002282
425   0.002492
426   0.002446
427   0.001384
428   0.002722
429   0.003484
430   0.005046
431   0.003762
432   0.003024
433   0.003236
434   0.004326
435   0.006516
436   0.004958
437   0.004788
438   0.001818
439   0.002434
440   0.001580
441   0.002274
442   0.001728
443   0.001760
444   0.002964
445   0.003272
446   0.003828
447   0.002936
448   0.004986
449   0.004916
450   0.006446
451   0.005912
452   0.006324
453   0.005786
454   0.007408
455   0.007504
456   0.007936
457   0.006924
458   0.007314
459   0.006804
460   0.006486
461   0.006022
462   0.005048
463   0.006138
464   0.006832
465   0.005958
466   0.005218
467   0.006504
468   0.006008
469   0.006894
470   0.006604
471   0.007568
472   0.006886
473   0.007192
474   0.007384
475   0.006142
476   0.005562
477   0.007288
478   0.005656
479   0.004272
480   0.004196
481   0.003718
482   0.002856
483   0.001398
484   0.002082
485   0.001278
486   0.002428
487   0.002052
488   0.001560
489   0.001862
490   0.001472
491   0.003714
492   0.003858
493   0.003368
494   0.005012
495   0.003798
496   0.003732
497   0.003246
498   0.002638
499   0.001398
500   0.001608
-499   0.002500
-498   0.001244
-497  -0.000030
-496   0.000094
-495  -0.000220
-494  -0.001284
-493  -0.001828
-492  -0.001258
-491  -0.000880
-490  -0.001516
-489  -0.002314
-488  -0.002148
-487  -0.003138
-486  -0.003720
-485  -0.002966
-484  -0.002594
-483  -0.003030
-482  -0.002890
-481  -0.002208
-480  -0.004310
-479  -0.004384
-478  -0.003772
-477  -0.005840
-476  -0.005042
-475  -0.005126
-474  -0.005936
-473  -0.005516
-472  -0.005760
-471  -0.005498
-470  -0.006190
-469  -0.004152
-468  -0.006288
-467  -0.003898
-466  -0.005492
-465  -0.004966
-464  -0.005216
-463  -0.003686
-462  -0.004274
-461  -0.004614
-460  -0.002712
-459  -0.002448
-458  -0.003398
-457  -0.002612
-456  -0.001668
-455  -0.000744
-454   0.000276
-453  -0.000414
-452   0.001018
-451   0.002242
-450   0.002578
-449   0.004280
-448   0.005012
-447   0.005284
-446   0.005930
-445   0.005084
-444   0.006442
-443   0.006686
-442   0.004328
-441   0.003448
-440   0.002270
-439   0.003074
-438   0.003514
-437   0.003254
-436   0.003392
-435   0.004506
-434   0.004912
-433   0.006686
-432   0.005922
-431   0.005392
-430   0.004178
-429   0.003428
-428   0.003526
-427   0.001640
-426   0.001904
-425   0.002634
-424   0.000250
-423  -0.000184
-422  -0.001300
-421  -0.003100
-420  -0.002382
-419  -0.003410
-418  -0.005762
-417  -0.005702
-416  -0.006416
-415  -0.004104
-414  -0.004596
-413  -0.003466
-412  -0.004248
-411  -0.005776
-410  -0.005734
-409  -0.006870
-408  -0.005938
-407  -0.004826
-406  -0.005632
-405  -0.004914
-404  -0.006160
-403  -0.005944
-402  -0.005764
-401  -0.005514
-400  -0.006034
-399  -0.006362
-398  -0.005192
-397  -0.004142
-396  -0.003898
-395  -0.004610
-394  -0.003956
-393  -0.003846
-392  -0.003630
-391  -0.004268
-390  -0.003302
-389  -0.004176
-388  -0.004588
-387  -0.003140
-386  -0.001040
-385  -0.001914
-384  -0.001696
-383  -0.002348
-382  -0.001226
-381  -0.000600
-380  -0.000476
-379  -0.000352
-378   0.000876
-377   0.000180
-376  -0.000154
-375   0.000234
-374   0.000282
-373   0.001330
-372   0.001914
-371   0.000648
-370  -0.000302
-369  -0.000136
-368  -0.001552
-367  -0.000752
-366  -0.001614
-365  -0.001294
-364  -0.001398
-363  -0.001886
-362  -0.000962
-361  -0.000882
-360  -0.000898
-359  -0.000368
-358  -0.001310
-357  -0.000366
-356   0.000454
-355   0.001054
-354  -0.000146
-353   0.000740
-352   0.000990
-351   0.000200
-350   0.000144
-349   0.000326
-348  -0.000080
-347  -0.000632
-346  -0.002204
-345  -0.003332
-344  -0.002464
-343  -0.004948
-342  -0.004844
-341  -0.005334
-340  -0.006514
-339  -0.007404
-338  -0.008530
-337  -0.009010
-336  -0.009112
-335  -0.010424
-334  -0.010482
-333  -0.010010
-332  -0.010370
-331  -0.010692
-330  -0.010222
-329  -0.011140
-328  -0.011430
-327  -0.011004
-326  -0.011158
-325  -0.011712
-324  -0.010920
-323  -0.011288
-322  -0.010384
-321  -0.010688
-320  -0.010204
-319  -0.011170
-318  -0.009602
-317  -0.010434
-316  -0.009334
-315  -0.009480
-314  -0.009952
-313  -0.009130
-312  -0.008662
-311  -0.008638
-310  -0.007942
-309  -0.007792
-308  -0.005996
-307  -0.006398
-306  -0.005010
-305  -0.004200
-304  -0.002470
-303  -0.002358
-302  -0.001730
-301  -0.001472
-300  -0.000364
-299   0.001324
-298   0.003182
-297   0.002628
-296   0.002414
-295   0.003082
-294   0.004034
-293   0.004324
-292   0.005828
-291   0.006968
-290   0.006494
-289   0.008102
-288   0.007996
-287   0.008342
-286   0.009228
-285   0.010188
-284   0.010282
-283   0.010380
-282   0.011608
-281   0.012740
-280   0.012658
-279   0.012832
-278   0.013438
-277   0.014028
-276   0.013954
-275   0.014632
-274   0.017068
-273   0.018126
-272   0.018486
-271   0.018776
-270   0.017538
-269   0.018424
-268   0.018356
-267   0.019266
-266   0.017916
-265   0.017018
-264   0.016580
-263   0.016910
-262   0.016052
-261   0.016494
-260   0.016134
-259   0.015092
-258   0.013144
-257   0.013078
-256   0.013596
-255   0.011848
-254   0.011522
-253   0.010484
-252   0.010946
-251   0.010018
-250   0.008382
-249   0.006982
-248   0.006228
-247   0.006372
-246   0.006052
-245   0.005220
-244   0.004306
-243   0.003540
-242   0.003328
-241   0.001782
-240   0.001068
-239  -0.001032
-238  -0.001298
-237  -0.001986
-236  -0.003566
-235  -0.004966
-234  -0.006044
-233  -0.004856
-232  -0.005624
-231  -0.005612
-230  -0.005052
-229  -0.005930
-228  -0.007182
-227  -0.006650
-226  -0.006648
-225  -0.007058
-224  -0.008682
-223  -0.008900
-222  -0.008540
-221  -0.009596
-220  -0.008842
-219  -0.009478
-218  -0.008680
-217  -0.009604
-216  -0.009886
-215  -0.009440
-214  -0.009422
-213  -0.009218
-212  -0.008506
-211  -0.010466
-210  -0.009726
-209  -0.010098
-208  -0.008698
-207  -0.008150
-206  -0.008366
-205  -0.008128
-204  -0.007622
-203  -0.005232
-202  -0.005442
-201  -0.004922
-200  -0.004524
-199  -0.004022
-198  -0.003168
-197  -0.001164
-196  -0.001768
-195   0.000298
-194   0.000758
-193  -0.000302
-192   0.001046
-191   0.001174
-190   0.001812
-189  -0.000122
-188   0.000938
-187   0.000928
-186   0.000664
-185   0.002244
-184   0.002064
-183   0.001128
-182   0.001748
-181   0.002116
-180   0.001834
-179   0.001956
-178   0.001770
-177   0.002882
-176   0.001826
-175   0.001810
-174   0.002066
-173   0.000946
-172  -0.000270
-171   0.001216
-170   0.000456
-169   0.000598
-168   0.001294
-167   0.000352
-166  -0.000060
-165   0.000660
-164   0.000610
-163   0.000198
-162   0.001506
-161   0.001618
-160   0.000820
-159   0.000876
-158   0.001932
-157   0.003452
-156   0.003542
-155   0.001710
-154   0.003690
-153   0.002966
-152   0.002634
-151   0.001728
-150   0.000330
-149   0.000654
-148  -0.001020
-147  -0.002050
-146  -0.002938
-145  -0.000738
-144  -0.002060
-143  -0.000844
-142  -0.001608
-141  -0.001030
-140   0.001728
-139  -0.000072
-138   0.000520
-137   0.001210
-136   0.002044
-135   0.002264
-134   0.001434
-133   0.002274
-132   0.001650
-131   0.000664
-130   0.001516
-129   0.000422
-128   0.001500
-127  -0.000724
-126  -0.000590
-125  -0.000488
-124  -0.000284
-123  -0.000428
-122  -0.000442
-121   0.000922
-120  -0.000004
-119  -0.000072
-118  -0.000114
-117  -0.001138
-116  -0.000626
-115  -0.000484
-114  -0.000848
-113  -0.002478
-112  -0.001552
-111  -0.002428
-110  -0.002928
-109  -0.001382
-108  -0.001128
-107  -0.001222
-106  -0.001658
-105  -0.000288
-104  -0.000708
-103  -0.001214
-102  -0.002166
-101  -0.002166
-100   0.000344
-99  -0.000478
-98   0.000120
-97  -0.000420
-96   0.000284
-95   0.001328
-94   0.002792
-93   0.004312
-92   0.004638
-91   0.004714
-90   0.006084
-89   0.006612
-88   0.007326
-87   0.006830
-86   0.006126
-85   0.008152
-84   0.008604
-83   0.008690
-82   0.009488
-81   0.009182
-80   0.007900
-79   0.009772
-78   0.010188
-77   0.010586
-76   0.011384
-75   0.010144
-74   0.010344
-73   0.010838
-72   0.010424
-71   0.011652
-70   0.011956
-69   0.012914
-68   0.012778
-67   0.013038
-66   0.013178
-65   0.013118
-64   0.013294
-63   0.012722
-62   0.012058
-61   0.010350
-60   0.011658
-59   0.010668
-58   0.009610
-57   0.008600
-56   0.009288
-55   0.009812
-54   0.009572
-53   0.008010
-52   0.007664
-51   0.008340
-50   0.008528
-49   0.008296
-48   0.010354
-47   0.013414
-46   0.014842
-45   0.017788
-44   0.019732
-43   0.022164
-42   0.025208
-41   0.028428
-40   0.031202
-39   0.034004
-38   0.035880
-37   0.040288
-36   0.044070
-35   0.046468
-34   0.051128
-33   0.055188
-32   0.060288
-31   0.065004
-30   0.069470
-29   0.077930
-28   0.084348
-27   0.091940
-26   0.098274
-25   0.106864
-24   0.117030
-23   0.127214
-22   0.136078
-21   0.149384
-20   0.161306
-19   0.173432
-18   0.185898
-17   0.200994
-16   0.215536
-15   0.230716
-14   0.248082
-13   0.267240
-12   0.286070
-11   0.307706
-10   0.329734
-9   0.353262
-8   0.378246
-7   0.407432
-6   0.435424
-5   0.466892
-4   0.500254
-3   0.537018
-2   0.575832
-1   0.621692
