0   0.986808
1   0.704426
2   0.627144
3   0.560132
4   0.499650
5   0.446214
6   0.398498
7   0.357678
8   0.319846
9   0.284542
10   0.253948
11   0.226512
12   0.202694
13   0.181502
14   0.160096
15   0.143052
16   0.126164
17   0.111814
18   0.098634
19   0.086868
20   0.077480
21   0.067106
22   0.058654
23   0.050210
24   0.043682
25   0.037606
26   0.034102
27   0.030280
28   0.026694
29   0.022584
30   0.018292
31   0.013942
32   0.010890
33   0.008166
34   0.006014
35   0.003156
36   0.001600
37   0.000748
38  -0.000030
39  -0.000258
40   0.000282
41   0.000750
42   0.000554
43   0.000660
44  -0.000260
45  -0.001856
46  -0.001278
47  -0.001614
48  -0.003186
49  -0.003494
50  -0.002368
51  -0.001112
52   0.000268
53   0.001192
54   0.002206
55   0.004250
56   0.004878
57   0.006280
58   0.006870
59   0.006126
60   0.007228
61   0.005692
62   0.005382
63   0.005028
64   0.004520
65   0.004522
66   0.003306
67   0.002438
68   0.003074
69   0.001996
70   0.001356
71   0.002452
72   0.001836
73   0.002082
74   0.002060
75   0.000480
76   0.001068
77   0.000160
78   0.001938
79   0.003272
80   0.002984
81   0.003902
82   0.004046
83   0.004906
84   0.004138
85   0.004686
86   0.004688
87   0.005500
88   0.005268
89   0.004954
90   0.003406
91   0.003254
92   0.004406
93   0.003422
94   0.004426
95   0.003872
96   0.003392
97   0.003426
98   0.003148
99   0.002256
100   0.001052
101   0.003678
102   0.002110
103   0.001288
104   0.002312
105   0.000972
106  -0.000446
107  -0.000668
108   0.000494
109  -0.000818
110  -0.002074
111  -0.002424
112  -0.004592
113  -0.003438
114  -0.004288
115  -0.004198
116  -0.002374
117  -0.003632
118  -0.002536
119  -0.001762
120  -0.001938
121  -0.001364
122  -0.001600
123  -0.001066
124  -0.000974
125  -0.000900
126  -0.002502
127  -0.001972
128  -0.002746
129  -0.004082
130  -0.003030
131  -0.002454
132  -0.003050
133  -0.002870
134  -0.001838
135  -0.002602
136  -0.002024
137  -0.001576
138   0.000272
139   0.001008
140   0.001664
141   0.003102
142   0.004012
143   0.003430
144   0.004164
145   0.004344
146   0.004634
147   0.003834
148   0.004270
149   0.003404
150   0.002638
151   0.004328
152   0.005854
153   0.005186
154   0.005506
155   0.005476
156   0.005246
157   0.005216
158   0.004220
159   0.002324
160   0.001860
161   0.000022
162   0.000236
163   0.000954
164   0.000166
165   0.001496
166   0.001518
167   0.001100
168   0.001320
169   0.001746
170   0.000196
171   0.000168
172   0.000198
173   0.000072
174   0.001272
175   0.002574
176   0.003144
177   0.004064
178   0.005824
179   0.005302
180   0.006482
181   0.005644
182   0.005042
183   0.005914
184   0.006216
185   0.004960
186   0.005102
187   0.003478
188   0.002598
189   0.003984
190   0.002852
191   0.003568
192   0.003722
193   0.002722
194   0.002950
195   0.003354
196   0.002002
197   0.000444
198   0.000878
199   0.001288
200   0.002614
201   0.001694
202  -0.000386
203  -0.000486
204  -0.000338
205  -0.000632
206   0.000362
207   0.000286
208   0.000352
209   0.001592
210   0.002522
211   0.002332
212   0.002948
213   0.002924
214   0.002790
215   0.002930
216   0.002052
217   0.002468
218   0.002084
219   0.000798
220  -0.001546
221  -0.002524
222  -0.002934
223  -0.002682
224  -0.002056
225   0.000272
226   0.002148
227   0.002298
228   0.003728
229   0.003060
230   0.003060
231   0.001206
232   0.000918
233   0.001808
234   0.001018
235   0.000234
236   0.000864
237   0.002132
238   0.002156
239   0.001964
240   0.001002
241   0.000726
242  -0.000674
243  -0.000184
244   0.000762
245  -0.000526
246  -0.001540
247  -0.003066
248  -0.003816
249  -0.003286
250  -0.003314
251  -0.004116
252  -0.004618
253  -0.004212
254  -0.004386
255  -0.003750
256  -0.004040
257  -0.003664
258  -0.002928
259  -0.002916
260  -0.002818
261  -0.001414
262  -0.003236
263  -0.002868
264  -0.001306
265  -0.001206
266  -0.002976
267  -0.002636
268  -0.005094
269  -0.004240
270  -0.004530
271  -0.002668
272  -0.004860
273  -0.004150
274  -0.003862
275  -0.003386
276  -0.003368
277  -0.003456
278  -0.003580
279  -0.004476
280  -0.004252
281  -0.005526
282  -0.007220
283  -0.006674
284  -0.008404
285  -0.008464
286  -0.008718
287  -0.007086
288  -0.006818
289  -0.005292
290  -0.005308
291  -0.000788
292  -0.000256
293   0.001970
294   0.001074
295   0.001584
296   0.001998
297   0.001988
298   0.002028
299   0.002670
300   0.002880
301   0.003648
302   0.002936
303   0.002718
304   0.001380
305   0.000186
306   0.001022
307  -0.000232
308  -0.000322
309  -0.000758
310  -0.001088
311  -0.002098
312  -0.001950
313  -0.001454
314   0.000300
315  -0.001048
316  -0.001106
317  -0.000646
318  -0.000916
319   0.000098
320  -0.000324
321   0.000726
322   0.000074
323   0.000552
324   0.001164
325   0.000294
326   0.000160
327   0.001298
328   0.002262
329   0.002128
330   0.002720
331   0.004382
332   0.004000
333   0.003450
334   0.003008
335   0.003042
336   0.002866
337   0.003470
338   0.003106
339   0.002440
340   0.002932
341   0.002414
342   0.002456
343   0.002114
344   0.002908
345   0.002446
346   0.003096
347   0.003886
348   0.004996
349   0.005678
350   0.005424
351   0.006020
352   0.007152
353   0.005834
354   0.006384
355   0.006108
356   0.005324
357   0.005650
358   0.004176
359   0.005176
360   0.004634
361   0.004122
362   0.003916
363   0.003158
364   0.002774
365   0.003524
366   0.003570
367   0.000714
368   0.000956
369  -0.000076
370  -0.000032
371  -0.000096
372   0.000926
373   0.000932
374   0.000992
375   0.002176
376   0.002008
377   0.001854
378   0.002820
379   0.004168
380   0.003752
381   0.003516
382   0.003704
383   0.004006
384   0.003916
385   0.004128
386   0.004444
387   0.002440
388   0.002416
389   0.002490
390   0.004542
391   0.004530
392   0.004358
393   0.003566
394   0.005132
395   0.004274
396   0.002442
397   0.003158
398   0.001934
399   0.001146
400   0.001438
401   0.001592
402   0.001344
403   0.000708
404   0.000558
405   0.000402
406   0.001198
407   0.000370
408  -0.000514
409   0.001666
410   0.002082
411   0.003418
412   0.004888
413   0.004562
414   0.004638
415   0.004100
416   0.004714
417   0.004520
418   0.004068
419   0.003756
420   0.004276
421   0.006218
422   0.006600
423   0.006840
424   0.006652
425   0.007012
426   0.006490
427   0.006590
428   0.004436
429   0.006316
430   0.005890
431   0.005518
432   0.004420
433   0.005514
434   0.005468
435   0.002668
436   0.003218
437   0.000932
438   0.001158
439   0.000044
440   0.000930
441   0.000002
442  -0.000760
443  -0.000224
444   0.000156
445  -0.002912
446  -0.001792
447  -0.002648
448  -0.001928
449  -0.002006
450  -0.001094
451  -0.002166
452  -0.001560
453  -0.001286
454  -0.001132
455   0.001798
456   0.002402
457   0.003686
458   0.005700
459   0.004298
460   0.003226
461   0.003592
462   0.005684
463   0.006832
464   0.007572
465   0.008136
466   0.008322
467   0.007456
468   0.008438
469   0.007872
470   0.008918
471   0.009222
472   0.009516
473   0.009060
474   0.008012
475   0.007120
476   0.008356
477   0.007786
478   0.007978
479   0.007810
480   0.007214
481   0.007080
482   0.007134
483   0.006342
484   0.006578
485   0.006204
486   0.006736
487   0.007282
488   0.005688
489   0.005052
490   0.005266
491   0.004526
492   0.003798
493   0.003954
494   0.003516
495   0.001204
496   0.000268
497   0.000028
498  -0.000486
499   0.000340
500   0.000416
-499  -0.000358
-498   0.000916
-497   0.001730
-496   0.000718
-495   0.001234
-494  -0.000152
-493  -0.001740
-492  -0.001246
-491  -0.001450
-490  -0.001378
-489  -0.000958
-488  -0.001104
-487   0.000244
-486   0.001132
-485   0.000300
-484   0.001172
-483   0.000204
-482   0.000566
-481  -0.000270
-480  -0.000996
-479  -0.001260
-478  -0.003374
-477  -0.003258
-476  -0.004206
-475  -0.003442
-474  -0.003464
-473  -0.004462
-472  -0.004490
-471  -0.003528
-470  -0.004194
-469  -0.004226
-468  -0.003794
-467  -0.002040
-466  -0.002132
-465  -0.002036
-464  -0.001966
-463  -0.002440
-462  -0.001994
-461  -0.001428
-460  -0.002052
-459  -0.001968
-458  -0.003216
-457  -0.002890
-456  -0.002842
-455  -0.002382
-454  -0.002880
-453  -0.002716
-452  -0.001826
-451  -0.000764
-450  -0.000062
-449  -0.000544
-448   0.001014
-447   0.001630
-446   0.000056
-445   0.000888
-444   0.000744
-443   0.001210
-442  -0.000034
-441  -0.000886
-440  -0.000604
-439   0.000122
-438  -0.000734
-437  -0.000242
-436  -0.000382
-435  -0.001590
-434  -0.001540
-433  -0.001742
-432  -0.000832
-431  -0.000590
-430  -0.000810
-429  -0.000256
-428  -0.000096
-427  -0.000402
-426  -0.001636
-425  -0.001598
-424  -0.002498
-423  -0.003718
-422  -0.002150
-421  -0.002542
-420  -0.001634
-419  -0.001160
-418   0.000502
-417   0.000224
-416   0.000014
-415   0.000400
-414  -0.000690
-413  -0.000222
-412  -0.000278
-411  -0.000306
-410  -0.000742
-409   0.000316
-408   0.001348
-407   0.001388
-406   0.000926
-405   0.000852
-404   0.000416
-403   0.000252
-402  -0.000442
-401  -0.000996
-400  -0.000768
-399  -0.001102
-398  -0.000552
-397  -0.000928
-396  -0.001590
-395  -0.002624
-394  -0.002264
-393  -0.002292
-392  -0.001676
-391  -0.002348
-390  -0.002242
-389  -0.001726
-388  -0.001010
-387   0.000174
-386  -0.000192
-385   0.000068
-384   0.000692
-383  -0.000226
-382   0.000246
-381   0.001452
-380   0.001688
-379   0.002216
-378   0.000740
-377  -0.000562
-376  -0.001820
-375  -0.004414
-374  -0.004490
-373  -0.005088
-372  -0.004102
-371  -0.004448
-370  -0.004166
-369  -0.002244
-368  -0.002782
-367  -0.002788
-366  -0.003306
-365  -0.001094
-364  -0.000598
-363  -0.001008
-362  -0.001994
-361  -0.001834
-360  -0.000860
-359  -0.003364
-358  -0.003008
-357  -0.002544
-356  -0.004362
-355  -0.003702
-354  -0.003522
-353  -0.003486
-352  -0.003928
-351  -0.002312
-350  -0.001406
-349   0.000070
-348  -0.001770
-347  -0.001436
-346   0.000620
-345   0.000328
-344   0.000510
-343  -0.000224
-342   0.000976
-341   0.000048
-340   0.000726
-339   0.002008
-338   0.001616
-337   0.001900
-336   0.002238
-335   0.001012
-334   0.000416
-333   0.000010
-332  -0.000556
-331  -0.001102
-330  -0.002078
-329  -0.002948
-328  -0.003330
-327  -0.003030
-326  -0.001594
-325  -0.003400
-324  -0.002980
-323  -0.002024
-322  -0.000192
-321  -0.001160
-320  -0.000824
-319  -0.000720
-318  -0.001158
-317  -0.002210
-316  -0.004232
-315  -0.002038
-314  -0.003748
-313  -0.003452
-312  -0.005436
-311  -0.006208
-310  -0.007100
-309  -0.007998
-308  -0.009216
-307  -0.010102
-306  -0.009638
-305  -0.009758
-304  -0.007780
-303  -0.006812
-302  -0.004766
-301  -0.004102
-300  -0.002214
-299  -0.000886
-298   0.000202
-297  -0.000550
-296   0.001954
-295   0.002284
-294   0.001884
-293  -0.000216
-292  -0.000608
-291   0.000554
-290  -0.001318
-289  -0.000310
-288  -0.000068
-287   0.002120
-286   0.003492
-285   0.002548
-284   0.002920
-283   0.002034
-282   0.003064
-281   0.002030
-280   0.003718
-279   0.003598
-278   0.003166
-277   0.001886
-276   0.003166
-275   0.004528
-274   0.004700
-273   0.004658
-272   0.003858
-271   0.003894
-270   0.003384
-269   0.003020
-268   0.002914
-267   0.002606
-266   0.002822
-265   0.000116
-264  -0.000846
-263  -0.003648
-262  -0.004462
-261  -0.003688
-260  -0.005454
-259  -0.006692
-258  -0.007306
-257  -0.007128
-256  -0.006836
-255  -0.005828
-254  -0.005216
-253  -0.005518
-252  -0.004386
-251  -0.005490
-250  -0.004914
-249  -0.003440
-248  -0.002146
-247  -0.001136
-246  -0.000480
-245   0.001640
-244   0.000130
-243   0.001092
-242   0.001532
-241   0.002462
-240   0.002852
-239   0.004008
-238   0.002926
-237   0.000784
-236   0.000572
-235  -0.000894
-234  -0.003174
-233  -0.002420
-232  -0.003084
-231  -0.003778
-230  -0.003008
-229  -0.003530
-228  -0.004372
-227  -0.004408
-226  -0.004834
-225  -0.003804
-224  -0.004556
-223  -0.004760
-222  -0.003706
-221  -0.002704
-220  -0.002900
-219  -0.001552
-218  -0.001136
-217  -0.002092
-216  -0.000094
-215  -0.000588
-214   0.000828
-213  -0.000076
-212  -0.000510
-211  -0.001914
-210  -0.002036
-209  -0.003722
-208  -0.003146
-207  -0.002268
-206  -0.001402
-205  -0.000954
-204  -0.000926
-203  -0.000836
-202  -0.001956
-201  -0.000396
-200  -0.000176
-199   0.000126
-198   0.000150
-197   0.000070
-196  -0.000542
-195   0.000320
-194  -0.001678
-193  -0.001696
-192  -0.001306
-191  -0.000630
-190   0.000826
-189  -0.001778
-188  -0.000552
-187  -0.001566
-186  -0.002650
-185  -0.004592
-184  -0.003962
-183  -0.005574
-182  -0.005416
-181  -0.005670
-180  -0.003772
-179  -0.001972
-178  -0.002804
-177  -0.003318
-176  -0.003318
-175  -0.005386
-174  -0.005198
-173  -0.005198
-172  -0.006468
-171  -0.004388
-170  -0.004750
-169  -0.003218
-168  -0.003504
-167  -0.002346
-166  -0.003262
-165  -0.003648
-164  -0.003846
-163  -0.004586
-162  -0.004578
-161  -0.005236
-160  -0.006948
-159  -0.006992
-158  -0.005598
-157  -0.006922
-156  -0.007028
-155  -0.007402
-154  -0.006310
-153  -0.007526
-152  -0.006232
-151  -0.006538
-150  -0.005592
-149  -0.005066
-148  -0.005012
-147  -0.004228
-146  -0.003142
-145  -0.003160
-144  -0.002974
-143  -0.001564
-142  -0.000888
-141   0.001638
-140   0.002256
-139   0.001262
-138   0.003062
-137   0.003676
-136   0.003832
-135   0.003830
-134   0.004330
-133   0.004676
-132   0.006028
-131   0.007084
-130   0.005854
-129   0.005928
-128   0.005956
-127   0.006966
-126   0.006362
-125   0.007000
-124   0.007322
-123   0.007750
-122   0.007570
-121   0.008658
-120   0.009742
-119   0.009264
-118   0.007120
-117   0.008056
-116   0.006582
-115   0.007764
-114   0.005534
-113   0.004844
-112   0.002900
-111   0.001114
-110  -0.000430
-109   0.000418
-108  -0.000006
-107  -0.000370
-106  -0.000728
-105   0.001286
-104   0.000906
-103  -0.000224
-102   0.001068
-101   0.001076
-100   0.000860
-99  -0.000618
-98  -0.000192
-97   0.000050
-96  -0.001946
-95  -0.003544
-94  -0.002996
-93  -0.001478
-92  -0.001558
-91  -0.001418
-90  -0.004066
-89  -0.003790
-88  -0.006382
-87  -0.005686
-86  -0.007668
-85  -0.006498
-84  -0.006834
-83  -0.006444
-82  -0.007538
-81  -0.006968
-80  -0.007128
-79  -0.007464
-78  -0.008352
-77  -0.007022
-76  -0.005808
-75  -0.006028
-74  -0.005188
-73  -0.004726
-72  -0.002730
-71  -0.001864
-70   0.000436
-69   0.001058
-68   0.002706
-67   0.003562
-66   0.005156
-65   0.006858
-64   0.006898
-63   0.007822
-62   0.008450
-61   0.009194
-60   0.007636
-59   0.006268
-58   0.006366
-57   0.004748
-56   0.004252
-55   0.003278
-54   0.002908
-53   0.002704
-52   0.001694
-51   0.001434
-50   0.001670
-49   0.001054
-48   0.001380
-47   0.002876
-46   0.004266
-45   0.005718
-44   0.006138
-43   0.007524
-42   0.007672
-41   0.008774
-40   0.010134
-39   0.010658
-38   0.012698
-37   0.011720
-36   0.014894
-35   0.016726
-34   0.020106
-33   0.023088
-32   0.023760
-31   0.025514
-30   0.030284
-29   0.032896
-28   0.036392
-27   0.042426
-26   0.045366
-25   0.050584
-24   0.055544
-23   0.062562
-22   0.070254
-21   0.078468
-20   0.087138
-19   0.097792
-18   0.108026
-17   0.119204
-16   0.133330
-15   0.148090
-14   0.163844
-13   0.184362
-12   0.206106
-11   0.230258
-10   0.258836
-9   0.289088
-8   0.322790
-7   0.360860
-6   0.402404
-5   0.451168
-4   0.504548
-3   0.562244
-2   0.629008
-1   0.706188
