0   0.006680
1   0.005850
2   0.004778
3   0.003574
4   0.002366
5   0.000948
6  -0.000526
7  -0.001988
8  -0.003376
9  -0.004630
10  -0.005852
11  -0.007094
12  -0.008554
13  -0.010028
14  -0.011484
15  -0.012920
16  -0.014456
17  -0.015888
18  -0.017390
19  -0.018610
20  -0.019876
21  -0.021162
22  -0.022534
23  -0.023838
24  -0.025292
25  -0.026686
26  -0.028132
27  -0.029628
28  -0.031008
29  -0.032360
30  -0.033764
31  -0.035070
32  -0.036574
33  -0.038094
34  -0.039660
35  -0.041104
36  -0.042810
37  -0.044404
38  -0.046182
39  -0.048032
40  -0.049908
41  -0.051716
42  -0.053502
43  -0.055382
44  -0.057124
45  -0.058866
46  -0.060612
47  -0.062330
48  -0.063904
49  -0.065436
50  -0.066966
51  -0.068560
52  -0.070034
53  -0.071464
54  -0.072832
55  -0.074192
56  -0.075776
57  -0.077146
58  -0.078678
59  -0.080076
60  -0.081380
61  -0.082774
62  -0.084086
63  -0.085200
64  -0.086296
65  -0.087540
66  -0.088828
67  -0.090188
68  -0.091294
69  -0.092630
70  -0.093988
71  -0.095348
72  -0.096696
73  -0.098024
74  -0.099388
75  -0.100700
76  -0.101976
77  -0.103302
78  -0.104610
79  -0.105956
80  -0.107342
81  -0.108796
82  -0.110350
83  -0.112082
84  -0.113816
85  -0.115462
86  -0.117168
87  -0.118630
88  -0.120144
89  -0.121480
90  -0.122690
91  -0.123910
92  -0.125238
93  -0.126538
94  -0.127808
95  -0.129168
96  -0.130506
97  -0.131714
98  -0.132826
99  -0.134056
100  -0.135364
101  -0.136596
102  -0.137622
103  -0.138720
104  -0.139998
105  -0.141250
106  -0.142524
107  -0.144014
108  -0.145422
109  -0.146608
110  -0.147618
111  -0.148712
112  -0.149692
113  -0.150522
114  -0.151438
115  -0.152464
116  -0.153476
117  -0.154382
118  -0.155124
119  -0.155864
120  -0.156668
121  -0.157190
122  -0.157868
123  -0.158528
124  -0.159308
125  -0.160082
126  -0.160880
127  -0.161648
128  -0.162318
129  -0.162854
130  -0.163392
131  -0.163900
132  -0.164276
133  -0.164606
134  -0.165052
135  -0.165546
136  -0.166048
137  -0.166700
138  -0.167358
139  -0.167828
140  -0.168634
141  -0.169136
142  -0.169756
143  -0.170428
144  -0.171000
145  -0.171540
146  -0.171910
147  -0.172464
148  -0.173122
149  -0.173624
150  -0.174076
151  -0.174498
152  -0.174880
153  -0.175348
154  -0.175950
155  -0.176448
156  -0.176914
157  -0.177532
158  -0.178004
159  -0.178300
160  -0.178522
161  -0.178776
162  -0.179034
163  -0.179166
164  -0.179352
165  -0.179460
166  -0.179580
167  -0.179912
168  -0.180412
169  -0.180944
170  -0.181214
171  -0.181442
172  -0.181808
173  -0.182058
174  -0.182190
175  -0.182246
176  -0.182370
177  -0.182542
178  -0.182688
179  -0.182856
180  -0.182832
181  -0.182708
182  -0.182456
183  -0.182190
184  -0.182058
185  -0.181936
186  -0.181744
187  -0.181660
188  -0.181622
189  -0.181598
190  -0.181664
191  -0.181640
192  -0.181806
193  -0.181924
194  -0.182162
195  -0.182340
196  -0.182748
197  -0.183008
198  -0.183360
199  -0.183490
200  -0.183672
201  -0.183890
202  -0.184288
203  -0.184722
204  -0.184974
205  -0.185266
206  -0.185592
207  -0.185902
208  -0.186290
209  -0.186550
210  -0.186762
211  -0.186956
212  -0.187072
213  -0.186990
214  -0.186898
215  -0.186682
216  -0.186370
217  -0.186208
218  -0.186150
219  -0.185930
220  -0.185732
221  -0.185612
222  -0.185562
223  -0.185518
224  -0.185486
225  -0.185614
226  -0.185592
227  -0.185626
228  -0.185650
229  -0.185688
230  -0.185714
231  -0.185636
232  -0.185570
233  -0.185568
234  -0.185664
235  -0.185750
236  -0.185838
237  -0.185660
238  -0.185594
239  -0.185590
240  -0.185488
241  -0.185246
242  -0.184898
243  -0.184400
244  -0.184020
245  -0.183576
246  -0.183234
247  -0.182874
248  -0.182400
249  -0.181924
250  -0.181520
251  -0.181186
252  -0.180896
253  -0.180416
254  -0.179950
255  -0.179564
256  -0.179186
257  -0.178620
258  -0.178024
259  -0.177412
260  -0.176790
261  -0.175928
262  -0.175506
263  -0.174838
264  -0.173994
265  -0.173092
266  -0.172174
267  -0.171444
268  -0.170794
269  -0.170016
270  -0.169530
271  -0.169066
272  -0.168292
273  -0.167432
274  -0.166502
275  -0.165696
276  -0.164654
277  -0.163318
278  -0.162034
279  -0.160782
280  -0.159518
281  -0.158124
282  -0.156976
283  -0.155732
284  -0.154586
285  -0.153486
286  -0.152592
287  -0.151784
288  -0.150976
289  -0.150142
290  -0.149416
291  -0.148610
292  -0.147626
293  -0.146864
294  -0.146006
295  -0.145220
296  -0.144252
297  -0.143478
298  -0.142734
299  -0.141886
300  -0.140710
301  -0.139490
302  -0.138324
303  -0.137336
304  -0.136040
305  -0.134778
306  -0.133662
307  -0.132572
308  -0.131390
309  -0.130360
310  -0.129494
311  -0.128496
312  -0.127538
313  -0.126396
314  -0.125464
315  -0.124558
316  -0.123600
317  -0.122766
318  -0.121950
319  -0.121088
320  -0.120294
321  -0.119668
322  -0.118910
323  -0.118304
324  -0.117650
325  -0.117060
326  -0.116516
327  -0.116074
328  -0.115740
329  -0.115362
330  -0.115292
331  -0.115150
332  -0.114988
333  -0.114902
334  -0.114884
335  -0.114850
336  -0.114816
337  -0.114864
338  -0.115274
339  -0.115504
340  -0.115582
341  -0.115704
342  -0.115868
343  -0.116078
344  -0.116046
345  -0.116094
346  -0.116132
347  -0.115916
348  -0.115812
349  -0.115698
350  -0.115650
351  -0.115616
352  -0.115680
353  -0.115712
354  -0.115950
355  -0.116106
356  -0.116376
357  -0.116742
358  -0.116974
359  -0.117434
360  -0.117744
361  -0.117996
362  -0.118324
363  -0.118504
364  -0.118670
365  -0.118896
366  -0.118926
367  -0.118694
368  -0.118584
369  -0.118210
370  -0.117708
371  -0.117086
372  -0.116456
373  -0.115814
374  -0.115312
375  -0.114662
376  -0.114030
377  -0.113218
378  -0.112320
379  -0.111396
380  -0.110476
381  -0.109536
382  -0.108514
383  -0.107324
384  -0.106150
385  -0.104754
386  -0.103542
387  -0.102342
388  -0.100830
389  -0.099160
390  -0.097514
391  -0.095840
392  -0.094002
393  -0.092302
394  -0.090532
395  -0.088938
396  -0.087342
397  -0.085658
398  -0.083958
399  -0.082424
400  -0.081052
401  -0.079542
402  -0.077968
403  -0.076330
404  -0.074464
405  -0.072764
406  -0.071040
407  -0.069302
408  -0.067554
409  -0.065814
410  -0.064086
411  -0.062454
412  -0.060756
413  -0.059210
414  -0.057544
415  -0.055926
416  -0.054204
417  -0.052492
418  -0.050798
419  -0.049230
420  -0.047666
421  -0.046108
422  -0.044422
423  -0.042612
424  -0.040984
425  -0.039226
426  -0.037714
427  -0.036224
428  -0.034764
429  -0.033214
430  -0.031780
431  -0.030022
432  -0.028356
433  -0.026640
434  -0.024850
435  -0.023232
436  -0.021630
437  -0.019956
438  -0.018376
439  -0.016618
440  -0.014828
441  -0.013328
442  -0.011776
443  -0.010096
444  -0.008574
445  -0.007080
446  -0.005678
447  -0.004236
448  -0.003008
449  -0.001764
450  -0.000422
451   0.000774
452   0.001868
453   0.002968
454   0.003906
455   0.004870
456   0.005796
457   0.007014
458   0.008330
459   0.009746
460   0.011158
461   0.012550
462   0.013984
463   0.015488
464   0.016994
465   0.018498
466   0.020084
467   0.021520
468   0.023018
469   0.024552
470   0.026204
471   0.027884
472   0.029568
473   0.031496
474   0.033372
475   0.035248
476   0.037004
477   0.038748
478   0.040454
479   0.042152
480   0.043816
481   0.045508
482   0.047332
483   0.049020
484   0.050628
485   0.052412
486   0.054082
487   0.056012
488   0.057848
489   0.059432
490   0.061128
491   0.062764
492   0.064370
493   0.065904
494   0.067260
495   0.068522
496   0.069660
497   0.070636
498   0.071602
499   0.072620
500   0.073818
-499   0.075120
-498   0.076678
-497   0.078060
-496   0.079632
-495   0.081104
-494   0.082580
-493   0.083986
-492   0.085148
-491   0.086238
-490   0.087358
-489   0.088284
-488   0.089096
-487   0.089832
-486   0.090672
-485   0.091412
-484   0.092136
-483   0.092782
-482   0.093250
-481   0.093536
-480   0.093914
-479   0.094452
-478   0.094842
-477   0.095398
-476   0.096008
-475   0.096340
-474   0.096570
-473   0.096708
-472   0.096626
-471   0.096612
-470   0.096478
-469   0.096386
-468   0.096184
-467   0.095840
-466   0.095614
-465   0.095272
-464   0.094866
-463   0.094578
-462   0.094232
-461   0.093872
-460   0.093436
-459   0.092982
-458   0.092658
-457   0.092290
-456   0.091796
-455   0.091536
-454   0.091362
-453   0.091228
-452   0.091096
-451   0.090912
-450   0.090728
-449   0.090474
-448   0.090144
-447   0.089968
-446   0.089720
-445   0.089526
-444   0.089262
-443   0.089124
-442   0.088952
-441   0.088896
-440   0.088866
-439   0.088860
-438   0.088770
-437   0.088782
-436   0.088798
-435   0.088682
-434   0.088708
-433   0.088700
-432   0.088600
-431   0.088546
-430   0.088508
-429   0.088396
-428   0.088236
-427   0.088082
-426   0.087936
-425   0.087744
-424   0.087660
-423   0.087576
-422   0.087556
-421   0.087540
-420   0.087462
-419   0.087482
-418   0.087542
-417   0.087592
-416   0.087608
-415   0.087536
-414   0.087524
-413   0.087440
-412   0.087272
-411   0.087374
-410   0.087348
-409   0.087306
-408   0.087362
-407   0.087428
-406   0.087486
-405   0.087600
-404   0.087628
-403   0.087664
-402   0.087488
-401   0.087442
-400   0.087278
-399   0.087174
-398   0.086932
-397   0.086706
-396   0.086520
-395   0.086420
-394   0.086472
-393   0.086618
-392   0.086702
-391   0.086896
-390   0.087066
-389   0.087086
-388   0.087202
-387   0.087260
-386   0.087246
-385   0.087078
-384   0.086792
-383   0.086556
-382   0.086174
-381   0.085894
-380   0.085664
-379   0.085328
-378   0.084958
-377   0.084586
-376   0.084212
-375   0.083872
-374   0.083486
-373   0.083156
-372   0.082790
-371   0.082462
-370   0.082066
-369   0.081690
-368   0.081326
-367   0.080932
-366   0.080644
-365   0.080376
-364   0.080172
-363   0.079954
-362   0.079790
-361   0.079576
-360   0.079426
-359   0.079316
-358   0.079314
-357   0.079274
-356   0.079298
-355   0.079288
-354   0.079328
-353   0.079366
-352   0.079396
-351   0.079400
-350   0.079412
-349   0.079310
-348   0.079216
-347   0.079096
-346   0.078906
-345   0.078762
-344   0.078600
-343   0.078428
-342   0.078326
-341   0.078262
-340   0.078194
-339   0.078168
-338   0.078014
-337   0.077786
-336   0.077690
-335   0.077488
-334   0.077206
-333   0.076956
-332   0.076672
-331   0.076296
-330   0.075758
-329   0.075222
-328   0.074658
-327   0.074144
-326   0.073572
-325   0.073042
-324   0.072532
-323   0.072048
-322   0.071636
-321   0.071350
-320   0.071082
-319   0.070794
-318   0.070406
-317   0.070174
-316   0.069880
-315   0.069506
-314   0.069338
-313   0.068992
-312   0.068688
-311   0.068384
-310   0.068020
-309   0.067628
-308   0.067340
-307   0.067062
-306   0.066760
-305   0.066392
-304   0.065924
-303   0.065652
-302   0.065364
-301   0.065198
-300   0.065026
-299   0.064864
-298   0.064734
-297   0.064588
-296   0.064528
-295   0.064372
-294   0.064264
-293   0.064300
-292   0.064470
-291   0.064486
-290   0.064402
-289   0.064246
-288   0.063964
-287   0.063772
-286   0.063574
-285   0.063392
-284   0.063186
-283   0.063156
-282   0.063120
-281   0.062968
-280   0.062922
-279   0.062984
-278   0.063056
-277   0.063262
-276   0.063442
-275   0.063426
-274   0.063374
-273   0.063344
-272   0.063332
-271   0.063344
-270   0.063156
-269   0.063056
-268   0.062908
-267   0.062780
-266   0.062750
-265   0.062776
-264   0.062920
-263   0.063146
-262   0.063464
-261   0.063880
-260   0.064278
-259   0.064670
-258   0.065192
-257   0.065726
-256   0.066120
-255   0.066366
-254   0.066592
-253   0.066864
-252   0.067184
-251   0.067486
-250   0.067736
-249   0.068152
-248   0.068554
-247   0.068770
-246   0.068922
-245   0.069108
-244   0.069312
-243   0.069432
-242   0.069496
-241   0.069618
-240   0.069814
-239   0.070044
-238   0.070304
-237   0.070398
-236   0.070496
-235   0.070476
-234   0.070452
-233   0.070298
-232   0.069940
-231   0.069708
-230   0.069276
-229   0.068852
-228   0.068424
-227   0.068044
-226   0.067490
-225   0.066996
-224   0.066456
-223   0.065956
-222   0.065490
-221   0.065242
-220   0.064882
-219   0.064434
-218   0.063976
-217   0.063680
-216   0.063328
-215   0.063010
-214   0.062570
-213   0.062154
-212   0.061652
-211   0.061138
-210   0.060652
-209   0.060226
-208   0.059670
-207   0.059348
-206   0.058984
-205   0.058540
-204   0.058320
-203   0.058060
-202   0.057624
-201   0.057194
-200   0.056748
-199   0.056484
-198   0.056178
-197   0.055682
-196   0.055206
-195   0.054764
-194   0.054508
-193   0.054296
-192   0.054106
-191   0.054096
-190   0.054306
-189   0.054518
-188   0.054600
-187   0.054808
-186   0.054992
-185   0.055342
-184   0.055506
-183   0.055630
-182   0.055694
-181   0.055910
-180   0.056314
-179   0.056686
-178   0.057230
-177   0.057592
-176   0.057930
-175   0.058230
-174   0.058286
-173   0.058560
-172   0.058694
-171   0.058966
-170   0.059454
-169   0.059962
-168   0.060620
-167   0.061422
-166   0.061986
-165   0.062594
-164   0.063098
-163   0.063548
-162   0.064170
-161   0.064832
-160   0.065484
-159   0.066096
-158   0.066856
-157   0.067556
-156   0.068112
-155   0.068812
-154   0.069628
-153   0.070348
-152   0.071102
-151   0.071742
-150   0.072414
-149   0.073036
-148   0.073832
-147   0.074354
-146   0.074778
-145   0.075202
-144   0.075622
-143   0.076026
-142   0.076260
-141   0.076440
-140   0.076288
-139   0.076092
-138   0.075998
-137   0.075936
-136   0.075886
-135   0.075904
-134   0.075852
-133   0.075946
-132   0.076066
-131   0.076092
-130   0.076228
-129   0.076418
-128   0.076604
-127   0.076700
-126   0.076718
-125   0.076720
-124   0.076704
-123   0.076844
-122   0.077036
-121   0.077060
-120   0.077196
-119   0.077340
-118   0.077422
-117   0.077318
-116   0.077168
-115   0.077028
-114   0.076964
-113   0.076854
-112   0.076716
-111   0.076598
-110   0.076566
-109   0.076534
-108   0.076306
-107   0.076074
-106   0.075870
-105   0.075610
-104   0.075388
-103   0.075066
-102   0.074726
-101   0.074344
-100   0.074054
-99   0.073822
-98   0.073672
-97   0.073446
-96   0.073182
-95   0.072940
-94   0.072746
-93   0.072562
-92   0.072504
-91   0.072342
-90   0.072134
-89   0.071868
-88   0.071650
-87   0.071506
-86   0.071280
-85   0.071078
-84   0.070804
-83   0.070610
-82   0.070276
-81   0.069978
-80   0.069662
-79   0.069274
-78   0.068886
-77   0.068442
-76   0.067970
-75   0.067386
-74   0.066876
-73   0.066356
-72   0.065818
-71   0.065140
-70   0.064482
-69   0.063750
-68   0.063068
-67   0.062346
-66   0.061680
-65   0.061102
-64   0.060414
-63   0.059958
-62   0.059458
-61   0.058838
-60   0.058078
-59   0.057414
-58   0.056738
-57   0.055966
-56   0.055204
-55   0.054554
-54   0.053760
-53   0.053076
-52   0.052428
-51   0.051872
-50   0.051418
-49   0.051084
-48   0.050628
-47   0.050150
-46   0.049544
-45   0.048862
-44   0.048070
-43   0.047194
-42   0.046512
-41   0.045774
-40   0.044904
-39   0.044008
-38   0.042956
-37   0.041908
-36   0.040796
-35   0.039850
-34   0.038706
-33   0.037576
-32   0.036578
-31   0.035518
-30   0.034294
-29   0.033036
-28   0.031638
-27   0.030188
-26   0.028968
-25   0.027672
-24   0.026558
-23   0.025372
-22   0.024184
-21   0.023192
-20   0.022144
-19   0.021100
-18   0.020140
-17   0.019170
-16   0.018370
-15   0.017582
-14   0.016898
-13   0.016322
-12   0.015826
-11   0.015376
-10   0.014710
-9   0.014086
-8   0.013514
-7   0.012842
-6   0.012124
-5   0.011258
-4   0.010308
-3   0.009366
-2   0.008440
-1   0.007518
