0   0.184928
1   0.183650
2   0.183552
3   0.183302
4   0.183012
5   0.182638
6   0.182198
7   0.181982
8   0.181660
9   0.181268
10   0.180914
11   0.180624
12   0.180364
13   0.179886
14   0.179786
15   0.179352
16   0.179020
17   0.178754
18   0.178370
19   0.178056
20   0.177668
21   0.177322
22   0.176966
23   0.176602
24   0.176270
25   0.175968
26   0.175646
27   0.175204
28   0.174788
29   0.174384
30   0.174076
31   0.173574
32   0.173172
33   0.172744
34   0.172506
35   0.172100
36   0.171784
37   0.171428
38   0.171120
39   0.170914
40   0.170710
41   0.170406
42   0.170272
43   0.170104
44   0.169946
45   0.169864
46   0.169586
47   0.169556
48   0.169392
49   0.169356
50   0.169190
51   0.169040
52   0.168850
53   0.168718
54   0.168612
55   0.168564
56   0.168304
57   0.168198
58   0.168182
59   0.168102
60   0.167996
61   0.167850
62   0.167808
63   0.167682
64   0.167650
65   0.167622
66   0.167518
67   0.167546
68   0.167450
69   0.167364
70   0.167082
71   0.166826
72   0.166416
73   0.166242
74   0.165810
75   0.165466
76   0.165022
77   0.164652
78   0.164090
79   0.163674
80   0.163102
81   0.162458
82   0.161834
83   0.161192
84   0.160440
85   0.159862
86   0.159178
87   0.158444
88   0.157842
89   0.157232
90   0.156390
91   0.155572
92   0.154836
93   0.154110
94   0.153224
95   0.152078
96   0.151038
97   0.150046
98   0.149006
99   0.148058
100   0.147120
101   0.145976
102   0.144934
103   0.143948
104   0.142810
105   0.141718
106   0.140616
107   0.139694
108   0.138544
109   0.137574
110   0.136616
111   0.135542
112   0.134556
113   0.133592
114   0.132670
115   0.131680
116   0.130880
117   0.129860
118   0.128838
119   0.128052
120   0.127072
121   0.126086
122   0.125156
123   0.123960
124   0.122836
125   0.121930
126   0.120762
127   0.119750
128   0.118684
129   0.117788
130   0.116564
131   0.115502
132   0.114580
133   0.113794
134   0.112688
135   0.111768
136   0.110894
137   0.110116
138   0.109144
139   0.108242
140   0.107240
141   0.106288
142   0.105420
143   0.104282
144   0.103296
145   0.102190
146   0.101130
147   0.099924
148   0.098696
149   0.097648
150   0.096654
151   0.095472
152   0.094276
153   0.093120
154   0.092032
155   0.090888
156   0.089970
157   0.088892
158   0.087796
159   0.087014
160   0.085848
161   0.084920
162   0.083944
163   0.083034
164   0.081970
165   0.081132
166   0.080298
167   0.079422
168   0.078670
169   0.077930
170   0.077260
171   0.076588
172   0.075872
173   0.075232
174   0.074542
175   0.073854
176   0.073026
177   0.072388
178   0.071602
179   0.071138
180   0.070526
181   0.069972
182   0.069372
183   0.068884
184   0.068292
185   0.067840
186   0.067550
187   0.067094
188   0.066846
189   0.066494
190   0.065990
191   0.065594
192   0.065304
193   0.065038
194   0.064600
195   0.064226
196   0.063904
197   0.063584
198   0.063256
199   0.062792
200   0.062298
201   0.061946
202   0.061624
203   0.061398
204   0.061042
205   0.060832
206   0.060450
207   0.060176
208   0.059772
209   0.059314
210   0.058872
211   0.058564
212   0.058180
213   0.057862
214   0.057488
215   0.057398
216   0.057176
217   0.056896
218   0.056744
219   0.056258
220   0.056324
221   0.056062
222   0.055678
223   0.055638
224   0.055312
225   0.055158
226   0.054904
227   0.054708
228   0.054476
229   0.054214
230   0.053980
231   0.053592
232   0.053182
233   0.052670
234   0.052014
235   0.051726
236   0.051316
237   0.050936
238   0.050216
239   0.049724
240   0.049044
241   0.048526
242   0.047784
243   0.047000
244   0.046282
245   0.045658
246   0.044810
247   0.044290
248   0.043626
249   0.043290
250   0.043008
251   0.042638
252   0.042144
253   0.041856
254   0.041592
255   0.041200
256   0.040928
257   0.040678
258   0.040494
259   0.039978
260   0.039762
261   0.039294
262   0.038690
263   0.038218
264   0.037726
265   0.037506
266   0.037156
267   0.036950
268   0.036712
269   0.036418
270   0.036010
271   0.035684
272   0.035340
273   0.035126
274   0.034724
275   0.034478
276   0.034176
277   0.033850
278   0.033534
279   0.033280
280   0.033002
281   0.032676
282   0.032528
283   0.032358
284   0.031968
285   0.031884
286   0.031670
287   0.031584
288   0.031548
289   0.031300
290   0.031380
291   0.031304
292   0.030910
293   0.030726
294   0.030202
295   0.029844
296   0.029482
297   0.028958
298   0.028414
299   0.027694
300   0.027298
301   0.026732
302   0.026314
303   0.025688
304   0.025138
305   0.024586
306   0.024128
307   0.023578
308   0.022934
309   0.022432
310   0.021768
311   0.021090
312   0.020498
313   0.019894
314   0.019226
315   0.018758
316   0.018286
317   0.017850
318   0.017644
319   0.017098
320   0.016790
321   0.016312
322   0.015910
323   0.015426
324   0.015018
325   0.014588
326   0.013864
327   0.013082
328   0.012318
329   0.011574
330   0.010844
331   0.010104
332   0.009226
333   0.008600
334   0.007902
335   0.007002
336   0.006312
337   0.005522
338   0.004828
339   0.004120
340   0.003508
341   0.002702
342   0.002076
343   0.001382
344   0.000822
345   0.000158
346  -0.000376
347  -0.001146
348  -0.001828
349  -0.002666
350  -0.003470
351  -0.004414
352  -0.005098
353  -0.005946
354  -0.006868
355  -0.007684
356  -0.008420
357  -0.009010
358  -0.009542
359  -0.010270
360  -0.010968
361  -0.011860
362  -0.012410
363  -0.013010
364  -0.013628
365  -0.014234
366  -0.014788
367  -0.015456
368  -0.016038
369  -0.016698
370  -0.017260
371  -0.017886
372  -0.018550
373  -0.019352
374  -0.020066
375  -0.020854
376  -0.021586
377  -0.022364
378  -0.022950
379  -0.023878
380  -0.024758
381  -0.025366
382  -0.026172
383  -0.026950
384  -0.027722
385  -0.028356
386  -0.029090
387  -0.029718
388  -0.030276
389  -0.030860
390  -0.031282
391  -0.031590
392  -0.031930
393  -0.032318
394  -0.032500
395  -0.032906
396  -0.033106
397  -0.033438
398  -0.033696
399  -0.034146
400  -0.034478
401  -0.034928
402  -0.035384
403  -0.035848
404  -0.036358
405  -0.036772
406  -0.037264
407  -0.037680
408  -0.038128
409  -0.038604
410  -0.039006
411  -0.039598
412  -0.040110
413  -0.040532
414  -0.040862
415  -0.041332
416  -0.041720
417  -0.042096
418  -0.042444
419  -0.042860
420  -0.043342
421  -0.043882
422  -0.044364
423  -0.044882
424  -0.045296
425  -0.045836
426  -0.046194
427  -0.046626
428  -0.047178
429  -0.047536
430  -0.048150
431  -0.048590
432  -0.049044
433  -0.049790
434  -0.050326
435  -0.051118
436  -0.051912
437  -0.052608
438  -0.053394
439  -0.054162
440  -0.054834
441  -0.055522
442  -0.056352
443  -0.057042
444  -0.057830
445  -0.058650
446  -0.059560
447  -0.060254
448  -0.061130
449  -0.061892
450  -0.062796
451  -0.063670
452  -0.064448
453  -0.065548
454  -0.066488
455  -0.067384
456  -0.068386
457  -0.069524
458  -0.070616
459  -0.071628
460  -0.072434
461  -0.073582
462  -0.074328
463  -0.075412
464  -0.076442
465  -0.077386
466  -0.078254
467  -0.079286
468  -0.080426
469  -0.081666
470  -0.082754
471  -0.083740
472  -0.084486
473  -0.085262
474  -0.086080
475  -0.086650
476  -0.087800
477  -0.088716
478  -0.089850
479  -0.091064
480  -0.092266
481  -0.093524
482  -0.094812
483  -0.096120
484  -0.097316
485  -0.098572
486  -0.099824
487  -0.101226
488  -0.102164
489  -0.103332
490  -0.104322
491  -0.105412
492  -0.106562
493  -0.107654
494  -0.108716
495  -0.109802
496  -0.110716
497  -0.111852
498  -0.112668
499  -0.113474
500  -0.114400
-499  -0.115242
-498  -0.116096
-497  -0.116870
-496  -0.117462
-495  -0.118230
-494  -0.119050
-493  -0.119956
-492  -0.120778
-491  -0.121764
-490  -0.122754
-489  -0.123780
-488  -0.124738
-487  -0.126018
-486  -0.126890
-485  -0.128012
-484  -0.128898
-483  -0.129852
-482  -0.130788
-481  -0.131738
-480  -0.132836
-479  -0.133876
-478  -0.135004
-477  -0.136458
-476  -0.137530
-475  -0.138810
-474  -0.139892
-473  -0.140946
-472  -0.142148
-471  -0.143178
-470  -0.144124
-469  -0.145032
-468  -0.145974
-467  -0.146802
-466  -0.147278
-465  -0.147984
-464  -0.148524
-463  -0.149162
-462  -0.149598
-461  -0.150602
-460  -0.151270
-459  -0.152028
-458  -0.152756
-457  -0.153414
-456  -0.154294
-455  -0.155116
-454  -0.155910
-453  -0.156876
-452  -0.157822
-451  -0.158800
-450  -0.159772
-449  -0.160804
-448  -0.161882
-447  -0.162932
-446  -0.163964
-445  -0.165010
-444  -0.165610
-443  -0.166496
-442  -0.167082
-441  -0.167718
-440  -0.168400
-439  -0.168960
-438  -0.169534
-437  -0.170248
-436  -0.170836
-435  -0.171438
-434  -0.172100
-433  -0.172836
-432  -0.173482
-431  -0.174140
-430  -0.174784
-429  -0.175502
-428  -0.176148
-427  -0.176884
-426  -0.177566
-425  -0.178366
-424  -0.178914
-423  -0.179708
-422  -0.180392
-421  -0.181054
-420  -0.181450
-419  -0.182158
-418  -0.182628
-417  -0.183214
-416  -0.183828
-415  -0.184390
-414  -0.184868
-413  -0.185526
-412  -0.186068
-411  -0.186630
-410  -0.187172
-409  -0.187712
-408  -0.188314
-407  -0.188952
-406  -0.189678
-405  -0.190240
-404  -0.190830
-403  -0.191260
-402  -0.191656
-401  -0.192108
-400  -0.192366
-399  -0.192472
-398  -0.192772
-397  -0.192934
-396  -0.193272
-395  -0.193530
-394  -0.193728
-393  -0.194004
-392  -0.194214
-391  -0.194382
-390  -0.194680
-389  -0.194852
-388  -0.195092
-387  -0.195360
-386  -0.195524
-385  -0.195904
-384  -0.196098
-383  -0.196338
-382  -0.196400
-381  -0.196580
-380  -0.196732
-379  -0.196898
-378  -0.196998
-377  -0.196982
-376  -0.197042
-375  -0.197042
-374  -0.196724
-373  -0.196630
-372  -0.196424
-371  -0.196310
-370  -0.196162
-369  -0.195906
-368  -0.195588
-367  -0.195238
-366  -0.194690
-365  -0.194206
-364  -0.193500
-363  -0.193188
-362  -0.192494
-361  -0.191930
-360  -0.191176
-359  -0.190466
-358  -0.189734
-357  -0.188946
-356  -0.188146
-355  -0.187362
-354  -0.186722
-353  -0.185902
-352  -0.185194
-351  -0.184266
-350  -0.183520
-349  -0.182542
-348  -0.181772
-347  -0.181048
-346  -0.180376
-345  -0.179662
-344  -0.179128
-343  -0.178458
-342  -0.177942
-341  -0.177496
-340  -0.177312
-339  -0.176850
-338  -0.176850
-337  -0.176746
-336  -0.176518
-335  -0.176188
-334  -0.176300
-333  -0.176182
-332  -0.175950
-331  -0.175862
-330  -0.175700
-329  -0.175666
-328  -0.175304
-327  -0.174956
-326  -0.174782
-325  -0.174498
-324  -0.174062
-323  -0.173730
-322  -0.173238
-321  -0.172942
-320  -0.172348
-319  -0.171904
-318  -0.171354
-317  -0.170580
-316  -0.169850
-315  -0.169152
-314  -0.168340
-313  -0.167552
-312  -0.166660
-311  -0.165590
-310  -0.164434
-309  -0.163398
-308  -0.162496
-307  -0.161442
-306  -0.160316
-305  -0.159198
-304  -0.158002
-303  -0.156682
-302  -0.155580
-301  -0.154314
-300  -0.153276
-299  -0.152250
-298  -0.151166
-297  -0.150074
-296  -0.148960
-295  -0.147822
-294  -0.146804
-293  -0.145750
-292  -0.144744
-291  -0.143804
-290  -0.142942
-289  -0.141714
-288  -0.140752
-287  -0.139702
-286  -0.138646
-285  -0.137738
-284  -0.136686
-283  -0.135628
-282  -0.134630
-281  -0.133364
-280  -0.132316
-279  -0.131134
-278  -0.130168
-277  -0.128984
-276  -0.127892
-275  -0.126542
-274  -0.125334
-273  -0.124122
-272  -0.122952
-271  -0.121726
-270  -0.120534
-269  -0.119442
-268  -0.118316
-267  -0.117204
-266  -0.116008
-265  -0.114796
-264  -0.113644
-263  -0.112344
-262  -0.111154
-261  -0.109846
-260  -0.108434
-259  -0.106946
-258  -0.105634
-257  -0.104286
-256  -0.102868
-255  -0.101454
-254  -0.099984
-253  -0.098424
-252  -0.096870
-251  -0.095580
-250  -0.094390
-249  -0.092862
-248  -0.091422
-247  -0.090122
-246  -0.088748
-245  -0.087372
-244  -0.086226
-243  -0.085000
-242  -0.083704
-241  -0.082522
-240  -0.081418
-239  -0.080338
-238  -0.079302
-237  -0.078058
-236  -0.076944
-235  -0.075846
-234  -0.074664
-233  -0.073434
-232  -0.072470
-231  -0.071274
-230  -0.070290
-229  -0.069206
-228  -0.068326
-227  -0.067194
-226  -0.066180
-225  -0.065092
-224  -0.063802
-223  -0.062656
-222  -0.061156
-221  -0.059740
-220  -0.058244
-219  -0.056660
-218  -0.055086
-217  -0.053326
-216  -0.051732
-215  -0.050124
-214  -0.048402
-213  -0.046732
-212  -0.045226
-211  -0.043448
-210  -0.041986
-209  -0.040358
-208  -0.038580
-207  -0.037026
-206  -0.035336
-205  -0.033688
-204  -0.031790
-203  -0.030084
-202  -0.028452
-201  -0.026620
-200  -0.024940
-199  -0.023114
-198  -0.021380
-197  -0.019518
-196  -0.017672
-195  -0.015850
-194  -0.013916
-193  -0.012074
-192  -0.010356
-191  -0.008604
-190  -0.006960
-189  -0.005258
-188  -0.003680
-187  -0.001792
-186  -0.000062
-185   0.001902
-184   0.003636
-183   0.005540
-182   0.007348
-181   0.008934
-180   0.010558
-179   0.012084
-178   0.013708
-177   0.015262
-176   0.016766
-175   0.018178
-174   0.019714
-173   0.021158
-172   0.022352
-171   0.023562
-170   0.024986
-169   0.026288
-168   0.027680
-167   0.029230
-166   0.030504
-165   0.031902
-164   0.033322
-163   0.034726
-162   0.036038
-161   0.037340
-160   0.038660
-159   0.039864
-158   0.041040
-157   0.042260
-156   0.043122
-155   0.044244
-154   0.045330
-153   0.046256
-152   0.047220
-151   0.048410
-150   0.049316
-149   0.050356
-148   0.051342
-147   0.052468
-146   0.053472
-145   0.054366
-144   0.055578
-143   0.056620
-142   0.057806
-141   0.058796
-140   0.059866
-139   0.060708
-138   0.061898
-137   0.062704
-136   0.063898
-135   0.064792
-134   0.065966
-133   0.066764
-132   0.067950
-131   0.068986
-130   0.070090
-129   0.071190
-128   0.072348
-127   0.073534
-126   0.074670
-125   0.075840
-124   0.076890
-123   0.078022
-122   0.079054
-121   0.080076
-120   0.081156
-119   0.082292
-118   0.083190
-117   0.084374
-116   0.085432
-115   0.086448
-114   0.087570
-113   0.088654
-112   0.089512
-111   0.090672
-110   0.091504
-109   0.092596
-108   0.093512
-107   0.094602
-106   0.095542
-105   0.096266
-104   0.097244
-103   0.098062
-102   0.098924
-101   0.099864
-100   0.100722
-99   0.101548
-98   0.102326
-97   0.103286
-96   0.104240
-95   0.105200
-94   0.106348
-93   0.107206
-92   0.108146
-91   0.109266
-90   0.110498
-89   0.111516
-88   0.112702
-87   0.113772
-86   0.114798
-85   0.115848
-84   0.116892
-83   0.117772
-82   0.118936
-81   0.119872
-80   0.121030
-79   0.122182
-78   0.123056
-77   0.124198
-76   0.125256
-75   0.126342
-74   0.127468
-73   0.128504
-72   0.129872
-71   0.130900
-70   0.132006
-69   0.132990
-68   0.134052
-67   0.134956
-66   0.135812
-65   0.136576
-64   0.137594
-63   0.138330
-62   0.139246
-61   0.139946
-60   0.140742
-59   0.141618
-58   0.142398
-57   0.143304
-56   0.144070
-55   0.144812
-54   0.145634
-53   0.146402
-52   0.147290
-51   0.148022
-50   0.148860
-49   0.149796
-48   0.150646
-47   0.151494
-46   0.152272
-45   0.153086
-44   0.153844
-43   0.154568
-42   0.155324
-41   0.156034
-40   0.156636
-39   0.157352
-38   0.157998
-37   0.158656
-36   0.159334
-35   0.160028
-34   0.160700
-33   0.161510
-32   0.162194
-31   0.162812
-30   0.163510
-29   0.164022
-28   0.164690
-27   0.165250
-26   0.166018
-25   0.166642
-24   0.167274
-23   0.168032
-22   0.168624
-21   0.169180
-20   0.169900
-19   0.170532
-18   0.171150
-17   0.171866
-16   0.172690
-15   0.173468
-14   0.174430
-13   0.175292
-12   0.176204
-11   0.177076
-10   0.177870
-9   0.178642
-8   0.179206
-7   0.179972
-6   0.180510
-5   0.181286
-4   0.181914
-3   0.182590
-2   0.183150
-1   0.183548
