0   0.281370
1   0.280198
2   0.278938
3   0.277660
4   0.276282
5   0.274806
6   0.273286
7   0.271674
8   0.270178
9   0.268630
10   0.267138
11   0.265606
12   0.264120
13   0.262588
14   0.261136
15   0.259582
16   0.257898
17   0.256382
18   0.254750
19   0.253086
20   0.251472
21   0.249852
22   0.248212
23   0.246410
24   0.244524
25   0.242580
26   0.240514
27   0.238532
28   0.236460
29   0.234406
30   0.232084
31   0.229760
32   0.227432
33   0.224974
34   0.222628
35   0.220364
36   0.217994
37   0.215808
38   0.213604
39   0.211512
40   0.209310
41   0.206994
42   0.204678
43   0.202342
44   0.200068
45   0.197920
46   0.195926
47   0.193716
48   0.191536
49   0.189358
50   0.187284
51   0.185116
52   0.182972
53   0.180732
54   0.178584
55   0.176576
56   0.174710
57   0.172798
58   0.171168
59   0.169526
60   0.167848
61   0.166308
62   0.164594
63   0.162912
64   0.161208
65   0.159570
66   0.157894
67   0.156240
68   0.154626
69   0.153108
70   0.151568
71   0.150084
72   0.148628
73   0.147010
74   0.145540
75   0.143944
76   0.142518
77   0.141110
78   0.139652
79   0.138276
80   0.136930
81   0.135452
82   0.134106
83   0.132724
84   0.131482
85   0.130204
86   0.129038
87   0.127744
88   0.126558
89   0.125348
90   0.123984
91   0.122732
92   0.121244
93   0.119634
94   0.117790
95   0.116214
96   0.114636
97   0.113030
98   0.111314
99   0.109418
100   0.107856
101   0.106060
102   0.104616
103   0.103120
104   0.101712
105   0.100402
106   0.099194
107   0.097936
108   0.096608
109   0.095542
110   0.094222
111   0.092910
112   0.091532
113   0.090174
114   0.088800
115   0.087534
116   0.086388
117   0.085242
118   0.084018
119   0.082864
120   0.081934
121   0.080938
122   0.079946
123   0.079266
124   0.078682
125   0.078140
126   0.077602
127   0.077000
128   0.076398
129   0.076132
130   0.075712
131   0.075414
132   0.074986
133   0.074818
134   0.074352
135   0.073964
136   0.073650
137   0.073354
138   0.073292
139   0.073114
140   0.072864
141   0.072728
142   0.072732
143   0.072798
144   0.072790
145   0.072708
146   0.072544
147   0.072430
148   0.072300
149   0.072080
150   0.071876
151   0.071554
152   0.071400
153   0.071116
154   0.071054
155   0.070804
156   0.070648
157   0.070580
158   0.070322
159   0.070210
160   0.069946
161   0.069754
162   0.069708
163   0.069516
164   0.069470
165   0.069298
166   0.069320
167   0.069346
168   0.069402
169   0.069488
170   0.069694
171   0.069830
172   0.069936
173   0.070172
174   0.070410
175   0.070600
176   0.070778
177   0.071146
178   0.071306
179   0.071350
180   0.071650
181   0.071708
182   0.071770
183   0.071764
184   0.071672
185   0.071766
186   0.071726
187   0.071660
188   0.071630
189   0.071756
190   0.071702
191   0.071666
192   0.071630
193   0.071486
194   0.071320
195   0.071066
196   0.071098
197   0.071134
198   0.071146
199   0.071056
200   0.071228
201   0.071446
202   0.071536
203   0.071578
204   0.071608
205   0.071626
206   0.071722
207   0.071818
208   0.072032
209   0.072364
210   0.072832
211   0.073360
212   0.074098
213   0.074802
214   0.075574
215   0.076184
216   0.077032
217   0.077754
218   0.078374
219   0.078952
220   0.079706
221   0.080542
222   0.081566
223   0.082596
224   0.083650
225   0.084690
226   0.085644
227   0.086394
228   0.087372
229   0.088324
230   0.089306
231   0.090272
232   0.091122
233   0.091924
234   0.092820
235   0.093732
236   0.094734
237   0.095688
238   0.096666
239   0.097628
240   0.098406
241   0.098930
242   0.099598
243   0.100296
244   0.101012
245   0.101722
246   0.102460
247   0.103254
248   0.103900
249   0.104548
250   0.105438
251   0.106168
252   0.107030
253   0.108110
254   0.109260
255   0.110462
256   0.111764
257   0.113160
258   0.114586
259   0.115910
260   0.117228
261   0.118506
262   0.119668
263   0.120898
264   0.122236
265   0.123246
266   0.124278
267   0.125326
268   0.126132
269   0.126974
270   0.127866
271   0.128772
272   0.129806
273   0.130700
274   0.131572
275   0.132584
276   0.133678
277   0.134644
278   0.135772
279   0.136574
280   0.137554
281   0.138520
282   0.139404
283   0.140200
284   0.141190
285   0.142338
286   0.143526
287   0.144632
288   0.145768
289   0.147002
290   0.148236
291   0.149504
292   0.150830
293   0.152022
294   0.153082
295   0.154134
296   0.155192
297   0.156236
298   0.157368
299   0.158592
300   0.159702
301   0.160952
302   0.162124
303   0.163282
304   0.164282
305   0.165154
306   0.166044
307   0.166950
308   0.167666
309   0.168360
310   0.169084
311   0.169786
312   0.170412
313   0.171112
314   0.171802
315   0.172396
316   0.173008
317   0.173656
318   0.174210
319   0.174862
320   0.175410
321   0.176064
322   0.176774
323   0.177526
324   0.178326
325   0.178880
326   0.179422
327   0.179940
328   0.180366
329   0.180864
330   0.181366
331   0.181892
332   0.182574
333   0.183266
334   0.184048
335   0.184690
336   0.185210
337   0.185742
338   0.186168
339   0.186500
340   0.186824
341   0.187078
342   0.187312
343   0.187378
344   0.187412
345   0.187578
346   0.187678
347   0.187724
348   0.188042
349   0.188326
350   0.188564
351   0.188834
352   0.189154
353   0.189438
354   0.189678
355   0.189892
356   0.190054
357   0.190270
358   0.190352
359   0.190308
360   0.190458
361   0.190588
362   0.190858
363   0.191112
364   0.191332
365   0.191470
366   0.191582
367   0.191766
368   0.191890
369   0.192002
370   0.192130
371   0.192220
372   0.192378
373   0.192360
374   0.192312
375   0.192284
376   0.192224
377   0.192152
378   0.191940
379   0.191516
380   0.191100
381   0.190740
382   0.190382
383   0.189956
384   0.189760
385   0.189588
386   0.189150
387   0.188648
388   0.188366
389   0.187946
390   0.187526
391   0.187106
392   0.186702
393   0.186222
394   0.185726
395   0.185092
396   0.184452
397   0.183834
398   0.183258
399   0.182776
400   0.182278
401   0.181814
402   0.181264
403   0.180634
404   0.180110
405   0.179380
406   0.178674
407   0.178096
408   0.177434
409   0.176734
410   0.176082
411   0.175520
412   0.174908
413   0.174346
414   0.173678
415   0.173224
416   0.172594
417   0.171954
418   0.171362
419   0.170752
420   0.170024
421   0.169452
422   0.168832
423   0.168178
424   0.167526
425   0.166848
426   0.166084
427   0.165414
428   0.164618
429   0.163860
430   0.163060
431   0.162294
432   0.161594
433   0.160832
434   0.160166
435   0.159336
436   0.158480
437   0.157672
438   0.156810
439   0.155968
440   0.155024
441   0.154088
442   0.153226
443   0.152342
444   0.151478
445   0.150732
446   0.149956
447   0.149222
448   0.148492
449   0.147782
450   0.147104
451   0.146414
452   0.145876
453   0.145464
454   0.144924
455   0.144238
456   0.143702
457   0.143182
458   0.142642
459   0.141982
460   0.141262
461   0.140618
462   0.140090
463   0.139460
464   0.138842
465   0.138224
466   0.137644
467   0.136890
468   0.136130
469   0.135368
470   0.134784
471   0.134142
472   0.133440
473   0.132816
474   0.132150
475   0.131396
476   0.130828
477   0.130308
478   0.129930
479   0.129532
480   0.129112
481   0.128856
482   0.128586
483   0.128292
484   0.128118
485   0.128030
486   0.127852
487   0.127638
488   0.127534
489   0.127312
490   0.127222
491   0.127130
492   0.127102
493   0.127034
494   0.126972
495   0.126842
496   0.126644
497   0.126372
498   0.126234
499   0.126104
500   0.125972
-499   0.125944
-498   0.126028
-497   0.126184
-496   0.126440
-495   0.126598
-494   0.126836
-493   0.127016
-492   0.127248
-491   0.127410
-490   0.127640
-489   0.127842
-488   0.128194
-487   0.128454
-486   0.128864
-485   0.129352
-484   0.129844
-483   0.130394
-482   0.130940
-481   0.131486
-480   0.131912
-479   0.132210
-478   0.132690
-477   0.133182
-476   0.133740
-475   0.134238
-474   0.134674
-473   0.135016
-472   0.135388
-471   0.135806
-470   0.136230
-469   0.136686
-468   0.137150
-467   0.137540
-466   0.137984
-465   0.138398
-464   0.138788
-463   0.139050
-462   0.139464
-461   0.139732
-460   0.140112
-459   0.140400
-458   0.140778
-457   0.141238
-456   0.141690
-455   0.142142
-454   0.142654
-453   0.143098
-452   0.143562
-451   0.144050
-450   0.144426
-449   0.144794
-448   0.145136
-447   0.145482
-446   0.145862
-445   0.146178
-444   0.146620
-443   0.146954
-442   0.147196
-441   0.147400
-440   0.147626
-439   0.148068
-438   0.148428
-437   0.148782
-436   0.149212
-435   0.149578
-434   0.150042
-433   0.150582
-432   0.151106
-431   0.151620
-430   0.152140
-429   0.152698
-428   0.153210
-427   0.153802
-426   0.154152
-425   0.154632
-424   0.155178
-423   0.155762
-422   0.156194
-421   0.156652
-420   0.157272
-419   0.157936
-418   0.158386
-417   0.158796
-416   0.159148
-415   0.159436
-414   0.159820
-413   0.160182
-412   0.160726
-411   0.161174
-410   0.161624
-409   0.162076
-408   0.162526
-407   0.162778
-406   0.163056
-405   0.163300
-404   0.163570
-403   0.163802
-402   0.163894
-401   0.164058
-400   0.164150
-399   0.164344
-398   0.164686
-397   0.165110
-396   0.165540
-395   0.165918
-394   0.166418
-393   0.167116
-392   0.167844
-391   0.168656
-390   0.169354
-389   0.170216
-388   0.171048
-387   0.171984
-386   0.173006
-385   0.173970
-384   0.175236
-383   0.176494
-382   0.177488
-381   0.178512
-380   0.179632
-379   0.180658
-378   0.181880
-377   0.182976
-376   0.184112
-375   0.185340
-374   0.186478
-373   0.187646
-372   0.188698
-371   0.189764
-370   0.190750
-369   0.191794
-368   0.192850
-367   0.194062
-366   0.195366
-365   0.196670
-364   0.198072
-363   0.199466
-362   0.200850
-361   0.202264
-360   0.203850
-359   0.205468
-358   0.206988
-357   0.208506
-356   0.209886
-355   0.211344
-354   0.212708
-353   0.213882
-352   0.215322
-351   0.216816
-350   0.218122
-349   0.219476
-348   0.220962
-347   0.222520
-346   0.223970
-345   0.225706
-344   0.227396
-343   0.229282
-342   0.231116
-341   0.232710
-340   0.234172
-339   0.235748
-338   0.237490
-337   0.239046
-336   0.240526
-335   0.242222
-334   0.243670
-333   0.245358
-332   0.247104
-331   0.248834
-330   0.250610
-329   0.252350
-328   0.253946
-327   0.255440
-326   0.256742
-325   0.258074
-324   0.259518
-323   0.260894
-322   0.262226
-321   0.263740
-320   0.265236
-319   0.266766
-318   0.268526
-317   0.270218
-316   0.272060
-315   0.273892
-314   0.275578
-313   0.277136
-312   0.278894
-311   0.280410
-310   0.282136
-309   0.283770
-308   0.285354
-307   0.287082
-306   0.288842
-305   0.290694
-304   0.292392
-303   0.294218
-302   0.296058
-301   0.297728
-300   0.299358
-299   0.301028
-298   0.302556
-297   0.304058
-296   0.305608
-295   0.307174
-294   0.308682
-293   0.310172
-292   0.311804
-291   0.313388
-290   0.314800
-289   0.316312
-288   0.317674
-287   0.319014
-286   0.320256
-285   0.321446
-284   0.322752
-283   0.323992
-282   0.325240
-281   0.326362
-280   0.327702
-279   0.329028
-278   0.330492
-277   0.331878
-276   0.333294
-275   0.334742
-274   0.336262
-273   0.337764
-272   0.339152
-271   0.340558
-270   0.341882
-269   0.343132
-268   0.344366
-267   0.345532
-266   0.346728
-265   0.347924
-264   0.349018
-263   0.350282
-262   0.351592
-261   0.352970
-260   0.354414
-259   0.355802
-258   0.357120
-257   0.358288
-256   0.359468
-255   0.360644
-254   0.362022
-253   0.363484
-252   0.365040
-251   0.366572
-250   0.368060
-249   0.369536
-248   0.371014
-247   0.372398
-246   0.373748
-245   0.375070
-244   0.376380
-243   0.377648
-242   0.378978
-241   0.380090
-240   0.381224
-239   0.382206
-238   0.383186
-237   0.384290
-236   0.385312
-235   0.386360
-234   0.387594
-233   0.388824
-232   0.390058
-231   0.391178
-230   0.392462
-229   0.393798
-228   0.394980
-227   0.396296
-226   0.397690
-225   0.398986
-224   0.400394
-223   0.401692
-222   0.403058
-221   0.404258
-220   0.405398
-219   0.406652
-218   0.407722
-217   0.408898
-216   0.409900
-215   0.411008
-214   0.411958
-213   0.412848
-212   0.413820
-211   0.414736
-210   0.415686
-209   0.416674
-208   0.417556
-207   0.418174
-206   0.418770
-205   0.419256
-204   0.419900
-203   0.420490
-202   0.421202
-201   0.421792
-200   0.422414
-199   0.422816
-198   0.423074
-197   0.423584
-196   0.423912
-195   0.424294
-194   0.424316
-193   0.424360
-192   0.424328
-191   0.424260
-190   0.424330
-189   0.424536
-188   0.424656
-187   0.424562
-186   0.424502
-185   0.424460
-184   0.424290
-183   0.424194
-182   0.423996
-181   0.423756
-180   0.423790
-179   0.423936
-178   0.424036
-177   0.424182
-176   0.424354
-175   0.424366
-174   0.424260
-173   0.423890
-172   0.423640
-171   0.423542
-170   0.423210
-169   0.423058
-168   0.422818
-167   0.422412
-166   0.422198
-165   0.421878
-164   0.421440
-163   0.421098
-162   0.420842
-161   0.420792
-160   0.420618
-159   0.420364
-158   0.419994
-157   0.419692
-156   0.419312
-155   0.418994
-154   0.418762
-153   0.418174
-152   0.417350
-151   0.416690
-150   0.415828
-149   0.414930
-148   0.414256
-147   0.413598
-146   0.413074
-145   0.412598
-144   0.412168
-143   0.411494
-142   0.410922
-141   0.410234
-140   0.409556
-139   0.408812
-138   0.408096
-137   0.407294
-136   0.406416
-135   0.405630
-134   0.404508
-133   0.403706
-132   0.402868
-131   0.402168
-130   0.401194
-129   0.400574
-128   0.400116
-127   0.399702
-126   0.399216
-125   0.398594
-124   0.397858
-123   0.397116
-122   0.396396
-121   0.395798
-120   0.395328
-119   0.394436
-118   0.393520
-117   0.392622
-116   0.391870
-115   0.391068
-114   0.390162
-113   0.389184
-112   0.388068
-111   0.386940
-110   0.385958
-109   0.385006
-108   0.384096
-107   0.383178
-106   0.382140
-105   0.381298
-104   0.380414
-103   0.379426
-102   0.378338
-101   0.377184
-100   0.376022
-99   0.374818
-98   0.373578
-97   0.372606
-96   0.371694
-95   0.370914
-94   0.370148
-93   0.369516
-92   0.368778
-91   0.368276
-90   0.367648
-89   0.366876
-88   0.366210
-87   0.365526
-86   0.364872
-85   0.364186
-84   0.363700
-83   0.363088
-82   0.362582
-81   0.362260
-80   0.361548
-79   0.360894
-78   0.360140
-77   0.359446
-76   0.358688
-75   0.357770
-74   0.357048
-73   0.356278
-72   0.355418
-71   0.354468
-70   0.353576
-69   0.352600
-68   0.351678
-67   0.350938
-66   0.350026
-65   0.349242
-64   0.348308
-63   0.347218
-62   0.346132
-61   0.344916
-60   0.343738
-59   0.342904
-58   0.341834
-57   0.340836
-56   0.339894
-55   0.339052
-54   0.338184
-53   0.337452
-52   0.336710
-51   0.335846
-50   0.335110
-49   0.334424
-48   0.333794
-47   0.333208
-46   0.332504
-45   0.331520
-44   0.330550
-43   0.329510
-42   0.328234
-41   0.327164
-40   0.326188
-39   0.325214
-38   0.324216
-37   0.323164
-36   0.322116
-35   0.321244
-34   0.320230
-33   0.319192
-32   0.318242
-31   0.317392
-30   0.316498
-29   0.315382
-28   0.314268
-27   0.313138
-26   0.312022
-25   0.310786
-24   0.309502
-23   0.308240
-22   0.307032
-21   0.305644
-20   0.304292
-19   0.302922
-18   0.301746
-17   0.300578
-16   0.299362
-15   0.298124
-14   0.297116
-13   0.296068
-12   0.294984
-11   0.293792
-10   0.292642
-9   0.291364
-8   0.290274
-7   0.289190
-6   0.288020
-5   0.287014
-4   0.285950
-3   0.284856
-2   0.283796
-1   0.282594
