0   0.868180
1   0.865084
2   0.862030
3   0.858878
4   0.855854
5   0.852928
6   0.849870
7   0.846660
8   0.843382
9   0.839664
10   0.836106
11   0.832734
12   0.829542
13   0.825994
14   0.822478
15   0.819074
16   0.815484
17   0.811716
18   0.807684
19   0.803744
20   0.799568
21   0.795186
22   0.790924
23   0.786944
24   0.782764
25   0.778534
26   0.774082
27   0.769538
28   0.764848
29   0.760210
30   0.755624
31   0.751348
32   0.747062
33   0.742494
34   0.737874
35   0.733420
36   0.729222
37   0.724638
38   0.719914
39   0.715302
40   0.710762
41   0.706246
42   0.701574
43   0.696876
44   0.692178
45   0.687422
46   0.682618
47   0.678016
48   0.673398
49   0.668892
50   0.664552
51   0.660452
52   0.656452
53   0.652472
54   0.648672
55   0.644864
56   0.641144
57   0.637574
58   0.633650
59   0.629652
60   0.625810
61   0.621838
62   0.618012
63   0.614210
64   0.610422
65   0.606744
66   0.602904
67   0.599264
68   0.595670
69   0.592160
70   0.588534
71   0.584852
72   0.581008
73   0.577428
74   0.573430
75   0.569500
76   0.565770
77   0.562194
78   0.558410
79   0.554914
80   0.551420
81   0.547698
82   0.544014
83   0.540280
84   0.536550
85   0.532540
86   0.528594
87   0.524654
88   0.520812
89   0.516992
90   0.513720
91   0.510180
92   0.506590
93   0.503076
94   0.499690
95   0.496206
96   0.492596
97   0.489062
98   0.485384
99   0.481714
100   0.477814
101   0.473990
102   0.470156
103   0.466302
104   0.462422
105   0.458314
106   0.453936
107   0.449580
108   0.445080
109   0.440460
110   0.435792
111   0.431120
112   0.426452
113   0.421696
114   0.417010
115   0.412478
116   0.407912
117   0.403318
118   0.398752
119   0.394228
120   0.389760
121   0.385312
122   0.380658
123   0.376158
124   0.371630
125   0.367020
126   0.362462
127   0.357782
128   0.353418
129   0.348972
130   0.344488
131   0.340160
132   0.335962
133   0.331632
134   0.327420
135   0.323302
136   0.319412
137   0.315450
138   0.311356
139   0.307148
140   0.302870
141   0.298728
142   0.294394
143   0.289840
144   0.285372
145   0.281006
146   0.276906
147   0.273036
148   0.269038
149   0.264972
150   0.260824
151   0.256864
152   0.252924
153   0.249088
154   0.245304
155   0.241544
156   0.237694
157   0.233686
158   0.229626
159   0.225888
160   0.221972
161   0.218144
162   0.214514
163   0.210878
164   0.207244
165   0.203548
166   0.199972
167   0.196320
168   0.192738
169   0.189278
170   0.185712
171   0.182372
172   0.179104
173   0.175866
174   0.172648
175   0.169474
176   0.166240
177   0.163168
178   0.160094
179   0.157102
180   0.153956
181   0.151016
182   0.148154
183   0.145234
184   0.142254
185   0.139280
186   0.136440
187   0.133588
188   0.130688
189   0.128050
190   0.125366
191   0.122852
192   0.120232
193   0.117590
194   0.115092
195   0.112618
196   0.110138
197   0.107786
198   0.105282
199   0.102748
200   0.100094
201   0.097656
202   0.095270
203   0.092732
204   0.090252
205   0.087924
206   0.085592
207   0.083224
208   0.081020
209   0.078858
210   0.076750
211   0.074640
212   0.072478
213   0.070530
214   0.068678
215   0.066926
216   0.065174
217   0.063414
218   0.061618
219   0.060050
220   0.058532
221   0.057070
222   0.055522
223   0.054096
224   0.052718
225   0.051342
226   0.049932
227   0.048698
228   0.047422
229   0.046196
230   0.045012
231   0.043792
232   0.042254
233   0.040766
234   0.039224
235   0.037802
236   0.036434
237   0.034964
238   0.033674
239   0.032448
240   0.031102
241   0.029864
242   0.028604
243   0.027258
244   0.025860
245   0.024756
246   0.023692
247   0.022756
248   0.021718
249   0.020564
250   0.019280
251   0.017836
252   0.016242
253   0.014772
254   0.013472
255   0.012186
256   0.010964
257   0.009680
258   0.008462
259   0.007260
260   0.005898
261   0.004764
262   0.003732
263   0.002592
264   0.001890
265   0.000838
266  -0.000180
267  -0.001202
268  -0.002354
269  -0.003576
270  -0.004536
271  -0.005468
272  -0.006604
273  -0.007750
274  -0.008790
275  -0.009950
276  -0.010992
277  -0.012202
278  -0.013360
279  -0.014622
280  -0.015672
281  -0.016884
282  -0.017846
283  -0.018766
284  -0.019916
285  -0.020952
286  -0.022104
287  -0.023220
288  -0.024290
289  -0.025294
290  -0.026540
291  -0.027544
292  -0.028554
293  -0.029620
294  -0.030692
295  -0.031710
296  -0.032740
297  -0.033894
298  -0.035068
299  -0.036186
300  -0.037224
301  -0.038308
302  -0.039284
303  -0.040190
304  -0.040952
305  -0.041928
306  -0.042856
307  -0.043832
308  -0.044516
309  -0.045174
310  -0.045752
311  -0.046128
312  -0.046730
313  -0.047210
314  -0.047620
315  -0.048190
316  -0.048428
317  -0.048466
318  -0.048534
319  -0.048324
320  -0.048056
321  -0.047878
322  -0.047564
323  -0.047102
324  -0.046784
325  -0.046680
326  -0.046758
327  -0.046798
328  -0.046766
329  -0.046958
330  -0.047172
331  -0.047512
332  -0.047896
333  -0.048172
334  -0.048434
335  -0.048668
336  -0.048754
337  -0.049070
338  -0.049462
339  -0.049854
340  -0.050140
341  -0.050600
342  -0.050754
343  -0.050832
344  -0.050910
345  -0.050714
346  -0.050740
347  -0.050684
348  -0.050756
349  -0.050752
350  -0.051022
351  -0.051506
352  -0.052058
353  -0.052796
354  -0.053748
355  -0.054706
356  -0.055844
357  -0.056926
358  -0.058222
359  -0.059386
360  -0.060764
361  -0.062116
362  -0.063406
363  -0.064576
364  -0.065732
365  -0.066876
366  -0.068026
367  -0.069028
368  -0.069968
369  -0.070842
370  -0.071696
371  -0.072494
372  -0.073552
373  -0.074370
374  -0.074968
375  -0.075672
376  -0.076320
377  -0.076870
378  -0.077462
379  -0.078148
380  -0.078524
381  -0.078976
382  -0.079288
383  -0.079554
384  -0.079880
385  -0.080218
386  -0.080618
387  -0.080976
388  -0.081232
389  -0.081616
390  -0.082074
391  -0.082474
392  -0.083016
393  -0.083536
394  -0.084264
395  -0.084844
396  -0.085562
397  -0.086248
398  -0.086794
399  -0.087340
400  -0.087846
401  -0.088530
402  -0.089068
403  -0.089612
404  -0.090124
405  -0.090754
406  -0.091382
407  -0.092042
408  -0.092432
409  -0.092850
410  -0.093048
411  -0.093332
412  -0.093668
413  -0.094074
414  -0.094478
415  -0.095102
416  -0.095776
417  -0.096636
418  -0.097736
419  -0.098648
420  -0.099630
421  -0.100692
422  -0.101672
423  -0.102698
424  -0.103830
425  -0.104910
426  -0.106026
427  -0.107136
428  -0.108282
429  -0.109474
430  -0.110590
431  -0.111560
432  -0.112798
433  -0.113792
434  -0.114676
435  -0.115524
436  -0.116376
437  -0.117234
438  -0.118228
439  -0.119130
440  -0.119896
441  -0.120808
442  -0.121766
443  -0.122442
444  -0.122996
445  -0.123416
446  -0.123908
447  -0.124426
448  -0.124828
449  -0.125162
450  -0.125364
451  -0.125640
452  -0.125950
453  -0.126212
454  -0.126358
455  -0.126432
456  -0.126708
457  -0.126946
458  -0.127026
459  -0.127244
460  -0.127504
461  -0.127794
462  -0.127858
463  -0.127960
464  -0.128044
465  -0.128248
466  -0.128502
467  -0.128906
468  -0.129358
469  -0.129930
470  -0.130304
471  -0.130764
472  -0.131242
473  -0.131866
474  -0.132404
475  -0.133032
476  -0.133624
477  -0.134234
478  -0.135036
479  -0.135834
480  -0.136620
481  -0.137358
482  -0.138114
483  -0.138600
484  -0.139324
485  -0.140028
486  -0.140876
487  -0.141742
488  -0.142496
489  -0.143250
490  -0.143864
491  -0.144410
492  -0.144948
493  -0.145354
494  -0.145676
495  -0.146038
496  -0.146354
497  -0.146518
498  -0.146760
499  -0.147142
500  -0.147600
-499  -0.147906
-498  -0.148220
-497  -0.148570
-496  -0.148694
-495  -0.149124
-494  -0.149528
-493  -0.149832
-492  -0.150064
-491  -0.150326
-490  -0.150634
-489  -0.150890
-488  -0.151196
-487  -0.151430
-486  -0.151624
-485  -0.151852
-484  -0.152152
-483  -0.152420
-482  -0.152714
-481  -0.153008
-480  -0.153254
-479  -0.153646
-478  -0.154118
-477  -0.154580
-476  -0.155054
-475  -0.155572
-474  -0.155978
-473  -0.156472
-472  -0.156846
-471  -0.157422
-470  -0.157848
-469  -0.158456
-468  -0.159258
-467  -0.160010
-466  -0.160606
-465  -0.161322
-464  -0.161994
-463  -0.162744
-462  -0.163418
-461  -0.164136
-460  -0.164798
-459  -0.165266
-458  -0.165594
-457  -0.166174
-456  -0.166658
-455  -0.167038
-454  -0.167552
-453  -0.168158
-452  -0.168580
-451  -0.169176
-450  -0.169680
-449  -0.170194
-448  -0.170648
-447  -0.170984
-446  -0.171314
-445  -0.171530
-444  -0.171750
-443  -0.171990
-442  -0.172182
-441  -0.172446
-440  -0.172732
-439  -0.172702
-438  -0.172722
-437  -0.172946
-436  -0.173100
-435  -0.173462
-434  -0.173804
-433  -0.174188
-432  -0.174364
-431  -0.174578
-430  -0.174882
-429  -0.175112
-428  -0.175214
-427  -0.175298
-426  -0.175434
-425  -0.175620
-424  -0.175972
-423  -0.176466
-422  -0.176896
-421  -0.177400
-420  -0.177974
-419  -0.178562
-418  -0.179178
-417  -0.179840
-416  -0.180190
-415  -0.180408
-414  -0.180632
-413  -0.180892
-412  -0.181054
-411  -0.181234
-410  -0.181426
-409  -0.181600
-408  -0.181992
-407  -0.182412
-406  -0.182478
-405  -0.182598
-404  -0.182648
-403  -0.182596
-402  -0.182600
-401  -0.182580
-400  -0.182684
-399  -0.182734
-398  -0.182806
-397  -0.182778
-396  -0.182808
-395  -0.182716
-394  -0.182682
-393  -0.182602
-392  -0.182722
-391  -0.182794
-390  -0.182854
-389  -0.182976
-388  -0.183120
-387  -0.183450
-386  -0.183754
-385  -0.183972
-384  -0.184100
-383  -0.184278
-382  -0.184178
-381  -0.183974
-380  -0.183748
-379  -0.183644
-378  -0.183546
-377  -0.183498
-376  -0.183298
-375  -0.183128
-374  -0.182972
-373  -0.182978
-372  -0.182884
-371  -0.182924
-370  -0.182928
-369  -0.182804
-368  -0.182656
-367  -0.182446
-366  -0.182376
-365  -0.182034
-364  -0.181698
-363  -0.181158
-362  -0.180564
-361  -0.180016
-360  -0.179514
-359  -0.178792
-358  -0.178154
-357  -0.177326
-356  -0.176528
-355  -0.175682
-354  -0.174904
-353  -0.174108
-352  -0.173330
-351  -0.172226
-350  -0.171200
-349  -0.170212
-348  -0.169406
-347  -0.168502
-346  -0.167640
-345  -0.166746
-344  -0.165760
-343  -0.164772
-342  -0.163794
-341  -0.162760
-340  -0.161892
-339  -0.160898
-338  -0.159916
-337  -0.159042
-336  -0.158134
-335  -0.157118
-334  -0.156150
-333  -0.155168
-332  -0.154054
-331  -0.152854
-330  -0.151744
-329  -0.150548
-328  -0.149240
-327  -0.147890
-326  -0.146384
-325  -0.144876
-324  -0.143432
-323  -0.141940
-322  -0.140412
-321  -0.138822
-320  -0.137166
-319  -0.135434
-318  -0.133886
-317  -0.132216
-316  -0.130498
-315  -0.128660
-314  -0.126988
-313  -0.125250
-312  -0.123544
-311  -0.121834
-310  -0.120022
-309  -0.118322
-308  -0.116472
-307  -0.114524
-306  -0.112602
-305  -0.110782
-304  -0.108832
-303  -0.107058
-302  -0.105242
-301  -0.103330
-300  -0.101586
-299  -0.099564
-298  -0.097790
-297  -0.095998
-296  -0.094120
-295  -0.092044
-294  -0.090040
-293  -0.087906
-292  -0.085736
-291  -0.083512
-290  -0.081196
-289  -0.078748
-288  -0.076270
-287  -0.073706
-286  -0.071132
-285  -0.068644
-284  -0.066330
-283  -0.063726
-282  -0.061236
-281  -0.058542
-280  -0.055648
-279  -0.052850
-278  -0.049866
-277  -0.047070
-276  -0.044110
-275  -0.041230
-274  -0.038270
-273  -0.035294
-272  -0.032354
-271  -0.029274
-270  -0.026118
-269  -0.022850
-268  -0.019670
-267  -0.016808
-266  -0.013814
-265  -0.010980
-264  -0.008306
-263  -0.005642
-262  -0.002782
-261   0.000190
-260   0.003068
-259   0.005926
-258   0.008336
-257   0.010826
-256   0.013460
-255   0.016034
-254   0.018730
-253   0.021392
-252   0.024132
-251   0.027092
-250   0.029642
-249   0.032566
-248   0.035164
-247   0.037780
-246   0.040342
-245   0.042530
-244   0.044860
-243   0.046914
-242   0.048974
-241   0.050950
-240   0.052804
-239   0.055106
-238   0.057638
-237   0.060230
-236   0.062846
-235   0.065570
-234   0.068140
-233   0.070490
-232   0.073064
-231   0.075754
-230   0.078328
-229   0.081016
-228   0.083754
-227   0.086392
-226   0.089124
-225   0.092144
-224   0.095130
-223   0.097976
-222   0.100998
-221   0.104318
-220   0.107310
-219   0.110382
-218   0.113670
-217   0.116654
-216   0.119774
-215   0.122908
-214   0.126058
-213   0.129146
-212   0.132392
-211   0.135500
-210   0.138686
-209   0.141984
-208   0.145046
-207   0.148338
-206   0.151532
-205   0.154622
-204   0.157670
-203   0.160562
-202   0.163796
-201   0.167136
-200   0.170536
-199   0.173774
-198   0.177032
-197   0.180474
-196   0.183972
-195   0.187442
-194   0.190824
-193   0.194172
-192   0.197440
-191   0.200964
-190   0.204552
-189   0.208038
-188   0.211510
-187   0.215156
-186   0.218962
-185   0.222710
-184   0.226514
-183   0.230074
-182   0.233618
-181   0.236992
-180   0.240600
-179   0.243986
-178   0.247382
-177   0.250850
-176   0.254610
-175   0.257936
-174   0.261374
-173   0.264728
-172   0.268316
-171   0.271682
-170   0.275140
-169   0.278954
-168   0.282632
-167   0.286548
-166   0.290356
-165   0.294106
-164   0.297866
-163   0.301392
-162   0.305014
-161   0.308756
-160   0.312466
-159   0.316124
-158   0.319700
-157   0.323412
-156   0.326880
-155   0.330490
-154   0.334210
-153   0.337748
-152   0.341420
-151   0.345058
-150   0.348632
-149   0.351776
-148   0.355076
-147   0.358458
-146   0.361832
-145   0.365224
-144   0.368506
-143   0.371548
-142   0.374462
-141   0.377038
-140   0.379804
-139   0.382656
-138   0.385628
-137   0.388640
-136   0.391834
-135   0.395100
-134   0.398350
-133   0.401670
-132   0.405180
-131   0.408738
-130   0.412496
-129   0.416172
-128   0.419852
-127   0.423440
-126   0.427064
-125   0.430618
-124   0.434110
-123   0.437552
-122   0.441128
-121   0.444570
-120   0.448258
-119   0.451666
-118   0.455338
-117   0.459104
-116   0.463070
-115   0.467168
-114   0.471174
-113   0.475362
-112   0.479806
-111   0.484014
-110   0.488210
-109   0.492602
-108   0.496980
-107   0.501442
-106   0.505800
-105   0.510012
-104   0.514238
-103   0.518650
-102   0.523114
-101   0.527470
-100   0.531664
-99   0.535902
-98   0.539828
-97   0.543910
-96   0.548086
-95   0.552122
-94   0.556048
-93   0.559832
-92   0.563488
-91   0.566986
-90   0.570774
-89   0.574390
-88   0.577968
-87   0.581574
-86   0.585470
-85   0.589306
-84   0.593132
-83   0.597216
-82   0.600960
-81   0.604696
-80   0.608446
-79   0.612294
-78   0.616052
-77   0.619770
-76   0.623596
-75   0.627338
-74   0.630972
-73   0.634424
-72   0.638006
-71   0.641346
-70   0.644844
-69   0.648462
-68   0.651932
-67   0.655476
-66   0.658758
-65   0.661960
-64   0.665300
-63   0.668244
-62   0.671254
-61   0.674454
-60   0.677634
-59   0.681104
-58   0.684484
-57   0.687842
-56   0.691276
-55   0.694676
-54   0.698154
-53   0.701526
-52   0.705094
-51   0.708710
-50   0.712114
-49   0.715500
-48   0.719038
-47   0.722658
-46   0.726152
-45   0.729442
-44   0.732732
-43   0.735972
-42   0.739236
-41   0.742418
-40   0.745590
-39   0.748710
-38   0.751732
-37   0.754610
-36   0.757472
-35   0.760578
-34   0.763674
-33   0.766884
-32   0.770194
-31   0.773430
-30   0.776554
-29   0.779652
-28   0.782950
-27   0.786178
-26   0.789284
-25   0.792344
-24   0.795434
-23   0.798524
-22   0.801576
-21   0.804576
-20   0.807718
-19   0.810758
-18   0.813818
-17   0.816888
-16   0.820034
-15   0.822940
-14   0.825856
-13   0.828790
-12   0.831688
-11   0.834420
-10   0.837214
-9   0.840084
-8   0.843110
-7   0.846250
-6   0.849426
-5   0.852584
-4   0.855684
-3   0.858998
-2   0.862284
-1   0.865270
