0   0.943236
1   0.917978
2   0.916958
3   0.916534
4   0.915622
5   0.914152
6   0.913064
7   0.912004
8   0.911180
9   0.910188
10   0.909242
11   0.908196
12   0.907674
13   0.906730
14   0.905694
15   0.904224
16   0.903418
17   0.902462
18   0.901704
19   0.900024
20   0.899148
21   0.898118
22   0.896938
23   0.895858
24   0.894922
25   0.893606
26   0.892780
27   0.892278
28   0.890976
29   0.889900
30   0.888888
31   0.888276
32   0.887620
33   0.886256
34   0.885340
35   0.883830
36   0.883254
37   0.882002
38   0.880942
39   0.880064
40   0.879154
41   0.878012
42   0.876870
43   0.876116
44   0.875320
45   0.873940
46   0.873068
47   0.871700
48   0.870552
49   0.869398
50   0.868086
51   0.866864
52   0.865930
53   0.864334
54   0.863150
55   0.861740
56   0.860506
57   0.859228
58   0.858398
59   0.856706
60   0.855534
61   0.854204
62   0.852728
63   0.851554
64   0.850310
65   0.849358
66   0.847926
67   0.846470
68   0.845120
69   0.843182
70   0.842150
71   0.840480
72   0.838732
73   0.837464
74   0.835554
75   0.834016
76   0.832924
77   0.830916
78   0.829728
79   0.828086
80   0.827092
81   0.825814
82   0.824706
83   0.823410
84   0.822074
85   0.820790
86   0.819124
87   0.817672
88   0.816364
89   0.814806
90   0.812746
91   0.811570
92   0.809748
93   0.808070
94   0.806334
95   0.804090
96   0.802466
97   0.800508
98   0.798614
99   0.796776
100   0.794626
101   0.792464
102   0.790898
103   0.788298
104   0.787230
105   0.785286
106   0.783692
107   0.782060
108   0.780496
109   0.779078
110   0.778122
111   0.776106
112   0.775260
113   0.773754
114   0.772214
115   0.770522
116   0.769272
117   0.767440
118   0.766432
119   0.765566
120   0.764192
121   0.762850
122   0.761730
123   0.760796
124   0.759638
125   0.758798
126   0.757316
127   0.756540
128   0.755546
129   0.754182
130   0.752906
131   0.751668
132   0.750210
133   0.748664
134   0.747436
135   0.746216
136   0.745072
137   0.743686
138   0.742422
139   0.741040
140   0.739886
141   0.738044
142   0.736608
143   0.734704
144   0.733566
145   0.732402
146   0.731224
147   0.729678
148   0.728292
149   0.727142
150   0.725848
151   0.724828
152   0.723426
153   0.722588
154   0.721108
155   0.720452
156   0.719380
157   0.718612
158   0.717352
159   0.717178
160   0.715776
161   0.714888
162   0.713932
163   0.712986
164   0.712450
165   0.711654
166   0.710800
167   0.709606
168   0.708804
169   0.707490
170   0.707308
171   0.705928
172   0.705386
173   0.704254
174   0.703698
175   0.702662
176   0.701926
177   0.701144
178   0.700412
179   0.699596
180   0.699160
181   0.697992
182   0.697244
183   0.696322
184   0.695528
185   0.695282
186   0.694272
187   0.693162
188   0.691884
189   0.691520
190   0.690258
191   0.688960
192   0.688158
193   0.686820
194   0.686212
195   0.685388
196   0.684332
197   0.682968
198   0.682490
199   0.681212
200   0.680594
201   0.679442
202   0.679034
203   0.678518
204   0.677882
205   0.676986
206   0.676104
207   0.675934
208   0.674718
209   0.674612
210   0.673660
211   0.673110
212   0.672624
213   0.672218
214   0.671528
215   0.670748
216   0.669992
217   0.669250
218   0.668412
219   0.667608
220   0.667070
221   0.666504
222   0.666014
223   0.665136
224   0.664958
225   0.663952
226   0.662866
227   0.662422
228   0.661582
229   0.661112
230   0.660636
231   0.659844
232   0.659012
233   0.658404
234   0.657642
235   0.657416
236   0.656940
237   0.655756
238   0.655516
239   0.654644
240   0.654018
241   0.653194
242   0.652504
243   0.651556
244   0.650412
245   0.649980
246   0.648284
247   0.647322
248   0.646494
249   0.645088
250   0.644586
251   0.642848
252   0.642236
253   0.641462
254   0.640166
255   0.639708
256   0.638424
257   0.637514
258   0.637038
259   0.635694
260   0.634540
261   0.633732
262   0.632662
263   0.631318
264   0.630460
265   0.630110
266   0.628656
267   0.627762
268   0.626986
269   0.625668
270   0.624450
271   0.623400
272   0.621694
273   0.620486
274   0.619182
275   0.618018
276   0.616336
277   0.614898
278   0.613240
279   0.612540
280   0.610706
281   0.608914
282   0.607148
283   0.605372
284   0.603398
285   0.601870
286   0.600276
287   0.598118
288   0.595762
289   0.594266
290   0.592184
291   0.590204
292   0.589164
293   0.587392
294   0.585720
295   0.584056
296   0.582678
297   0.580980
298   0.579230
299   0.577438
300   0.576218
301   0.574860
302   0.573072
303   0.571650
304   0.570432
305   0.569372
306   0.568342
307   0.566398
308   0.565584
309   0.564710
310   0.563080
311   0.561116
312   0.559920
313   0.558688
314   0.557276
315   0.555998
316   0.554784
317   0.552918
318   0.551980
319   0.550578
320   0.548928
321   0.547570
322   0.546602
323   0.544962
324   0.543790
325   0.542534
326   0.541122
327   0.540052
328   0.538952
329   0.536962
330   0.535718
331   0.534016
332   0.532488
333   0.532044
334   0.530684
335   0.529486
336   0.528074
337   0.527074
338   0.526382
339   0.525760
340   0.524380
341   0.523512
342   0.523100
343   0.521592
344   0.520896
345   0.520158
346   0.519386
347   0.518048
348   0.517316
349   0.515934
350   0.514732
351   0.514476
352   0.513062
353   0.512042
354   0.510746
355   0.510066
356   0.508768
357   0.507852
358   0.506658
359   0.505542
360   0.504822
361   0.504216
362   0.503538
363   0.502946
364   0.501956
365   0.500790
366   0.499830
367   0.499048
368   0.498424
369   0.497142
370   0.496324
371   0.495286
372   0.493236
373   0.492472
374   0.491072
375   0.489324
376   0.487536
377   0.486908
378   0.485608
379   0.484394
380   0.483522
381   0.482564
382   0.481458
383   0.480632
384   0.479744
385   0.478514
386   0.477558
387   0.476608
388   0.475486
389   0.474340
390   0.473560
391   0.473134
392   0.471954
393   0.471172
394   0.470164
395   0.469036
396   0.468026
397   0.467016
398   0.465898
399   0.464822
400   0.463928
401   0.462486
402   0.461406
403   0.460124
404   0.458952
405   0.458070
406   0.456912
407   0.456494
408   0.455226
409   0.454538
410   0.453684
411   0.453262
412   0.452622
413   0.452328
414   0.451854
415   0.451934
416   0.451042
417   0.450670
418   0.450400
419   0.450054
420   0.449620
421   0.449922
422   0.449282
423   0.449294
424   0.449348
425   0.449302
426   0.449654
427   0.449252
428   0.449642
429   0.449786
430   0.449188
431   0.449740
432   0.449966
433   0.449670
434   0.449542
435   0.449480
436   0.449474
437   0.449340
438   0.448576
439   0.448724
440   0.448018
441   0.448162
442   0.447454
443   0.447340
444   0.447312
445   0.446800
446   0.446784
447   0.446744
448   0.447032
449   0.446986
450   0.446910
451   0.446852
452   0.446942
453   0.446742
454   0.446734
455   0.445962
456   0.446014
457   0.446178
458   0.446056
459   0.445830
460   0.446162
461   0.446082
462   0.446344
463   0.446100
464   0.446060
465   0.445808
466   0.446092
467   0.446356
468   0.446278
469   0.446150
470   0.446314
471   0.446826
472   0.446374
473   0.446144
474   0.445898
475   0.445268
476   0.445290
477   0.445056
478   0.444786
479   0.444430
480   0.443636
481   0.443124
482   0.442854
483   0.443194
484   0.442180
485   0.442164
486   0.441882
487   0.441688
488   0.441912
489   0.441350
490   0.441872
491   0.441490
492   0.441648
493   0.441598
494   0.440830
495   0.441020
496   0.440538
497   0.439852
498   0.439920
499   0.439312
500   0.438204
-499   0.437436
-498   0.437300
-497   0.436242
-496   0.435680
-495   0.435134
-494   0.434328
-493   0.433544
-492   0.432582
-491   0.432276
-490   0.431450
-489   0.430448
-488   0.429564
-487   0.428970
-486   0.428298
-485   0.427450
-484   0.427542
-483   0.426490
-482   0.426412
-481   0.425698
-480   0.425364
-479   0.424510
-478   0.424146
-477   0.423564
-476   0.422834
-475   0.422338
-474   0.421642
-473   0.420864
-472   0.420558
-471   0.420232
-470   0.418996
-469   0.418908
-468   0.417900
-467   0.417142
-466   0.416624
-465   0.415704
-464   0.415452
-463   0.414716
-462   0.414266
-461   0.414068
-460   0.413446
-459   0.412722
-458   0.412872
-457   0.412160
-456   0.411216
-455   0.411536
-454   0.410482
-453   0.409782
-452   0.409608
-451   0.408656
-450   0.408532
-449   0.407442
-448   0.406926
-447   0.406084
-446   0.405458
-445   0.404376
-444   0.403814
-443   0.403252
-442   0.402448
-441   0.401852
-440   0.401032
-439   0.400610
-438   0.399876
-437   0.399720
-436   0.399178
-435   0.398676
-434   0.397902
-433   0.397244
-432   0.396206
-431   0.395106
-430   0.394400
-429   0.393498
-428   0.392744
-427   0.391420
-426   0.390816
-425   0.390260
-424   0.389826
-423   0.389196
-422   0.388156
-421   0.387802
-420   0.386712
-419   0.386396
-418   0.385900
-417   0.385550
-416   0.384658
-415   0.384652
-414   0.384546
-413   0.383470
-412   0.382774
-411   0.382564
-410   0.382038
-409   0.381566
-408   0.381180
-407   0.380698
-406   0.380240
-405   0.379904
-404   0.379762
-403   0.379410
-402   0.379356
-401   0.379232
-400   0.378882
-399   0.378818
-398   0.378552
-397   0.378560
-396   0.377752
-395   0.377892
-394   0.377978
-393   0.378434
-392   0.377394
-391   0.377598
-390   0.377608
-389   0.377316
-388   0.377616
-387   0.376684
-386   0.376870
-385   0.377034
-384   0.376852
-383   0.376606
-382   0.376376
-381   0.375884
-380   0.376448
-379   0.376346
-378   0.376234
-377   0.376772
-376   0.376932
-375   0.377218
-374   0.377504
-373   0.377934
-372   0.378958
-371   0.378898
-370   0.379198
-369   0.379472
-368   0.380508
-367   0.380626
-366   0.381234
-365   0.381340
-364   0.381896
-363   0.382802
-362   0.383064
-361   0.383706
-360   0.384520
-359   0.385156
-358   0.386240
-357   0.386538
-356   0.387600
-355   0.388396
-354   0.388688
-353   0.389852
-352   0.390566
-351   0.390746
-350   0.391632
-349   0.392348
-348   0.393134
-347   0.394158
-346   0.394942
-345   0.395132
-344   0.396364
-343   0.397160
-342   0.397684
-341   0.397968
-340   0.398438
-339   0.398948
-338   0.399966
-337   0.400574
-336   0.400958
-335   0.401432
-334   0.402016
-333   0.402248
-332   0.403626
-331   0.403794
-330   0.404678
-329   0.405818
-328   0.406064
-327   0.407372
-326   0.407636
-325   0.408660
-324   0.409194
-323   0.410000
-322   0.410908
-321   0.411680
-320   0.412268
-319   0.413410
-318   0.413268
-317   0.414238
-316   0.415080
-315   0.415896
-314   0.416826
-313   0.417670
-312   0.418828
-311   0.419192
-310   0.420176
-309   0.420874
-308   0.421422
-307   0.422132
-306   0.422846
-305   0.423566
-304   0.424010
-303   0.424286
-302   0.425074
-301   0.425754
-300   0.426582
-299   0.427120
-298   0.427458
-297   0.428480
-296   0.429416
-295   0.429456
-294   0.430298
-293   0.431070
-292   0.431808
-291   0.432436
-290   0.432784
-289   0.433234
-288   0.434514
-287   0.434552
-286   0.435190
-285   0.435416
-284   0.436154
-283   0.436474
-282   0.436566
-281   0.437392
-280   0.437688
-279   0.438244
-278   0.438764
-277   0.439058
-276   0.439714
-275   0.439832
-274   0.440244
-273   0.440636
-272   0.441168
-271   0.442002
-270   0.442622
-269   0.443416
-268   0.443594
-267   0.444342
-266   0.444876
-265   0.445816
-264   0.446482
-263   0.447030
-262   0.447746
-261   0.448314
-260   0.449668
-259   0.449528
-258   0.450566
-257   0.451688
-256   0.452160
-255   0.453328
-254   0.453744
-253   0.454632
-252   0.456104
-251   0.456480
-250   0.457966
-249   0.458592
-248   0.459922
-247   0.460446
-246   0.461406
-245   0.462720
-244   0.463676
-243   0.464310
-242   0.465648
-241   0.466614
-240   0.467622
-239   0.468798
-238   0.469750
-237   0.470650
-236   0.471754
-235   0.472222
-234   0.473422
-233   0.474278
-232   0.475682
-231   0.476266
-230   0.477036
-229   0.478550
-228   0.480058
-227   0.480884
-226   0.482042
-225   0.483262
-224   0.483888
-223   0.484676
-222   0.486136
-221   0.487260
-220   0.488202
-219   0.489460
-218   0.490374
-217   0.491768
-216   0.492792
-215   0.493728
-214   0.494482
-213   0.496236
-212   0.496628
-211   0.498192
-210   0.498738
-209   0.499582
-208   0.501142
-207   0.501648
-206   0.503318
-205   0.504422
-204   0.505656
-203   0.506538
-202   0.508186
-201   0.509860
-200   0.511204
-199   0.512332
-198   0.513936
-197   0.515414
-196   0.516276
-195   0.517960
-194   0.519374
-193   0.520990
-192   0.522772
-191   0.524512
-190   0.525922
-189   0.527802
-188   0.529338
-187   0.530990
-186   0.532446
-185   0.534062
-184   0.535574
-183   0.536966
-182   0.538482
-181   0.540106
-180   0.541132
-179   0.542770
-178   0.544276
-177   0.546158
-176   0.547604
-175   0.548704
-174   0.550700
-173   0.552340
-172   0.553876
-171   0.555776
-170   0.557062
-169   0.558606
-168   0.560678
-167   0.562574
-166   0.563646
-165   0.565572
-164   0.567528
-163   0.569120
-162   0.571028
-161   0.572006
-160   0.573476
-159   0.575110
-158   0.576362
-157   0.577648
-156   0.579110
-155   0.580572
-154   0.582130
-153   0.583762
-152   0.585046
-151   0.586796
-150   0.588274
-149   0.589660
-148   0.591498
-147   0.593004
-146   0.594764
-145   0.595868
-144   0.597974
-143   0.599190
-142   0.600760
-141   0.602286
-140   0.603782
-139   0.604900
-138   0.606562
-137   0.608532
-136   0.610136
-135   0.611160
-134   0.612682
-133   0.614408
-132   0.615442
-131   0.616938
-130   0.618864
-129   0.620242
-128   0.621714
-127   0.622864
-126   0.624012
-125   0.625478
-124   0.627292
-123   0.628458
-122   0.629978
-121   0.631668
-120   0.633364
-119   0.634684
-118   0.636244
-117   0.637862
-116   0.639694
-115   0.641276
-114   0.642616
-113   0.644702
-112   0.646132
-111   0.647692
-110   0.649874
-109   0.651544
-108   0.654072
-107   0.655828
-106   0.657402
-105   0.658858
-104   0.661466
-103   0.663142
-102   0.665516
-101   0.667368
-100   0.669240
-99   0.670968
-98   0.672708
-97   0.674738
-96   0.676770
-95   0.678960
-94   0.680918
-93   0.682926
-92   0.685140
-91   0.687354
-90   0.690068
-89   0.691796
-88   0.694654
-87   0.697282
-86   0.699748
-85   0.702156
-84   0.704374
-83   0.707540
-82   0.710528
-81   0.713432
-80   0.715800
-79   0.718566
-78   0.721394
-77   0.724152
-76   0.726924
-75   0.729278
-74   0.732042
-73   0.734212
-72   0.736728
-71   0.739090
-70   0.741324
-69   0.743316
-68   0.745832
-67   0.747598
-66   0.750498
-65   0.753374
-64   0.755924
-63   0.758240
-62   0.760622
-61   0.763444
-60   0.766088
-59   0.768502
-58   0.770914
-57   0.773104
-56   0.775852
-55   0.778232
-54   0.781162
-53   0.783154
-52   0.785908
-51   0.788710
-50   0.791032
-49   0.793706
-48   0.796872
-47   0.799566
-46   0.802672
-45   0.805396
-44   0.808368
-43   0.811228
-42   0.814154
-41   0.816528
-40   0.819762
-39   0.822182
-38   0.825480
-37   0.828156
-36   0.831244
-35   0.833486
-34   0.836148
-33   0.838922
-32   0.841680
-31   0.843358
-30   0.846868
-29   0.848938
-28   0.850534
-27   0.853078
-26   0.855568
-25   0.857716
-24   0.860326
-23   0.862614
-22   0.864938
-21   0.867464
-20   0.869568
-19   0.872166
-18   0.874368
-17   0.876948
-16   0.879314
-15   0.882202
-14   0.884326
-13   0.887266
-12   0.889162
-11   0.892358
-10   0.894428
-9   0.897710
-8   0.899456
-7   0.902318
-6   0.904738
-5   0.907124
-4   0.909842
-3   0.911976
-2   0.914930
-1   0.916724
