0   0.833910
1   0.388538
2   0.343280
3   0.302684
4   0.267438
5   0.236762
6   0.207690
7   0.185038
8   0.164350
9   0.145816
10   0.130634
11   0.113632
12   0.100070
13   0.088324
14   0.077540
15   0.070276
16   0.062516
17   0.057268
18   0.050960
19   0.046706
20   0.038952
21   0.036080
22   0.031502
23   0.028492
24   0.026722
25   0.024434
26   0.022410
27   0.019266
28   0.019174
29   0.015982
30   0.013854
31   0.012086
32   0.011328
33   0.011988
34   0.011954
35   0.010104
36   0.009152
37   0.012066
38   0.008286
39   0.006772
40   0.007298
41   0.006738
42   0.006362
43   0.007974
44   0.007156
45   0.007818
46   0.006884
47   0.005654
48   0.006612
49   0.007562
50   0.006464
51   0.004988
52   0.006786
53   0.004904
54   0.004700
55   0.001346
56   0.003294
57   0.001758
58   0.003936
59   0.001812
60   0.003014
61   0.001732
62   0.001338
63   0.002320
64   0.001292
65  -0.001214
66   0.001488
67   0.002336
68   0.000418
69   0.001022
70  -0.000164
71   0.000356
72   0.000150
73   0.000826
74  -0.000026
75  -0.001414
76  -0.002452
77  -0.001690
78  -0.000786
79  -0.000668
80   0.000264
81   0.000024
82  -0.000562
83  -0.000372
84  -0.000248
85  -0.000376
86   0.002154
87   0.002504
88   0.002776
89   0.000574
90   0.002128
91   0.001330
92   0.003972
93   0.002526
94   0.003256
95   0.002980
96   0.002604
97   0.001604
98   0.001792
99   0.002466
100   0.000918
101   0.002898
102   0.002786
103   0.003018
104   0.001950
105   0.003138
106   0.003320
107   0.002394
108   0.001608
109   0.002608
110   0.002176
111   0.003234
112   0.004160
113   0.003280
114   0.003326
115   0.003576
116   0.002370
117   0.000144
118   0.001692
119  -0.000126
120  -0.000858
121  -0.000692
122   0.001944
123   0.002988
124   0.001330
125   0.001036
126   0.001956
127   0.002892
128   0.001516
129   0.002946
130   0.003466
131   0.002644
132   0.002950
133   0.001738
134   0.002914
135   0.001830
136   0.003496
137   0.002872
138   0.002938
139   0.000580
140   0.002768
141   0.004582
142   0.001732
143   0.000796
144   0.000574
145   0.002578
146   0.002146
147   0.000696
148   0.003738
149   0.002404
150   0.003824
151   0.003770
152   0.001642
153   0.003378
154   0.003254
155   0.002582
156   0.001874
157   0.005228
158   0.004516
159   0.005280
160   0.005022
161   0.003372
162   0.004566
163   0.004008
164   0.006528
165   0.005964
166   0.004708
167   0.003830
168   0.004134
169   0.004740
170   0.004044
171   0.005286
172   0.004396
173   0.003238
174   0.004352
175   0.002636
176   0.001062
177   0.003416
178   0.002588
179   0.001728
180   0.001374
181   0.000900
182   0.002474
183  -0.000894
184   0.000010
185   0.000966
186  -0.000668
187  -0.000424
188  -0.001762
189  -0.000660
190  -0.003044
191  -0.002692
192  -0.001430
193  -0.000260
194  -0.000452
195  -0.000004
196  -0.000428
197  -0.000736
198  -0.001576
199  -0.002324
200  -0.002328
201  -0.003364
202  -0.003512
203  -0.003786
204  -0.003800
205  -0.004440
206  -0.003980
207  -0.005078
208  -0.003470
209  -0.004800
210  -0.003316
211  -0.002890
212  -0.003184
213  -0.001608
214  -0.002700
215  -0.003664
216  -0.004266
217  -0.002974
218  -0.002258
219  -0.004660
220  -0.004800
221  -0.002548
222  -0.002570
223  -0.002668
224  -0.001656
225  -0.001864
226  -0.001296
227   0.000628
228  -0.000264
229  -0.000596
230   0.001322
231   0.000600
232   0.000380
233  -0.001122
234  -0.000310
235   0.000818
236  -0.000458
237  -0.000830
238  -0.000860
239  -0.000044
240  -0.001042
241  -0.002768
242  -0.002552
243  -0.000608
244  -0.000004
245   0.000738
246   0.002978
247   0.000590
248   0.004928
249   0.003480
250   0.002456
251   0.003868
252   0.002938
253   0.001898
254   0.001436
255   0.002712
256   0.002168
257   0.002686
258   0.000548
259   0.000554
260   0.000688
261   0.001562
262   0.001648
263   0.001324
264   0.000280
265   0.001410
266   0.003078
267   0.001164
268   0.002390
269   0.002822
270   0.001172
271   0.000798
272  -0.000278
273  -0.000830
274  -0.000270
275  -0.001456
276   0.000380
277   0.001140
278  -0.000448
279   0.001562
280   0.001394
281   0.000878
282   0.002154
283   0.002558
284   0.001786
285   0.003396
286   0.002852
287   0.003524
288   0.005208
289   0.002584
290   0.004576
291   0.003452
292   0.003234
293   0.003308
294   0.003478
295   0.001638
296   0.004298
297   0.003592
298   0.002234
299   0.004498
300   0.005086
301   0.004882
302   0.004836
303   0.003932
304   0.004994
305   0.004214
306   0.002036
307   0.004122
308   0.002070
309   0.002298
310   0.002616
311   0.002802
312   0.003060
313   0.002890
314   0.002132
315   0.000208
316  -0.000156
317   0.000950
318   0.001128
319  -0.001944
320  -0.000860
321  -0.000450
322  -0.000788
323  -0.001322
324   0.001196
325   0.001420
326   0.001104
327   0.000808
328   0.001438
329   0.001322
330   0.001358
331   0.001140
332   0.001182
333   0.001184
334   0.001680
335   0.001528
336   0.002870
337   0.001602
338   0.002174
339   0.003224
340   0.003380
341   0.002410
342   0.003968
343   0.004514
344   0.003950
345   0.004006
346   0.002620
347   0.003302
348   0.003624
349   0.004838
350   0.003064
351   0.005126
352   0.004482
353   0.005024
354   0.004684
355   0.005840
356   0.003248
357   0.003392
358   0.000730
359   0.003198
360   0.003384
361   0.002440
362   0.003312
363   0.003028
364   0.002950
365   0.003378
366   0.001838
367   0.002208
368   0.001944
369   0.000966
370   0.000908
371   0.000850
372   0.000386
373   0.000108
374  -0.001868
375   0.001452
376   0.000272
377  -0.001136
378   0.000074
379  -0.002386
380  -0.003034
381  -0.003176
382  -0.002958
383  -0.002502
384  -0.003358
385  -0.001990
386   0.000052
387  -0.000356
388  -0.000630
389  -0.001096
390  -0.000310
391   0.000428
392   0.001380
393   0.000738
394   0.002912
395   0.001990
396   0.001334
397   0.001520
398   0.005690
399   0.002612
400   0.002614
401   0.002340
402   0.003762
403   0.002524
404   0.004140
405   0.004114
406   0.003842
407   0.006058
408   0.005588
409   0.005268
410   0.003932
411   0.005728
412   0.004052
413   0.004694
414   0.003852
415   0.004398
416   0.004836
417   0.003344
418   0.006214
419   0.006126
420   0.007120
421   0.006058
422   0.005912
423   0.003188
424   0.003316
425   0.003272
426   0.003000
427   0.002358
428   0.003822
429   0.003480
430   0.001444
431  -0.000194
432   0.000090
433  -0.000526
434  -0.001362
435  -0.000404
436   0.000252
437  -0.000418
438  -0.001232
439  -0.000956
440  -0.001786
441  -0.000232
442  -0.000552
443   0.000374
444  -0.000888
445  -0.001350
446   0.000038
447  -0.001352
448  -0.003498
449  -0.000244
450  -0.000368
451  -0.000258
452  -0.000164
453   0.001660
454   0.001430
455   0.002164
456   0.004700
457   0.003528
458   0.003204
459   0.004956
460   0.005528
461   0.004562
462   0.004324
463   0.005990
464   0.006014
465   0.004462
466   0.001392
467   0.004552
468   0.003032
469   0.003194
470   0.002894
471   0.004534
472   0.001910
473   0.000262
474   0.001228
475  -0.000538
476  -0.000438
477  -0.001678
478  -0.002172
479  -0.000696
480  -0.001692
481   0.000732
482   0.000274
483  -0.000350
484  -0.001100
485  -0.000210
486  -0.000124
487   0.000852
488  -0.000002
489  -0.001764
490  -0.000706
491  -0.001518
492  -0.000494
493  -0.001186
494  -0.000894
495  -0.001292
496  -0.000730
497  -0.000716
498   0.000454
499  -0.000260
500  -0.000286
-499   0.001000
-498   0.001430
-497   0.001302
-496   0.001740
-495   0.004020
-494   0.004174
-493   0.003684
-492   0.003122
-491   0.002470
-490   0.002312
-489   0.002480
-488   0.002000
-487   0.000246
-486   0.002010
-485   0.004422
-484   0.004722
-483   0.002258
-482   0.003682
-481   0.002628
-480   0.003250
-479   0.002820
-478   0.000812
-477   0.001176
-476   0.001982
-475   0.002346
-474  -0.000704
-473  -0.000732
-472   0.000398
-471   0.000802
-470  -0.000396
-469   0.000526
-468   0.003166
-467   0.002246
-466   0.002458
-465   0.000654
-464   0.002520
-463   0.001488
-462  -0.000298
-461  -0.000260
-460   0.000792
-459   0.000086
-458  -0.000870
-457  -0.000942
-456  -0.002334
-455  -0.001956
-454  -0.002954
-453  -0.001988
-452  -0.003298
-451  -0.003172
-450  -0.002790
-449  -0.004242
-448  -0.000296
-447  -0.002286
-446  -0.002800
-445  -0.002396
-444  -0.000996
-443  -0.003614
-442  -0.001114
-441  -0.001600
-440  -0.000986
-439  -0.001208
-438  -0.001162
-437  -0.000106
-436   0.001558
-435  -0.001488
-434  -0.000646
-433  -0.001170
-432  -0.001846
-431   0.000800
-430  -0.001966
-429  -0.001372
-428  -0.001360
-427  -0.000892
-426   0.000086
-425  -0.001150
-424  -0.001214
-423  -0.001566
-422  -0.000786
-421  -0.001344
-420  -0.001470
-419   0.000576
-418  -0.001290
-417   0.000740
-416  -0.000818
-415  -0.000618
-414  -0.000960
-413  -0.001184
-412  -0.000950
-411  -0.001048
-410   0.001350
-409   0.000692
-408   0.001982
-407   0.000650
-406   0.003154
-405   0.002914
-404   0.002562
-403   0.000982
-402   0.000276
-401   0.002402
-400   0.000958
-399   0.003664
-398   0.000830
-397   0.001364
-396   0.001788
-395   0.002120
-394   0.002438
-393   0.000354
-392  -0.000734
-391  -0.000042
-390   0.000336
-389   0.002066
-388   0.001878
-387  -0.000804
-386   0.000310
-385  -0.000910
-384  -0.000320
-383  -0.000604
-382  -0.000084
-381  -0.001572
-380  -0.001706
-379   0.000702
-378  -0.000186
-377   0.000052
-376  -0.000928
-375   0.000718
-374  -0.000176
-373   0.000814
-372   0.001196
-371  -0.001080
-370   0.000074
-369  -0.000568
-368  -0.001938
-367  -0.001080
-366  -0.000900
-365  -0.001124
-364  -0.001406
-363  -0.000156
-362   0.001324
-361  -0.000444
-360  -0.000584
-359  -0.000818
-358  -0.001120
-357   0.000666
-356  -0.000760
-355   0.000898
-354   0.000996
-353  -0.001078
-352  -0.001760
-351  -0.001394
-350  -0.000746
-349  -0.001836
-348  -0.001466
-347  -0.002302
-346   0.001124
-345  -0.000880
-344  -0.001272
-343   0.000068
-342  -0.001658
-341  -0.000592
-340   0.000272
-339  -0.000202
-338  -0.000854
-337  -0.000662
-336  -0.002156
-335  -0.000496
-334  -0.001616
-333  -0.002702
-332  -0.003268
-331  -0.001876
-330  -0.003436
-329  -0.001924
-328   0.000098
-327  -0.000444
-326   0.000028
-325  -0.000628
-324   0.000616
-323   0.000672
-322   0.000526
-321  -0.000998
-320   0.000238
-319   0.001512
-318  -0.001508
-317  -0.000564
-316  -0.000202
-315  -0.002388
-314   0.000600
-313  -0.000516
-312  -0.001694
-311  -0.000096
-310  -0.002570
-309  -0.003452
-308  -0.002264
-307  -0.003896
-306  -0.003340
-305  -0.003460
-304  -0.003004
-303  -0.002166
-302  -0.003514
-301  -0.002926
-300  -0.004638
-299  -0.002098
-298  -0.002634
-297  -0.003380
-296  -0.002750
-295  -0.000550
-294  -0.000860
-293  -0.000708
-292  -0.000408
-291   0.000256
-290   0.001270
-289   0.000784
-288   0.002986
-287   0.004534
-286   0.001416
-285   0.003744
-284   0.004670
-283   0.002366
-282   0.003748
-281   0.002174
-280   0.003186
-279   0.001536
-278   0.004502
-277   0.001726
-276   0.001946
-275   0.002970
-274   0.003172
-273   0.001892
-272  -0.000214
-271   0.000662
-270   0.001240
-269   0.002312
-268   0.001982
-267   0.003904
-266   0.002666
-265   0.002694
-264   0.000618
-263   0.001330
-262   0.001564
-261   0.003184
-260   0.001676
-259   0.003604
-258   0.001462
-257   0.001340
-256   0.001342
-255  -0.000500
-254  -0.000934
-253  -0.000358
-252   0.001204
-251   0.000772
-250  -0.000488
-249   0.000348
-248   0.000678
-247  -0.001230
-246  -0.001224
-245  -0.000744
-244   0.000270
-243   0.001802
-242   0.001968
-241   0.003164
-240   0.002854
-239   0.002828
-238   0.001598
-237   0.002756
-236   0.002062
-235   0.001236
-234   0.001384
-233   0.001084
-232   0.001260
-231   0.000814
-230   0.001454
-229   0.003332
-228   0.003320
-227   0.003854
-226   0.002342
-225   0.001756
-224   0.002656
-223   0.004596
-222   0.003056
-221   0.003326
-220   0.001982
-219   0.001280
-218   0.001918
-217   0.001374
-216   0.001128
-215   0.000098
-214   0.000754
-213  -0.000132
-212   0.001608
-211  -0.001326
-210  -0.001130
-209  -0.002118
-208  -0.001608
-207  -0.002682
-206  -0.001772
-205  -0.002884
-204  -0.002528
-203  -0.002140
-202  -0.003544
-201  -0.004316
-200  -0.004928
-199  -0.004128
-198  -0.003996
-197  -0.002678
-196  -0.003218
-195  -0.002984
-194  -0.003316
-193  -0.003990
-192  -0.003590
-191  -0.003732
-190  -0.003636
-189  -0.003386
-188  -0.003446
-187  -0.003994
-186  -0.002116
-185  -0.002126
-184  -0.002542
-183  -0.000748
-182  -0.000582
-181  -0.000282
-180  -0.001582
-179   0.000340
-178   0.000990
-177   0.000120
-176   0.000546
-175   0.000658
-174   0.001436
-173   0.002246
-172   0.001002
-171  -0.000674
-170  -0.000948
-169  -0.002322
-168  -0.003256
-167  -0.000620
-166  -0.002374
-165  -0.002728
-164  -0.003160
-163  -0.006076
-162  -0.004248
-161  -0.005270
-160  -0.005058
-159  -0.003334
-158  -0.004014
-157  -0.002716
-156  -0.003202
-155  -0.003532
-154  -0.003482
-153  -0.004022
-152  -0.003040
-151  -0.003344
-150  -0.003878
-149  -0.001912
-148  -0.001620
-147  -0.002888
-146  -0.002972
-145   0.000300
-144   0.001944
-143   0.002000
-142   0.000754
-141   0.000890
-140   0.002538
-139   0.002074
-138  -0.000476
-137   0.000928
-136   0.001484
-135   0.001306
-134   0.000062
-133   0.001014
-132  -0.001092
-131   0.001014
-130   0.001816
-129   0.002094
-128   0.000216
-127  -0.000398
-126   0.000294
-125   0.001684
-124   0.000822
-123   0.000446
-122   0.001506
-121   0.000928
-120   0.002402
-119   0.001044
-118   0.003764
-117   0.001386
-116   0.001450
-115   0.002900
-114   0.002972
-113   0.003114
-112   0.003790
-111   0.003948
-110   0.004220
-109   0.002746
-108   0.003040
-107   0.002060
-106   0.001290
-105  -0.000072
-104   0.000772
-103   0.000546
-102   0.002168
-101   0.002638
-100   0.000858
-99   0.001864
-98   0.002898
-97   0.003108
-96   0.002866
-95   0.001522
-94   0.002426
-93   0.003190
-92   0.005848
-91   0.004630
-90   0.004126
-89   0.001386
-88   0.002132
-87  -0.001030
-86   0.000552
-85  -0.000820
-84   0.000562
-83   0.000738
-82   0.003404
-81   0.001200
-80   0.002462
-79   0.004612
-78   0.002552
-77   0.002252
-76   0.002530
-75   0.003430
-74   0.002604
-73   0.004748
-72   0.003912
-71   0.002648
-70   0.001972
-69   0.004582
-68   0.002614
-67   0.002984
-66   0.003008
-65   0.001108
-64   0.002336
-63  -0.000372
-62   0.000874
-61  -0.002058
-60   0.000834
-59   0.000656
-58  -0.002610
-57  -0.002050
-56  -0.002472
-55  -0.000666
-54  -0.001840
-53   0.000214
-52   0.000464
-51  -0.000548
-50  -0.000186
-49   0.002608
-48   0.001236
-47   0.004210
-46   0.003832
-45   0.002302
-44   0.005474
-43   0.004344
-42   0.004502
-41   0.004670
-40   0.004482
-39   0.004792
-38   0.005464
-37   0.006686
-36   0.005632
-35   0.005294
-34   0.007974
-33   0.008112
-32   0.010270
-31   0.012254
-30   0.011604
-29   0.014618
-28   0.015132
-27   0.013320
-26   0.014566
-25   0.018798
-24   0.020436
-23   0.022478
-22   0.025816
-21   0.031874
-20   0.036470
-19   0.040180
-18   0.046960
-17   0.052382
-16   0.060624
-15   0.069684
-14   0.080306
-13   0.091350
-12   0.103144
-11   0.116340
-10   0.131746
-9   0.150008
-8   0.168162
-7   0.189576
-6   0.214176
-5   0.240546
-4   0.270320
-3   0.304456
-2   0.344094
-1   0.390048
